149.9533233642578 0.0 0.0 0.0 0.0 0.0 0.0 0.0 0.0 0.0 0.0 0.0 0.0 0.0 0.0 0.0 0.0 0.0 0.0 0.0 0.0 0.0 0.0 0.0 0.0 0.0 0.0 0.0 0.0 0.0 0.0 0.0
148.1049041748047 23.412452697753906 0.0 0.0 0.0 0.0 0.0 0.0 0.0 0.0 0.0 0.0 0.0 0.0 0.0 0.0 0.0 0.0 0.0 0.0 0.0 0.0 0.0 0.0 0.0 0.0 0.0 0.0 0.0 0.0 0.0 0.0
146.5191650390625 21.14141082763672 23.83583641052246 0.0 0.0 0.0 0.0 0.0 0.0 0.0 0.0 0.0 0.0 0.0 0.0 0.0 0.0 0.0 0.0 0.0 0.0 0.0 0.0 0.0 0.0 0.0 0.0 0.0 0.0 0.0 0.0 0.0
144.82562255859375 18.977310180664062 27.014751434326172 20.455427169799805 0.0 0.0 0.0 0.0 0.0 0.0 0.0 0.0 0.0 0.0 0.0 0.0 0.0 0.0 0.0 0.0 0.0 0.0 0.0 0.0 0.0 0.0 0.0 0.0 0.0 0.0 0.0 0.0
143.5175323486328 17.517562866210938 24.631183624267578 25.2955379486084 18.230478286743164 0.0 0.0 0.0 0.0 0.0 0.0 0.0 0.0 0.0 0.0 0.0 0.0 0.0 0.0 0.0 0.0 0.0 0.0 0.0 0.0 0.0 0.0 0.0 0.0 0.0 0.0 0.0
143.2288055419922 13.911765098571777 20.75125503540039 23.63361358642578 21.827953338623047 17.589134216308594 0.0 0.0 0.0 0.0 0.0 0.0 0.0 0.0 0.0 0.0 0.0 0.0 0.0 0.0 0.0 0.0 0.0 0.0 0.0 0.0 0.0 0.0 0.0 0.0 0.0 0.0
142.916259765625 13.234335899353027 18.894371032714844 19.671293258666992 20.285432815551758 20.89621353149414 17.051204681396484 0.0 0.0 0.0 0.0 0.0 0.0 0.0 0.0 0.0 0.0 0.0 0.0 0.0 0.0 0.0 0.0 0.0 0.0 0.0 0.0 0.0 0.0 0.0 0.0 0.0
142.45022583007812 13.265493392944336 18.4310359954834 17.98177146911621 17.262784957885742 18.55811882019043 20.255762100219727 17.300487518310547 0.0 0.0 0.0 0.0 0.0 0.0 0.0 0.0 0.0 0.0 0.0 0.0 0.0 0.0 0.0 0.0 0.0 0.0 0.0 0.0 0.0 0.0 0.0 0.0
141.8651885986328 12.993200302124023 18.555288314819336 17.48764419555664 15.978824615478516 16.44400405883789 17.573896408081055 20.736957550048828 16.5412654876709 0.0 0.0 0.0 0.0 0.0 0.0 0.0 0.0 0.0 0.0 0.0 0.0 0.0 0.0 0.0 0.0 0.0 0.0 0.0 0.0 0.0 0.0 0.0
141.32749938964844 14.201698303222656 17.51647186279297 16.769512176513672 15.79947566986084 15.337525367736816 16.196266174316406 17.239702224731445 20.223224639892578 16.322059631347656 0.0 0.0 0.0 0.0 0.0 0.0 0.0 0.0 0.0 0.0 0.0 0.0 0.0 0.0 0.0 0.0 0.0 0.0 0.0 0.0 0.0 0.0
140.9290008544922 12.954402923583984 17.143518447875977 16.21455955505371 15.45765209197998 14.855831146240234 14.94242000579834 15.89480972290039 17.26844596862793 20.054054260253906 16.168254852294922 0.0 0.0 0.0 0.0 0.0 0.0 0.0 0.0 0.0 0.0 0.0 0.0 0.0 0.0 0.0 0.0 0.0 0.0 0.0 0.0 0.0
140.4187774658203 11.80888843536377 16.78053092956543 15.517364501953125 14.685731887817383 14.55407428741455 14.107770919799805 16.09349250793457 16.77206802368164 16.578798294067383 19.544551849365234 16.736129760742188 0.0 0.0 0.0 0.0 0.0 0.0 0.0 0.0 0.0 0.0 0.0 0.0 0.0 0.0 0.0 0.0 0.0 0.0 0.0 0.0
140.41184997558594 11.753423690795898 16.005401611328125 15.52256965637207 14.054179191589355 14.049509048461914 13.703886985778809 14.084199905395508 14.367599487304688 15.075258255004883 16.3928279876709 20.215635299682617 15.496062278747559 0.0 0.0 0.0 0.0 0.0 0.0 0.0 0.0 0.0 0.0 0.0 0.0 0.0 0.0 0.0 0.0 0.0 0.0 0.0
139.55140686035156 11.45467472076416 15.964322090148926 15.155598640441895 14.227721214294434 13.68796157836914 13.885727882385254 14.93001937866211 14.37624740600586 14.538812637329102 15.810406684875488 17.029827117919922 19.486454010009766 15.791640281677246 0.0 0.0 0.0 0.0 0.0 0.0 0.0 0.0 0.0 0.0 0.0 0.0 0.0 0.0 0.0 0.0 0.0 0.0
139.6189422607422 10.594536781311035 15.467438697814941 14.447381973266602 13.384175300598145 13.116714477539062 13.001559257507324 13.679642677307129 13.731042861938477 13.633752822875977 13.963153839111328 14.827728271484375 16.082210540771484 21.187875747680664 15.003095626831055 0.0 0.0 0.0 0.0 0.0 0.0 0.0 0.0 0.0 0.0 0.0 0.0 0.0 0.0 0.0 0.0 0.0
139.05604553222656 10.935670852661133 15.245716094970703 14.90965461730957 13.301430702209473 13.104116439819336 12.979082107543945 13.359382629394531 13.716501235961914 13.602059364318848 13.490734100341797 14.893172264099121 14.573432922363281 17.19059181213379 19.180675506591797 14.957240104675293 0.0 0.0 0.0 0.0 0.0 0.0 0.0 0.0 0.0 0.0 0.0 0.0 0.0 0.0 0.0 0.0
139.20196533203125 10.32961368560791 14.734307289123535 14.198334693908691 12.924442291259766 12.588714599609375 12.581350326538086 12.993437767028809 13.208391189575195 13.048507690429688 13.136796951293945 13.71450138092041 13.538965225219727 14.588685035705566 16.00247573852539 18.891992568969727 14.603248596191406 0.0 0.0 0.0 0.0 0.0 0.0 0.0 0.0 0.0 0.0 0.0 0.0 0.0 0.0 0.0
138.4813232421875 10.357233047485352 14.53634262084961 13.716520309448242 12.802099227905273 12.873906135559082 12.445914268493652 13.039671897888184 12.980758666992188 12.683951377868652 13.08293628692627 15.199027061462402 13.403884887695312 14.440857887268066 14.2735013961792 16.080001831054688 18.700855255126953 14.588525772094727 0.0 0.0 0.0 0.0 0.0 0.0 0.0 0.0 0.0 0.0 0.0 0.0 0.0 0.0
138.39576721191406 10.715140342712402 14.232833862304688 13.438278198242188 12.635202407836914 12.536934852600098 12.308757781982422 12.768921852111816 12.950421333312988 12.381449699401855 12.85583782196045 13.25072193145752 12.671266555786133 13.841286659240723 13.504451751708984 14.549985885620117 15.461251258850098 18.678159713745117 14.292202949523926 0.0 0.0 0.0 0.0 0.0 0.0 0.0 0.0 0.0 0.0 0.0 0.0 0.0
138.25038146972656 10.290614128112793 14.598094940185547 13.643970489501953 12.32021427154541 12.191557884216309 11.984737396240234 12.653772354125977 12.201472282409668 12.325990676879883 12.284305572509766 14.684107780456543 12.296595573425293 12.896437644958496 12.80516529083252 13.02425479888916 13.861145973205566 15.252187728881836 17.915918350219727 14.011499404907227 0.0 0.0 0.0 0.0 0.0 0.0 0.0 0.0 0.0 0.0 0.0 0.0
137.98243713378906 10.465032577514648 14.543937683105469 13.579557418823242 12.20665454864502 12.102892875671387 11.815091133117676 12.423381805419922 12.246273040771484 12.256231307983398 12.060445785522461 12.538329124450684 12.165610313415527 12.965510368347168 12.651430130004883 12.809370040893555 13.08822250366211 13.95489501953125 15.257012367248535 17.66356086730957 13.967859268188477 0.0 0.0 0.0 0.0 0.0 0.0 0.0 0.0 0.0 0.0 0.0
137.89491271972656 10.789634704589844 14.139979362487793 13.344271659851074 12.137040138244629 11.99903392791748 11.639238357543945 11.94363021850586 11.715360641479492 11.940187454223633 11.844369888305664 12.208308219909668 11.753990173339844 13.530351638793945 12.351938247680664 12.558209419250488 12.590351104736328 12.964569091796875 13.579034805297852 14.56607723236084 17.203920364379883 13.57856559753418 0.0 0.0 0.0 0.0 0.0 0.0 0.0 0.0 0.0 0.0
137.9403533935547 9.377740859985352 13.70655632019043 13.215828895568848 12.008254051208496 11.934871673583984 11.472506523132324 11.786438941955566 11.675348281860352 11.695103645324707 11.655455589294434 12.2140531539917 11.923100471496582 12.084321022033691 11.765368461608887 11.946318626403809 12.127533912658691 12.451719284057617 12.57991886138916 13.187170028686523 14.43596076965332 17.311498641967773 13.342144012451172 0.0 0.0 0.0 0.0 0.0 0.0 0.0 0.0 0.0
137.89820861816406 9.316733360290527 13.30990982055664 12.803808212280273 11.794134140014648 11.845686912536621 11.379658699035645 11.450469970703125 11.28819751739502 11.457374572753906 11.771994590759277 11.699435234069824 11.431236267089844 11.982803344726562 11.593886375427246 11.802855491638184 11.94214916229248 12.133237838745117 12.041553497314453 12.300844192504883 12.904011726379395 14.27175235748291 16.848264694213867 13.29313850402832 0.0 0.0 0.0 0.0 0.0 0.0 0.0 0.0
137.7453155517578 9.274951934814453 13.122628211975098 12.3663330078125 11.692835807800293 11.823427200317383 11.32093620300293 11.508922576904297 11.121915817260742 11.517114639282227 11.560123443603516 11.888714790344238 11.319475173950195 11.761474609375 11.240466117858887 11.250293731689453 11.565617561340332 11.682639122009277 11.770596504211426 11.801641464233398 12.02212142944336 12.904952049255371 14.20172119140625 16.725914001464844 13.026603698730469 0.0 0.0 0.0 0.0 0.0 0.0 0.0
137.3476104736328 9.850296974182129 12.878369331359863 12.256664276123047 11.396817207336426 11.384221076965332 11.26321792602539 11.435319900512695 11.21163272857666 11.34693717956543 11.263128280639648 11.628436088562012 11.429165840148926 12.357817649841309 11.300853729248047 11.337624549865723 11.461766242980957 11.485225677490234 11.526013374328613 11.266249656677246 11.854371070861816 12.143611907958984 12.813497543334961 14.0445556640625 17.045001983642578 12.972602844238281 0.0 0.0 0.0 0.0 0.0 0.0
137.6591796875 9.006855964660645 12.74792194366455 11.80604362487793 11.108098030090332 10.958283424377441 10.704154968261719 11.176408767700195 10.905131340026855 11.031307220458984 11.220407485961914 11.160321235656738 10.992204666137695 11.161751747131348 11.094206809997559 11.058695793151855 11.360586166381836 11.156017303466797 11.057597160339355 11.062398910522461 11.234638214111328 11.587285041809082 11.895716667175293 12.341922760009766 13.881420135498047 16.58087158203125 12.812312126159668 0.0 0.0 0.0 0.0 0.0
136.96107482910156 9.211759567260742 12.64245891571045 11.831789016723633 10.881345748901367 10.976597785949707 10.707367897033691 11.452916145324707 11.746241569519043 11.148193359375 11.092988014221191 11.260173797607422 10.81595230102539 12.523691177368164 11.449321746826172 10.877071380615234 11.15380859375 11.464695930480957 11.970624923706055 10.849625587463379 11.34463882446289 11.235788345336914 11.396477699279785 11.796904563903809 12.617823600769043 13.848608016967773 16.30463409423828 12.701924324035645 0.0 0.0 0.0 0.0
137.128662109375 9.752755165100098 12.570188522338867 12.251474380493164 10.829874992370605 10.807851791381836 10.526577949523926 10.49550724029541 10.689433097839355 11.107125282287598 10.921075820922852 10.933647155761719 10.634142875671387 11.828460693359375 10.879006385803223 10.92245101928711 10.925249099731445 10.778218269348145 10.855951309204102 10.524068832397461 10.771240234375 10.837209701538086 11.058371543884277 11.267130851745605 11.703800201416016 12.451359748840332 13.689865112304688 16.370088577270508 12.576111793518066 0.0 0.0 0.0
136.73948669433594 11.177871704101562 12.371498107910156 11.650995254516602 10.90093994140625 10.544711112976074 10.221612930297852 10.491206169128418 10.553431510925293 10.91482925415039 10.730700492858887 11.0926513671875 10.701709747314453 13.955009460449219 10.659289360046387 10.40206527709961 10.608099937438965 10.8150634765625 11.036081314086914 10.524148941040039 10.557012557983398 10.649418830871582 10.998184204101562 10.979365348815918 11.029733657836914 11.636809349060059 12.227893829345703 13.381571769714355 16.01601219177246 12.47268009185791 0.0 0.0
136.5235595703125 10.332573890686035 12.760443687438965 11.888655662536621 10.872879981994629 10.50300407409668 10.322434425354004 10.252995491027832 10.188011169433594 10.710847854614258 10.506791114807129 12.481293678283691 10.610020637512207 12.758856773376465 10.359782218933105 10.344188690185547 10.633895874023438 10.602280616760254 10.807233810424805 10.770489692687988 10.291718482971191 10.495540618896484 10.914654731750488 10.642807960510254 10.804417610168457 11.03829288482666 11.429666519165039 12.055935859680176 13.490058898925781 16.12311363220215 12.42840576171875 0.0
136.82212829589844 8.628387451171875 11.98451042175293 11.2465238571167 10.353250503540039 10.332586288452148 10.427346229553223 10.823657989501953 10.363399505615234 10.300443649291992 10.298694610595703 10.860727310180664 10.597794532775879 10.68337631225586 10.691651344299316 10.534283638000488 10.476216316223145 10.669731140136719 10.663556098937988 10.193294525146484 10.284835815429688 10.227991104125977 10.317255020141602 10.367911338806152 10.600310325622559 10.612421989440918 10.959375381469727 11.327046394348145 12.226829528808594 13.578113555908203 16.206838607788086 12.35454273223877
