149.9533233642578 0.0 0.0 0.0 0.0 0.0 0.0 0.0 0.0 0.0 0.0 0.0 0.0 0.0 0.0 0.0 0.0 0.0 0.0 0.0 0.0 0.0 0.0 0.0 0.0 0.0 0.0 0.0 0.0 0.0 0.0 0.0
130.4810333251953 73.87234497070312 0.0 0.0 0.0 0.0 0.0 0.0 0.0 0.0 0.0 0.0 0.0 0.0 0.0 0.0 0.0 0.0 0.0 0.0 0.0 0.0 0.0 0.0 0.0 0.0 0.0 0.0 0.0 0.0 0.0 0.0
126.57133483886719 49.37003707885742 63.44538879394531 0.0 0.0 0.0 0.0 0.0 0.0 0.0 0.0 0.0 0.0 0.0 0.0 0.0 0.0 0.0 0.0 0.0 0.0 0.0 0.0 0.0 0.0 0.0 0.0 0.0 0.0 0.0 0.0 0.0
123.84121704101562 36.37114334106445 45.018348693847656 61.61932373046875 0.0 0.0 0.0 0.0 0.0 0.0 0.0 0.0 0.0 0.0 0.0 0.0 0.0 0.0 0.0 0.0 0.0 0.0 0.0 0.0 0.0 0.0 0.0 0.0 0.0 0.0 0.0 0.0
122.77328491210938 28.38405418395996 33.64480209350586 42.999515533447266 60.19260025024414 0.0 0.0 0.0 0.0 0.0 0.0 0.0 0.0 0.0 0.0 0.0 0.0 0.0 0.0 0.0 0.0 0.0 0.0 0.0 0.0 0.0 0.0 0.0 0.0 0.0 0.0 0.0
120.20569610595703 22.599210739135742 27.346982955932617 33.80882263183594 44.241493225097656 60.619873046875 0.0 0.0 0.0 0.0 0.0 0.0 0.0 0.0 0.0 0.0 0.0 0.0 0.0 0.0 0.0 0.0 0.0 0.0 0.0 0.0 0.0 0.0 0.0 0.0 0.0 0.0
119.1824951171875 18.1986083984375 22.148441314697266 27.54366111755371 34.27077102661133 46.05093002319336 58.33496856689453 0.0 0.0 0.0 0.0 0.0 0.0 0.0 0.0 0.0 0.0 0.0 0.0 0.0 0.0 0.0 0.0 0.0 0.0 0.0 0.0 0.0 0.0 0.0 0.0 0.0
117.70861053466797 15.924355506896973 19.025667190551758 22.507259368896484 28.917600631713867 35.46904754638672 44.59905242919922 58.49900817871094 0.0 0.0 0.0 0.0 0.0 0.0 0.0 0.0 0.0 0.0 0.0 0.0 0.0 0.0 0.0 0.0 0.0 0.0 0.0 0.0 0.0 0.0 0.0 0.0
117.24588775634766 12.842830657958984 16.65499496459961 19.09897804260254 23.093652725219727 28.45207405090332 34.51652908325195 44.5952262878418 58.36264419555664 0.0 0.0 0.0 0.0 0.0 0.0 0.0 0.0 0.0 0.0 0.0 0.0 0.0 0.0 0.0 0.0 0.0 0.0 0.0 0.0 0.0 0.0 0.0
116.33802795410156 10.496253967285156 14.002986907958984 16.947423934936523 19.431560516357422 23.648651123046875 28.452655792236328 34.986175537109375 45.32278060913086 57.7103271484375 0.0 0.0 0.0 0.0 0.0 0.0 0.0 0.0 0.0 0.0 0.0 0.0 0.0 0.0 0.0 0.0 0.0 0.0 0.0 0.0 0.0 0.0
115.9535903930664 8.489798545837402 11.449772834777832 14.551156997680664 16.96251678466797 19.565841674804688 23.466777801513672 28.846704483032227 35.03730010986328 44.78385543823242 57.760528564453125 0.0 0.0 0.0 0.0 0.0 0.0 0.0 0.0 0.0 0.0 0.0 0.0 0.0 0.0 0.0 0.0 0.0 0.0 0.0 0.0 0.0
115.7665023803711 7.768751621246338 9.510539054870605 12.116415977478027 14.542556762695312 17.025999069213867 19.5614070892334 23.586271286010742 28.90427017211914 34.30121994018555 44.39081573486328 57.97132110595703 0.0 0.0 0.0 0.0 0.0 0.0 0.0 0.0 0.0 0.0 0.0 0.0 0.0 0.0 0.0 0.0 0.0 0.0 0.0 0.0
116.34141540527344 7.962428092956543 8.607576370239258 10.185235023498535 12.398783683776855 14.848787307739258 17.0623722076416 19.813417434692383 23.547054290771484 28.118494033813477 34.432464599609375 43.837764739990234 56.53411865234375 0.0 0.0 0.0 0.0 0.0 0.0 0.0 0.0 0.0 0.0 0.0 0.0 0.0 0.0 0.0 0.0 0.0 0.0 0.0
115.02600860595703 8.570239067077637 8.522772789001465 9.119392395019531 10.193390846252441 12.132805824279785 14.755749702453613 17.493022918701172 20.054649353027344 23.852657318115234 28.89301109313965 35.430908203125 43.97605895996094 57.03197479248047 0.0 0.0 0.0 0.0 0.0 0.0 0.0 0.0 0.0 0.0 0.0 0.0 0.0 0.0 0.0 0.0 0.0 0.0
114.4320297241211 8.736003875732422 8.916182518005371 8.823421478271484 9.242531776428223 10.380435943603516 12.194293975830078 14.750845909118652 17.73359489440918 19.8818359375 23.46723175048828 29.320741653442383 34.55005645751953 44.96772003173828 57.08917999267578 0.0 0.0 0.0 0.0 0.0 0.0 0.0 0.0 0.0 0.0 0.0 0.0 0.0 0.0 0.0 0.0 0.0
113.68914031982422 8.29912281036377 9.062931060791016 8.973183631896973 8.807682991027832 9.260223388671875 10.445316314697266 12.48460865020752 15.503232955932617 17.75259017944336 20.18209457397461 24.946950912475586 28.533233642578125 34.630611419677734 45.596153259277344 56.74753952026367 0.0 0.0 0.0 0.0 0.0 0.0 0.0 0.0 0.0 0.0 0.0 0.0 0.0 0.0 0.0 0.0
114.9221420288086 7.457345962524414 8.583666801452637 8.940343856811523 8.861387252807617 8.823342323303223 9.290765762329102 10.551521301269531 12.488964080810547 14.920937538146973 17.49140167236328 20.34749984741211 23.617286682128906 27.986358642578125 34.25524139404297 44.1080322265625 56.162269592285156 0.0 0.0 0.0 0.0 0.0 0.0 0.0 0.0 0.0 0.0 0.0 0.0 0.0 0.0 0.0
113.93284606933594 6.751907825469971 7.64853572845459 8.457564353942871 8.871306419372559 9.048215866088867 8.93061351776123 9.502226829528809 10.904561042785645 12.660551071166992 15.476775169372559 18.125019073486328 20.3848876953125 23.92519760131836 28.69753074645996 34.69713592529297 44.55431365966797 56.1102294921875 0.0 0.0 0.0 0.0 0.0 0.0 0.0 0.0 0.0 0.0 0.0 0.0 0.0 0.0
113.7362060546875 6.303646087646484 6.941278457641602 7.721793174743652 8.314038276672363 8.981670379638672 8.906183242797852 8.98058032989502 9.424960136413574 10.854463577270508 12.709461212158203 15.487883567810059 17.516931533813477 20.193248748779297 25.448413848876953 28.394145965576172 34.169673919677734 44.254085540771484 56.45502471923828 0.0 0.0 0.0 0.0 0.0 0.0 0.0 0.0 0.0 0.0 0.0 0.0 0.0
114.33209991455078 5.894186496734619 6.394502639770508 7.04179048538208 7.601362705230713 8.386153221130371 8.780189514160156 8.925790786743164 9.168241500854492 9.506898880004883 10.830594062805176 12.785163879394531 14.966911315917969 17.53718376159668 19.946016311645508 23.649063110351562 28.109052658081055 34.21522521972656 43.8173713684082 56.36008834838867 0.0 0.0 0.0 0.0 0.0 0.0 0.0 0.0 0.0 0.0 0.0 0.0
114.06591796875 5.450507640838623 5.824338436126709 6.562954425811768 6.943082809448242 7.568714141845703 8.204169273376465 9.016366958618164 9.21068286895752 9.156869888305664 9.59596061706543 10.881635665893555 12.76225471496582 14.9130220413208 17.69106101989746 19.848804473876953 23.19241714477539 28.01083755493164 34.157413482666016 44.7398796081543 56.114986419677734 0.0 0.0 0.0 0.0 0.0 0.0 0.0 0.0 0.0 0.0 0.0
113.42351531982422 4.921558856964111 5.281919002532959 6.115694522857666 6.431800365447998 7.173660755157471 7.62927770614624 8.730353355407715 9.121870994567871 9.426644325256348 9.47532844543457 10.074636459350586 10.688481330871582 12.952178955078125 15.432519912719727 17.855409622192383 20.120189666748047 23.693368911743164 28.18187141418457 34.40174102783203 44.94318389892578 55.992698669433594 0.0 0.0 0.0 0.0 0.0 0.0 0.0 0.0 0.0 0.0
114.05026245117188 4.469488143920898 4.681501388549805 5.480120658874512 5.960439682006836 6.453860759735107 6.857673168182373 7.513510704040527 8.268293380737305 8.98531723022461 9.190702438354492 9.374860763549805 9.479475021362305 10.538825035095215 12.83209228515625 15.154029846191406 17.468202590942383 19.587482452392578 22.866317749023438 28.177753448486328 34.25141906738281 44.91889190673828 55.765445709228516 0.0 0.0 0.0 0.0 0.0 0.0 0.0 0.0 0.0
113.15205383300781 4.498935699462891 4.274488925933838 4.834678649902344 5.355230808258057 6.006878852844238 6.266392230987549 6.839838027954102 7.622617721557617 8.33625316619873 9.133720397949219 9.558184623718262 9.271992683410645 9.483485221862793 10.826345443725586 13.5423002243042 14.857455253601074 17.56683921813965 19.632591247558594 24.174108505249023 28.046375274658203 34.3304328918457 45.440589904785156 56.204071044921875 0.0 0.0 0.0 0.0 0.0 0.0 0.0 0.0
113.42233276367188 5.019803524017334 4.313830375671387 4.346880912780762 4.706050872802734 5.352133750915527 5.852303504943848 6.4918060302734375 6.9342265129089355 7.361392021179199 8.390968322753906 9.11945915222168 9.262191772460938 9.18773365020752 9.83609676361084 11.040270805358887 12.554713249206543 15.204286575317383 17.44046974182129 20.074462890625 23.02229118347168 28.352903366088867 34.384315490722656 45.01277160644531 56.08543014526367 0.0 0.0 0.0 0.0 0.0 0.0 0.0
113.46416473388672 5.67465353012085 4.839997291564941 4.389286994934082 4.212392807006836 4.75282621383667 5.3075642585754395 5.902328968048096 6.397616386413574 6.684276103973389 7.466230869293213 8.525933265686035 9.08277416229248 9.196642875671387 9.271578788757324 9.632041931152344 10.859102249145508 12.839513778686523 15.053818702697754 17.801801681518555 20.01226043701172 23.426231384277344 28.292062759399414 34.31718444824219 45.156803131103516 55.47053909301758 0.0 0.0 0.0 0.0 0.0 0.0
113.35027313232422 5.901942253112793 5.471668243408203 4.838263034820557 4.239192008972168 4.227696418762207 4.626619815826416 5.376801490783691 5.890986919403076 6.274675369262695 6.958341121673584 7.721354007720947 8.537715911865234 8.884248733520508 9.161395072937012 9.305069923400879 9.735687255859375 10.705011367797852 12.586363792419434 15.024923324584961 17.197511672973633 19.779142379760742 23.082651138305664 28.035720825195312 34.0918083190918 44.94289016723633 56.333370208740234 0.0 0.0 0.0 0.0 0.0
112.44628143310547 5.412382125854492 5.642911434173584 5.477752208709717 4.674102783203125 4.256186008453369 4.16746711730957 4.793111324310303 5.35456657409668 5.859153747558594 6.487102508544922 7.150800704956055 7.623288631439209 8.460282325744629 8.985441207885742 9.159335136413574 9.37863540649414 9.602132797241211 10.718564987182617 12.81200885772705 15.09455394744873 17.464344024658203 20.08220100402832 23.301851272583008 28.052642822265625 34.00076675415039 47.247032165527344 55.69776153564453 0.0 0.0 0.0 0.0
113.30021667480469 4.635337829589844 5.142815589904785 5.750765800476074 5.234888076782227 4.803532123565674 4.167439937591553 4.381142616271973 4.722407817840576 5.39319372177124 5.9304680824279785 6.480984687805176 7.030585289001465 7.659701824188232 8.54261589050293 8.987152099609375 9.139037132263184 9.294435501098633 9.735971450805664 10.783552169799805 12.763718605041504 15.01514720916748 17.368772506713867 19.898956298828125 22.981870651245117 28.42533302307129 34.050689697265625 44.884033203125 55.763267517089844 0.0 0.0 0.0
113.44296264648438 4.239323616027832 4.445517539978027 5.297373294830322 5.457970142364502 5.378017902374268 4.604491233825684 4.3277268409729 4.287475109100342 4.6634111404418945 5.40657901763916 6.144456386566162 6.607429027557373 7.106161594390869 7.7947845458984375 8.478507995605469 8.814184188842773 9.242294311523438 9.351370811462402 9.703984260559082 10.869420051574707 12.798327445983887 14.950516700744629 17.42803382873535 19.889095306396484 23.135257720947266 28.160255432128906 33.932212829589844 44.682533264160156 55.57640838623047 0.0 0.0
113.17294311523438 4.105766296386719 3.9636178016662598 4.603200912475586 4.994225025177002 5.693511009216309 5.122189521789551 4.686675548553467 4.175048351287842 4.308723449707031 4.757560729980469 5.606101989746094 6.082777976989746 6.829633712768555 7.2500715255737305 7.740757942199707 8.440057754516602 9.03842544555664 9.18889331817627 9.232857704162598 9.69565200805664 10.676373481750488 12.683067321777344 15.095694541931152 17.34893035888672 19.852750778198242 23.456844329833984 27.752914428710938 33.78366470336914 44.895538330078125 56.00446319580078 0.0
112.61444091796875 4.314460754394531 3.937910795211792 4.124876022338867 4.268533229827881 5.229594707489014 5.259678363800049 5.155120372772217 4.531262397766113 4.1147565841674805 4.242424964904785 4.815497875213623 5.549960136413574 6.069872856140137 6.715720176696777 7.018587112426758 7.838321208953857 8.47334098815918 8.946817398071289 8.941296577453613 9.089457511901855 9.653459548950195 10.927034378051758 12.685396194458008 15.097208976745605 17.43720054626465 20.1395206451416 23.06325340270996 28.133678436279297 34.041744232177734 45.49833297729492 56.293827056884766
