149.9533233642578 0.0 0.0 0.0 0.0 0.0 0.0 0.0 0.0 0.0 0.0 0.0 0.0 0.0 0.0 0.0 0.0 0.0 0.0 0.0 0.0 0.0 0.0 0.0 0.0 0.0 0.0 0.0 0.0 0.0 0.0 0.0
147.56930541992188 26.56435203552246 0.0 0.0 0.0 0.0 0.0 0.0 0.0 0.0 0.0 0.0 0.0 0.0 0.0 0.0 0.0 0.0 0.0 0.0 0.0 0.0 0.0 0.0 0.0 0.0 0.0 0.0 0.0 0.0 0.0 0.0
143.87344360351562 34.583091735839844 24.238834381103516 0.0 0.0 0.0 0.0 0.0 0.0 0.0 0.0 0.0 0.0 0.0 0.0 0.0 0.0 0.0 0.0 0.0 0.0 0.0 0.0 0.0 0.0 0.0 0.0 0.0 0.0 0.0 0.0 0.0
139.19247436523438 34.78828811645508 35.578826904296875 25.146575927734375 0.0 0.0 0.0 0.0 0.0 0.0 0.0 0.0 0.0 0.0 0.0 0.0 0.0 0.0 0.0 0.0 0.0 0.0 0.0 0.0 0.0 0.0 0.0 0.0 0.0 0.0 0.0 0.0
134.65589904785156 30.85038185119629 37.01351547241211 36.61991500854492 26.23078155517578 0.0 0.0 0.0 0.0 0.0 0.0 0.0 0.0 0.0 0.0 0.0 0.0 0.0 0.0 0.0 0.0 0.0 0.0 0.0 0.0 0.0 0.0 0.0 0.0 0.0 0.0 0.0
132.5026397705078 26.53108024597168 32.26102066040039 35.506710052490234 34.59035110473633 26.91330909729004 0.0 0.0 0.0 0.0 0.0 0.0 0.0 0.0 0.0 0.0 0.0 0.0 0.0 0.0 0.0 0.0 0.0 0.0 0.0 0.0 0.0 0.0 0.0 0.0 0.0 0.0
130.79119873046875 23.541748046875 27.29193878173828 31.52064323425293 34.83052444458008 34.37995147705078 26.248626708984375 0.0 0.0 0.0 0.0 0.0 0.0 0.0 0.0 0.0 0.0 0.0 0.0 0.0 0.0 0.0 0.0 0.0 0.0 0.0 0.0 0.0 0.0 0.0 0.0 0.0
129.20126342773438 21.755773544311523 23.837018966674805 27.254716873168945 31.198843002319336 34.770328521728516 33.660316467285156 26.27204132080078 0.0 0.0 0.0 0.0 0.0 0.0 0.0 0.0 0.0 0.0 0.0 0.0 0.0 0.0 0.0 0.0 0.0 0.0 0.0 0.0 0.0 0.0 0.0 0.0
128.1567840576172 20.10513687133789 21.51612091064453 23.89265251159668 26.98780059814453 30.956605911254883 32.83872985839844 33.64048767089844 26.906957626342773 0.0 0.0 0.0 0.0 0.0 0.0 0.0 0.0 0.0 0.0 0.0 0.0 0.0 0.0 0.0 0.0 0.0 0.0 0.0 0.0 0.0 0.0 0.0
127.1347885131836 18.268356323242188 19.97524070739746 21.774171829223633 23.98220443725586 27.121700286865234 29.84838104248047 32.89766311645508 33.610328674316406 26.444503784179688 0.0 0.0 0.0 0.0 0.0 0.0 0.0 0.0 0.0 0.0 0.0 0.0 0.0 0.0 0.0 0.0 0.0 0.0 0.0 0.0 0.0 0.0
126.46363067626953 16.893381118774414 18.161270141601562 19.95939064025879 21.656597137451172 23.503841400146484 26.415212631225586 29.874666213989258 32.35041809082031 33.121212005615234 26.85215950012207 0.0 0.0 0.0 0.0 0.0 0.0 0.0 0.0 0.0 0.0 0.0 0.0 0.0 0.0 0.0 0.0 0.0 0.0 0.0 0.0 0.0
126.00538635253906 15.082245826721191 15.509343147277832 17.966045379638672 19.944475173950195 21.46548080444336 22.93729019165039 25.911890029907227 29.226490020751953 31.99867820739746 33.772911071777344 27.203094482421875 0.0 0.0 0.0 0.0 0.0 0.0 0.0 0.0 0.0 0.0 0.0 0.0 0.0 0.0 0.0 0.0 0.0 0.0 0.0 0.0
124.78355407714844 14.21900463104248 14.266520500183105 16.176673889160156 18.332149505615234 19.722116470336914 21.242185592651367 23.383317947387695 26.292871475219727 29.22346305847168 33.0809440612793 34.01455307006836 26.923816680908203 0.0 0.0 0.0 0.0 0.0 0.0 0.0 0.0 0.0 0.0 0.0 0.0 0.0 0.0 0.0 0.0 0.0 0.0 0.0
124.28712463378906 13.399816513061523 13.647953987121582 14.743045806884766 16.439577102661133 17.963457107543945 19.42123031616211 21.183149337768555 23.141395568847656 25.71555519104004 30.24161148071289 32.87384796142578 33.13853454589844 27.265586853027344 0.0 0.0 0.0 0.0 0.0 0.0 0.0 0.0 0.0 0.0 0.0 0.0 0.0 0.0 0.0 0.0 0.0 0.0
123.24909973144531 12.671103477478027 13.376089096069336 13.95661449432373 15.005972862243652 16.071516036987305 17.488683700561523 19.423213958740234 21.351661682128906 23.046741485595703 27.05740737915039 30.393951416015625 32.165924072265625 33.69760513305664 27.902856826782227 0.0 0.0 0.0 0.0 0.0 0.0 0.0 0.0 0.0 0.0 0.0 0.0 0.0 0.0 0.0 0.0 0.0
123.1830062866211 11.664579391479492 12.599700927734375 13.76853084564209 14.296652793884277 15.108358383178711 15.839303970336914 17.454395294189453 19.343568801879883 21.0173282623291 23.222064971923828 26.486385345458984 29.25205421447754 32.39695358276367 33.406951904296875 27.53978729248047 0.0 0.0 0.0 0.0 0.0 0.0 0.0 0.0 0.0 0.0 0.0 0.0 0.0 0.0 0.0 0.0
121.65008544921875 11.408797264099121 11.373285293579102 13.261529922485352 13.913538932800293 14.31442928314209 15.132380485534668 16.083091735839844 17.8785343170166 19.81245231628418 24.12826919555664 23.970773696899414 26.650043487548828 29.691730499267578 32.38174057006836 33.32083511352539 27.26136016845703 0.0 0.0 0.0 0.0 0.0 0.0 0.0 0.0 0.0 0.0 0.0 0.0 0.0 0.0 0.0
121.58987426757812 10.98305892944336 10.077970504760742 12.118765830993652 13.335443496704102 13.75178337097168 14.179580688476562 15.020455360412598 15.974061012268066 17.611309051513672 21.840776443481445 21.622392654418945 23.933286666870117 26.854679107666016 29.19251251220703 32.26312255859375 33.098392486572266 27.27275848388672 0.0 0.0 0.0 0.0 0.0 0.0 0.0 0.0 0.0 0.0 0.0 0.0 0.0 0.0
121.03033447265625 10.885489463806152 9.517807006835938 10.973580360412598 12.36288070678711 13.477497100830078 13.803312301635742 14.037574768066406 14.906501770019531 16.001001358032227 18.557971954345703 20.117401123046875 21.934585571289062 24.26569938659668 26.158449172973633 29.786434173583984 32.17813491821289 33.286048889160156 27.76238441467285 0.0 0.0 0.0 0.0 0.0 0.0 0.0 0.0 0.0 0.0 0.0 0.0 0.0
120.02135467529297 10.89664077758789 9.382797241210938 10.17191219329834 11.2835054397583 12.54354476928711 14.003665924072266 13.747335433959961 14.185283660888672 15.364952087402344 16.450742721557617 18.42310333251953 19.613393783569336 21.613534927368164 23.188899993896484 26.739912033081055 29.71186637878418 33.05766296386719 34.151241302490234 28.35597801208496 0.0 0.0 0.0 0.0 0.0 0.0 0.0 0.0 0.0 0.0 0.0 0.0
120.62663269042969 10.597295761108398 9.360647201538086 9.811720848083496 10.457976341247559 11.318721771240234 12.49736499786377 13.121837615966797 13.91427230834961 14.497303009033203 15.285737037658691 15.976945877075195 17.432579040527344 19.27349853515625 20.91558265686035 23.076217651367188 25.856233596801758 29.520984649658203 32.81845474243164 33.822628021240234 27.769556045532227 0.0 0.0 0.0 0.0 0.0 0.0 0.0 0.0 0.0 0.0 0.0
120.4249038696289 9.81649398803711 9.571453094482422 9.890827178955078 10.114452362060547 10.628105163574219 11.324873924255371 12.079793930053711 13.145755767822266 13.669633865356445 14.22705078125 14.940768241882324 15.843623161315918 17.680747985839844 19.3880615234375 21.701677322387695 22.86319923400879 26.118562698364258 29.971113204956055 32.601585388183594 32.76457977294922 27.751678466796875 0.0 0.0 0.0 0.0 0.0 0.0 0.0 0.0 0.0 0.0
120.11402893066406 8.840733528137207 9.368974685668945 10.051090240478516 10.291326522827148 10.431254386901855 10.585959434509277 11.236723899841309 12.433907508850098 13.103578567504883 14.386250495910645 14.777450561523438 15.148207664489746 16.06081771850586 17.902652740478516 19.4610595703125 21.439119338989258 22.744007110595703 25.63347625732422 29.543582916259766 31.887508392333984 32.99407958984375 28.01907730102539 0.0 0.0 0.0 0.0 0.0 0.0 0.0 0.0 0.0
119.86974334716797 8.605759620666504 8.779967308044434 9.835176467895508 10.084386825561523 10.278096199035645 10.229443550109863 10.38672924041748 11.274646759033203 12.03836441040039 13.197997093200684 14.044868469238281 14.165318489074707 14.936441421508789 16.97465705871582 17.597978591918945 19.684419631958008 20.562339782714844 22.81298065185547 25.998537063598633 29.26361656188965 31.968576431274414 33.22072982788086 28.157176971435547 0.0 0.0 0.0 0.0 0.0 0.0 0.0 0.0
119.69886779785156 9.037666320800781 8.193628311157227 9.150849342346191 10.144956588745117 10.12733268737793 10.382909774780273 10.30510139465332 11.361587524414062 11.84661865234375 13.077601432800293 13.351472854614258 13.587337493896484 13.914332389831543 14.681138038635254 15.685568809509277 17.61309814453125 18.696979522705078 20.526151657104492 22.98317527770996 25.74945831298828 29.08702278137207 32.417659759521484 32.79314041137695 28.282089233398438 0.0 0.0 0.0 0.0 0.0 0.0 0.0
119.45478057861328 9.691167831420898 7.94290828704834 8.431685447692871 9.505239486694336 9.903523445129395 9.99155330657959 9.795101165771484 10.372110366821289 10.508315086364746 11.125567436218262 12.01136589050293 12.907686233520508 13.574363708496094 13.732400894165039 14.503547668457031 16.03244972229004 17.016695022583008 18.862213134765625 21.27164077758789 22.699453353881836 25.47672462463379 29.178813934326172 31.876373291015625 34.208091735839844 28.41655158996582 0.0 0.0 0.0 0.0 0.0 0.0
118.96046447753906 9.500426292419434 8.003315925598145 8.031290054321289 8.296969413757324 8.746469497680664 9.367768287658691 9.538594245910645 9.884664535522461 10.024324417114258 10.821698188781738 10.82010269165039 12.614048957824707 13.088888168334961 13.485355377197266 13.65952205657959 15.038702964782715 15.681342124938965 17.379575729370117 19.249799728393555 20.8354434967041 22.736154556274414 26.04694938659668 29.26826286315918 32.73046875 33.867820739746094 28.411348342895508 0.0 0.0 0.0 0.0 0.0
119.3746566772461 9.236754417419434 8.32192611694336 8.111776351928711 8.042427062988281 8.063959121704102 8.51852798461914 9.208534240722656 9.760631561279297 9.659674644470215 10.333242416381836 10.310640335083008 11.213482856750488 12.231039047241211 13.079182624816895 13.402847290039062 13.728713035583496 14.315282821655273 15.891949653625488 17.34173583984375 18.843002319335938 20.47964859008789 22.929285049438477 25.545757293701172 29.53365707397461 32.718833923339844 32.78760528564453 27.915746688842773 0.0 0.0 0.0 0.0
119.26740264892578 8.470255851745605 8.017976760864258 8.469766616821289 8.123615264892578 7.872353553771973 8.043230056762695 8.574874877929688 9.278767585754395 9.527456283569336 9.874839782714844 10.012862205505371 10.345643997192383 10.919713973999023 12.053995132446289 13.113638877868652 13.166138648986816 13.454472541809082 14.385939598083496 15.840158462524414 17.226085662841797 18.865741729736328 20.774246215820312 22.70273780822754 26.22740364074707 30.181758880615234 31.960832595825195 32.52532958984375 27.841075897216797 0.0 0.0 0.0
119.18380737304688 7.77613639831543 7.5264506340026855 8.461281776428223 8.609151840209961 8.098786354064941 8.030386924743652 8.097890853881836 8.6464204788208 9.108123779296875 9.574078559875488 9.707342147827148 9.934127807617188 10.06086540222168 10.841102600097656 12.078252792358398 12.500192642211914 12.974198341369629 13.491124153137207 14.350302696228027 15.679182052612305 17.2696475982666 19.38605499267578 20.840187072753906 23.324750900268555 26.997106552124023 29.301410675048828 31.586990356445312 31.985881805419922 28.158143997192383 0.0 0.0
119.30184173583984 7.386099815368652 6.602396488189697 7.836822032928467 8.562268257141113 8.51756477355957 7.999469757080078 7.751459121704102 8.18051815032959 8.598491668701172 9.22932243347168 9.664115905761719 9.721138954162598 9.738774299621582 10.294677734375 11.122441291809082 11.851079940795898 12.530925750732422 13.364870071411133 14.000887870788574 14.34009075164795 15.523529052734375 17.27545166015625 18.7530517578125 20.89986801147461 23.3406982421875 25.83428382873535 28.632104873657227 31.513341903686523 32.55318069458008 28.118078231811523 0.0
119.43196105957031 7.2926859855651855 6.242297172546387 6.94500732421875 7.8281402587890625 9.028409957885742 8.847108840942383 7.9936299324035645 8.327496528625488 8.212014198303223 9.293525695800781 9.920646667480469 9.552831649780273 9.778703689575195 10.539203643798828 10.162760734558105 11.33126449584961 11.606893539428711 13.000767707824707 12.930337905883789 13.235898971557617 13.962597846984863 15.592467308044434 17.159584045410156 18.64810562133789 20.235593795776367 22.621261596679688 25.462764739990234 28.717941284179688 31.38823699951172 32.185028076171875 28.27858543395996
