149.9533233642578 0.0 0.0 0.0 0.0 0.0 0.0 0.0 0.0 0.0 0.0 0.0 0.0 0.0 0.0 0.0 0.0 0.0 0.0 0.0 0.0 0.0 0.0 0.0 0.0 0.0 0.0 0.0 0.0 0.0 0.0 0.0
148.29489135742188 22.157047271728516 0.0 0.0 0.0 0.0 0.0 0.0 0.0 0.0 0.0 0.0 0.0 0.0 0.0 0.0 0.0 0.0 0.0 0.0 0.0 0.0 0.0 0.0 0.0 0.0 0.0 0.0 0.0 0.0 0.0 0.0
142.0744171142578 39.7032470703125 26.86212730407715 0.0 0.0 0.0 0.0 0.0 0.0 0.0 0.0 0.0 0.0 0.0 0.0 0.0 0.0 0.0 0.0 0.0 0.0 0.0 0.0 0.0 0.0 0.0 0.0 0.0 0.0 0.0 0.0 0.0
139.6809844970703 21.591100692749023 44.377532958984375 23.164215087890625 0.0 0.0 0.0 0.0 0.0 0.0 0.0 0.0 0.0 0.0 0.0 0.0 0.0 0.0 0.0 0.0 0.0 0.0 0.0 0.0 0.0 0.0 0.0 0.0 0.0 0.0 0.0 0.0
141.2273406982422 8.313188552856445 23.385623931884766 37.21137237548828 23.175521850585938 0.0 0.0 0.0 0.0 0.0 0.0 0.0 0.0 0.0 0.0 0.0 0.0 0.0 0.0 0.0 0.0 0.0 0.0 0.0 0.0 0.0 0.0 0.0 0.0 0.0 0.0 0.0
142.41677856445312 4.079015254974365 9.251823425292969 18.955766677856445 34.59778594970703 23.278261184692383 0.0 0.0 0.0 0.0 0.0 0.0 0.0 0.0 0.0 0.0 0.0 0.0 0.0 0.0 0.0 0.0 0.0 0.0 0.0 0.0 0.0 0.0 0.0 0.0 0.0 0.0
142.9194793701172 3.2546682357788086 4.291447162628174 7.5982184410095215 17.409345626831055 33.546504974365234 23.27696418762207 0.0 0.0 0.0 0.0 0.0 0.0 0.0 0.0 0.0 0.0 0.0 0.0 0.0 0.0 0.0 0.0 0.0 0.0 0.0 0.0 0.0 0.0 0.0 0.0 0.0
142.96795654296875 3.971964120864868 3.5376551151275635 3.7592554092407227 7.250122547149658 16.902467727661133 33.53670883178711 23.191875457763672 0.0 0.0 0.0 0.0 0.0 0.0 0.0 0.0 0.0 0.0 0.0 0.0 0.0 0.0 0.0 0.0 0.0 0.0 0.0 0.0 0.0 0.0 0.0 0.0
142.83448791503906 5.053300380706787 4.607832431793213 3.357628107070923 3.864377498626709 6.790982723236084 16.69276237487793 34.340755462646484 22.458864212036133 0.0 0.0 0.0 0.0 0.0 0.0 0.0 0.0 0.0 0.0 0.0 0.0 0.0 0.0 0.0 0.0 0.0 0.0 0.0 0.0 0.0 0.0 0.0
143.3404083251953 4.194284915924072 6.134381294250488 4.488768100738525 3.388526201248169 3.6766505241394043 6.882477283477783 16.0610408782959 32.11932373046875 22.34261131286621 0.0 0.0 0.0 0.0 0.0 0.0 0.0 0.0 0.0 0.0 0.0 0.0 0.0 0.0 0.0 0.0 0.0 0.0 0.0 0.0 0.0 0.0
143.3740997314453 2.436734437942505 5.207215785980225 6.077876567840576 4.566501140594482 3.309535264968872 3.9930126667022705 6.382299900054932 15.803690910339355 31.691429138183594 22.676794052124023 0.0 0.0 0.0 0.0 0.0 0.0 0.0 0.0 0.0 0.0 0.0 0.0 0.0 0.0 0.0 0.0 0.0 0.0 0.0 0.0 0.0
143.41517639160156 1.6614253520965576 3.048394203186035 5.261153221130371 6.030681133270264 4.4842753410339355 3.596029281616211 3.615265369415283 6.341191291809082 15.73865032196045 31.908573150634766 22.065147399902344 0.0 0.0 0.0 0.0 0.0 0.0 0.0 0.0 0.0 0.0 0.0 0.0 0.0 0.0 0.0 0.0 0.0 0.0 0.0 0.0
143.51226806640625 1.8604462146759033 2.103116273880005 3.253032684326172 5.243045806884766 5.949071884155273 4.588016510009766 3.197014093399048 3.6298532485961914 6.430624008178711 15.560097694396973 31.55575180053711 21.95973777770996 0.0 0.0 0.0 0.0 0.0 0.0 0.0 0.0 0.0 0.0 0.0 0.0 0.0 0.0 0.0 0.0 0.0 0.0 0.0
143.6746826171875 3.076124668121338 2.306607961654663 2.334791421890259 3.398954391479492 5.310642242431641 6.120516777038574 4.53770112991333 3.2324554920196533 3.627612352371216 6.306192874908447 15.294676780700684 30.527420043945312 22.212421417236328 0.0 0.0 0.0 0.0 0.0 0.0 0.0 0.0 0.0 0.0 0.0 0.0 0.0 0.0 0.0 0.0 0.0 0.0
143.4534149169922 4.742976665496826 3.5104191303253174 2.4066877365112305 2.4641358852386475 3.4109108448028564 5.507139205932617 5.8870954513549805 4.279131889343262 3.2283520698547363 3.394530773162842 6.184137344360352 15.10898208618164 31.296493530273438 22.242122650146484 0.0 0.0 0.0 0.0 0.0 0.0 0.0 0.0 0.0 0.0 0.0 0.0 0.0 0.0 0.0 0.0 0.0
143.5308837890625 4.793600082397461 5.475345611572266 3.6868977546691895 2.6093292236328125 2.555713653564453 3.6545262336730957 5.29573917388916 5.716293811798096 4.322287082672119 3.1653659343719482 3.5754237174987793 6.33168363571167 15.17331600189209 30.636415481567383 21.85295295715332 0.0 0.0 0.0 0.0 0.0 0.0 0.0 0.0 0.0 0.0 0.0 0.0 0.0 0.0 0.0 0.0
143.47955322265625 3.147289991378784 5.56423282623291 5.548959732055664 3.728154420852661 2.71852445602417 2.7360777854919434 3.437605619430542 5.066661834716797 5.634317874908447 4.220032215118408 3.1761226654052734 3.517747640609741 6.098880290985107 15.532574653625488 30.34393882751465 22.075979232788086 0.0 0.0 0.0 0.0 0.0 0.0 0.0 0.0 0.0 0.0 0.0 0.0 0.0 0.0 0.0
143.5025634765625 2.086967945098877 3.6300570964813232 5.782254695892334 5.538982391357422 3.803163528442383 2.9100942611694336 2.590494394302368 3.377934694290161 5.062527656555176 5.614628314971924 4.245626926422119 3.1639280319213867 3.588575601577759 6.281795024871826 14.944869041442871 30.433122634887695 21.911073684692383 0.0 0.0 0.0 0.0 0.0 0.0 0.0 0.0 0.0 0.0 0.0 0.0 0.0 0.0
143.52828979492188 2.0431888103485107 2.4081575870513916 3.8739511966705322 5.747900009155273 5.499449253082275 3.9096765518188477 2.695648193359375 2.528007984161377 3.377547025680542 5.054297924041748 5.568192958831787 4.27845573425293 3.3004863262176514 3.514910936355591 5.898819923400879 14.68757438659668 30.448698043823242 21.871713638305664 0.0 0.0 0.0 0.0 0.0 0.0 0.0 0.0 0.0 0.0 0.0 0.0 0.0
143.58648681640625 2.780639171600342 2.252840280532837 2.7394275665283203 4.0249834060668945 5.6879191398620605 5.762234210968018 3.786421060562134 2.6683688163757324 2.5519864559173584 3.370781183242798 4.945856094360352 5.640488147735596 4.315474987030029 3.32543683052063 3.3972465991973877 6.231089115142822 14.672744750976562 30.05195426940918 21.674293518066406 0.0 0.0 0.0 0.0 0.0 0.0 0.0 0.0 0.0 0.0 0.0 0.0
143.61509704589844 3.89121413230896 3.011192560195923 2.4951515197753906 2.856680393218994 4.086597442626953 5.825915336608887 5.458451747894287 3.7359516620635986 2.690298557281494 2.531381130218506 3.302861213684082 5.030799865722656 5.549990177154541 4.373940467834473 3.078019142150879 3.4557528495788574 5.948833465576172 14.833715438842773 29.527179718017578 21.822898864746094 0.0 0.0 0.0 0.0 0.0 0.0 0.0 0.0 0.0 0.0 0.0
143.5225830078125 4.025973320007324 4.219970226287842 3.289712905883789 2.6872825622558594 2.914907455444336 4.25642204284668 5.618719577789307 5.290455341339111 3.7071828842163086 2.664290189743042 2.499196767807007 3.353342294692993 4.981720447540283 5.651697635650635 4.141217231750488 3.3697738647460938 3.53826904296875 6.05788516998291 14.557557106018066 30.074312210083008 21.3752498626709 0.0 0.0 0.0 0.0 0.0 0.0 0.0 0.0 0.0 0.0
143.59658813476562 3.0496902465820312 4.501819133758545 4.42173433303833 3.344714403152466 2.7540557384490967 3.0900585651397705 4.095534324645996 5.490703582763672 5.260981559753418 3.7049953937530518 2.650747299194336 2.629366397857666 3.3439786434173584 5.124261856079102 5.369845390319824 4.379762649536133 3.044667959213257 3.574272632598877 6.003995418548584 14.457371711730957 29.31305694580078 21.714557647705078 0.0 0.0 0.0 0.0 0.0 0.0 0.0 0.0 0.0
143.57659912109375 2.3560805320739746 3.5867979526519775 4.8835530281066895 4.530213832855225 3.4340319633483887 2.9235589504241943 2.93310284614563 3.9757378101348877 5.446402072906494 5.1892900466918945 3.7238690853118896 2.7409780025482178 2.5776684284210205 3.578425407409668 4.865189552307129 5.702874660491943 4.085263252258301 3.1733078956604004 3.402850866317749 5.705941200256348 14.250870704650879 29.513885498046875 21.506336212158203 0.0 0.0 0.0 0.0 0.0 0.0 0.0 0.0
143.43380737304688 2.417591094970703 2.792955160140991 3.9841537475585938 4.971014022827148 4.640731334686279 3.6520309448242188 2.8303966522216797 2.849902868270874 3.978585720062256 5.353570938110352 5.1452484130859375 3.750235080718994 2.715047836303711 2.657651424407959 3.270901918411255 5.213151931762695 5.292862415313721 4.300176620483398 3.243338108062744 3.3971035480499268 6.140297889709473 14.509313583374023 29.66814613342285 21.68633270263672 0.0 0.0 0.0 0.0 0.0 0.0 0.0
143.48155212402344 3.0635955333709717 2.749037504196167 3.1994504928588867 4.159124851226807 5.010604381561279 4.800281047821045 3.471214771270752 2.6945087909698486 2.887120485305786 3.9034106731414795 5.293696403503418 5.216248989105225 3.7130837440490723 2.853914737701416 2.5131585597991943 3.486637830734253 4.728005886077881 5.6427531242370605 4.190733432769775 3.0736958980560303 3.340158700942993 6.041497707366943 14.335345268249512 29.39186668395996 21.578472137451172 0.0 0.0 0.0 0.0 0.0 0.0
143.3114471435547 3.9319708347320557 3.39762544631958 3.203584671020508 3.40602707862854 4.227625370025635 5.26326322555542 4.6076250076293945 3.371173143386841 2.7468135356903076 2.8598930835723877 3.852466583251953 5.393282413482666 5.119889736175537 3.7877795696258545 2.642711877822876 2.896182060241699 3.198760747909546 4.883672714233398 5.427341938018799 4.0885210037231445 3.046138048171997 3.5002753734588623 6.042104721069336 14.573661804199219 29.832073211669922 21.462308883666992 0.0 0.0 0.0 0.0 0.0
143.28268432617188 3.6333577632904053 4.292485237121582 3.815439224243164 3.3790781497955322 3.478550672531128 4.462470531463623 4.994144439697266 4.458475112915039 3.389965295791626 2.7219367027282715 2.8116722106933594 3.924973249435425 5.2920074462890625 5.267398834228516 3.613213062286377 3.092637062072754 2.4934208393096924 3.3342936038970947 4.883249759674072 5.393890857696533 4.0434370040893555 3.233452796936035 3.4667561054229736 6.247954845428467 14.608274459838867 29.467670440673828 21.61351776123047 0.0 0.0 0.0 0.0
143.25230407714844 2.151484966278076 3.8933982849121094 4.558651924133301 3.945645332336426 3.428551435470581 3.771547555923462 4.319468975067139 4.869629859924316 4.478598594665527 3.3543715476989746 2.7053098678588867 2.8876686096191406 3.892676591873169 5.383697032928467 4.992868900299072 3.8340137004852295 2.5917041301727295 2.6075356006622314 3.295989513397217 4.777498722076416 5.253853797912598 4.121109485626221 3.1623315811157227 3.545729875564575 6.231049060821533 14.170736312866211 29.957481384277344 21.31126594543457 0.0 0.0 0.0
143.33128356933594 1.2930446863174438 2.4174602031707764 4.150080680847168 4.681766986846924 4.0242486000061035 3.6811444759368896 3.5802366733551025 4.182979583740234 4.895697593688965 4.481206893920898 3.3821067810058594 2.788849115371704 2.9007022380828857 3.9640815258026123 5.168071746826172 5.282959461212158 3.5567402839660645 2.697451591491699 2.5366666316986084 3.247488260269165 4.717508316040039 5.318755149841309 4.062773704528809 3.1026291847229004 3.700502395629883 6.028628349304199 14.636496543884277 29.127225875854492 21.520286560058594 0.0 0.0
143.40060424804688 1.2459092140197754 1.544001579284668 2.7297089099884033 4.254802703857422 4.739917278289795 4.25975227355957 3.539071559906006 3.5489935874938965 4.217917442321777 4.8516926765441895 4.4397783279418945 3.4535744190216064 2.7654476165771484 3.0134334564208984 3.8204572200775146 5.435168743133545 4.930059432983398 3.660454511642456 2.6895110607147217 2.49174427986145 3.223731756210327 4.869715213775635 5.216571807861328 4.358180999755859 3.2332165241241455 3.3466904163360596 6.311478137969971 14.061812400817871 29.006633758544922 21.37862205505371 0.0
143.2952423095703 1.9152430295944214 1.5047882795333862 1.9066956043243408 2.846585273742676 4.3185272216796875 4.871299743652344 4.086599826812744 3.5042319297790527 3.5299551486968994 4.144783973693848 4.755528450012207 4.456453800201416 3.376971483230591 2.9292361736297607 2.8230197429656982 3.9435219764709473 5.032112121582031 5.060080528259277 3.607222557067871 2.597944974899292 2.4864985942840576 3.4037578105926514 4.667111396789551 5.457890510559082 4.148217678070068 3.136800765991211 3.5263869762420654 5.74401330947876 14.256627082824707 29.359756469726562 21.59144401550293
