149.9533233642578 0.0 0.0 0.0 0.0 0.0 0.0 0.0 0.0 0.0 0.0 0.0 0.0 0.0 0.0 0.0 0.0 0.0 0.0 0.0 0.0 0.0 0.0 0.0 0.0 0.0 0.0 0.0 0.0 0.0 0.0 0.0
140.39344787597656 52.64754867553711 0.0 0.0 0.0 0.0 0.0 0.0 0.0 0.0 0.0 0.0 0.0 0.0 0.0 0.0 0.0 0.0 0.0 0.0 0.0 0.0 0.0 0.0 0.0 0.0 0.0 0.0 0.0 0.0 0.0 0.0
142.7005615234375 23.33686637878418 39.68697738647461 0.0 0.0 0.0 0.0 0.0 0.0 0.0 0.0 0.0 0.0 0.0 0.0 0.0 0.0 0.0 0.0 0.0 0.0 0.0 0.0 0.0 0.0 0.0 0.0 0.0 0.0 0.0 0.0 0.0
143.25595092773438 16.749536514282227 20.816186904907227 35.31294250488281 0.0 0.0 0.0 0.0 0.0 0.0 0.0 0.0 0.0 0.0 0.0 0.0 0.0 0.0 0.0 0.0 0.0 0.0 0.0 0.0 0.0 0.0 0.0 0.0 0.0 0.0 0.0 0.0
142.8199005126953 15.099685668945312 15.650960922241211 20.05720329284668 34.78936767578125 0.0 0.0 0.0 0.0 0.0 0.0 0.0 0.0 0.0 0.0 0.0 0.0 0.0 0.0 0.0 0.0 0.0 0.0 0.0 0.0 0.0 0.0 0.0 0.0 0.0 0.0 0.0
141.81118774414062 15.19191837310791 14.933256149291992 15.548686981201172 20.26074981689453 35.588253021240234 0.0 0.0 0.0 0.0 0.0 0.0 0.0 0.0 0.0 0.0 0.0 0.0 0.0 0.0 0.0 0.0 0.0 0.0 0.0 0.0 0.0 0.0 0.0 0.0 0.0 0.0
141.47190856933594 15.294034957885742 14.18190860748291 13.75108528137207 15.317883491516113 20.49388885498047 34.495689392089844 0.0 0.0 0.0 0.0 0.0 0.0 0.0 0.0 0.0 0.0 0.0 0.0 0.0 0.0 0.0 0.0 0.0 0.0 0.0 0.0 0.0 0.0 0.0 0.0 0.0
141.44039916992188 14.526854515075684 13.669986724853516 13.006060600280762 13.187437057495117 15.002537727355957 19.490509033203125 33.64064407348633 0.0 0.0 0.0 0.0 0.0 0.0 0.0 0.0 0.0 0.0 0.0 0.0 0.0 0.0 0.0 0.0 0.0 0.0 0.0 0.0 0.0 0.0 0.0 0.0
141.21328735351562 13.253576278686523 13.351451873779297 12.881916046142578 12.722063064575195 13.239191055297852 14.912897109985352 19.222911834716797 33.0584602355957 0.0 0.0 0.0 0.0 0.0 0.0 0.0 0.0 0.0 0.0 0.0 0.0 0.0 0.0 0.0 0.0 0.0 0.0 0.0 0.0 0.0 0.0 0.0
140.96527099609375 12.094112396240234 12.717910766601562 12.500090599060059 12.525800704956055 12.490900993347168 12.945117950439453 14.546500205993652 18.921300888061523 33.126705169677734 0.0 0.0 0.0 0.0 0.0 0.0 0.0 0.0 0.0 0.0 0.0 0.0 0.0 0.0 0.0 0.0 0.0 0.0 0.0 0.0 0.0 0.0
140.82725524902344 11.68182373046875 11.917698860168457 12.088047981262207 12.13115119934082 12.40717887878418 12.405848503112793 12.686695098876953 14.333758354187012 19.256444931030273 32.15287780761719 0.0 0.0 0.0 0.0 0.0 0.0 0.0 0.0 0.0 0.0 0.0 0.0 0.0 0.0 0.0 0.0 0.0 0.0 0.0 0.0 0.0
140.95132446289062 11.317859649658203 11.281407356262207 11.449652671813965 11.425485610961914 12.158180236816406 12.184123992919922 12.003080368041992 12.375262260437012 14.008916854858398 18.398366928100586 31.15274429321289 0.0 0.0 0.0 0.0 0.0 0.0 0.0 0.0 0.0 0.0 0.0 0.0 0.0 0.0 0.0 0.0 0.0 0.0 0.0 0.0
140.61463928222656 11.419515609741211 11.021093368530273 10.903903007507324 10.85212516784668 11.500313758850098 11.861369132995605 12.058815956115723 11.993720054626465 12.43521785736084 14.214908599853516 18.229801177978516 31.155860900878906 0.0 0.0 0.0 0.0 0.0 0.0 0.0 0.0 0.0 0.0 0.0 0.0 0.0 0.0 0.0 0.0 0.0 0.0 0.0
140.69561767578125 11.126007080078125 10.897061347961426 10.691971778869629 10.286906242370605 10.75218677520752 11.299266815185547 11.707159996032715 11.716501235961914 11.630096435546875 12.353925704956055 13.63554859161377 17.72959327697754 30.321189880371094 0.0 0.0 0.0 0.0 0.0 0.0 0.0 0.0 0.0 0.0 0.0 0.0 0.0 0.0 0.0 0.0 0.0 0.0
140.47955322265625 10.692211151123047 10.672467231750488 10.593263626098633 10.33282470703125 10.40335750579834 10.549936294555664 11.023842811584473 11.49541187286377 11.782198905944824 11.80958080291748 12.072498321533203 13.618307113647461 17.649730682373047 30.11792755126953 0.0 0.0 0.0 0.0 0.0 0.0 0.0 0.0 0.0 0.0 0.0 0.0 0.0 0.0 0.0 0.0 0.0
140.18588256835938 10.154746055603027 10.377974510192871 10.34462833404541 10.418639183044434 10.417862892150879 10.410436630249023 10.518379211425781 11.275676727294922 11.431957244873047 11.435362815856934 11.55981731414795 11.804642677307129 13.798713684082031 17.436134338378906 30.34586524963379 0.0 0.0 0.0 0.0 0.0 0.0 0.0 0.0 0.0 0.0 0.0 0.0 0.0 0.0 0.0 0.0
140.09144592285156 9.960658073425293 9.857985496520996 9.91933822631836 10.091978073120117 10.295376777648926 10.241912841796875 10.136314392089844 10.559292793273926 10.900480270385742 11.303437232971191 11.515687942504883 11.273307800292969 12.057607650756836 13.357236862182617 17.398681640625 30.04781723022461 0.0 0.0 0.0 0.0 0.0 0.0 0.0 0.0 0.0 0.0 0.0 0.0 0.0 0.0 0.0
140.32664489746094 10.016778945922852 9.516128540039062 9.302101135253906 9.500454902648926 10.014002799987793 10.135087013244629 9.892312049865723 9.995616912841797 10.078097343444824 10.703386306762695 11.076009750366211 10.900397300720215 10.994019508361816 11.375082969665527 13.016027450561523 16.982154846191406 29.278743743896484 0.0 0.0 0.0 0.0 0.0 0.0 0.0 0.0 0.0 0.0 0.0 0.0 0.0 0.0
140.03131103515625 10.081863403320312 9.602638244628906 9.168636322021484 9.111968040466309 9.675992965698242 10.012245178222656 9.914400100708008 9.878996849060059 9.819167137145996 10.302031517028809 10.653491020202637 10.776028633117676 11.037396430969238 11.059576988220215 11.49428939819336 13.270181655883789 16.700536727905273 29.328046798706055 0.0 0.0 0.0 0.0 0.0 0.0 0.0 0.0 0.0 0.0 0.0 0.0 0.0
139.89093017578125 10.057425498962402 9.484084129333496 9.057714462280273 8.893087387084961 9.26412582397461 9.500910758972168 9.766851425170898 9.901727676391602 9.896135330200195 10.013476371765137 9.994978904724121 10.26864242553711 10.717514991760254 10.876069068908691 10.866671562194824 11.397549629211426 12.888656616210938 16.949687957763672 29.21637535095215 0.0 0.0 0.0 0.0 0.0 0.0 0.0 0.0 0.0 0.0 0.0 0.0
139.82069396972656 9.370847702026367 9.405547142028809 9.186381340026855 8.820669174194336 8.874346733093262 9.035661697387695 9.416028022766113 9.648982048034668 9.777947425842285 9.805325508117676 9.592538833618164 9.611250877380371 10.13896369934082 10.538446426391602 10.663334846496582 10.876363754272461 11.282204627990723 12.846150398254395 16.713598251342773 29.304840087890625 0.0 0.0 0.0 0.0 0.0 0.0 0.0 0.0 0.0 0.0 0.0
139.90716552734375 8.497151374816895 9.098438262939453 9.059942245483398 8.952899932861328 8.99260139465332 8.6986083984375 8.745112419128418 9.15876579284668 9.537847518920898 9.780856132507324 9.45559024810791 9.335702896118164 9.791481971740723 9.94767951965332 10.375654220581055 10.640555381774902 10.537849426269531 11.15637493133545 12.562536239624023 16.514741897583008 28.80838966369629 0.0 0.0 0.0 0.0 0.0 0.0 0.0 0.0 0.0 0.0
139.86322021484375 7.930692195892334 8.736096382141113 8.949460983276367 8.997074127197266 9.159172058105469 8.733821868896484 8.640816688537598 8.678548812866211 9.11463451385498 9.782051086425781 9.551046371459961 9.228116035461426 9.364547729492188 9.63460922241211 9.964457511901855 10.508960723876953 10.364834785461426 10.512457847595215 10.961692810058594 12.560294151306152 16.300565719604492 28.352991104125977 0.0 0.0 0.0 0.0 0.0 0.0 0.0 0.0 0.0
139.727294921875 7.925162315368652 8.237317085266113 8.333576202392578 8.553309440612793 8.919206619262695 8.896810531616211 8.57719612121582 8.41901683807373 8.548503875732422 9.063440322875977 9.389116287231445 9.38044548034668 9.395405769348145 9.350136756896973 9.414409637451172 9.976341247558594 10.082984924316406 10.329039573669434 10.369834899902344 10.865816116333008 12.545389175415039 16.28301239013672 28.83193588256836 0.0 0.0 0.0 0.0 0.0 0.0 0.0 0.0
139.7643585205078 8.23729133605957 8.204554557800293 8.224600791931152 8.101723670959473 8.601862907409668 8.785027503967285 8.652484893798828 8.385795593261719 8.203008651733398 8.445748329162598 9.107861518859863 9.189650535583496 9.249600410461426 9.12391471862793 8.999631881713867 9.226886749267578 9.567925453186035 10.109746932983398 10.211241722106934 10.225078582763672 10.785970687866211 12.452966690063477 16.007028579711914 28.510791778564453 0.0 0.0 0.0 0.0 0.0 0.0 0.0
139.80662536621094 8.158023834228516 8.091724395751953 7.860965251922607 7.637319564819336 8.2315673828125 8.270577430725098 8.477649688720703 8.488382339477539 8.249091148376465 8.135457038879395 8.241080284118652 8.673456192016602 9.011547088623047 9.072761535644531 8.968782424926758 8.910670280456543 9.042740821838379 9.550471305847168 10.191686630249023 10.16073226928711 10.328283309936523 10.733802795410156 12.252923011779785 15.874078750610352 28.266395568847656 0.0 0.0 0.0 0.0 0.0 0.0
139.46310424804688 8.10156536102295 8.108899116516113 7.961465358734131 7.7108283042907715 7.910258769989014 7.847855091094971 8.122299194335938 8.513641357421875 8.501916885375977 8.284635543823242 8.133092880249023 8.267695426940918 9.021166801452637 9.004133224487305 9.098285675048828 9.015734672546387 8.814209938049316 9.271088600158691 9.5253267288208 9.878000259399414 10.147592544555664 10.233391761779785 10.656527519226074 12.325801849365234 16.997936248779297 28.270191192626953 0.0 0.0 0.0 0.0 0.0
139.68490600585938 7.570824146270752 8.039012908935547 7.96287202835083 7.741486549377441 7.711977005004883 7.465961456298828 7.705158233642578 8.047754287719727 8.391560554504395 8.425386428833008 8.230011940002441 7.899986743927002 8.339719772338867 8.568987846374512 8.77212142944336 8.80395793914795 8.767814636230469 8.74094009399414 8.940743446350098 9.32988166809082 9.84445571899414 9.910723686218262 9.972764015197754 10.99036979675293 12.312943458557129 15.590226173400879 28.039329528808594 0.0 0.0 0.0 0.0
139.59860229492188 7.208202362060547 7.627405643463135 7.719253063201904 7.672799110412598 7.7533111572265625 7.528903484344482 7.427764892578125 7.66835355758667 8.096308708190918 8.414032936096191 8.310993194580078 8.064126014709473 7.9380364418029785 8.218202590942383 8.405827522277832 8.681982040405273 8.804388046264648 8.694977760314941 8.842225074768066 8.977399826049805 9.335824966430664 9.792755126953125 9.91637134552002 10.344362258911133 10.626663208007812 12.02197265625 15.637686729431152 28.027761459350586 0.0 0.0 0.0
139.39566040039062 7.2605881690979 7.474242210388184 7.329458713531494 7.468957901000977 7.852200508117676 7.706371784210205 7.533333778381348 7.465287208557129 7.712635517120361 8.042240142822266 8.375134468078613 8.207063674926758 8.146358489990234 8.000177383422852 8.043586730957031 8.310406684875488 8.698979377746582 8.787138938903809 8.771824836730957 8.696757316589355 8.844620704650879 9.39917278289795 9.905233383178711 10.229048728942871 10.070150375366211 10.328600883483887 12.013240814208984 15.72921371459961 28.26152229309082 0.0 0.0
139.52859497070312 7.442981243133545 7.261059284210205 7.028841495513916 7.177299976348877 7.78279447555542 7.741001129150391 7.5971150398254395 7.331206321716309 7.457505226135254 7.603636741638184 7.8701019287109375 8.130525588989258 8.08448314666748 7.9839091300964355 7.797896385192871 7.9199299812316895 8.192316055297852 8.563965797424316 8.881213188171387 8.593461990356445 8.573637962341309 8.847084045410156 9.249585151672363 9.777261734008789 9.793067932128906 9.772645950317383 10.272865295410156 11.895914077758789 15.514010429382324 27.8079833984375 0.0
139.3883819580078 7.570535182952881 7.4272685050964355 7.042623519897461 6.879520416259766 7.211719036102295 7.4764404296875 7.569400787353516 7.5547966957092285 7.330197811126709 7.552557945251465 7.410115718841553 7.680675506591797 8.131640434265137 8.131688117980957 7.784926414489746 7.682701110839844 7.77769660949707 8.626506805419922 8.59128189086914 8.696712493896484 8.55256462097168 8.573829650878906 8.702825546264648 9.277313232421875 9.619417190551758 9.789436340332031 9.68025016784668 10.314485549926758 11.809019088745117 15.487822532653809 28.00076675415039
