149.9533233642578 0.0 0.0 0.0 0.0 0.0 0.0 0.0 0.0 0.0 0.0 0.0 0.0 0.0 0.0 0.0 0.0 0.0 0.0 0.0 0.0 0.0 0.0 0.0 0.0 0.0 0.0 0.0 0.0 0.0 0.0 0.0
147.34861755371094 27.786375045776367 0.0 0.0 0.0 0.0 0.0 0.0 0.0 0.0 0.0 0.0 0.0 0.0 0.0 0.0 0.0 0.0 0.0 0.0 0.0 0.0 0.0 0.0 0.0 0.0 0.0 0.0 0.0 0.0 0.0 0.0
144.16717529296875 29.799882888793945 28.47572135925293 0.0 0.0 0.0 0.0 0.0 0.0 0.0 0.0 0.0 0.0 0.0 0.0 0.0 0.0 0.0 0.0 0.0 0.0 0.0 0.0 0.0 0.0 0.0 0.0 0.0 0.0 0.0 0.0 0.0
141.683349609375 26.531009674072266 29.004812240600586 29.386489868164062 0.0 0.0 0.0 0.0 0.0 0.0 0.0 0.0 0.0 0.0 0.0 0.0 0.0 0.0 0.0 0.0 0.0 0.0 0.0 0.0 0.0 0.0 0.0 0.0 0.0 0.0 0.0 0.0
139.6779327392578 24.186424255371094 25.955347061157227 29.161441802978516 29.394495010375977 0.0 0.0 0.0 0.0 0.0 0.0 0.0 0.0 0.0 0.0 0.0 0.0 0.0 0.0 0.0 0.0 0.0 0.0 0.0 0.0 0.0 0.0 0.0 0.0 0.0 0.0 0.0
138.43038940429688 21.72732925415039 22.568510055541992 25.68047523498535 28.757312774658203 29.190074920654297 0.0 0.0 0.0 0.0 0.0 0.0 0.0 0.0 0.0 0.0 0.0 0.0 0.0 0.0 0.0 0.0 0.0 0.0 0.0 0.0 0.0 0.0 0.0 0.0 0.0 0.0
136.82342529296875 20.75176239013672 20.629079818725586 23.305280685424805 25.90331268310547 29.26984977722168 28.900697708129883 0.0 0.0 0.0 0.0 0.0 0.0 0.0 0.0 0.0 0.0 0.0 0.0 0.0 0.0 0.0 0.0 0.0 0.0 0.0 0.0 0.0 0.0 0.0 0.0 0.0
135.53492736816406 19.25705909729004 19.46669578552246 21.691307067871094 23.725147247314453 26.032793045043945 28.676284790039062 28.81003761291504 0.0 0.0 0.0 0.0 0.0 0.0 0.0 0.0 0.0 0.0 0.0 0.0 0.0 0.0 0.0 0.0 0.0 0.0 0.0 0.0 0.0 0.0 0.0 0.0
133.6588134765625 18.632522583007812 18.816017150878906 20.62908363342285 22.20000648498535 24.271800994873047 26.050579071044922 29.3963565826416 29.44161605834961 0.0 0.0 0.0 0.0 0.0 0.0 0.0 0.0 0.0 0.0 0.0 0.0 0.0 0.0 0.0 0.0 0.0 0.0 0.0 0.0 0.0 0.0 0.0
132.6819305419922 17.344820022583008 17.987346649169922 19.630550384521484 20.550622940063477 22.13013458251953 23.729799270629883 26.09062957763672 29.654504776000977 28.87171173095703 0.0 0.0 0.0 0.0 0.0 0.0 0.0 0.0 0.0 0.0 0.0 0.0 0.0 0.0 0.0 0.0 0.0 0.0 0.0 0.0 0.0 0.0
131.60244750976562 16.628711700439453 17.134031295776367 18.995662689208984 19.816160202026367 20.718889236450195 22.349048614501953 23.944149017333984 26.07284164428711 28.877988815307617 28.712080001831055 0.0 0.0 0.0 0.0 0.0 0.0 0.0 0.0 0.0 0.0 0.0 0.0 0.0 0.0 0.0 0.0 0.0 0.0 0.0 0.0 0.0
130.08790588378906 15.642500877380371 16.276153564453125 18.0939884185791 18.981426239013672 19.898590087890625 21.139371871948242 22.606517791748047 24.222200393676758 26.151670455932617 29.337940216064453 29.625133514404297 0.0 0.0 0.0 0.0 0.0 0.0 0.0 0.0 0.0 0.0 0.0 0.0 0.0 0.0 0.0 0.0 0.0 0.0 0.0 0.0
128.98004150390625 15.298164367675781 15.533551216125488 17.19086456298828 18.226909637451172 19.075824737548828 19.63561248779297 20.779996871948242 22.304901123046875 23.46405601501465 26.136215209960938 31.18024253845215 29.316844940185547 0.0 0.0 0.0 0.0 0.0 0.0 0.0 0.0 0.0 0.0 0.0 0.0 0.0 0.0 0.0 0.0 0.0 0.0 0.0
128.63580322265625 14.567161560058594 14.860007286071777 16.26203155517578 17.170740127563477 17.87042808532715 18.70070457458496 19.751869201660156 20.58677101135254 21.6444091796875 24.16020393371582 26.952709197998047 29.203493118286133 28.794036865234375 0.0 0.0 0.0 0.0 0.0 0.0 0.0 0.0 0.0 0.0 0.0 0.0 0.0 0.0 0.0 0.0 0.0 0.0
127.5124740600586 14.017281532287598 14.628128051757812 15.838616371154785 16.385061264038086 16.983278274536133 17.80318260192871 18.87090492248535 19.910978317260742 20.529640197753906 22.239412307739258 24.612932205200195 26.346202850341797 29.957185745239258 28.675752639770508 0.0 0.0 0.0 0.0 0.0 0.0 0.0 0.0 0.0 0.0 0.0 0.0 0.0 0.0 0.0 0.0 0.0
127.59453582763672 13.24802303314209 14.122642517089844 15.433374404907227 15.902790069580078 16.27145004272461 16.67510986328125 17.5943603515625 18.745962142944336 19.3736572265625 20.39284324645996 22.551801681518555 23.626237869262695 25.4327449798584 28.446075439453125 28.612817764282227 0.0 0.0 0.0 0.0 0.0 0.0 0.0 0.0 0.0 0.0 0.0 0.0 0.0 0.0 0.0 0.0
126.23974609375 12.681817054748535 13.390106201171875 14.972655296325684 15.604544639587402 15.846245765686035 16.378482818603516 16.902210235595703 18.14916229248047 18.767040252685547 19.64211654663086 21.37084197998047 22.38719940185547 24.263792037963867 25.826799392700195 29.093568801879883 28.391918182373047 0.0 0.0 0.0 0.0 0.0 0.0 0.0 0.0 0.0 0.0 0.0 0.0 0.0 0.0 0.0
125.8470230102539 12.195199012756348 12.8842134475708 14.282023429870605 14.932655334472656 15.393661499023438 15.654081344604492 16.204147338867188 16.949512481689453 17.453826904296875 18.395923614501953 20.875106811523438 20.74579429626465 22.463119506835938 23.407432556152344 26.09166717529297 28.842920303344727 28.241962432861328 0.0 0.0 0.0 0.0 0.0 0.0 0.0 0.0 0.0 0.0 0.0 0.0 0.0 0.0
124.85252380371094 12.12891674041748 12.640898704528809 13.729915618896484 14.326217651367188 15.025230407714844 15.23861026763916 15.882171630859375 16.359846115112305 16.805667877197266 17.746110916137695 19.703752517700195 19.517438888549805 21.167295455932617 21.78399658203125 24.712566375732422 26.10426139831543 28.684816360473633 28.4999942779541 0.0 0.0 0.0 0.0 0.0 0.0 0.0 0.0 0.0 0.0 0.0 0.0 0.0
124.18184661865234 12.578112602233887 12.61474895477295 13.556293487548828 13.950082778930664 14.3030424118042 14.993233680725098 15.458961486816406 16.147981643676758 16.45404624938965 16.806598663330078 18.326385498046875 18.87700080871582 19.46593475341797 20.416412353515625 22.275259017944336 23.72536849975586 25.897863388061523 29.201244354248047 28.518327713012695 0.0 0.0 0.0 0.0 0.0 0.0 0.0 0.0 0.0 0.0 0.0 0.0
124.36154174804688 12.560639381408691 12.591999053955078 13.34968090057373 13.353120803833008 13.63084888458252 14.11961555480957 14.781472206115723 15.310769081115723 15.703186988830566 16.186418533325195 16.81458854675293 17.453786849975586 18.36437225341797 19.240089416503906 20.421337127685547 21.661930084228516 23.903629302978516 25.74656105041504 28.25851058959961 27.998294830322266 0.0 0.0 0.0 0.0 0.0 0.0 0.0 0.0 0.0 0.0 0.0
123.81806182861328 11.99986743927002 12.42757797241211 13.339410781860352 13.280791282653809 13.279104232788086 13.53071117401123 14.155769348144531 14.535811424255371 14.98561954498291 15.704814910888672 16.342124938964844 16.871360778808594 18.070539474487305 18.384002685546875 19.66695213317871 20.21029281616211 21.907711029052734 23.556726455688477 25.175710678100586 28.019853591918945 28.136795043945312 0.0 0.0 0.0 0.0 0.0 0.0 0.0 0.0 0.0 0.0
123.21378326416016 11.475615501403809 11.928084373474121 13.280386924743652 13.371248245239258 13.110644340515137 13.281838417053223 13.56784725189209 14.03054428100586 14.454146385192871 15.146124839782715 15.803553581237793 16.255050659179688 17.77904510498047 17.464834213256836 18.296056747436523 18.81187629699707 20.172788619995117 21.962627410888672 23.225364685058594 25.10205841064453 28.423864364624023 28.532806396484375 0.0 0.0 0.0 0.0 0.0 0.0 0.0 0.0 0.0
123.19149780273438 11.00504207611084 11.328681945800781 12.606786727905273 13.077949523925781 13.084100723266602 13.042859077453613 13.156230926513672 13.424867630004883 13.712236404418945 14.482217788696289 15.247448921203613 15.459394454956055 16.47671127319336 16.396259307861328 17.505523681640625 18.08003807067871 18.99126625061035 20.115966796875 21.175928115844727 22.86943817138672 25.515548706054688 28.421239852905273 28.185489654541016 0.0 0.0 0.0 0.0 0.0 0.0 0.0 0.0
122.94102478027344 11.860360145568848 11.073832511901855 12.455857276916504 13.054859161376953 13.085232734680176 13.229042053222656 13.13708782196045 13.22583293914795 13.276930809020996 13.925576210021973 14.429628372192383 14.92077922821045 15.797762870788574 15.742819786071777 16.25286102294922 16.847396850585938 17.72505760192871 19.078550338745117 19.752689361572266 21.065813064575195 22.940439224243164 25.187236785888672 27.724224090576172 28.25228500366211 0.0 0.0 0.0 0.0 0.0 0.0 0.0
122.59461975097656 11.195423126220703 10.740086555480957 11.774063110351562 12.484079360961914 12.54200267791748 13.116004943847656 13.073304176330566 13.127142906188965 12.924030303955078 13.450113296508789 13.69819164276123 14.538329124450684 15.287711143493652 15.52221393585205 15.65468978881836 16.0365047454834 16.982421875 18.11090087890625 19.19271469116211 19.68816375732422 21.06797981262207 22.745763778686523 24.84981918334961 28.066986083984375 27.966154098510742 0.0 0.0 0.0 0.0 0.0 0.0
122.4760971069336 10.849386215209961 10.654932975769043 11.321818351745605 11.586624145507812 11.900007247924805 12.432662963867188 12.760869026184082 12.889850616455078 12.751253128051758 13.252132415771484 13.137397766113281 13.753215789794922 14.3319673538208 14.738269805908203 15.18983268737793 15.435471534729004 16.305444717407227 17.20721435546875 17.632854461669922 18.396177291870117 19.567596435546875 21.109975814819336 22.804725646972656 25.511167526245117 28.01346778869629 27.85338592529297 0.0 0.0 0.0 0.0 0.0
122.28903198242188 10.602839469909668 10.802886009216309 11.348257064819336 11.223015785217285 11.433431625366211 11.989253997802734 12.517253875732422 12.887800216674805 12.630858421325684 12.670526504516602 12.882050514221191 13.234267234802246 13.853382110595703 14.006576538085938 14.702117919921875 14.849827766418457 15.394598007202148 16.519145965576172 16.680686950683594 17.485958099365234 18.412431716918945 19.6268367767334 20.886646270751953 22.937715530395508 24.990779876708984 27.79937744140625 27.973867416381836 0.0 0.0 0.0 0.0
121.83927154541016 10.19947338104248 10.431525230407715 11.082172393798828 10.99605941772461 11.037214279174805 11.271854400634766 11.833881378173828 12.210850715637207 12.542981147766113 12.643036842346191 12.538115501403809 12.629892349243164 13.234033584594727 13.433643341064453 14.218424797058105 14.389724731445312 14.951201438903809 15.753439903259277 15.833182334899902 16.787982940673828 17.639686584472656 18.61250114440918 19.785320281982422 21.459169387817383 22.85966682434082 25.241945266723633 28.09502410888672 27.949459075927734 0.0 0.0 0.0
121.54521942138672 10.048871994018555 10.286513328552246 11.014256477355957 10.986977577209473 10.907230377197266 10.92982292175293 11.389225959777832 11.78963565826416 12.169692039489746 12.429192543029785 12.465166091918945 12.443093299865723 12.697199821472168 12.759520530700684 13.4564847946167 13.824990272521973 14.389552116394043 15.656524658203125 15.248627662658691 15.828969955444336 16.62244415283203 17.668136596679688 18.576562881469727 20.10698699951172 21.108734130859375 22.776100158691406 25.22158432006836 28.00893783569336 28.03136444091797 0.0 0.0
121.0048828125 9.935400009155273 10.024888038635254 10.68663215637207 10.807160377502441 10.894469261169434 11.103763580322266 11.146376609802246 11.457036018371582 11.791850090026855 12.152586936950684 12.52735710144043 12.8200101852417 12.52737808227539 12.366955757141113 12.977814674377441 13.195516586303711 13.807463645935059 15.674088478088379 14.721976280212402 15.193703651428223 16.03008460998535 16.827077865600586 17.475927352905273 18.656238555908203 20.159198760986328 21.495275497436523 22.961196899414062 25.07622528076172 27.66839599609375 28.00291633605957 0.0
120.98733520507812 10.205687522888184 9.969594955444336 10.535372734069824 10.609225273132324 10.642105102539062 11.304441452026367 11.259757041931152 11.514033317565918 11.135444641113281 11.725107192993164 12.018635749816895 12.509331703186035 12.383546829223633 12.321443557739258 12.16600513458252 12.410964965820312 13.549970626831055 14.692669868469238 13.968545913696289 14.330713272094727 15.528548240661621 16.46586036682129 16.477798461914062 17.645048141479492 18.363210678100586 19.92656898498535 21.032085418701172 22.899934768676758 24.733856201171875 27.695119857788086 27.785619735717773
