149.9533233642578 0.0 0.0 0.0 0.0 0.0 0.0 0.0 0.0 0.0 0.0 0.0 0.0 0.0 0.0 0.0 0.0 0.0 0.0 0.0 0.0 0.0 0.0 0.0 0.0 0.0 0.0 0.0 0.0 0.0 0.0 0.0
148.58763122558594 20.12879753112793 0.0 0.0 0.0 0.0 0.0 0.0 0.0 0.0 0.0 0.0 0.0 0.0 0.0 0.0 0.0 0.0 0.0 0.0 0.0 0.0 0.0 0.0 0.0 0.0 0.0 0.0 0.0 0.0 0.0 0.0
145.01101684570312 13.949992179870605 35.5012321472168 0.0 0.0 0.0 0.0 0.0 0.0 0.0 0.0 0.0 0.0 0.0 0.0 0.0 0.0 0.0 0.0 0.0 0.0 0.0 0.0 0.0 0.0 0.0 0.0 0.0 0.0 0.0 0.0 0.0
144.49282836914062 9.455842018127441 12.617239952087402 36.825809478759766 0.0 0.0 0.0 0.0 0.0 0.0 0.0 0.0 0.0 0.0 0.0 0.0 0.0 0.0 0.0 0.0 0.0 0.0 0.0 0.0 0.0 0.0 0.0 0.0 0.0 0.0 0.0 0.0
144.45187377929688 9.863388061523438 8.803486824035645 12.632022857666016 35.81096267700195 0.0 0.0 0.0 0.0 0.0 0.0 0.0 0.0 0.0 0.0 0.0 0.0 0.0 0.0 0.0 0.0 0.0 0.0 0.0 0.0 0.0 0.0 0.0 0.0 0.0 0.0 0.0
144.24411010742188 12.561546325683594 8.43798542022705 8.453277587890625 11.277013778686523 35.34135437011719 0.0 0.0 0.0 0.0 0.0 0.0 0.0 0.0 0.0 0.0 0.0 0.0 0.0 0.0 0.0 0.0 0.0 0.0 0.0 0.0 0.0 0.0 0.0 0.0 0.0 0.0
144.4052276611328 9.352652549743652 10.593534469604492 9.160783767700195 7.173421382904053 11.084376335144043 34.238494873046875 0.0 0.0 0.0 0.0 0.0 0.0 0.0 0.0 0.0 0.0 0.0 0.0 0.0 0.0 0.0 0.0 0.0 0.0 0.0 0.0 0.0 0.0 0.0 0.0 0.0
144.17872619628906 9.740951538085938 8.425034523010254 9.269831657409668 7.106331825256348 7.422185897827148 10.648635864257812 34.99723815917969 0.0 0.0 0.0 0.0 0.0 0.0 0.0 0.0 0.0 0.0 0.0 0.0 0.0 0.0 0.0 0.0 0.0 0.0 0.0 0.0 0.0 0.0 0.0 0.0
143.99855041503906 10.825552940368652 8.896547317504883 9.671125411987305 7.956418514251709 7.009012222290039 6.574724197387695 10.38765811920166 34.552223205566406 0.0 0.0 0.0 0.0 0.0 0.0 0.0 0.0 0.0 0.0 0.0 0.0 0.0 0.0 0.0 0.0 0.0 0.0 0.0 0.0 0.0 0.0 0.0
143.5786590576172 9.603497505187988 8.15758991241455 8.973245620727539 14.168450355529785 7.470757961273193 6.397352695465088 6.424032211303711 10.408731460571289 34.37776565551758 0.0 0.0 0.0 0.0 0.0 0.0 0.0 0.0 0.0 0.0 0.0 0.0 0.0 0.0 0.0 0.0 0.0 0.0 0.0 0.0 0.0 0.0
143.56625366210938 9.448562622070312 8.987672805786133 8.600428581237793 10.40390396118164 7.504004001617432 8.675567626953125 5.992990970611572 5.916836261749268 9.73109245300293 34.96029281616211 0.0 0.0 0.0 0.0 0.0 0.0 0.0 0.0 0.0 0.0 0.0 0.0 0.0 0.0 0.0 0.0 0.0 0.0 0.0 0.0 0.0
143.33152770996094 9.894830703735352 9.083185195922852 9.305644989013672 8.880375862121582 8.867632865905762 8.07426929473877 6.812870025634766 6.635031700134277 5.809525012969971 10.104753494262695 34.97111892700195 0.0 0.0 0.0 0.0 0.0 0.0 0.0 0.0 0.0 0.0 0.0 0.0 0.0 0.0 0.0 0.0 0.0 0.0 0.0 0.0
143.23326110839844 9.782856941223145 10.001026153564453 9.255818367004395 8.607861518859863 8.177960395812988 7.4154863357543945 6.938502311706543 6.782743453979492 6.024926662445068 7.105740070343018 10.08482551574707 34.74594497680664 0.0 0.0 0.0 0.0 0.0 0.0 0.0 0.0 0.0 0.0 0.0 0.0 0.0 0.0 0.0 0.0 0.0 0.0 0.0
142.4727783203125 13.680367469787598 11.53303050994873 11.109371185302734 9.091675758361816 8.080357551574707 8.944705963134766 7.2220683097839355 6.926723003387451 6.414409637451172 6.00576114654541 6.173501968383789 10.18228530883789 34.551815032958984 0.0 0.0 0.0 0.0 0.0 0.0 0.0 0.0 0.0 0.0 0.0 0.0 0.0 0.0 0.0 0.0 0.0 0.0
142.63943481445312 10.19393253326416 10.610373497009277 10.315235137939453 9.45266056060791 9.14760971069336 8.51610279083252 7.562482833862305 7.595988750457764 6.659387588500977 6.628663063049316 6.076847553253174 6.0884809494018555 10.177728652954102 34.46502685546875 0.0 0.0 0.0 0.0 0.0 0.0 0.0 0.0 0.0 0.0 0.0 0.0 0.0 0.0 0.0 0.0 0.0
142.47567749023438 10.442049980163574 10.430996894836426 10.708054542541504 10.164488792419434 8.93897819519043 9.310333251953125 7.5685038566589355 7.09661865234375 6.928995609283447 7.027780532836914 6.536448001861572 6.026087284088135 5.848705768585205 9.709064483642578 34.18673324584961 0.0 0.0 0.0 0.0 0.0 0.0 0.0 0.0 0.0 0.0 0.0 0.0 0.0 0.0 0.0 0.0
142.13473510742188 10.108065605163574 10.62331771850586 10.55770492553711 10.496058464050293 8.783976554870605 8.9156494140625 8.161452293395996 7.734256744384766 7.025856971740723 7.192426681518555 6.860412120819092 6.4917311668396 6.342409133911133 6.163481712341309 9.8135986328125 34.582855224609375 0.0 0.0 0.0 0.0 0.0 0.0 0.0 0.0 0.0 0.0 0.0 0.0 0.0 0.0 0.0
141.18223571777344 10.404175758361816 10.534955024719238 10.629950523376465 10.454290390014648 9.677403450012207 9.322372436523438 9.317364692687988 11.70565128326416 7.308424949645996 12.541805267333984 6.758845806121826 7.9805707931518555 6.597543716430664 6.162520885467529 6.057722568511963 9.732364654541016 34.22699737548828 0.0 0.0 0.0 0.0 0.0 0.0 0.0 0.0 0.0 0.0 0.0 0.0 0.0 0.0
140.91000366210938 10.162274360656738 10.686572074890137 11.098158836364746 10.772178649902344 11.736245155334473 9.570125579833984 9.884549140930176 9.373929023742676 7.7754669189453125 11.46125316619873 6.726507663726807 7.067822456359863 7.8969502449035645 6.5278639793396 6.120341777801514 5.953085422515869 9.853553771972656 34.54997253417969 0.0 0.0 0.0 0.0 0.0 0.0 0.0 0.0 0.0 0.0 0.0 0.0 0.0
140.0701141357422 10.371562004089355 10.614562034606934 11.646177291870117 11.742399215698242 10.825085639953613 10.023719787597656 9.473143577575684 9.285425186157227 8.308357238769531 8.285933494567871 17.3005428314209 6.593820095062256 6.653267860412598 6.767806529998779 6.407104969024658 5.783322334289551 5.868606090545654 9.772940635681152 34.65483093261719 0.0 0.0 0.0 0.0 0.0 0.0 0.0 0.0 0.0 0.0 0.0 0.0
140.75015258789062 9.719297409057617 10.432310104370117 11.256928443908691 10.936884880065918 10.36390209197998 10.249031066894531 9.531599044799805 9.053455352783203 8.968483924865723 8.512682914733887 8.782330513000488 7.1962127685546875 7.353504657745361 6.461708068847656 6.3849663734436035 6.300039291381836 5.758424282073975 5.775546073913574 9.532964706420898 34.9560546875 0.0 0.0 0.0 0.0 0.0 0.0 0.0 0.0 0.0 0.0 0.0
140.10018920898438 9.699620246887207 10.388433456420898 11.173481941223145 12.97468376159668 10.855623245239258 10.133732795715332 10.062544822692871 9.653679847717285 10.053875923156738 9.223550796508789 8.654052734375 7.322604179382324 8.441564559936523 7.078571319580078 7.192332744598389 6.745551109313965 6.224341869354248 5.781596660614014 5.917926788330078 10.387398719787598 34.58879470825195 0.0 0.0 0.0 0.0 0.0 0.0 0.0 0.0 0.0 0.0
139.64344787597656 9.855351448059082 11.16919994354248 12.01977252960205 12.375553131103516 11.183727264404297 10.465885162353516 10.114316940307617 10.107956886291504 9.314724922180176 10.17257022857666 9.375838279724121 8.29763412475586 9.036465644836426 7.204439163208008 7.620384693145752 6.708966255187988 6.176590919494629 6.4580583572387695 5.94228982925415 5.961461067199707 10.028785705566406 34.48488998413086 0.0 0.0 0.0 0.0 0.0 0.0 0.0 0.0 0.0
139.6403045654297 10.067081451416016 10.762189865112305 11.879656791687012 11.572247505187988 11.05484390258789 10.438372611999512 10.392036437988281 10.092142105102539 9.586841583251953 9.777216911315918 9.20690631866455 8.920778274536133 9.60120677947998 7.273942947387695 7.392270088195801 6.870055198669434 6.285634517669678 6.315069198608398 6.574652194976807 5.856085300445557 5.727173328399658 9.611625671386719 34.197669982910156 0.0 0.0 0.0 0.0 0.0 0.0 0.0 0.0
139.51242065429688 10.182373046875 10.921706199645996 11.119308471679688 10.980659484863281 10.577998161315918 10.184274673461914 10.706978797912598 10.08932876586914 9.924671173095703 10.134488105773926 9.472613334655762 9.363529205322266 8.910493850708008 7.831591606140137 7.411286354064941 7.030573844909668 6.483089923858643 6.242000102996826 6.244954586029053 6.479165077209473 5.841825485229492 5.765408039093018 9.566770553588867 34.283260345458984 0.0 0.0 0.0 0.0 0.0 0.0 0.0
138.8009490966797 10.953146934509277 11.539453506469727 11.879619598388672 10.64808177947998 10.48914909362793 10.73068904876709 10.263819694519043 11.24964714050293 10.70718765258789 10.036041259765625 9.652173042297363 9.370948791503906 9.404455184936523 8.610289573669434 8.269782066345215 7.3398284912109375 6.803858280181885 6.418087482452393 6.797677516937256 6.703822612762451 6.744293212890625 6.013326644897461 5.643865585327148 9.539932250976562 34.457557678222656 0.0 0.0 0.0 0.0 0.0 0.0
138.6778564453125 10.320469856262207 11.467347145080566 11.771714210510254 11.403846740722656 10.561822891235352 10.467920303344727 10.136109352111816 10.737950325012207 11.245400428771973 10.936753273010254 9.898122787475586 9.594240188598633 9.188753128051758 8.338082313537598 8.335916519165039 7.96673059463501 6.954069137573242 6.992639064788818 6.727182388305664 6.434061527252197 6.59238862991333 6.407739162445068 5.7378621101379395 5.832171440124512 9.761520385742188 33.92451095581055 0.0 0.0 0.0 0.0 0.0
137.79757690429688 10.168176651000977 11.284953117370605 12.039337158203125 11.217972755432129 10.836538314819336 10.581419944763184 10.242490768432617 10.780782699584961 10.37106990814209 11.651939392089844 11.0157470703125 10.583040237426758 9.96717357635498 14.110169410705566 8.294466018676758 8.065545082092285 8.054364204406738 7.493520736694336 6.67880392074585 6.348880767822266 6.45460844039917 6.3941755294799805 6.408609390258789 6.007504940032959 5.604767322540283 9.573634147644043 33.82509231567383 0.0 0.0 0.0 0.0
137.21551513671875 9.927254676818848 10.895936965942383 11.67172908782959 11.62493896484375 10.923117637634277 11.907061576843262 10.737128257751465 10.966914176940918 10.256674766540527 11.098088264465332 10.714072227478027 10.949600219726562 12.112709045410156 12.61725902557373 9.719051361083984 9.010043144226074 8.202607154846191 8.232542037963867 7.11458683013916 6.546001434326172 6.420200347900391 6.854073524475098 6.1958208084106445 6.587276458740234 6.0782904624938965 5.708291530609131 9.866874694824219 34.03857421875 0.0 0.0 0.0
137.11367797851562 10.259780883789062 10.702268600463867 11.853066444396973 11.330610275268555 11.193193435668945 11.463517189025879 11.35151195526123 11.299704551696777 10.56773567199707 10.69865608215332 10.62723159790039 11.234856605529785 12.576316833496094 10.606941223144531 10.073556900024414 9.059269905090332 8.621952056884766 8.118511199951172 7.214716911315918 6.9558916091918945 6.890002727508545 6.807157039642334 6.738232135772705 6.32717227935791 6.509652614593506 5.751112937927246 5.73583984375 9.552447319030762 33.77678680419922 0.0 0.0
136.3495330810547 10.32684326171875 10.85482120513916 11.726187705993652 11.466632843017578 11.045167922973633 10.956260681152344 10.896610260009766 11.593875885009766 10.979043006896973 10.711268424987793 16.912179946899414 10.450155258178711 10.919571876525879 10.992218971252441 10.331626892089844 8.91899585723877 8.428144454956055 8.62784481048584 9.77113151550293 7.179670810699463 7.0078816413879395 6.485435962677002 6.421661376953125 6.843769073486328 6.245382785797119 6.268153667449951 5.784123420715332 5.509799003601074 9.343034744262695 33.82461166381836 0.0
135.83656311035156 10.285331726074219 10.921350479125977 11.640701293945312 11.51498794555664 11.914336204528809 11.398996353149414 10.843847274780273 11.123831748962402 11.04419231414795 11.32192611694336 11.898945808410645 11.097158432006836 11.747246742248535 11.98655891418457 10.915850639343262 11.668340682983398 8.741471290588379 8.934662818908691 9.856689453125 10.630757331848145 8.631020545959473 6.880092144012451 6.269590377807617 6.294520854949951 6.561850070953369 6.394507884979248 6.0007452964782715 5.566395282745361 5.511767864227295 9.40176010131836 33.69403076171875
