149.9533233642578 0.0 0.0 0.0 0.0 0.0 0.0 0.0 0.0 0.0 0.0 0.0 0.0 0.0 0.0 0.0 0.0 0.0 0.0 0.0 0.0 0.0 0.0 0.0 0.0 0.0 0.0 0.0 0.0 0.0 0.0 0.0
146.46998596191406 32.091800689697266 0.0 0.0 0.0 0.0 0.0 0.0 0.0 0.0 0.0 0.0 0.0 0.0 0.0 0.0 0.0 0.0 0.0 0.0 0.0 0.0 0.0 0.0 0.0 0.0 0.0 0.0 0.0 0.0 0.0 0.0
137.36712646484375 49.9499626159668 33.43876266479492 0.0 0.0 0.0 0.0 0.0 0.0 0.0 0.0 0.0 0.0 0.0 0.0 0.0 0.0 0.0 0.0 0.0 0.0 0.0 0.0 0.0 0.0 0.0 0.0 0.0 0.0 0.0 0.0 0.0
130.3225555419922 40.7727165222168 51.87685012817383 33.84296798706055 0.0 0.0 0.0 0.0 0.0 0.0 0.0 0.0 0.0 0.0 0.0 0.0 0.0 0.0 0.0 0.0 0.0 0.0 0.0 0.0 0.0 0.0 0.0 0.0 0.0 0.0 0.0 0.0
126.4759750366211 31.63376808166504 40.12698745727539 51.89714050292969 34.39008712768555 0.0 0.0 0.0 0.0 0.0 0.0 0.0 0.0 0.0 0.0 0.0 0.0 0.0 0.0 0.0 0.0 0.0 0.0 0.0 0.0 0.0 0.0 0.0 0.0 0.0 0.0 0.0
124.413330078125 25.448692321777344 29.365615844726562 40.36855697631836 52.180450439453125 33.79322052001953 0.0 0.0 0.0 0.0 0.0 0.0 0.0 0.0 0.0 0.0 0.0 0.0 0.0 0.0 0.0 0.0 0.0 0.0 0.0 0.0 0.0 0.0 0.0 0.0 0.0 0.0
122.7712173461914 21.95601463317871 21.920032501220703 29.892986297607422 40.78880310058594 52.59285354614258 33.533199310302734 0.0 0.0 0.0 0.0 0.0 0.0 0.0 0.0 0.0 0.0 0.0 0.0 0.0 0.0 0.0 0.0 0.0 0.0 0.0 0.0 0.0 0.0 0.0 0.0 0.0
121.54505157470703 18.556991577148438 18.34357261657715 23.137462615966797 30.46086311340332 41.1268310546875 52.3607063293457 33.655860900878906 0.0 0.0 0.0 0.0 0.0 0.0 0.0 0.0 0.0 0.0 0.0 0.0 0.0 0.0 0.0 0.0 0.0 0.0 0.0 0.0 0.0 0.0 0.0 0.0
120.93917846679688 16.231767654418945 16.313783645629883 19.090511322021484 23.39006805419922 30.302885055541992 40.2974739074707 52.373104095458984 33.6223030090332 0.0 0.0 0.0 0.0 0.0 0.0 0.0 0.0 0.0 0.0 0.0 0.0 0.0 0.0 0.0 0.0 0.0 0.0 0.0 0.0 0.0 0.0 0.0
119.68312072753906 14.22230052947998 15.576899528503418 16.96013832092285 19.04947853088379 23.620746612548828 30.282329559326172 40.045082092285156 53.36432647705078 33.72058868408203 0.0 0.0 0.0 0.0 0.0 0.0 0.0 0.0 0.0 0.0 0.0 0.0 0.0 0.0 0.0 0.0 0.0 0.0 0.0 0.0 0.0 0.0
119.39766693115234 12.272797584533691 12.972826957702637 15.241864204406738 16.845699310302734 19.51348876953125 23.26156997680664 30.22089958190918 41.14530944824219 52.41865539550781 33.411441802978516 0.0 0.0 0.0 0.0 0.0 0.0 0.0 0.0 0.0 0.0 0.0 0.0 0.0 0.0 0.0 0.0 0.0 0.0 0.0 0.0 0.0
118.55521392822266 11.219286918640137 11.02752685546875 13.282572746276855 15.427518844604492 17.38865089416504 19.1397647857666 23.331262588500977 30.429357528686523 40.796165466308594 53.22089767456055 33.61323928833008 0.0 0.0 0.0 0.0 0.0 0.0 0.0 0.0 0.0 0.0 0.0 0.0 0.0 0.0 0.0 0.0 0.0 0.0 0.0 0.0
118.25332641601562 11.133145332336426 9.86125659942627 11.442779541015625 13.713569641113281 15.311592102050781 16.72577476501465 19.100860595703125 23.376440048217773 30.347187042236328 41.04035568237305 53.119789123535156 33.26520538330078 0.0 0.0 0.0 0.0 0.0 0.0 0.0 0.0 0.0 0.0 0.0 0.0 0.0 0.0 0.0 0.0 0.0 0.0 0.0
117.7508773803711 11.332216262817383 9.4920654296875 10.130813598632812 11.466300010681152 13.213671684265137 14.713170051574707 16.598590850830078 19.32324981689453 23.085235595703125 30.581571578979492 41.18264389038086 53.351661682128906 33.38619613647461 0.0 0.0 0.0 0.0 0.0 0.0 0.0 0.0 0.0 0.0 0.0 0.0 0.0 0.0 0.0 0.0 0.0 0.0
117.40962219238281 10.823545455932617 9.596482276916504 9.689488410949707 10.177660942077637 11.379196166992188 12.809453010559082 14.684133529663086 16.717126846313477 19.236515045166016 23.468158721923828 30.947933197021484 41.641395568847656 52.90787124633789 33.028255462646484 0.0 0.0 0.0 0.0 0.0 0.0 0.0 0.0 0.0 0.0 0.0 0.0 0.0 0.0 0.0 0.0 0.0
117.0542221069336 9.65659236907959 9.547391891479492 9.50368595123291 9.595118522644043 10.111751556396484 11.059890747070312 12.557278633117676 14.694695472717285 16.77408218383789 19.15101432800293 23.68748664855957 31.240222930908203 41.10859298706055 53.16552734375 33.38657760620117 0.0 0.0 0.0 0.0 0.0 0.0 0.0 0.0 0.0 0.0 0.0 0.0 0.0 0.0 0.0 0.0
117.80567169189453 8.27714729309082 8.758841514587402 9.261341094970703 9.296384811401367 9.344572067260742 9.769828796386719 10.825992584228516 12.867029190063477 14.580002784729004 16.41832160949707 18.84389877319336 23.08758544921875 30.30167007446289 40.790550231933594 52.85334777832031 32.80441665649414 0.0 0.0 0.0 0.0 0.0 0.0 0.0 0.0 0.0 0.0 0.0 0.0 0.0 0.0 0.0
117.73318481445312 7.462275981903076 7.428978443145752 8.489424705505371 9.083005905151367 9.086029052734375 8.973977088928223 9.479265213012695 10.845948219299316 12.550960540771484 14.491872787475586 16.524843215942383 18.936071395874023 23.06382942199707 30.321706771850586 40.67978286743164 52.79912185668945 33.054832458496094 0.0 0.0 0.0 0.0 0.0 0.0 0.0 0.0 0.0 0.0 0.0 0.0 0.0 0.0
117.0156478881836 7.190747261047363 6.502048015594482 7.369518756866455 8.393872261047363 9.065424919128418 9.108333587646484 8.989230155944824 9.84762191772461 10.922200202941895 12.815032958984375 14.783856391906738 16.373878479003906 18.708803176879883 23.33272361755371 30.807388305664062 41.28428268432617 52.90007400512695 33.349063873291016 0.0 0.0 0.0 0.0 0.0 0.0 0.0 0.0 0.0 0.0 0.0 0.0 0.0
117.35491943359375 7.0730462074279785 5.989328384399414 6.474306106567383 7.319288730621338 8.440960884094238 8.97066879272461 8.904934883117676 9.087625503540039 9.667054176330566 10.89770793914795 12.669683456420898 14.508389472961426 16.25233268737793 18.818065643310547 22.896684646606445 30.04155731201172 40.86765670776367 53.204959869384766 32.9648323059082 0.0 0.0 0.0 0.0 0.0 0.0 0.0 0.0 0.0 0.0 0.0 0.0
117.67102813720703 6.4731669425964355 5.636216640472412 5.995309352874756 6.493039131164551 7.269710063934326 8.049471855163574 8.67772102355957 8.936595916748047 8.973163604736328 9.679295539855957 10.726133346557617 12.408982276916504 14.361848831176758 16.104248046875 18.539901733398438 22.78718376159668 30.259525299072266 40.57624053955078 52.7541618347168 33.090396881103516 0.0 0.0 0.0 0.0 0.0 0.0 0.0 0.0 0.0 0.0 0.0
116.89583587646484 5.827544212341309 5.428862571716309 5.632119655609131 5.9129815101623535 6.436119079589844 7.0748677253723145 7.968320846557617 8.755512237548828 8.795187950134277 8.977143287658691 9.501717567443848 10.634024620056152 12.312664031982422 14.387653350830078 16.4012508392334 18.69266700744629 23.156217575073242 30.271814346313477 41.4053840637207 53.545494079589844 32.9259147644043 0.0 0.0 0.0 0.0 0.0 0.0 0.0 0.0 0.0 0.0
117.08422088623047 5.301971435546875 5.107943058013916 5.4536261558532715 5.6883931159973145 6.015164852142334 6.367469787597656 7.148362159729004 8.11283016204834 8.592033386230469 8.77120304107666 8.998644828796387 9.404630661010742 10.796124458312988 12.367627143859863 14.285639762878418 16.50769805908203 18.58486557006836 22.70210075378418 30.54054832458496 41.520240783691406 52.94865417480469 32.81698226928711 0.0 0.0 0.0 0.0 0.0 0.0 0.0 0.0 0.0
117.1408462524414 5.254522323608398 4.759978771209717 4.974156379699707 5.2803192138671875 5.491987705230713 5.71224308013916 6.190224647521973 6.939146995544434 7.984864711761475 8.489059448242188 8.599153518676758 8.732240676879883 9.508747100830078 10.635672569274902 12.29310131072998 14.204184532165527 15.986959457397461 18.236705780029297 22.990861892700195 30.722673416137695 41.549190521240234 52.76093673706055 33.10338592529297 0.0 0.0 0.0 0.0 0.0 0.0 0.0 0.0
117.71044921875 5.990120887756348 4.714746475219727 4.784467697143555 5.05105447769165 5.211232662200928 5.483426570892334 5.686408519744873 6.319396495819092 7.015872478485107 7.925851345062256 8.409579277038574 8.516597747802734 8.83230972290039 9.310513496398926 10.513786315917969 12.153182983398438 14.025991439819336 15.895222663879395 18.58733558654785 22.925893783569336 29.981708526611328 40.629295349121094 52.51152038574219 32.94591522216797 0.0 0.0 0.0 0.0 0.0 0.0 0.0
117.05303955078125 6.408502578735352 4.959975242614746 4.7385759353637695 4.695464611053467 4.817574501037598 5.059058666229248 5.336027145385742 5.804990291595459 6.126630783081055 6.941955089569092 7.7904744148254395 8.282955169677734 8.49151611328125 8.651946067810059 9.318180084228516 10.494133949279785 12.176321029663086 14.135961532592773 16.086353302001953 18.751953125 23.255346298217773 30.304101943969727 40.86305618286133 53.24162673950195 32.8376350402832 0.0 0.0 0.0 0.0 0.0 0.0
117.61054992675781 6.4860148429870605 5.570096015930176 5.0845794677734375 4.679195880889893 4.589746475219727 4.64916467666626 4.878232002258301 5.245781421661377 5.477063179016113 5.976152420043945 6.761288642883301 7.640872001647949 8.372629165649414 8.519637107849121 8.610316276550293 9.270341873168945 10.465911865234375 12.16626262664795 14.196016311645508 15.924042701721191 18.483455657958984 22.665746688842773 29.8167667388916 40.60758590698242 52.73855209350586 32.787208557128906 0.0 0.0 0.0 0.0 0.0
117.14924621582031 5.580514907836914 5.781264305114746 5.734739780426025 5.155465126037598 4.59446907043457 4.370739459991455 4.501886367797852 4.880352020263672 5.077568531036377 5.466684818267822 5.928840637207031 6.635314464569092 7.5725297927856445 8.12805461883545 8.373089790344238 8.57201862335205 9.17551040649414 10.386026382446289 12.102420806884766 14.079571723937988 15.97068977355957 18.631988525390625 23.01959800720215 30.035572052001953 40.60363006591797 53.468475341796875 32.69935989379883 0.0 0.0 0.0 0.0
117.09271240234375 4.360479831695557 5.077306270599365 5.876297950744629 5.802951812744141 5.075645923614502 4.508011817932129 4.327327251434326 4.529348373413086 4.8145751953125 5.165482521057129 5.515820026397705 5.8854522705078125 6.6162824630737305 7.57898473739624 8.22061538696289 8.35971450805664 8.631387710571289 9.153465270996094 10.326628684997559 12.224261283874512 14.380300521850586 16.024473190307617 18.677244186401367 23.15337371826172 30.185604095458984 41.015750885009766 52.87105941772461 32.67685317993164 0.0 0.0 0.0
117.37333679199219 3.5786123275756836 4.006072521209717 5.229515075683594 6.0843987464904785 5.7304253578186035 4.965184688568115 4.424596309661865 4.3058576583862305 4.462461471557617 4.768725395202637 5.130115509033203 5.333569049835205 5.813288688659668 6.627213001251221 7.601263046264648 8.041438102722168 8.255945205688477 8.456008911132812 9.089764595031738 10.436697959899902 12.36603832244873 14.15137004852295 16.085153579711914 18.66796112060547 23.043773651123047 30.21775245666504 40.84687042236328 52.46942138671875 32.586334228515625 0.0 0.0
117.01549530029297 3.188131332397461 3.237175464630127 4.0570831298828125 5.126600742340088 5.916839122772217 5.619894504547119 4.900938510894775 4.403271675109863 4.223094940185547 4.396623134613037 4.746673583984375 5.048279285430908 5.348431587219238 5.906091213226318 6.633842468261719 7.364476203918457 8.028829574584961 8.288841247558594 8.500545501708984 9.119500160217285 10.438812255859375 12.062344551086426 13.936726570129395 16.074623107910156 18.50995445251465 23.301050186157227 30.67801856994629 40.97547912597656 52.98886489868164 32.555442810058594 0.0
117.59629821777344 3.292501926422119 2.8706140518188477 3.1994762420654297 3.978292942047119 5.154752254486084 5.855445861816406 5.608418941497803 4.9341044425964355 4.470893859863281 4.3960700035095215 4.406991481781006 4.6905059814453125 5.420802593231201 5.4782233238220215 5.862120151519775 6.4934611320495605 7.287936687469482 8.01191520690918 8.207270622253418 8.427111625671387 9.075373649597168 10.400754928588867 12.102407455444336 14.000482559204102 16.00257110595703 18.620014190673828 22.897409439086914 30.248241424560547 40.56336212158203 52.421234130859375 32.41147994995117
