149.9533233642578 0.0 0.0 0.0 0.0 0.0 0.0 0.0 0.0 0.0 0.0 0.0 0.0 0.0 0.0 0.0 0.0 0.0 0.0 0.0 0.0 0.0 0.0 0.0 0.0 0.0 0.0 0.0 0.0 0.0 0.0 0.0
140.45626831054688 52.48408889770508 0.0 0.0 0.0 0.0 0.0 0.0 0.0 0.0 0.0 0.0 0.0 0.0 0.0 0.0 0.0 0.0 0.0 0.0 0.0 0.0 0.0 0.0 0.0 0.0 0.0 0.0 0.0 0.0 0.0 0.0
129.4978790283203 59.35331344604492 46.80107116699219 0.0 0.0 0.0 0.0 0.0 0.0 0.0 0.0 0.0 0.0 0.0 0.0 0.0 0.0 0.0 0.0 0.0 0.0 0.0 0.0 0.0 0.0 0.0 0.0 0.0 0.0 0.0 0.0 0.0
124.00726318359375 46.283775329589844 54.50973892211914 44.62884521484375 0.0 0.0 0.0 0.0 0.0 0.0 0.0 0.0 0.0 0.0 0.0 0.0 0.0 0.0 0.0 0.0 0.0 0.0 0.0 0.0 0.0 0.0 0.0 0.0 0.0 0.0 0.0 0.0
119.56172180175781 39.1977424621582 42.82206726074219 53.08594512939453 44.71799850463867 0.0 0.0 0.0 0.0 0.0 0.0 0.0 0.0 0.0 0.0 0.0 0.0 0.0 0.0 0.0 0.0 0.0 0.0 0.0 0.0 0.0 0.0 0.0 0.0 0.0 0.0 0.0
116.71357727050781 33.87676239013672 33.57870101928711 41.43503189086914 53.974769592285156 44.22282028198242 0.0 0.0 0.0 0.0 0.0 0.0 0.0 0.0 0.0 0.0 0.0 0.0 0.0 0.0 0.0 0.0 0.0 0.0 0.0 0.0 0.0 0.0 0.0 0.0 0.0 0.0
114.2427749633789 30.624935150146484 27.932085037231445 33.613258361816406 42.15043640136719 53.723262786865234 43.826988220214844 0.0 0.0 0.0 0.0 0.0 0.0 0.0 0.0 0.0 0.0 0.0 0.0 0.0 0.0 0.0 0.0 0.0 0.0 0.0 0.0 0.0 0.0 0.0 0.0 0.0
112.9019775390625 27.76237678527832 24.773000717163086 28.657054901123047 34.30744171142578 41.70206832885742 52.12168884277344 43.56324768066406 0.0 0.0 0.0 0.0 0.0 0.0 0.0 0.0 0.0 0.0 0.0 0.0 0.0 0.0 0.0 0.0 0.0 0.0 0.0 0.0 0.0 0.0 0.0 0.0
110.655517578125 25.77126121520996 22.839946746826172 25.348651885986328 29.11685562133789 34.034461975097656 40.87651062011719 53.129600524902344 43.70512390136719 0.0 0.0 0.0 0.0 0.0 0.0 0.0 0.0 0.0 0.0 0.0 0.0 0.0 0.0 0.0 0.0 0.0 0.0 0.0 0.0 0.0 0.0 0.0
108.65853118896484 23.83966636657715 20.792682647705078 23.1590518951416 25.621273040771484 29.286235809326172 34.44917678833008 41.62688446044922 53.14672088623047 43.3716926574707 0.0 0.0 0.0 0.0 0.0 0.0 0.0 0.0 0.0 0.0 0.0 0.0 0.0 0.0 0.0 0.0 0.0 0.0 0.0 0.0 0.0 0.0
108.56430053710938 21.995935440063477 18.320634841918945 21.09635353088379 22.903940200805664 25.564912796020508 29.226932525634766 33.73667526245117 41.01193618774414 51.69435119628906 43.674415588378906 0.0 0.0 0.0 0.0 0.0 0.0 0.0 0.0 0.0 0.0 0.0 0.0 0.0 0.0 0.0 0.0 0.0 0.0 0.0 0.0 0.0
107.47327423095703 20.713884353637695 16.37494468688965 19.10556411743164 21.170772552490234 23.06744956970215 25.094614028930664 28.77522850036621 33.30521774291992 40.48854446411133 53.013877868652344 43.279762268066406 0.0 0.0 0.0 0.0 0.0 0.0 0.0 0.0 0.0 0.0 0.0 0.0 0.0 0.0 0.0 0.0 0.0 0.0 0.0 0.0
106.13355255126953 20.345285415649414 15.20630168914795 17.367778778076172 19.439504623413086 21.27850341796875 23.07558822631836 25.528623580932617 28.99359130859375 33.427635192871094 42.184326171875 51.76947021484375 42.88870620727539 0.0 0.0 0.0 0.0 0.0 0.0 0.0 0.0 0.0 0.0 0.0 0.0 0.0 0.0 0.0 0.0 0.0 0.0 0.0
106.06866455078125 20.21784782409668 14.679640769958496 15.671879768371582 17.269746780395508 19.249223709106445 21.034622192382812 22.87108039855957 25.38349723815918 28.63674545288086 34.524635314941406 40.39529800415039 51.33292770385742 42.48572540283203 0.0 0.0 0.0 0.0 0.0 0.0 0.0 0.0 0.0 0.0 0.0 0.0 0.0 0.0 0.0 0.0 0.0 0.0
104.98951721191406 19.87704086303711 14.675776481628418 15.138849258422852 15.920989036560059 17.606290817260742 19.2735595703125 21.162904739379883 22.986534118652344 25.233156204223633 29.643978118896484 33.680267333984375 40.67560577392578 51.23831558227539 42.1852912902832 0.0 0.0 0.0 0.0 0.0 0.0 0.0 0.0 0.0 0.0 0.0 0.0 0.0 0.0 0.0 0.0 0.0
104.60932159423828 18.851919174194336 14.204509735107422 14.789101600646973 15.479185104370117 16.120819091796875 17.518037796020508 19.041168212890625 21.09119987487793 23.344898223876953 26.09196662902832 28.721675872802734 33.896240234375 39.99558639526367 50.88544464111328 41.97132873535156 0.0 0.0 0.0 0.0 0.0 0.0 0.0 0.0 0.0 0.0 0.0 0.0 0.0 0.0 0.0 0.0
104.26110076904297 17.616655349731445 13.384239196777344 14.270819664001465 14.815577507019043 15.401660919189453 16.24156951904297 17.54953384399414 19.722240447998047 21.657272338867188 24.168169021606445 24.79366111755371 28.799901962280273 33.15072250366211 39.91913986206055 50.21102523803711 42.32186508178711 0.0 0.0 0.0 0.0 0.0 0.0 0.0 0.0 0.0 0.0 0.0 0.0 0.0 0.0 0.0
103.86190032958984 16.650550842285156 12.312666893005371 13.612826347351074 14.485244750976562 14.89737606048584 15.455116271972656 16.23458480834961 17.999486923217773 19.465730667114258 21.685806274414062 22.613306045532227 25.285612106323242 28.167673110961914 32.77378463745117 39.462039947509766 51.37271499633789 41.94756317138672 0.0 0.0 0.0 0.0 0.0 0.0 0.0 0.0 0.0 0.0 0.0 0.0 0.0 0.0
103.3501205444336 16.05819320678711 11.245889663696289 12.640145301818848 13.739035606384277 14.565820693969727 14.974213600158691 15.583715438842773 16.66570472717285 18.150272369384766 20.547115325927734 21.05454444885254 22.874101638793945 24.886659622192383 28.185009002685547 32.7853889465332 40.78404235839844 50.02004623413086 41.71113586425781 0.0 0.0 0.0 0.0 0.0 0.0 0.0 0.0 0.0 0.0 0.0 0.0 0.0
102.640869140625 16.130613327026367 10.72838020324707 11.844009399414062 12.982694625854492 14.015931129455566 14.871001243591309 15.306913375854492 15.976449966430664 17.117570877075195 18.829158782958984 19.23941421508789 21.07558822631836 22.482385635375977 24.903423309326172 27.893342971801758 33.13880157470703 39.73105239868164 50.57847595214844 41.90571594238281 0.0 0.0 0.0 0.0 0.0 0.0 0.0 0.0 0.0 0.0 0.0 0.0
102.72189331054688 15.929572105407715 10.53197956085205 11.42236614227295 12.055028915405273 12.906267166137695 13.812268257141113 14.794937133789062 15.368560791015625 16.649398803710938 17.301830291748047 17.643198013305664 19.069730758666992 20.566646575927734 22.511219024658203 24.605154037475586 28.095195770263672 32.715110778808594 39.57714080810547 50.094886779785156 41.90718460083008 0.0 0.0 0.0 0.0 0.0 0.0 0.0 0.0 0.0 0.0 0.0
101.90624237060547 15.867090225219727 10.564332008361816 11.071622848510742 11.538272857666016 12.180741310119629 13.077132225036621 14.049019813537598 14.884451866149902 15.642779350280762 16.463176727294922 16.3699951171875 17.397611618041992 19.103723526000977 20.944917678833008 22.314199447631836 24.795495986938477 27.790647506713867 33.26137924194336 39.65111541748047 50.387142181396484 41.812313079833984 0.0 0.0 0.0 0.0 0.0 0.0 0.0 0.0 0.0 0.0
101.92549133300781 15.423630714416504 10.250445365905762 10.89388656616211 11.336663246154785 11.67162036895752 12.063156127929688 12.970785140991211 13.770551681518555 14.336688041687012 15.644613265991211 15.92893123626709 16.270423889160156 17.644508361816406 19.231609344482422 20.173538208007812 21.932003021240234 24.15580940246582 27.858810424804688 32.73628234863281 39.7590217590332 50.77958297729492 41.664676666259766 0.0 0.0 0.0 0.0 0.0 0.0 0.0 0.0 0.0
101.3900146484375 15.331275939941406 9.981790542602539 10.511641502380371 10.911417007446289 11.29314136505127 11.445679664611816 12.014542579650879 12.991683006286621 14.176604270935059 15.303768157958984 15.048627853393555 15.986818313598633 16.273225784301758 17.454465866088867 18.488250732421875 20.455215454101562 22.2570743560791 24.591794967651367 28.051870346069336 32.749610900878906 40.02864456176758 50.299129486083984 41.57366180419922 0.0 0.0 0.0 0.0 0.0 0.0 0.0 0.0
101.4933090209961 15.60550308227539 9.884260177612305 10.299185752868652 11.07912540435791 11.26424503326416 11.350160598754883 11.592485427856445 12.60247802734375 12.874391555786133 14.586289405822754 14.522982597351074 14.99641227722168 15.318674087524414 16.063493728637695 16.7804012298584 18.2226505279541 19.719018936157227 22.05318832397461 24.4365177154541 27.843212127685547 32.846797943115234 39.8489875793457 50.19134521484375 41.3396110534668 0.0 0.0 0.0 0.0 0.0 0.0 0.0
100.89856719970703 15.42554759979248 9.83956241607666 9.916772842407227 10.416169166564941 10.698870658874512 10.986746788024902 11.141719818115234 11.763101577758789 11.98724365234375 13.559683799743652 13.74385929107666 14.299723625183105 14.59057331085205 15.263545036315918 15.689970016479492 16.853376388549805 18.154550552368164 20.42801856994629 22.62568473815918 24.362428665161133 28.283388137817383 32.9874382019043 39.76410675048828 50.01773452758789 41.73404312133789 0.0 0.0 0.0 0.0 0.0 0.0
100.34613800048828 15.376558303833008 10.078338623046875 10.065085411071777 10.306309700012207 10.518936157226562 10.848644256591797 11.110269546508789 11.619544982910156 11.730308532714844 12.760981559753418 12.96147632598877 13.92739200592041 14.265286445617676 14.933758735656738 14.94729232788086 16.060077667236328 16.862577438354492 18.736825942993164 20.32678985595703 21.818632125854492 24.303314208984375 27.75644302368164 32.90962600708008 39.802860260009766 50.47673416137695 41.34142303466797 0.0 0.0 0.0 0.0 0.0
100.22477722167969 14.868722915649414 10.254278182983398 10.747796058654785 10.117085456848145 9.981170654296875 10.233724594116211 10.651469230651855 10.992137908935547 11.270920753479004 12.28150749206543 12.399402618408203 13.048820495605469 13.489530563354492 14.212949752807617 14.421911239624023 15.00826644897461 15.556894302368164 16.94059181213379 18.571767807006836 19.8843994140625 21.88946533203125 24.527156829833984 28.271984100341797 32.620548248291016 39.93754196166992 50.26439666748047 41.23279571533203 0.0 0.0 0.0 0.0
99.73065948486328 13.84096908569336 9.704695701599121 10.322479248046875 10.086197853088379 9.981086730957031 10.089334487915039 10.225101470947266 10.75266170501709 11.152765274047852 11.703191757202148 11.66911506652832 12.140471458435059 12.617627143859863 13.672630310058594 14.090424537658691 14.381054878234863 14.716413497924805 16.023056030273438 17.040807723999023 18.222745895385742 20.176029205322266 22.00019073486328 24.589038848876953 27.92936897277832 33.03321075439453 40.67136001586914 50.058223724365234 41.24369430541992 0.0 0.0 0.0
99.42842864990234 13.068123817443848 8.922520637512207 9.927884101867676 10.13953971862793 10.107942581176758 9.954487800598145 10.001087188720703 10.339164733886719 10.657251358032227 11.33973217010498 11.098997116088867 11.587089538574219 11.984762191772461 12.770465850830078 13.375861167907715 13.946279525756836 14.253808975219727 15.09829330444336 15.953327178955078 16.90812110900879 18.49034881591797 20.070354461669922 22.272823333740234 24.457324981689453 28.26482391357422 33.46940994262695 39.510414123535156 50.774993896484375 41.08043670654297 0.0 0.0
99.35789489746094 12.726228713989258 8.30106258392334 9.286843299865723 9.871077537536621 10.343228340148926 10.164310455322266 10.083292007446289 10.118660926818848 10.38110065460205 11.234201431274414 11.029501914978027 11.476846694946289 11.683542251586914 12.332487106323242 12.703731536865234 13.303970336914062 13.716073036193848 14.674561500549316 15.323953628540039 15.630569458007812 16.860137939453125 18.561405181884766 20.3165283203125 21.959562301635742 24.527774810791016 28.51243782043457 32.49565887451172 40.65431594848633 49.73599624633789 40.7840461730957 0.0
99.23130798339844 13.170714378356934 8.097912788391113 8.669305801391602 9.270720481872559 10.624380111694336 10.49373722076416 11.24584674835205 10.3381986618042 10.124345779418945 11.175323486328125 10.825311660766602 10.989729881286621 11.53184986114502 11.785100936889648 11.880389213562012 12.48801040649414 12.996808052062988 14.048178672790527 14.33551025390625 14.669180870056152 15.541833877563477 16.861553192138672 18.585994720458984 20.1273193359375 21.990198135375977 24.577913284301758 27.425737380981445 33.30946731567383 39.668270111083984 49.70305252075195 41.08174133300781
