149.9533233642578 0.0 0.0 0.0 0.0 0.0 0.0 0.0 0.0 0.0 0.0 0.0 0.0 0.0 0.0 0.0 0.0 0.0 0.0 0.0 0.0 0.0 0.0 0.0 0.0 0.0 0.0 0.0 0.0 0.0 0.0 0.0
148.32403564453125 21.995004653930664 0.0 0.0 0.0 0.0 0.0 0.0 0.0 0.0 0.0 0.0 0.0 0.0 0.0 0.0 0.0 0.0 0.0 0.0 0.0 0.0 0.0 0.0 0.0 0.0 0.0 0.0 0.0 0.0 0.0 0.0
146.97850036621094 19.40755271911621 22.444129943847656 0.0 0.0 0.0 0.0 0.0 0.0 0.0 0.0 0.0 0.0 0.0 0.0 0.0 0.0 0.0 0.0 0.0 0.0 0.0 0.0 0.0 0.0 0.0 0.0 0.0 0.0 0.0 0.0 0.0
146.0102081298828 18.418689727783203 18.24455451965332 22.18031120300293 0.0 0.0 0.0 0.0 0.0 0.0 0.0 0.0 0.0 0.0 0.0 0.0 0.0 0.0 0.0 0.0 0.0 0.0 0.0 0.0 0.0 0.0 0.0 0.0 0.0 0.0 0.0 0.0
145.38595581054688 17.60661506652832 16.645668029785156 17.596952438354492 21.19614028930664 0.0 0.0 0.0 0.0 0.0 0.0 0.0 0.0 0.0 0.0 0.0 0.0 0.0 0.0 0.0 0.0 0.0 0.0 0.0 0.0 0.0 0.0 0.0 0.0 0.0 0.0 0.0
144.92874145507812 17.00518035888672 15.21971607208252 15.339139938354492 16.917516708374023 20.892377853393555 0.0 0.0 0.0 0.0 0.0 0.0 0.0 0.0 0.0 0.0 0.0 0.0 0.0 0.0 0.0 0.0 0.0 0.0 0.0 0.0 0.0 0.0 0.0 0.0 0.0 0.0
144.80296325683594 15.729937553405762 13.589972496032715 13.810951232910156 14.822904586791992 16.82071304321289 19.733562469482422 0.0 0.0 0.0 0.0 0.0 0.0 0.0 0.0 0.0 0.0 0.0 0.0 0.0 0.0 0.0 0.0 0.0 0.0 0.0 0.0 0.0 0.0 0.0 0.0 0.0
144.52426147460938 14.84941577911377 12.875154495239258 13.250060081481934 13.887967109680176 14.638199806213379 15.906645774841309 19.33281707763672 0.0 0.0 0.0 0.0 0.0 0.0 0.0 0.0 0.0 0.0 0.0 0.0 0.0 0.0 0.0 0.0 0.0 0.0 0.0 0.0 0.0 0.0 0.0 0.0
144.5099639892578 14.270120620727539 12.424909591674805 11.914371490478516 12.427578926086426 13.022791862487793 13.605184555053711 15.48333740234375 18.733396530151367 0.0 0.0 0.0 0.0 0.0 0.0 0.0 0.0 0.0 0.0 0.0 0.0 0.0 0.0 0.0 0.0 0.0 0.0 0.0 0.0 0.0 0.0 0.0
144.39529418945312 14.345789909362793 11.828064918518066 11.320207595825195 11.31807804107666 11.862852096557617 12.404525756835938 13.277766227722168 14.956588745117188 18.345521926879883 0.0 0.0 0.0 0.0 0.0 0.0 0.0 0.0 0.0 0.0 0.0 0.0 0.0 0.0 0.0 0.0 0.0 0.0 0.0 0.0 0.0 0.0
144.32522583007812 13.544426918029785 11.193085670471191 10.766698837280273 10.713175773620605 10.90610122680664 11.374741554260254 12.255573272705078 12.733551025390625 14.497298240661621 18.518213272094727 0.0 0.0 0.0 0.0 0.0 0.0 0.0 0.0 0.0 0.0 0.0 0.0 0.0 0.0 0.0 0.0 0.0 0.0 0.0 0.0 0.0
144.2916717529297 12.556957244873047 10.666455268859863 10.648896217346191 10.576316833496094 10.646373748779297 10.858752250671387 11.201844215393066 11.430771827697754 12.628067016601562 14.492416381835938 17.589075088500977 0.0 0.0 0.0 0.0 0.0 0.0 0.0 0.0 0.0 0.0 0.0 0.0 0.0 0.0 0.0 0.0 0.0 0.0 0.0 0.0
144.12669372558594 12.427202224731445 10.387002944946289 10.305023193359375 10.1456937789917 10.292327880859375 10.306267738342285 10.465229034423828 10.746623992919922 11.80016803741455 12.759525299072266 14.092032432556152 17.35901641845703 0.0 0.0 0.0 0.0 0.0 0.0 0.0 0.0 0.0 0.0 0.0 0.0 0.0 0.0 0.0 0.0 0.0 0.0 0.0
144.13778686523438 11.443458557128906 9.885109901428223 9.54878044128418 9.499951362609863 9.72153091430664 9.874641418457031 9.967110633850098 10.080911636352539 10.509238243103027 11.536428451538086 12.330872535705566 13.674365043640137 17.933589935302734 0.0 0.0 0.0 0.0 0.0 0.0 0.0 0.0 0.0 0.0 0.0 0.0 0.0 0.0 0.0 0.0 0.0 0.0
143.9069366455078 11.421659469604492 9.711600303649902 9.521665573120117 9.22343921661377 9.286538124084473 9.684211730957031 9.655041694641113 9.899263381958008 10.163263320922852 10.60216236114502 11.19364070892334 12.172420501708984 14.66661262512207 17.25328826904297 0.0 0.0 0.0 0.0 0.0 0.0 0.0 0.0 0.0 0.0 0.0 0.0 0.0 0.0 0.0 0.0 0.0
143.87635803222656 11.102508544921875 9.452140808105469 9.03361988067627 8.90742015838623 8.910005569458008 9.154146194458008 10.258831977844238 10.03585147857666 9.777424812316895 9.779632568359375 10.10767936706543 11.037803649902344 12.264119148254395 13.554220199584961 17.04324722290039 0.0 0.0 0.0 0.0 0.0 0.0 0.0 0.0 0.0 0.0 0.0 0.0 0.0 0.0 0.0 0.0
143.71475219726562 10.87627124786377 9.245954513549805 8.972628593444824 8.905755043029785 8.85511302947998 8.861628532409668 9.192952156066895 9.451497077941895 9.246532440185547 9.493815422058105 9.673104286193848 10.181859970092773 11.74925708770752 11.988790512084961 13.747103691101074 17.058557510375977 0.0 0.0 0.0 0.0 0.0 0.0 0.0 0.0 0.0 0.0 0.0 0.0 0.0 0.0 0.0
143.73155212402344 10.51368522644043 9.052793502807617 8.874879837036133 8.634283065795898 8.622817039489746 8.506237030029297 8.640859603881836 8.989013671875 8.892965316772461 9.180630683898926 9.286138534545898 9.550941467285156 10.573480606079102 10.781740188598633 12.014296531677246 13.24614429473877 16.957109451293945 0.0 0.0 0.0 0.0 0.0 0.0 0.0 0.0 0.0 0.0 0.0 0.0 0.0 0.0
143.63192749023438 10.291764259338379 8.940940856933594 8.756338119506836 8.571178436279297 8.453629493713379 8.375326156616211 8.469435691833496 8.474112510681152 8.645997047424316 8.841404914855957 9.053398132324219 9.066373825073242 9.60534381866455 10.09710693359375 10.84572696685791 11.851447105407715 13.704867362976074 16.568984985351562 0.0 0.0 0.0 0.0 0.0 0.0 0.0 0.0 0.0 0.0 0.0 0.0 0.0
143.6161346435547 10.499306678771973 8.528084754943848 8.482847213745117 8.33530330657959 8.377908706665039 8.402680397033691 8.419057846069336 8.208151817321777 8.647762298583984 8.55679988861084 8.629443168640137 8.867339134216309 8.973344802856445 9.331073760986328 9.94419002532959 10.598523139953613 11.424166679382324 13.335744857788086 16.301483154296875 0.0 0.0 0.0 0.0 0.0 0.0 0.0 0.0 0.0 0.0 0.0 0.0
143.60984802246094 9.990331649780273 8.371252059936523 8.338555335998535 8.253382682800293 8.183541297912598 8.198256492614746 8.243741989135742 8.131145477294922 8.557062149047852 8.3641939163208 8.333270072937012 8.396849632263184 8.862052917480469 8.841898918151855 9.3198823928833 9.666640281677246 10.576822280883789 11.605029106140137 12.707459449768066 15.976910591125488 0.0 0.0 0.0 0.0 0.0 0.0 0.0 0.0 0.0 0.0 0.0
143.5305938720703 9.920575141906738 8.374714851379395 8.236528396606445 8.100300788879395 8.071211814880371 8.093252182006836 8.045985221862793 7.930859088897705 7.992217063903809 8.029712677001953 8.106684684753418 8.322164535522461 8.552682876586914 8.763314247131348 8.987846374511719 9.309968948364258 9.651435852050781 10.320562362670898 11.359461784362793 12.509564399719238 15.995955467224121 0.0 0.0 0.0 0.0 0.0 0.0 0.0 0.0 0.0 0.0
143.34405517578125 9.815654754638672 8.505210876464844 8.409895896911621 8.160277366638184 7.99578857421875 7.91569185256958 7.856093406677246 7.9131178855896 7.92523193359375 7.938711643218994 8.047075271606445 8.228907585144043 8.39396858215332 8.366401672363281 8.483885765075684 8.916092872619629 9.139644622802734 9.685013771057129 10.32553482055664 11.057123184204102 12.786263465881348 16.08258628845215 0.0 0.0 0.0 0.0 0.0 0.0 0.0 0.0 0.0
143.36972045898438 9.92997932434082 8.545103073120117 8.26714038848877 7.932934761047363 7.9478936195373535 7.893270492553711 7.7404961585998535 7.688901424407959 7.713393688201904 7.794760704040527 7.807461261749268 7.8292975425720215 8.162384033203125 7.995783805847168 8.159828186035156 8.352631568908691 8.44754695892334 8.856596946716309 9.282146453857422 10.00491714477539 11.113948822021484 12.642504692077637 15.86947250366211 0.0 0.0 0.0 0.0 0.0 0.0 0.0 0.0
143.21005249023438 10.320387840270996 8.296558380126953 8.066661834716797 7.793385982513428 7.676417827606201 7.659353256225586 7.642246723175049 7.584253787994385 7.75968074798584 7.784641742706299 7.806821346282959 7.718968391418457 8.201000213623047 7.657619953155518 8.091836929321289 8.136090278625488 8.258919715881348 8.473896026611328 8.741949081420898 9.339350700378418 10.319975852966309 11.183585166931152 12.54081916809082 15.743252754211426 0.0 0.0 0.0 0.0 0.0 0.0 0.0
143.1879425048828 9.582286834716797 8.077279090881348 7.827298164367676 7.663458347320557 7.631087303161621 7.508284091949463 7.6089677810668945 7.430368423461914 7.452250003814697 7.560672283172607 7.575826644897461 7.579757213592529 7.624697685241699 7.545650482177734 7.7012248039245605 7.837043285369873 8.082470893859863 8.390050888061523 8.495006561279297 8.834918975830078 9.491363525390625 10.171381950378418 10.942469596862793 12.563013076782227 15.936646461486816 0.0 0.0 0.0 0.0 0.0 0.0
143.05552673339844 9.587676048278809 8.092107772827148 7.836217403411865 7.581075668334961 7.554436206817627 7.5234055519104 7.418784141540527 7.27020263671875 7.219171047210693 7.311941623687744 7.704194068908691 7.548361778259277 7.73297119140625 7.553966045379639 7.572880268096924 7.520421028137207 7.738585948944092 7.8932905197143555 8.087525367736816 8.283517837524414 8.777034759521484 9.038755416870117 9.855451583862305 11.088799476623535 13.435161590576172 15.842864990234375 0.0 0.0 0.0 0.0 0.0
143.02731323242188 9.371642112731934 8.073986053466797 7.834183216094971 7.634713172912598 7.438882827758789 7.503330707550049 7.278658390045166 7.339488506317139 7.203979015350342 7.329110145568848 7.353163242340088 7.47972297668457 7.696722984313965 7.371099948883057 7.352179050445557 7.289457321166992 7.4466633796691895 7.768368721008301 7.746501922607422 8.188031196594238 8.257041931152344 8.469099998474121 9.004389762878418 9.941563606262207 11.799073219299316 12.51382064819336 15.46756649017334 0.0 0.0 0.0 0.0
142.96438598632812 9.204440116882324 7.991031169891357 7.812380790710449 7.529827117919922 7.36398983001709 7.298987865447998 7.236269474029541 7.1857476234436035 7.203753471374512 7.2048234939575195 7.252262592315674 7.312926769256592 7.439504146575928 7.3271002769470215 7.313046455383301 7.254177570343018 7.427072048187256 7.475278854370117 7.663219928741455 7.883588790893555 8.305010795593262 8.233867645263672 8.531917572021484 9.271187782287598 10.072298049926758 11.145694732666016 12.357657432556152 15.312416076660156 0.0 0.0 0.0
142.83029174804688 9.014912605285645 7.955566883087158 7.892820835113525 7.503691673278809 7.361644744873047 7.265748500823975 7.163564205169678 7.159037113189697 7.06044340133667 7.13289737701416 7.3956298828125 7.110926628112793 7.755855083465576 7.169095039367676 7.306629657745361 7.155381679534912 7.20994758605957 7.243486404418945 7.49897575378418 7.4625043869018555 7.85479736328125 7.901492595672607 8.071188926696777 8.593240737915039 9.410991668701172 10.286811828613281 10.963747024536133 12.649961471557617 15.251212120056152 0.0 0.0
142.89710998535156 8.780782699584961 7.688666343688965 7.697836875915527 7.373287677764893 7.362699031829834 7.278003215789795 7.209320068359375 7.022902965545654 6.989632606506348 7.000548839569092 7.0346832275390625 7.056572437286377 7.024652481079102 7.202798366546631 7.280163764953613 7.184723377227783 7.147580623626709 7.450838565826416 7.316147327423096 7.338001728057861 7.491004943847656 7.65011739730835 7.805969715118408 8.13449478149414 8.747532844543457 9.329000473022461 10.042417526245117 10.629124641418457 11.902749061584473 15.043425559997559 0.0
142.6708221435547 8.917494773864746 7.686739921569824 7.61271333694458 7.3249688148498535 7.356869697570801 7.539828300476074 7.250044345855713 7.013584136962891 6.968407154083252 7.0359416007995605 7.016038417816162 6.898250102996826 7.19736385345459 7.111321449279785 7.145305633544922 7.071936130523682 7.268086910247803 8.18795394897461 7.047768592834473 7.034979343414307 7.280584812164307 7.455965518951416 7.617915153503418 7.92761754989624 8.695648193359375 8.685785293579102 9.24862289428711 9.912433624267578 10.453103065490723 11.97878646850586 15.15665340423584
