149.9533233642578 0.0 0.0 0.0 0.0 0.0 0.0 0.0 0.0 0.0 0.0 0.0 0.0 0.0 0.0 0.0 0.0 0.0 0.0 0.0 0.0 0.0 0.0 0.0 0.0 0.0 0.0 0.0 0.0 0.0 0.0 0.0
147.43832397460938 27.299556732177734 0.0 0.0 0.0 0.0 0.0 0.0 0.0 0.0 0.0 0.0 0.0 0.0 0.0 0.0 0.0 0.0 0.0 0.0 0.0 0.0 0.0 0.0 0.0 0.0 0.0 0.0 0.0 0.0 0.0 0.0
142.12420654296875 36.63566589355469 30.680395126342773 0.0 0.0 0.0 0.0 0.0 0.0 0.0 0.0 0.0 0.0 0.0 0.0 0.0 0.0 0.0 0.0 0.0 0.0 0.0 0.0 0.0 0.0 0.0 0.0 0.0 0.0 0.0 0.0 0.0
136.71987915039062 27.04401969909668 45.27984619140625 31.764862060546875 0.0 0.0 0.0 0.0 0.0 0.0 0.0 0.0 0.0 0.0 0.0 0.0 0.0 0.0 0.0 0.0 0.0 0.0 0.0 0.0 0.0 0.0 0.0 0.0 0.0 0.0 0.0 0.0
131.9701385498047 21.459741592407227 34.78108596801758 49.205772399902344 31.234546661376953 0.0 0.0 0.0 0.0 0.0 0.0 0.0 0.0 0.0 0.0 0.0 0.0 0.0 0.0 0.0 0.0 0.0 0.0 0.0 0.0 0.0 0.0 0.0 0.0 0.0 0.0 0.0
129.951416015625 18.99749183654785 27.799360275268555 35.358150482177734 47.045265197753906 31.598613739013672 0.0 0.0 0.0 0.0 0.0 0.0 0.0 0.0 0.0 0.0 0.0 0.0 0.0 0.0 0.0 0.0 0.0 0.0 0.0 0.0 0.0 0.0 0.0 0.0 0.0 0.0
129.4273223876953 16.071380615234375 23.3996639251709 27.942001342773438 33.41905975341797 45.34244918823242 31.182741165161133 0.0 0.0 0.0 0.0 0.0 0.0 0.0 0.0 0.0 0.0 0.0 0.0 0.0 0.0 0.0 0.0 0.0 0.0 0.0 0.0 0.0 0.0 0.0 0.0 0.0
128.73983764648438 14.413729667663574 20.094301223754883 23.61063575744629 26.66254997253418 32.807960510253906 44.401123046875 31.325410842895508 0.0 0.0 0.0 0.0 0.0 0.0 0.0 0.0 0.0 0.0 0.0 0.0 0.0 0.0 0.0 0.0 0.0 0.0 0.0 0.0 0.0 0.0 0.0 0.0
127.60636138916016 13.505562782287598 18.750473022460938 21.28001594543457 23.665485382080078 25.94733238220215 32.39761734008789 44.4586296081543 30.874723434448242 0.0 0.0 0.0 0.0 0.0 0.0 0.0 0.0 0.0 0.0 0.0 0.0 0.0 0.0 0.0 0.0 0.0 0.0 0.0 0.0 0.0 0.0 0.0
127.39244842529297 12.026554107666016 16.856184005737305 19.392230987548828 20.061887741088867 21.869688034057617 24.76388931274414 32.195045471191406 44.27058792114258 30.965805053710938 0.0 0.0 0.0 0.0 0.0 0.0 0.0 0.0 0.0 0.0 0.0 0.0 0.0 0.0 0.0 0.0 0.0 0.0 0.0 0.0 0.0 0.0
126.8473129272461 11.15898609161377 15.608379364013672 17.668983459472656 18.485519409179688 19.62013816833496 21.345935821533203 24.840789794921875 31.48736000061035 44.3288688659668 30.929075241088867 0.0 0.0 0.0 0.0 0.0 0.0 0.0 0.0 0.0 0.0 0.0 0.0 0.0 0.0 0.0 0.0 0.0 0.0 0.0 0.0 0.0
126.2861557006836 10.730608940124512 14.385939598083496 16.285919189453125 17.66055679321289 18.444412231445312 19.53023338317871 21.16990852355957 24.511192321777344 32.0223388671875 43.457298278808594 30.838563919067383 0.0 0.0 0.0 0.0 0.0 0.0 0.0 0.0 0.0 0.0 0.0 0.0 0.0 0.0 0.0 0.0 0.0 0.0 0.0 0.0
125.67240905761719 10.3662109375 13.8181734085083 15.099858283996582 16.14784812927246 17.07135581970215 17.812232971191406 19.24971580505371 21.284648895263672 24.353281021118164 31.328020095825195 44.499629974365234 30.253437042236328 0.0 0.0 0.0 0.0 0.0 0.0 0.0 0.0 0.0 0.0 0.0 0.0 0.0 0.0 0.0 0.0 0.0 0.0 0.0
125.71981811523438 9.756210327148438 13.154594421386719 14.104429244995117 14.771029472351074 15.779561042785645 16.47662353515625 17.644638061523438 18.72909164428711 20.513561248779297 24.38947296142578 31.50613784790039 43.02827453613281 30.819778442382812 0.0 0.0 0.0 0.0 0.0 0.0 0.0 0.0 0.0 0.0 0.0 0.0 0.0 0.0 0.0 0.0 0.0 0.0
124.49632263183594 8.964191436767578 12.639985084533691 13.509549140930176 14.184134483337402 14.776735305786133 15.27750015258789 16.519996643066406 17.497583389282227 19.753376007080078 21.369361877441406 24.85149383544922 31.07155990600586 44.735477447509766 29.964710235595703 0.0 0.0 0.0 0.0 0.0 0.0 0.0 0.0 0.0 0.0 0.0 0.0 0.0 0.0 0.0 0.0 0.0
124.74757385253906 8.101783752441406 12.161864280700684 13.06216049194336 13.682114601135254 13.94554328918457 14.211274147033691 15.498885154724121 16.597515106201172 17.338544845581055 18.58006477355957 21.139402389526367 24.475433349609375 31.23339080810547 42.99690246582031 30.35552406311035 0.0 0.0 0.0 0.0 0.0 0.0 0.0 0.0 0.0 0.0 0.0 0.0 0.0 0.0 0.0 0.0
124.2107925415039 7.135402679443359 11.273717880249023 12.468175888061523 13.010232925415039 13.382104873657227 13.607460975646973 14.550945281982422 15.45647144317627 16.59238624572754 17.762773513793945 19.533401489257812 20.920591354370117 25.035425186157227 30.665971755981445 43.31856918334961 29.720075607299805 0.0 0.0 0.0 0.0 0.0 0.0 0.0 0.0 0.0 0.0 0.0 0.0 0.0 0.0 0.0
124.6657485961914 6.931368350982666 10.88038158416748 12.06069278717041 12.4837646484375 12.893176078796387 13.216533660888672 13.63227653503418 14.328255653381348 15.243969917297363 16.306787490844727 17.329986572265625 18.38977813720703 20.58327865600586 23.838531494140625 30.574872970581055 42.155181884765625 30.018457412719727 0.0 0.0 0.0 0.0 0.0 0.0 0.0 0.0 0.0 0.0 0.0 0.0 0.0 0.0
123.97891998291016 6.921553611755371 10.56685733795166 11.599021911621094 11.765111923217773 12.273850440979004 12.596524238586426 13.040411949157715 13.459142684936523 14.227886199951172 15.26081371307373 16.244028091430664 17.195663452148438 18.815326690673828 20.51101303100586 24.332721710205078 30.4124755859375 42.870643615722656 29.9124755859375 0.0 0.0 0.0 0.0 0.0 0.0 0.0 0.0 0.0 0.0 0.0 0.0 0.0
123.05197143554688 7.0625224113464355 10.643287658691406 11.288661003112793 11.15963363647461 11.560455322265625 12.008332252502441 12.608932495117188 13.175383567810059 13.959223747253418 14.386370658874512 15.819108009338379 16.550582885742188 17.745197296142578 18.859678268432617 21.11631202697754 23.894245147705078 30.589855194091797 43.74666213989258 29.202035903930664 0.0 0.0 0.0 0.0 0.0 0.0 0.0 0.0 0.0 0.0 0.0 0.0
123.71928405761719 7.10028076171875 10.658870697021484 11.244283676147461 11.154916763305664 11.145112991333008 11.661582946777344 12.143153190612793 12.5209321975708 13.212782859802246 13.821724891662598 14.386190414428711 15.16126823425293 16.36101531982422 17.015880584716797 18.22559928894043 20.163921356201172 24.036588668823242 30.092836380004883 41.86480712890625 29.374414443969727 0.0 0.0 0.0 0.0 0.0 0.0 0.0 0.0 0.0 0.0 0.0
123.6357421875 6.663384437561035 10.217326164245605 11.173450469970703 11.005365371704102 10.767909049987793 10.906902313232422 11.445085525512695 11.970109939575195 12.585055351257324 12.936776161193848 13.597515106201172 14.087295532226562 15.171765327453613 16.0535831451416 17.195688247680664 18.15521812438965 20.642494201660156 23.72023582458496 29.81141471862793 41.61681365966797 29.351749420166016 0.0 0.0 0.0 0.0 0.0 0.0 0.0 0.0 0.0 0.0
122.75863647460938 6.613978862762451 9.950369834899902 11.398712158203125 11.381623268127441 10.942544937133789 11.0616455078125 11.126038551330566 11.43647575378418 12.516502380371094 13.05945110321045 13.151016235351562 13.406006813049316 15.038607597351074 15.142786026000977 16.360994338989258 16.88324546813965 18.782621383666992 21.72252082824707 23.4541072845459 29.82240867614746 41.606292724609375 28.831787109375 0.0 0.0 0.0 0.0 0.0 0.0 0.0 0.0 0.0
123.10965728759766 6.626867771148682 9.439424514770508 10.687153816223145 11.005635261535645 10.673650741577148 10.594764709472656 10.564035415649414 10.816956520080566 11.857283592224121 12.317061424255371 12.728290557861328 12.881037712097168 14.148773193359375 14.032248497009277 15.17471694946289 15.72633171081543 17.44230079650879 18.016748428344727 20.055152893066406 23.271411895751953 29.74997901916504 41.40921401977539 28.920881271362305 0.0 0.0 0.0 0.0 0.0 0.0 0.0 0.0
122.65691375732422 6.6709065437316895 9.060739517211914 10.069864273071289 10.425219535827637 10.457332611083984 10.574907302856445 10.658549308776855 10.6212158203125 10.94532299041748 11.962059020996094 14.03417682647705 12.94680404663086 13.398222923278809 13.378084182739258 14.896636009216309 15.179181098937988 15.958674430847168 16.61812400817871 18.123607635498047 19.84139633178711 23.39411735534668 29.939655303955078 41.14326858520508 28.743871688842773 0.0 0.0 0.0 0.0 0.0 0.0 0.0
122.47700500488281 6.975451469421387 9.644440650939941 10.250447273254395 11.62408447265625 10.332756996154785 10.905410766601562 10.639939308166504 11.321025848388672 11.170289993286133 11.64047908782959 12.066804885864258 12.034067153930664 12.456544876098633 12.765481948852539 13.467642784118652 14.210945129394531 14.666101455688477 15.727509498596191 16.510589599609375 17.558425903320312 19.802684783935547 23.085830688476562 29.137176513671875 41.65566635131836 28.77001190185547 0.0 0.0 0.0 0.0 0.0 0.0
122.3464126586914 6.967422008514404 9.362127304077148 9.73959732055664 9.71473217010498 9.834609985351562 10.097225189208984 10.372660636901855 10.780078887939453 10.831949234008789 10.89553451538086 11.268078804016113 11.572908401489258 12.180633544921875 12.40258502960205 12.949511528015137 13.338983535766602 14.098155975341797 14.904685020446777 15.77762222290039 16.65850067138672 17.604692459106445 19.9119930267334 23.434480667114258 29.548254013061523 41.66602325439453 28.43659019470215 0.0 0.0 0.0 0.0 0.0
122.9808349609375 6.468985080718994 9.254273414611816 10.049280166625977 9.596522331237793 9.41875171661377 9.326869010925293 10.07061767578125 10.546951293945312 10.45743179321289 10.568385124206543 11.677253723144531 10.685598373413086 11.591053009033203 11.876160621643066 12.7986421585083 12.547087669372559 12.983818054199219 14.060030937194824 14.35523509979248 15.161233901977539 16.19746208190918 17.420787811279297 19.558809280395508 22.785030364990234 29.335445404052734 40.531192779541016 28.41637420654297 0.0 0.0 0.0 0.0
122.82470703125 6.170206069946289 8.947997093200684 9.729687690734863 9.755459785461426 9.402256965637207 9.31939697265625 9.478734970092773 9.852954864501953 10.271238327026367 10.42469596862793 10.508817672729492 10.403778076171875 10.765851974487305 11.13397216796875 11.479333877563477 11.964802742004395 12.362885475158691 12.94066333770752 13.454317092895508 14.170251846313477 15.140365600585938 16.184005737304688 17.108919143676758 19.455093383789062 22.983613967895508 29.29121971130371 41.30595779418945 28.659786224365234 0.0 0.0 0.0
122.64441680908203 5.91420841217041 8.751139640808105 9.710320472717285 9.840737342834473 9.73168659210205 9.467889785766602 9.398665428161621 9.5813627243042 10.055420875549316 10.186182975769043 10.563668251037598 10.402804374694824 10.419713973999023 10.762856483459473 11.122694969177246 11.371153831481934 11.933722496032715 12.382122039794922 12.653023719787598 13.401267051696777 14.499662399291992 15.410859107971191 16.347551345825195 17.352798461914062 19.701974868774414 22.917654037475586 29.20272445678711 40.70762252807617 28.219074249267578 0.0 0.0
122.9098892211914 5.9713544845581055 8.310994148254395 9.083993911743164 9.503650665283203 9.673968315124512 9.449715614318848 9.338459014892578 9.286270141601562 9.374466896057129 9.59837818145752 10.202939987182617 10.211748123168945 10.471909523010254 10.504536628723145 10.682326316833496 10.750179290771484 11.561203956604004 12.045936584472656 12.246294975280762 12.662575721740723 13.41655445098877 14.231030464172363 14.907520294189453 16.04949188232422 17.432832717895508 19.33371925354004 22.785978317260742 28.702999114990234 40.238983154296875 28.49397087097168 0.0
122.21770477294922 6.319707870483398 8.484621047973633 8.787012100219727 9.130071640014648 9.269698143005371 9.524293899536133 9.650516510009766 9.662156105041504 10.04784870147705 10.021028518676758 9.959148406982422 9.970277786254883 12.004631042480469 10.775712966918945 10.32137393951416 10.331790924072266 10.7808198928833 12.095315933227539 11.814743995666504 12.154380798339844 12.802845001220703 13.436765670776367 13.898174285888672 14.94357967376709 16.58240509033203 17.484771728515625 19.376707077026367 22.511734008789062 28.53652000427246 40.613338470458984 28.25339698791504
