149.9533233642578 0.0 0.0 0.0 0.0 0.0 0.0 0.0 0.0 0.0 0.0 0.0 0.0 0.0 0.0 0.0 0.0 0.0 0.0 0.0 0.0 0.0 0.0 0.0 0.0 0.0 0.0 0.0 0.0 0.0 0.0 0.0
140.47999572753906 52.42237091064453 0.0 0.0 0.0 0.0 0.0 0.0 0.0 0.0 0.0 0.0 0.0 0.0 0.0 0.0 0.0 0.0 0.0 0.0 0.0 0.0 0.0 0.0 0.0 0.0 0.0 0.0 0.0 0.0 0.0 0.0
141.44979858398438 28.74337387084961 40.60770034790039 0.0 0.0 0.0 0.0 0.0 0.0 0.0 0.0 0.0 0.0 0.0 0.0 0.0 0.0 0.0 0.0 0.0 0.0 0.0 0.0 0.0 0.0 0.0 0.0 0.0 0.0 0.0 0.0 0.0
141.27438354492188 23.17919158935547 23.60077476501465 37.817325592041016 0.0 0.0 0.0 0.0 0.0 0.0 0.0 0.0 0.0 0.0 0.0 0.0 0.0 0.0 0.0 0.0 0.0 0.0 0.0 0.0 0.0 0.0 0.0 0.0 0.0 0.0 0.0 0.0
141.7014617919922 21.633228302001953 17.24648094177246 20.355649948120117 34.98341369628906 0.0 0.0 0.0 0.0 0.0 0.0 0.0 0.0 0.0 0.0 0.0 0.0 0.0 0.0 0.0 0.0 0.0 0.0 0.0 0.0 0.0 0.0 0.0 0.0 0.0 0.0 0.0
141.451904296875 21.36748504638672 14.888041496276855 14.856217384338379 19.312353134155273 34.675174713134766 0.0 0.0 0.0 0.0 0.0 0.0 0.0 0.0 0.0 0.0 0.0 0.0 0.0 0.0 0.0 0.0 0.0 0.0 0.0 0.0 0.0 0.0 0.0 0.0 0.0 0.0
141.6725311279297 20.917272567749023 14.119556427001953 12.674894332885742 14.210758209228516 19.170440673828125 32.32504653930664 0.0 0.0 0.0 0.0 0.0 0.0 0.0 0.0 0.0 0.0 0.0 0.0 0.0 0.0 0.0 0.0 0.0 0.0 0.0 0.0 0.0 0.0 0.0 0.0 0.0
142.00852966308594 20.36884880065918 13.804255485534668 11.901453018188477 11.88715934753418 14.020347595214844 17.43973731994629 30.45283317565918 0.0 0.0 0.0 0.0 0.0 0.0 0.0 0.0 0.0 0.0 0.0 0.0 0.0 0.0 0.0 0.0 0.0 0.0 0.0 0.0 0.0 0.0 0.0 0.0
142.51426696777344 19.61747169494629 13.44276237487793 11.817500114440918 11.207855224609375 11.457671165466309 12.453768730163574 16.471858978271484 28.000852584838867 0.0 0.0 0.0 0.0 0.0 0.0 0.0 0.0 0.0 0.0 0.0 0.0 0.0 0.0 0.0 0.0 0.0 0.0 0.0 0.0 0.0 0.0 0.0
142.86764526367188 19.110307693481445 12.449448585510254 11.313627243041992 10.98189640045166 10.607912063598633 10.694998741149902 12.104650497436523 15.132040977478027 26.46943473815918 0.0 0.0 0.0 0.0 0.0 0.0 0.0 0.0 0.0 0.0 0.0 0.0 0.0 0.0 0.0 0.0 0.0 0.0 0.0 0.0 0.0 0.0
143.11195373535156 18.859399795532227 11.545348167419434 10.61042594909668 10.623115539550781 10.421931266784668 9.985547065734863 10.215250015258789 11.234556198120117 14.415121078491211 25.314163208007812 0.0 0.0 0.0 0.0 0.0 0.0 0.0 0.0 0.0 0.0 0.0 0.0 0.0 0.0 0.0 0.0 0.0 0.0 0.0 0.0 0.0
143.11505126953125 18.891138076782227 11.339072227478027 10.00974178314209 9.987884521484375 10.155021667480469 9.803242683410645 9.604646682739258 9.596820831298828 10.918754577636719 14.79013442993164 24.375396728515625 0.0 0.0 0.0 0.0 0.0 0.0 0.0 0.0 0.0 0.0 0.0 0.0 0.0 0.0 0.0 0.0 0.0 0.0 0.0 0.0
143.3798065185547 18.439077377319336 11.643261909484863 9.610382080078125 9.278063774108887 9.513561248779297 9.70012092590332 9.500338554382324 9.27641487121582 9.219374656677246 10.533466339111328 13.427813529968262 23.11003875732422 0.0 0.0 0.0 0.0 0.0 0.0 0.0 0.0 0.0 0.0 0.0 0.0 0.0 0.0 0.0 0.0 0.0 0.0 0.0
143.48587036132812 17.81924057006836 11.901705741882324 9.821640968322754 8.863568305969238 8.765607833862305 9.063332557678223 9.284117698669434 9.14650821685791 8.763946533203125 8.996216773986816 10.0162992477417 12.92560863494873 22.50613021850586 0.0 0.0 0.0 0.0 0.0 0.0 0.0 0.0 0.0 0.0 0.0 0.0 0.0 0.0 0.0 0.0 0.0 0.0
142.91677856445312 16.870561599731445 11.654170036315918 10.233538627624512 9.059037208557129 8.584843635559082 8.69875431060791 9.05069351196289 9.140765190124512 8.828888893127441 10.827606201171875 8.818015098571777 9.728428840637207 13.346765518188477 24.287647247314453 0.0 0.0 0.0 0.0 0.0 0.0 0.0 0.0 0.0 0.0 0.0 0.0 0.0 0.0 0.0 0.0 0.0
143.60589599609375 16.195167541503906 10.714449882507324 10.069940567016602 9.507220268249512 8.814335823059082 8.201850891113281 8.091275215148926 8.666841506958008 8.570934295654297 8.599802017211914 8.251973152160645 8.394891738891602 9.604267120361328 12.383842468261719 21.78183364868164 0.0 0.0 0.0 0.0 0.0 0.0 0.0 0.0 0.0 0.0 0.0 0.0 0.0 0.0 0.0 0.0
143.67623901367188 15.247900009155273 9.768866539001465 9.361593246459961 9.279375076293945 8.867009162902832 8.278252601623535 7.892186164855957 7.977919101715088 8.238012313842773 8.380846977233887 8.199502944946289 8.068937301635742 8.369860649108887 9.431835174560547 12.293902397155762 22.01668357849121 0.0 0.0 0.0 0.0 0.0 0.0 0.0 0.0 0.0 0.0 0.0 0.0 0.0 0.0 0.0
143.75503540039062 14.986139297485352 9.237117767333984 8.521268844604492 8.734829902648926 8.790950775146484 8.493741989135742 8.004363059997559 7.672290325164795 7.723297595977783 8.239362716674805 8.119346618652344 8.005623817443848 7.808651924133301 8.087514877319336 9.212483406066895 12.352086067199707 21.565887451171875 0.0 0.0 0.0 0.0 0.0 0.0 0.0 0.0 0.0 0.0 0.0 0.0 0.0 0.0
143.54962158203125 15.163703918457031 9.33210277557373 8.206137657165527 8.084698677062988 8.492568969726562 8.682766914367676 8.311762809753418 7.776251316070557 7.578787803649902 7.722457408905029 7.85452127456665 7.923645973205566 7.908013820648193 7.89394474029541 8.097640037536621 10.22529411315918 12.342897415161133 21.46805763244629 0.0 0.0 0.0 0.0 0.0 0.0 0.0 0.0 0.0 0.0 0.0 0.0 0.0
143.56011962890625 15.706611633300781 9.572169303894043 8.201581954956055 7.76887321472168 7.912653923034668 8.11575984954834 8.311735153198242 8.06149959564209 7.725839138031006 7.801037788391113 7.400794506072998 7.589534759521484 7.849936485290527 7.714064121246338 7.657980442047119 8.062750816345215 9.070873260498047 11.848583221435547 21.088621139526367 0.0 0.0 0.0 0.0 0.0 0.0 0.0 0.0 0.0 0.0 0.0 0.0
143.62890625 14.83869743347168 9.511341094970703 8.33179759979248 7.631056785583496 7.380734443664551 7.3202080726623535 7.734750270843506 7.8527679443359375 7.856443881988525 7.676140308380127 7.214822292327881 7.23153829574585 7.50216817855835 7.752300262451172 7.566903114318848 7.804564952850342 7.77981424331665 8.996411323547363 11.62094497680664 21.20985221862793 0.0 0.0 0.0 0.0 0.0 0.0 0.0 0.0 0.0 0.0 0.0
143.62966918945312 14.282203674316406 9.11669921875 8.383002281188965 7.8567938804626465 7.360185146331787 6.971871852874756 7.10308837890625 7.469588279724121 7.772942066192627 7.830047130584717 7.25742769241333 6.930361747741699 7.140341758728027 7.598921298980713 7.565490245819092 7.8647565841674805 7.327670574188232 7.750199794769287 8.671829223632812 11.550929069519043 21.279680252075195 0.0 0.0 0.0 0.0 0.0 0.0 0.0 0.0 0.0 0.0
143.42152404785156 14.126017570495605 8.937699317932129 8.187192916870117 7.890382766723633 7.540502548217773 7.055210113525391 6.844478130340576 6.917158603668213 7.368683338165283 9.1158447265625 7.7895121574401855 7.1031813621521 6.89919900894165 7.395848751068115 7.320379257202148 7.774360179901123 7.267672538757324 7.388021469116211 7.617618560791016 8.703383445739746 11.947869300842285 21.31768798828125 0.0 0.0 0.0 0.0 0.0 0.0 0.0 0.0 0.0
143.59030151367188 14.791807174682617 8.355755805969238 7.598477363586426 7.587152004241943 7.610794544219971 7.235605716705322 6.746470928192139 6.576533317565918 6.745460510253906 7.299310207366943 7.493218898773193 7.295461654663086 7.115437984466553 6.855844020843506 6.928256034851074 7.200337886810303 7.174167156219482 7.165590763092041 7.152725696563721 7.465341091156006 8.619993209838867 11.324929237365723 21.067583084106445 0.0 0.0 0.0 0.0 0.0 0.0 0.0 0.0
143.42576599121094 15.894431114196777 8.414477348327637 7.290351390838623 7.0732502937316895 7.418976783752441 7.276065826416016 6.978339195251465 6.606263160705566 6.460752487182617 6.785853862762451 7.171493053436279 7.247944355010986 7.356222152709961 6.891902923583984 6.708193302154541 6.761559963226318 7.0078935623168945 7.188863754272461 7.181395053863525 7.047878265380859 7.464639186859131 8.494746208190918 11.37706184387207 21.013063430786133 0.0 0.0 0.0 0.0 0.0 0.0 0.0
143.62474060058594 14.809450149536133 8.783804893493652 7.3346781730651855 6.668109893798828 6.867184638977051 6.992992877960205 6.918713569641113 6.621581554412842 6.293884754180908 6.2208428382873535 6.4775614738464355 6.813025951385498 7.064312934875488 7.014928340911865 6.665509223937988 6.569640159606934 6.650331974029541 6.962854862213135 7.362685203552246 7.071876049041748 7.003738880157471 7.345988750457764 8.277491569519043 11.248739242553711 20.567529678344727 0.0 0.0 0.0 0.0 0.0 0.0
143.61985778808594 14.852900505065918 9.022048950195312 7.72495174407959 6.841336250305176 6.495092868804932 6.442811965942383 6.682886123657227 6.740070819854736 6.5185418128967285 6.23082971572876 6.124660968780518 6.3088178634643555 6.633814811706543 7.028478145599365 6.806156158447266 6.591905117034912 6.416477203369141 6.604199409484863 6.836182594299316 6.971491813659668 6.911652088165283 6.859686374664307 7.210315227508545 8.402739524841309 10.942608833312988 20.344295501708984 0.0 0.0 0.0 0.0 0.0
143.6582794189453 13.786568641662598 8.67883014678955 7.806793212890625 7.084055423736572 6.54215145111084 6.218466758728027 6.287395000457764 6.496289253234863 6.55236291885376 6.345023155212402 6.12178373336792 6.0208210945129395 6.181852340698242 6.674175262451172 6.827343463897705 6.7481513023376465 6.511141300201416 6.380157947540283 6.65081787109375 6.874216079711914 6.982147216796875 6.925002098083496 6.8660173416137695 7.323786735534668 8.286670684814453 10.781311988830566 20.39278221130371 0.0 0.0 0.0 0.0
143.61085510253906 13.677299499511719 8.120201110839844 7.633846282958984 7.361310958862305 6.911048889160156 6.327695846557617 5.978548049926758 6.078304290771484 6.3247971534729 6.421592712402344 6.239700794219971 5.970367908477783 5.8061699867248535 6.1639838218688965 6.4549479484558105 6.740825653076172 6.656970500946045 6.431058883666992 6.335349082946777 6.559924602508545 6.849818706512451 6.993854999542236 6.979499340057373 6.933452606201172 7.239789009094238 8.353032112121582 10.74839973449707 20.449752807617188 0.0 0.0 0.0
143.69789123535156 13.391963005065918 7.644175052642822 7.00083065032959 7.050351619720459 7.003975868225098 6.497303485870361 5.943875789642334 5.7596282958984375 5.8675923347473145 6.229758262634277 6.288112163543701 6.053014755249023 5.80076265335083 5.769433498382568 5.993738174438477 6.285623073577881 6.651052951812744 6.504419326782227 6.363338470458984 6.339941024780273 6.454309463500977 6.665068626403809 6.971643447875977 6.8595194816589355 6.781064987182617 7.244767189025879 7.997893810272217 10.67143726348877 20.48388671875 0.0 0.0
143.68162536621094 13.783732414245605 7.588081359863281 6.5676398277282715 6.631636142730713 6.868518829345703 6.713874816894531 6.273584842681885 5.792015552520752 5.661350250244141 5.859879016876221 6.0660600662231445 6.096490859985352 5.969508647918701 5.839911460876465 5.671192646026611 5.960847854614258 6.237715244293213 6.529694080352783 6.438448429107666 6.327712535858154 6.229203224182129 6.3477864265441895 6.678932189941406 6.808499813079834 6.804515838623047 6.755252838134766 6.976368427276611 7.983207702636719 10.584731101989746 20.262144088745117 0.0
143.5441436767578 14.093384742736816 7.837375164031982 6.419715404510498 6.318347930908203 6.919590473175049 6.652579307556152 6.6061811447143555 6.101633548736572 5.747644901275635 5.867732524871826 5.714686393737793 5.941104888916016 6.092130184173584 5.942623615264893 5.620474815368652 5.7054829597473145 5.738829135894775 6.21568489074707 6.332268238067627 6.311483860015869 6.347774982452393 6.242072582244873 6.350764751434326 6.517312526702881 6.794064044952393 6.763603687286377 6.547706604003906 6.930920124053955 7.9072394371032715 10.569022178649902 20.499622344970703
