149.9533233642578 0.0 0.0 0.0 0.0 0.0 0.0 0.0 0.0 0.0 0.0 0.0 0.0 0.0 0.0 0.0 0.0 0.0 0.0 0.0 0.0 0.0 0.0 0.0 0.0 0.0 0.0 0.0 0.0 0.0 0.0 0.0
148.87066650390625 17.89996337890625 0.0 0.0 0.0 0.0 0.0 0.0 0.0 0.0 0.0 0.0 0.0 0.0 0.0 0.0 0.0 0.0 0.0 0.0 0.0 0.0 0.0 0.0 0.0 0.0 0.0 0.0 0.0 0.0 0.0 0.0
146.7548828125 19.083053588867188 24.121150970458984 0.0 0.0 0.0 0.0 0.0 0.0 0.0 0.0 0.0 0.0 0.0 0.0 0.0 0.0 0.0 0.0 0.0 0.0 0.0 0.0 0.0 0.0 0.0 0.0 0.0 0.0 0.0 0.0 0.0
144.89108276367188 16.561630249023438 25.976757049560547 23.247142791748047 0.0 0.0 0.0 0.0 0.0 0.0 0.0 0.0 0.0 0.0 0.0 0.0 0.0 0.0 0.0 0.0 0.0 0.0 0.0 0.0 0.0 0.0 0.0 0.0 0.0 0.0 0.0 0.0
145.08973693847656 13.432453155517578 18.90665054321289 21.053115844726562 21.235206604003906 0.0 0.0 0.0 0.0 0.0 0.0 0.0 0.0 0.0 0.0 0.0 0.0 0.0 0.0 0.0 0.0 0.0 0.0 0.0 0.0 0.0 0.0 0.0 0.0 0.0 0.0 0.0
145.12454223632812 11.625588417053223 15.429810523986816 17.200761795043945 19.12457847595215 19.672996520996094 0.0 0.0 0.0 0.0 0.0 0.0 0.0 0.0 0.0 0.0 0.0 0.0 0.0 0.0 0.0 0.0 0.0 0.0 0.0 0.0 0.0 0.0 0.0 0.0 0.0 0.0
145.037353515625 11.077310562133789 13.56908130645752 14.670973777770996 16.037107467651367 18.089689254760742 18.453100204467773 0.0 0.0 0.0 0.0 0.0 0.0 0.0 0.0 0.0 0.0 0.0 0.0 0.0 0.0 0.0 0.0 0.0 0.0 0.0 0.0 0.0 0.0 0.0 0.0 0.0
144.8488311767578 10.417675971984863 13.044234275817871 13.390433311462402 13.564020156860352 15.31279468536377 17.14244270324707 18.20924949645996 0.0 0.0 0.0 0.0 0.0 0.0 0.0 0.0 0.0 0.0 0.0 0.0 0.0 0.0 0.0 0.0 0.0 0.0 0.0 0.0 0.0 0.0 0.0 0.0
144.74169921875 9.985846519470215 12.316496849060059 12.286595344543457 12.211221694946289 12.973880767822266 14.617115020751953 17.321041107177734 17.300247192382812 0.0 0.0 0.0 0.0 0.0 0.0 0.0 0.0 0.0 0.0 0.0 0.0 0.0 0.0 0.0 0.0 0.0 0.0 0.0 0.0 0.0 0.0 0.0
144.5299835205078 9.887006759643555 12.364228248596191 12.012767791748047 11.36879825592041 11.571045875549316 12.596278190612793 14.27301025390625 16.750627517700195 17.120223999023438 0.0 0.0 0.0 0.0 0.0 0.0 0.0 0.0 0.0 0.0 0.0 0.0 0.0 0.0 0.0 0.0 0.0 0.0 0.0 0.0 0.0 0.0
144.42062377929688 9.546895980834961 11.69040298461914 11.364583015441895 11.089079856872559 10.815690994262695 11.314623832702637 12.336216926574707 13.961101531982422 16.22670555114746 17.043018341064453 0.0 0.0 0.0 0.0 0.0 0.0 0.0 0.0 0.0 0.0 0.0 0.0 0.0 0.0 0.0 0.0 0.0 0.0 0.0 0.0 0.0
144.1646728515625 9.401192665100098 11.678685188293457 11.513825416564941 10.706426620483398 10.175985336303711 10.83847427368164 11.44444751739502 12.342031478881836 13.874842643737793 15.7084379196167 16.8525447845459 0.0 0.0 0.0 0.0 0.0 0.0 0.0 0.0 0.0 0.0 0.0 0.0 0.0 0.0 0.0 0.0 0.0 0.0 0.0 0.0
143.9145050048828 9.257944107055664 11.096081733703613 11.105271339416504 10.61797046661377 10.180828094482422 10.310914039611816 11.134044647216797 11.371234893798828 12.091989517211914 13.94978141784668 15.697004318237305 16.620956420898438 0.0 0.0 0.0 0.0 0.0 0.0 0.0 0.0 0.0 0.0 0.0 0.0 0.0 0.0 0.0 0.0 0.0 0.0 0.0
143.9033966064453 9.268342971801758 11.014490127563477 10.619010925292969 9.932473182678223 9.592721939086914 9.899490356445312 10.282482147216797 10.451509475708008 10.678865432739258 11.89919662475586 13.541824340820312 15.475533485412598 16.515056610107422 0.0 0.0 0.0 0.0 0.0 0.0 0.0 0.0 0.0 0.0 0.0 0.0 0.0 0.0 0.0 0.0 0.0 0.0
143.84207153320312 8.70071029663086 10.438010215759277 10.198832511901855 9.524221420288086 9.577529907226562 9.586447715759277 9.844409942626953 10.174960136413574 10.11294174194336 10.762362480163574 11.73324203491211 13.250295639038086 15.099950790405273 16.419843673706055 0.0 0.0 0.0 0.0 0.0 0.0 0.0 0.0 0.0 0.0 0.0 0.0 0.0 0.0 0.0 0.0 0.0
143.75177001953125 8.622297286987305 10.433253288269043 10.169219017028809 9.136149406433105 9.09859848022461 9.217428207397461 9.521644592285156 9.708053588867188 9.468828201293945 9.640451431274414 10.435921669006348 11.382986068725586 13.047198295593262 15.333208084106445 16.411540985107422 0.0 0.0 0.0 0.0 0.0 0.0 0.0 0.0 0.0 0.0 0.0 0.0 0.0 0.0 0.0 0.0
143.621337890625 8.37576675415039 10.538872718811035 9.860440254211426 9.477398872375488 9.16425609588623 8.834634780883789 9.05207347869873 9.497221946716309 8.967813491821289 9.571756362915039 9.682594299316406 10.297552108764648 11.244915008544922 13.270498275756836 15.034151077270508 15.909599304199219 0.0 0.0 0.0 0.0 0.0 0.0 0.0 0.0 0.0 0.0 0.0 0.0 0.0 0.0 0.0
143.57655334472656 8.424510955810547 10.18602466583252 9.655559539794922 9.474278450012207 8.98535442352295 8.726835250854492 8.830063819885254 9.000131607055664 8.764670372009277 9.157120704650879 9.436066627502441 9.37654972076416 10.157553672790527 11.339173316955566 12.772163391113281 14.627715110778809 15.771564483642578 0.0 0.0 0.0 0.0 0.0 0.0 0.0 0.0 0.0 0.0 0.0 0.0 0.0 0.0
143.37510681152344 8.305488586425781 9.917309761047363 10.053543090820312 9.228968620300293 8.913832664489746 8.608705520629883 8.96435260772705 8.801167488098145 8.824658393859863 8.756303787231445 9.067954063415527 8.954166412353516 9.228203773498535 10.120738983154297 11.090810775756836 13.049766540527344 14.613855361938477 15.81714916229248 0.0 0.0 0.0 0.0 0.0 0.0 0.0 0.0 0.0 0.0 0.0 0.0 0.0
143.44393920898438 8.30724811553955 9.52912425994873 9.548652648925781 9.112939834594727 8.50269889831543 8.560694694519043 8.794591903686523 8.612322807312012 8.443117141723633 8.49325180053711 8.64549446105957 8.665694236755371 8.815568923950195 9.176871299743652 9.696690559387207 10.922208786010742 12.343497276306152 14.606072425842285 15.536781311035156 0.0 0.0 0.0 0.0 0.0 0.0 0.0 0.0 0.0 0.0 0.0 0.0
143.40301513671875 8.195265769958496 9.469223022460938 9.561117172241211 8.86759090423584 8.421783447265625 8.381516456604004 8.673805236816406 8.44570255279541 8.439309120178223 8.500890731811523 8.127218246459961 8.44408893585205 8.497782707214355 8.892943382263184 9.007726669311523 9.62905502319336 10.523876190185547 12.457449913024902 14.267431259155273 15.11581802368164 0.0 0.0 0.0 0.0 0.0 0.0 0.0 0.0 0.0 0.0 0.0
143.23182678222656 7.933923244476318 9.705551147460938 9.439080238342285 9.032018661499023 8.431038856506348 8.372594833374023 8.535005569458008 8.344209671020508 8.376238822937012 8.47511100769043 8.012750625610352 8.17420482635498 8.401617050170898 8.69350528717041 8.614530563354492 9.154657363891602 9.572978019714355 10.92324161529541 12.294715881347656 14.022709846496582 14.843912124633789 0.0 0.0 0.0 0.0 0.0 0.0 0.0 0.0 0.0 0.0
143.19342041015625 7.691633224487305 9.405613899230957 9.598347663879395 8.731854438781738 8.195426940917969 7.949127674102783 8.09231948852539 7.954762935638428 8.125924110412598 7.9992289543151855 8.199563980102539 8.358760833740234 8.22604751586914 8.727580070495605 8.200346946716309 8.845545768737793 8.879995346069336 9.41135025024414 10.860562324523926 12.153285026550293 13.914834976196289 14.846083641052246 0.0 0.0 0.0 0.0 0.0 0.0 0.0 0.0 0.0
143.07888793945312 7.65444803237915 9.805156707763672 9.270905494689941 8.437607765197754 8.266989707946777 8.147405624389648 8.142475128173828 7.760573863983154 7.968950271606445 8.046178817749023 8.003020286560059 7.990137100219727 8.214463233947754 8.229316711425781 8.148284912109375 8.52790641784668 8.540273666381836 8.745190620422363 9.44778060913086 10.554947853088379 12.069376945495605 13.815314292907715 14.87639045715332 0.0 0.0 0.0 0.0 0.0 0.0 0.0 0.0
143.05081176757812 7.574784755706787 9.258286476135254 9.07046890258789 8.347814559936523 8.204692840576172 7.973731517791748 7.901107311248779 7.448759078979492 7.657219409942627 7.945828914642334 7.9433698654174805 7.73583459854126 8.241822242736816 7.8913679122924805 7.794251441955566 8.111647605895996 8.10080623626709 8.42635726928711 8.86548900604248 9.369162559509277 10.34757137298584 11.951872825622559 13.750589370727539 15.233010292053223 0.0 0.0 0.0 0.0 0.0 0.0 0.0
143.09765625 7.607603073120117 9.09646224975586 8.841053009033203 8.143084526062012 8.093299865722656 8.002376556396484 7.6706342697143555 7.718989849090576 7.436289310455322 7.555033206939697 7.622238636016846 7.661284446716309 7.991929531097412 7.722052574157715 7.617239475250244 7.752920150756836 7.816157817840576 8.000798225402832 8.338203430175781 8.531432151794434 9.153289794921875 10.115415573120117 11.658947944641113 13.94003677368164 14.74929428100586 0.0 0.0 0.0 0.0 0.0 0.0
143.0802459716797 7.500636577606201 8.662903785705566 8.937065124511719 7.9042558670043945 7.6769490242004395 7.867856502532959 7.841009616851807 7.87910270690918 7.651471138000488 7.5856032371521 7.310858249664307 7.546844959259033 7.432694435119629 7.802130699157715 7.571474075317383 7.604743480682373 7.546775817871094 7.762290000915527 7.8107686042785645 8.1790771484375 8.400164604187012 8.927584648132324 10.039067268371582 12.223336219787598 13.34742546081543 14.512392044067383 0.0 0.0 0.0 0.0 0.0
143.00180053710938 7.5693511962890625 8.969429969787598 8.478058815002441 7.6807732582092285 7.59303092956543 7.8063554763793945 7.429300308227539 7.611083507537842 7.556705474853516 7.486149787902832 7.5840983390808105 7.602367877960205 7.84729528427124 7.4792866706848145 7.689650535583496 7.374830722808838 7.372047424316406 7.6174187660217285 7.672465801239014 7.613658905029297 8.006904602050781 8.517715454101562 9.0074462890625 10.442734718322754 11.473002433776855 13.499229431152344 14.237671852111816 0.0 0.0 0.0 0.0
142.91513061523438 7.182433605194092 8.751895904541016 8.555354118347168 7.982058525085449 7.559350967407227 7.3076958656311035 7.371575832366943 7.528375148773193 7.882367134094238 7.503695487976074 7.467973232269287 7.318240642547607 7.4618000984191895 7.266941070556641 7.142551422119141 7.099846839904785 7.321761131286621 7.311744689941406 7.566631317138672 7.594985008239746 7.64963436126709 7.987640857696533 8.27990436553955 9.500672340393066 10.069097518920898 11.69247817993164 13.512186050415039 14.461137771606445 0.0 0.0 0.0
142.955078125 7.161403656005859 8.510053634643555 8.425820350646973 7.712881088256836 7.530892372131348 7.128297805786133 7.3970232009887695 7.250607490539551 7.565303802490234 7.290518760681152 7.213973045349121 7.199573993682861 7.552720069885254 6.95602560043335 7.059632778167725 7.218533515930176 7.232418537139893 7.399406909942627 7.230994701385498 7.36071252822876 7.4450297355651855 7.600268840789795 7.790376663208008 8.49286937713623 8.945849418640137 10.042533874511719 11.708900451660156 13.26730728149414 14.201831817626953 0.0 0.0
142.93240356445312 7.1348772048950195 8.39968490600586 8.244994163513184 7.766584396362305 7.355558395385742 7.0781636238098145 7.258685111999512 7.124809265136719 7.297414302825928 7.440146446228027 7.503640174865723 7.185267448425293 7.078989505767822 7.150108337402344 7.0238847732543945 7.188697338104248 6.969939231872559 7.055742263793945 7.044938087463379 7.076082229614258 7.0704569816589355 7.246744632720947 7.419647693634033 8.073099136352539 8.297861099243164 8.885202407836914 10.027251243591309 11.74222469329834 13.09800910949707 14.056177139282227 0.0
142.9208984375 6.982885837554932 8.201091766357422 8.241656303405762 7.772029399871826 7.309602737426758 7.179521560668945 7.394318103790283 6.8644561767578125 6.974717617034912 6.852109432220459 7.303646564483643 7.139190673828125 7.256221294403076 7.024293899536133 6.657866954803467 6.808238506317139 6.766841411590576 7.281649589538574 6.778285503387451 7.326326370239258 7.109405517578125 7.027436256408691 7.21152925491333 7.728128910064697 7.607961654663086 8.122396469116211 8.727596282958984 9.884346008300781 11.181897163391113 13.310257911682129 14.20959758758545
