149.9533233642578 0.0 0.0 0.0 0.0 0.0 0.0 0.0 0.0 0.0 0.0 0.0 0.0 0.0 0.0 0.0 0.0 0.0 0.0 0.0 0.0 0.0 0.0 0.0 0.0 0.0 0.0 0.0 0.0 0.0 0.0 0.0
147.395751953125 27.533666610717773 0.0 0.0 0.0 0.0 0.0 0.0 0.0 0.0 0.0 0.0 0.0 0.0 0.0 0.0 0.0 0.0 0.0 0.0 0.0 0.0 0.0 0.0 0.0 0.0 0.0 0.0 0.0 0.0 0.0 0.0
141.63397216796875 42.75208282470703 24.39491844177246 0.0 0.0 0.0 0.0 0.0 0.0 0.0 0.0 0.0 0.0 0.0 0.0 0.0 0.0 0.0 0.0 0.0 0.0 0.0 0.0 0.0 0.0 0.0 0.0 0.0 0.0 0.0 0.0 0.0
135.15142822265625 42.45779800415039 43.836307525634766 22.2007999420166 0.0 0.0 0.0 0.0 0.0 0.0 0.0 0.0 0.0 0.0 0.0 0.0 0.0 0.0 0.0 0.0 0.0 0.0 0.0 0.0 0.0 0.0 0.0 0.0 0.0 0.0 0.0 0.0
130.70481872558594 37.936134338378906 42.63621139526367 41.1295166015625 21.22480583190918 0.0 0.0 0.0 0.0 0.0 0.0 0.0 0.0 0.0 0.0 0.0 0.0 0.0 0.0 0.0 0.0 0.0 0.0 0.0 0.0 0.0 0.0 0.0 0.0 0.0 0.0 0.0
129.04904174804688 31.784929275512695 37.22349548339844 39.992218017578125 37.446998596191406 20.77997398376465 0.0 0.0 0.0 0.0 0.0 0.0 0.0 0.0 0.0 0.0 0.0 0.0 0.0 0.0 0.0 0.0 0.0 0.0 0.0 0.0 0.0 0.0 0.0 0.0 0.0 0.0
127.39420318603516 27.82106590270996 32.265750885009766 35.83643341064453 38.211116790771484 36.01277160644531 19.93332290649414 0.0 0.0 0.0 0.0 0.0 0.0 0.0 0.0 0.0 0.0 0.0 0.0 0.0 0.0 0.0 0.0 0.0 0.0 0.0 0.0 0.0 0.0 0.0 0.0 0.0
127.75898742675781 23.113544464111328 27.162057876586914 29.888450622558594 33.26108169555664 36.1038932800293 34.63483810424805 19.6462459564209 0.0 0.0 0.0 0.0 0.0 0.0 0.0 0.0 0.0 0.0 0.0 0.0 0.0 0.0 0.0 0.0 0.0 0.0 0.0 0.0 0.0 0.0 0.0 0.0
127.28287506103516 20.395536422729492 23.689802169799805 25.381593704223633 28.140413284301758 32.44874572753906 35.14992904663086 34.61262512207031 19.553348541259766 0.0 0.0 0.0 0.0 0.0 0.0 0.0 0.0 0.0 0.0 0.0 0.0 0.0 0.0 0.0 0.0 0.0 0.0 0.0 0.0 0.0 0.0 0.0
127.2216567993164 17.663963317871094 20.765907287597656 22.518512725830078 23.856393814086914 27.126724243164062 31.52672576904297 34.5098762512207 34.50148391723633 19.159942626953125 0.0 0.0 0.0 0.0 0.0 0.0 0.0 0.0 0.0 0.0 0.0 0.0 0.0 0.0 0.0 0.0 0.0 0.0 0.0 0.0 0.0 0.0
127.40908813476562 16.093570709228516 18.443275451660156 20.000293731689453 21.24740982055664 23.04914093017578 26.467721939086914 30.670021057128906 33.96891784667969 33.23335647583008 19.193418502807617 0.0 0.0 0.0 0.0 0.0 0.0 0.0 0.0 0.0 0.0 0.0 0.0 0.0 0.0 0.0 0.0 0.0 0.0 0.0 0.0 0.0
127.41935729980469 14.534238815307617 16.236431121826172 17.451444625854492 18.806926727294922 20.293869018554688 22.418495178222656 25.7397518157959 30.17205047607422 33.475425720214844 33.79285430908203 19.087749481201172 0.0 0.0 0.0 0.0 0.0 0.0 0.0 0.0 0.0 0.0 0.0 0.0 0.0 0.0 0.0 0.0 0.0 0.0 0.0 0.0
126.90321350097656 13.638764381408691 15.02652359008789 15.499614715576172 16.657283782958984 18.13823127746582 19.887802124023438 22.129531860351562 25.728628158569336 30.507930755615234 34.087501525878906 33.6269416809082 18.691925048828125 0.0 0.0 0.0 0.0 0.0 0.0 0.0 0.0 0.0 0.0 0.0 0.0 0.0 0.0 0.0 0.0 0.0 0.0 0.0
127.60176086425781 12.495857238769531 14.475132942199707 14.489612579345703 14.913106918334961 15.903186798095703 17.533641815185547 19.258054733276367 21.80030632019043 25.39000129699707 29.759963989257812 32.70664978027344 32.31415939331055 18.76200294494629 0.0 0.0 0.0 0.0 0.0 0.0 0.0 0.0 0.0 0.0 0.0 0.0 0.0 0.0 0.0 0.0 0.0 0.0
127.07052612304688 10.890604019165039 13.566872596740723 13.591200828552246 13.571767807006836 14.138538360595703 15.44210147857666 17.070024490356445 19.283742904663086 21.61289405822754 25.149356842041016 29.588825225830078 33.021827697753906 33.90205383300781 18.65534019470215 0.0 0.0 0.0 0.0 0.0 0.0 0.0 0.0 0.0 0.0 0.0 0.0 0.0 0.0 0.0 0.0 0.0
126.7149429321289 9.716276168823242 12.578102111816406 13.085537910461426 13.113901138305664 13.341015815734863 14.052277565002441 15.316205978393555 17.30341911315918 19.34617042541504 21.965927124023438 25.68628692626953 29.550838470458984 33.30655288696289 32.89957046508789 18.424570083618164 0.0 0.0 0.0 0.0 0.0 0.0 0.0 0.0 0.0 0.0 0.0 0.0 0.0 0.0 0.0 0.0
126.36089324951172 8.891730308532715 10.976037979125977 11.774344444274902 12.272845268249512 12.613517761230469 13.053131103515625 13.742423057556152 15.296160697937012 17.197158813476562 19.36301040649414 22.158292770385742 25.604063034057617 30.277868270874023 33.19243621826172 33.00823974609375 18.698755264282227 0.0 0.0 0.0 0.0 0.0 0.0 0.0 0.0 0.0 0.0 0.0 0.0 0.0 0.0 0.0
127.96076202392578 8.603941917419434 9.86569881439209 10.207460403442383 10.946083068847656 11.58234977722168 12.00869083404541 12.53314208984375 13.427072525024414 14.766611099243164 16.605133056640625 18.59006118774414 21.063196182250977 24.58466339111328 28.65776824951172 31.960926055908203 32.06942367553711 18.419963836669922 0.0 0.0 0.0 0.0 0.0 0.0 0.0 0.0 0.0 0.0 0.0 0.0 0.0 0.0
127.26079559326172 8.88325023651123 9.754497528076172 9.34277057647705 9.686736106872559 10.513504028320312 11.368359565734863 11.869831085205078 12.439313888549805 13.333127975463867 14.772621154785156 16.618085861206055 18.66998291015625 21.15586280822754 24.624425888061523 28.640722274780273 32.446895599365234 33.175968170166016 18.67436981201172 0.0 0.0 0.0 0.0 0.0 0.0 0.0 0.0 0.0 0.0 0.0 0.0 0.0
126.3084716796875 8.899518966674805 10.032739639282227 9.136228561401367 8.860576629638672 9.246338844299316 10.360565185546875 11.232688903808594 11.95511531829834 12.715432167053223 13.577927589416504 15.154545783996582 16.94818115234375 19.200023651123047 21.675029754638672 25.08775520324707 29.36157989501953 32.93080139160156 33.156776428222656 18.671152114868164 0.0 0.0 0.0 0.0 0.0 0.0 0.0 0.0 0.0 0.0 0.0 0.0
127.23710632324219 8.040072441101074 9.90504264831543 9.246712684631348 8.5011625289917 8.461753845214844 9.044694900512695 10.064096450805664 11.163346290588379 11.697470664978027 12.3302001953125 13.281912803649902 14.787711143493652 16.74461555480957 18.505456924438477 20.850048065185547 24.41805648803711 28.61639404296875 32.15972137451172 32.61464309692383 18.421274185180664 0.0 0.0 0.0 0.0 0.0 0.0 0.0 0.0 0.0 0.0 0.0
127.4044189453125 6.78614616394043 8.939032554626465 9.23527717590332 8.664617538452148 8.191847801208496 8.170082092285156 8.871848106384277 9.914196968078613 10.886457443237305 11.605059623718262 12.146470069885254 13.135944366455078 14.832500457763672 16.435911178588867 18.298852920532227 20.863309860229492 24.376840591430664 28.75260353088379 31.95840835571289 32.224822998046875 18.42799949645996 0.0 0.0 0.0 0.0 0.0 0.0 0.0 0.0 0.0 0.0
126.64522552490234 5.877821922302246 7.635134220123291 8.520620346069336 8.594573020935059 8.222073554992676 7.92554235458374 8.014350891113281 8.752553939819336 9.81838607788086 10.906973838806152 11.602944374084473 12.329484939575195 13.235038757324219 14.676441192626953 16.427642822265625 18.75469207763672 21.51948356628418 24.714458465576172 29.566471099853516 32.60419845581055 32.632118225097656 18.528301239013672 0.0 0.0 0.0 0.0 0.0 0.0 0.0 0.0 0.0
126.90660095214844 5.682705402374268 6.5990891456604 7.269303321838379 8.020719528198242 8.29682445526123 8.105031967163086 7.857843399047852 8.046305656433105 8.756890296936035 10.004525184631348 11.042769432067871 11.587753295898438 12.433942794799805 14.103943824768066 14.951850891113281 17.03964614868164 18.619277954101562 21.0372257232666 24.733877182006836 28.830289840698242 31.957897186279297 32.106475830078125 18.41172981262207 0.0 0.0 0.0 0.0 0.0 0.0 0.0 0.0
126.43412017822266 6.283679962158203 6.638180732727051 6.488189697265625 7.062053680419922 7.822110652923584 8.254144668579102 8.050666809082031 7.953800678253174 8.147665023803711 9.109969139099121 10.231900215148926 11.133406639099121 12.223527908325195 12.276081085205078 13.19559383392334 14.869685173034668 16.532005310058594 18.941076278686523 21.089805603027344 25.115510940551758 29.171892166137695 32.27562713623047 32.29008865356445 18.65696907043457 0.0 0.0 0.0 0.0 0.0 0.0 0.0
126.90007019042969 6.6274800300598145 6.729262351989746 6.028414726257324 6.047599792480469 6.6427106857299805 7.465778827667236 7.886807918548584 7.804757118225098 7.584031105041504 7.862337112426758 8.632593154907227 9.680780410766602 11.029325485229492 11.363313674926758 11.975231170654297 13.017047882080078 14.39587688446045 16.4141845703125 18.307836532592773 21.553327560424805 24.8415470123291 28.783035278320312 32.07780456542969 32.385406494140625 18.501401901245117 0.0 0.0 0.0 0.0 0.0 0.0
126.32736206054688 6.797426223754883 7.542024612426758 6.295149803161621 5.738457202911377 5.902116775512695 6.636402130126953 7.42869758605957 7.87929630279541 7.93971586227417 7.781700134277344 8.013490676879883 8.61866283416748 9.82054328918457 10.762903213500977 11.508142471313477 12.25963306427002 13.104750633239746 14.68681526184082 16.572158813476562 19.05678367614746 21.205459594726562 24.844221115112305 28.923526763916016 32.29773712158203 32.85423278808594 18.526885986328125 0.0 0.0 0.0 0.0 0.0
127.04695129394531 6.017825126647949 7.526202201843262 6.739525318145752 5.8188090324401855 5.469523906707764 5.678094863891602 6.417818546295166 7.377758502960205 7.7604522705078125 7.621612071990967 7.575634002685547 7.699511528015137 8.623774528503418 9.646684646606445 10.540193557739258 11.350668907165527 11.945196151733398 13.046967506408691 14.315292358398438 16.272001266479492 18.167966842651367 20.758623123168945 24.16965103149414 28.39198112487793 32.20917892456055 32.50613021850586 18.462772369384766 0.0 0.0 0.0 0.0
126.53881072998047 5.087789058685303 6.706551551818848 6.844120979309082 6.222128868103027 5.559721946716309 5.261124610900879 5.526208400726318 6.288125514984131 7.072070598602295 7.573845386505127 7.5292534828186035 7.369426727294922 7.642736911773682 8.35250186920166 9.453908920288086 10.509374618530273 11.227789878845215 11.922624588012695 12.775351524353027 14.48415470123291 16.304988861083984 18.441831588745117 20.904613494873047 24.73299217224121 29.20876121520996 32.6436767578125 32.84769821166992 18.567474365234375 0.0 0.0 0.0
126.56932067871094 4.8328070640563965 5.837898254394531 6.22672176361084 6.408566951751709 6.073166847229004 5.514806270599365 5.277940273284912 5.6303534507751465 6.233951091766357 7.096580505371094 7.6309123039245605 7.515599250793457 7.497359275817871 7.626096248626709 8.407066345214844 9.545877456665039 10.617655754089355 11.361939430236816 12.042394638061523 13.184503555297852 14.577549934387207 16.575542449951172 18.411985397338867 21.28542709350586 24.652299880981445 28.97885513305664 32.23570251464844 32.31760787963867 18.625818252563477 0.0 0.0
127.1672134399414 4.984414577484131 5.287495136260986 5.265945911407471 5.732361793518066 6.086102485656738 5.838918209075928 5.366641044616699 5.115567684173584 5.335995197296143 6.122553825378418 6.985109806060791 7.393085479736328 7.532710552215576 7.344955921173096 7.530850410461426 8.355701446533203 9.475808143615723 10.60786247253418 11.317830085754395 12.069326400756836 13.008499145507812 14.548406600952148 16.184364318847656 18.277101516723633 20.747411727905273 24.378984451293945 28.648889541625977 31.572303771972656 31.996864318847656 18.584108352661133 0.0
126.64412689208984 5.845910549163818 5.666449069976807 4.949714660644531 5.079040050506592 5.650692939758301 6.129113674163818 5.990145683288574 5.518065929412842 5.246827602386475 5.609869956970215 6.204357624053955 6.9936394691467285 7.747195720672607 7.5385541915893555 7.632353782653809 7.966878414154053 8.547321319580078 9.698402404785156 10.788277626037598 11.402095794677734 11.899853706359863 13.013981819152832 14.644827842712402 16.146747589111328 18.282197952270508 20.866613388061523 24.594316482543945 28.448755264282227 31.70370864868164 32.689517974853516 18.67210578918457
