149.9533233642578 0.0 0.0 0.0 0.0 0.0 0.0 0.0 0.0 0.0 0.0 0.0 0.0 0.0 0.0 0.0 0.0 0.0 0.0 0.0 0.0 0.0 0.0 0.0 0.0 0.0 0.0 0.0 0.0 0.0 0.0 0.0
148.1299591064453 23.24495506286621 0.0 0.0 0.0 0.0 0.0 0.0 0.0 0.0 0.0 0.0 0.0 0.0 0.0 0.0 0.0 0.0 0.0 0.0 0.0 0.0 0.0 0.0 0.0 0.0 0.0 0.0 0.0 0.0 0.0 0.0
147.24325561523438 18.89189338684082 21.106891632080078 0.0 0.0 0.0 0.0 0.0 0.0 0.0 0.0 0.0 0.0 0.0 0.0 0.0 0.0 0.0 0.0 0.0 0.0 0.0 0.0 0.0 0.0 0.0 0.0 0.0 0.0 0.0 0.0 0.0
146.79800415039062 17.489309310913086 15.420984268188477 19.74283218383789 0.0 0.0 0.0 0.0 0.0 0.0 0.0 0.0 0.0 0.0 0.0 0.0 0.0 0.0 0.0 0.0 0.0 0.0 0.0 0.0 0.0 0.0 0.0 0.0 0.0 0.0 0.0 0.0
146.43362426757812 16.69342041015625 13.504923820495605 13.831814765930176 19.695890426635742 0.0 0.0 0.0 0.0 0.0 0.0 0.0 0.0 0.0 0.0 0.0 0.0 0.0 0.0 0.0 0.0 0.0 0.0 0.0 0.0 0.0 0.0 0.0 0.0 0.0 0.0 0.0
146.1448211669922 15.892282485961914 12.564192771911621 11.797940254211426 13.395209312438965 19.88765525817871 0.0 0.0 0.0 0.0 0.0 0.0 0.0 0.0 0.0 0.0 0.0 0.0 0.0 0.0 0.0 0.0 0.0 0.0 0.0 0.0 0.0 0.0 0.0 0.0 0.0 0.0
145.7412109375 15.445700645446777 11.366974830627441 11.26964282989502 11.863932609558105 13.934886932373047 20.319435119628906 0.0 0.0 0.0 0.0 0.0 0.0 0.0 0.0 0.0 0.0 0.0 0.0 0.0 0.0 0.0 0.0 0.0 0.0 0.0 0.0 0.0 0.0 0.0 0.0 0.0
145.44252014160156 14.44012451171875 10.496746063232422 10.27633285522461 10.578485488891602 12.528374671936035 13.801826477050781 21.114662170410156 0.0 0.0 0.0 0.0 0.0 0.0 0.0 0.0 0.0 0.0 0.0 0.0 0.0 0.0 0.0 0.0 0.0 0.0 0.0 0.0 0.0 0.0 0.0 0.0
144.98182678222656 13.99113655090332 10.599730491638184 10.518482208251953 10.821906089782715 12.130016326904297 11.76020622253418 13.813902854919434 21.241466522216797 0.0 0.0 0.0 0.0 0.0 0.0 0.0 0.0 0.0 0.0 0.0 0.0 0.0 0.0 0.0 0.0 0.0 0.0 0.0 0.0 0.0 0.0 0.0
144.9567413330078 13.785341262817383 9.864019393920898 9.601387023925781 9.517777442932129 10.877889633178711 10.659322738647461 11.88717269897461 13.721431732177734 20.949193954467773 0.0 0.0 0.0 0.0 0.0 0.0 0.0 0.0 0.0 0.0 0.0 0.0 0.0 0.0 0.0 0.0 0.0 0.0 0.0 0.0 0.0 0.0
144.763916015625 13.62641716003418 9.730886459350586 9.166471481323242 9.206440925598145 9.962689399719238 10.147395133972168 10.511787414550781 11.512236595153809 13.279388427734375 21.347158432006836 0.0 0.0 0.0 0.0 0.0 0.0 0.0 0.0 0.0 0.0 0.0 0.0 0.0 0.0 0.0 0.0 0.0 0.0 0.0 0.0 0.0
144.5032501220703 13.428528785705566 9.482245445251465 9.085270881652832 9.055840492248535 9.69823169708252 9.718910217285156 10.050467491149902 10.386656761169434 11.29137897491455 13.542779922485352 21.41891098022461 0.0 0.0 0.0 0.0 0.0 0.0 0.0 0.0 0.0 0.0 0.0 0.0 0.0 0.0 0.0 0.0 0.0 0.0 0.0 0.0
144.1260223388672 13.354660987854004 9.848347663879395 9.257542610168457 9.33366870880127 9.231571197509766 9.520051956176758 9.614700317382812 9.9894437789917 10.383564949035645 11.80212116241455 13.435197830200195 21.605018615722656 0.0 0.0 0.0 0.0 0.0 0.0 0.0 0.0 0.0 0.0 0.0 0.0 0.0 0.0 0.0 0.0 0.0 0.0 0.0
143.989501953125 12.965963363647461 9.671443939208984 9.019098281860352 8.745443344116211 8.96314525604248 9.244085311889648 9.401658058166504 9.465995788574219 9.865327835083008 10.567798614501953 11.4213228225708 13.606413841247559 21.497543334960938 0.0 0.0 0.0 0.0 0.0 0.0 0.0 0.0 0.0 0.0 0.0 0.0 0.0 0.0 0.0 0.0 0.0 0.0
143.6927947998047 12.66174030303955 9.567720413208008 9.125663757324219 8.955869674682617 8.934467315673828 9.162482261657715 9.171689987182617 9.498270988464355 9.553126335144043 10.181594848632812 10.795381546020508 11.663463592529297 13.4895601272583 21.27064323425293 0.0 0.0 0.0 0.0 0.0 0.0 0.0 0.0 0.0 0.0 0.0 0.0 0.0 0.0 0.0 0.0 0.0
143.3749542236328 12.54028034210205 9.355932235717773 8.8878812789917 8.987153053283691 9.080693244934082 8.928308486938477 9.08279037475586 9.37475872039795 9.466636657714844 9.67000961303711 9.982869148254395 10.732046127319336 11.390433311462402 13.386362075805664 21.966737747192383 0.0 0.0 0.0 0.0 0.0 0.0 0.0 0.0 0.0 0.0 0.0 0.0 0.0 0.0 0.0 0.0
143.0288848876953 12.540436744689941 8.895774841308594 8.850347518920898 8.884173393249512 9.145368576049805 9.306096076965332 9.174914360046387 9.60939884185791 9.325511932373047 10.094995498657227 9.55013370513916 10.157748222351074 10.459711074829102 11.454126358032227 13.507061004638672 21.8853759765625 0.0 0.0 0.0 0.0 0.0 0.0 0.0 0.0 0.0 0.0 0.0 0.0 0.0 0.0 0.0
142.8383026123047 12.253764152526855 8.886092185974121 9.059521675109863 9.223628997802734 9.326541900634766 9.234676361083984 9.16363525390625 9.226353645324707 8.966920852661133 9.09918212890625 9.280929565429688 9.584864616394043 10.196076393127441 10.47533130645752 11.712334632873535 13.327712059020996 21.743484497070312 0.0 0.0 0.0 0.0 0.0 0.0 0.0 0.0 0.0 0.0 0.0 0.0 0.0 0.0
142.4248504638672 12.191854476928711 8.798433303833008 8.956881523132324 9.074125289916992 9.31657600402832 9.30162525177002 9.208958625793457 9.213862419128418 9.114102363586426 9.266449928283691 9.731772422790527 9.43801212310791 9.89674186706543 10.019335746765137 10.802035331726074 11.580267906188965 13.548172950744629 21.93486213684082 0.0 0.0 0.0 0.0 0.0 0.0 0.0 0.0 0.0 0.0 0.0 0.0 0.0
142.03170776367188 12.03410530090332 8.717867851257324 9.100164413452148 9.081629753112793 9.065770149230957 9.451210975646973 9.402883529663086 9.216153144836426 9.422146797180176 9.36832046508789 9.395230293273926 9.307302474975586 9.340049743652344 9.644647598266602 10.427557945251465 10.711420059204102 11.904778480529785 14.22424602508545 21.903915405273438 0.0 0.0 0.0 0.0 0.0 0.0 0.0 0.0 0.0 0.0 0.0 0.0
141.76028442382812 12.050599098205566 8.641788482666016 8.83580207824707 8.954293251037598 9.161901473999023 9.163010597229004 9.222557067871094 9.199495315551758 9.357763290405273 9.450620651245117 9.118301391601562 9.321477890014648 9.376107215881348 9.517426490783691 9.95173168182373 10.096149444580078 11.012646675109863 12.103092193603516 13.633816719055176 22.162586212158203 0.0 0.0 0.0 0.0 0.0 0.0 0.0 0.0 0.0 0.0 0.0
141.29283142089844 12.19881820678711 9.012218475341797 9.13577651977539 9.125828742980957 9.122907638549805 9.219942092895508 9.254058837890625 9.339852333068848 9.437806129455566 9.480819702148438 9.510695457458496 9.307709693908691 9.419384002685547 9.509909629821777 10.538985252380371 9.66821575164795 10.2253999710083 11.175853729248047 11.586651802062988 13.59735107421875 22.204425811767578 0.0 0.0 0.0 0.0 0.0 0.0 0.0 0.0 0.0 0.0
141.1609344482422 12.225154876708984 8.982929229736328 9.162612915039062 9.261189460754395 9.29004192352295 9.243012428283691 9.184843063354492 9.34623908996582 9.28183364868164 9.604613304138184 9.3992919921875 9.51854133605957 9.438739776611328 9.085694313049316 9.112361907958984 9.228790283203125 9.455455780029297 9.961910247802734 10.540579795837402 11.711252212524414 13.821763038635254 22.095972061157227 0.0 0.0 0.0 0.0 0.0 0.0 0.0 0.0 0.0
140.8313446044922 12.325289726257324 9.119898796081543 9.162275314331055 9.16273307800293 9.512484550476074 9.291324615478516 9.189387321472168 9.276087760925293 9.037595748901367 9.605352401733398 9.393131256103516 9.214922904968262 9.356593132019043 8.992488861083984 9.010144233703613 9.046257972717285 9.450287818908691 9.97943115234375 9.932465553283691 10.6692533493042 11.769853591918945 13.72231674194336 22.19363784790039 0.0 0.0 0.0 0.0 0.0 0.0 0.0 0.0
140.5075225830078 12.121270179748535 9.127523422241211 9.396330833435059 9.539825439453125 9.161449432373047 9.354013442993164 9.024977684020996 9.319461822509766 9.435683250427246 9.66801643371582 9.419610023498535 9.537341117858887 9.246925354003906 9.21652603149414 8.924334526062012 8.871819496154785 8.97623062133789 9.526212692260742 9.592403411865234 10.00949478149414 10.890837669372559 11.690899848937988 13.647372245788574 22.257741928100586 0.0 0.0 0.0 0.0 0.0 0.0 0.0
140.06686401367188 12.170239448547363 9.081729888916016 9.327312469482422 9.523513793945312 9.210399627685547 9.347174644470215 9.275135040283203 9.516946792602539 9.610051155090332 9.668980598449707 9.916390419006348 9.834209442138672 9.233464241027832 9.799631118774414 9.096508979797363 8.95154094696045 8.926918983459473 9.373225212097168 9.414999961853027 9.611213684082031 10.133403778076172 10.789915084838867 11.62584114074707 13.832023620605469 22.067106246948242 0.0 0.0 0.0 0.0 0.0 0.0
139.6233367919922 12.000500679016113 8.830062866210938 9.097500801086426 9.288336753845215 9.169990539550781 9.287792205810547 9.173575401306152 9.276444435119629 9.308710098266602 9.533760070800781 10.080982208251953 9.85304069519043 9.541522026062012 11.19981861114502 9.634483337402344 9.11063289642334 8.868730545043945 9.254531860351562 9.518736839294434 9.266590118408203 9.595346450805664 10.074684143066406 10.630664825439453 12.030916213989258 14.067238807678223 22.29765510559082 0.0 0.0 0.0 0.0 0.0
139.63412475585938 11.912776947021484 9.029219627380371 8.993797302246094 9.479277610778809 9.35390567779541 9.56525707244873 9.313095092773438 9.299572944641113 9.290399551391602 9.608080863952637 9.742752075195312 9.438506126403809 9.414052963256836 9.282306671142578 9.1505708694458 9.043024063110352 9.174356460571289 9.251167297363281 9.02094554901123 9.043407440185547 9.189197540283203 9.505144119262695 10.165306091308594 10.853418350219727 11.683599472045898 13.561607360839844 22.03687858581543 0.0 0.0 0.0 0.0
139.3711395263672 11.77932357788086 8.858381271362305 8.984012603759766 9.348631858825684 9.377381324768066 9.613865852355957 9.440154075622559 9.390727996826172 9.42980670928955 9.415882110595703 10.669723510742188 9.349452018737793 9.315452575683594 9.113097190856934 9.537676811218262 9.163162231445312 8.826106071472168 9.145140647888184 9.102184295654297 8.850977897644043 9.053367614746094 9.33398151397705 9.542598724365234 9.959992408752441 10.617952346801758 11.481451034545898 13.431941032409668 21.998756408691406 0.0 0.0 0.0
138.79493713378906 11.757399559020996 8.921539306640625 9.016131401062012 9.41661262512207 9.40538501739502 9.544391632080078 9.385444641113281 9.54095458984375 9.421838760375977 9.560973167419434 10.039563179016113 9.567978858947754 9.67564868927002 9.381646156311035 9.613266944885254 9.203593254089355 9.039469718933105 10.607693672180176 9.310769081115723 9.180231094360352 9.736135482788086 9.200350761413574 9.850261688232422 9.646052360534668 9.980180740356445 10.580098152160645 11.473919868469238 13.516932487487793 21.903045654296875 0.0 0.0
138.2284393310547 11.74549674987793 8.9440279006958 9.00457763671875 9.115553855895996 9.482983589172363 9.581541061401367 9.503275871276855 9.444602012634277 9.476883888244629 9.827704429626465 9.665432929992676 9.648213386535645 9.573864936828613 9.865726470947266 10.893228530883789 9.567730903625488 9.33205509185791 11.452139854431152 9.157502174377441 9.13401985168457 9.252530097961426 9.100178718566895 11.316557884216309 9.34976577758789 9.583115577697754 9.920058250427246 10.48561954498291 11.412084579467773 13.525848388671875 21.83278465270996 0.0
137.6488494873047 11.529934883117676 8.812641143798828 9.118319511413574 9.322943687438965 9.41360855102539 9.410266876220703 9.588451385498047 9.628040313720703 9.604930877685547 9.650948524475098 9.64559268951416 9.790997505187988 9.63744831085205 9.708170890808105 10.095671653747559 9.018723487854004 8.841379165649414 14.613851547241211 9.114436149597168 8.828124046325684 10.029770851135254 10.998149871826172 11.385577201843262 9.077499389648438 9.208589553833008 9.392902374267578 9.772706031799316 10.324299812316895 11.471712112426758 13.28598690032959 21.865419387817383
