149.9533233642578 0.0 0.0 0.0 0.0 0.0 0.0 0.0 0.0 0.0 0.0 0.0 0.0 0.0 0.0 0.0 0.0 0.0 0.0 0.0 0.0 0.0 0.0 0.0 0.0 0.0 0.0 0.0 0.0 0.0 0.0 0.0
149.1418914794922 15.468656539916992 0.0 0.0 0.0 0.0 0.0 0.0 0.0 0.0 0.0 0.0 0.0 0.0 0.0 0.0 0.0 0.0 0.0 0.0 0.0 0.0 0.0 0.0 0.0 0.0 0.0 0.0 0.0 0.0 0.0 0.0
149.28794860839844 8.209636688232422 11.344738960266113 0.0 0.0 0.0 0.0 0.0 0.0 0.0 0.0 0.0 0.0 0.0 0.0 0.0 0.0 0.0 0.0 0.0 0.0 0.0 0.0 0.0 0.0 0.0 0.0 0.0 0.0 0.0 0.0 0.0
149.0749969482422 8.523016929626465 4.245805263519287 13.000921249389648 0.0 0.0 0.0 0.0 0.0 0.0 0.0 0.0 0.0 0.0 0.0 0.0 0.0 0.0 0.0 0.0 0.0 0.0 0.0 0.0 0.0 0.0 0.0 0.0 0.0 0.0 0.0 0.0
149.0026397705078 9.928447723388672 5.3798017501831055 4.363947868347168 11.603645324707031 0.0 0.0 0.0 0.0 0.0 0.0 0.0 0.0 0.0 0.0 0.0 0.0 0.0 0.0 0.0 0.0 0.0 0.0 0.0 0.0 0.0 0.0 0.0 0.0 0.0 0.0 0.0
148.99461364746094 10.433248519897461 5.642590522766113 4.174502372741699 3.8569908142089844 10.521736145019531 0.0 0.0 0.0 0.0 0.0 0.0 0.0 0.0 0.0 0.0 0.0 0.0 0.0 0.0 0.0 0.0 0.0 0.0 0.0 0.0 0.0 0.0 0.0 0.0 0.0 0.0
148.89346313476562 10.757112503051758 4.295743942260742 6.9021172523498535 3.318188428878784 3.6446330547332764 10.371355056762695 0.0 0.0 0.0 0.0 0.0 0.0 0.0 0.0 0.0 0.0 0.0 0.0 0.0 0.0 0.0 0.0 0.0 0.0 0.0 0.0 0.0 0.0 0.0 0.0 0.0
149.02066040039062 10.300293922424316 4.419088840484619 3.93147873878479 4.315099239349365 3.1193180084228516 3.43904185295105 9.73654842376709 0.0 0.0 0.0 0.0 0.0 0.0 0.0 0.0 0.0 0.0 0.0 0.0 0.0 0.0 0.0 0.0 0.0 0.0 0.0 0.0 0.0 0.0 0.0 0.0
149.06027221679688 9.794561386108398 4.805202960968018 4.076849937438965 4.097965240478516 3.433666229248047 2.8551344871520996 3.1465799808502197 9.045059204101562 0.0 0.0 0.0 0.0 0.0 0.0 0.0 0.0 0.0 0.0 0.0 0.0 0.0 0.0 0.0 0.0 0.0 0.0 0.0 0.0 0.0 0.0 0.0
148.93983459472656 9.803905487060547 3.8866281509399414 3.444943428039551 3.8015196323394775 7.367952346801758 3.0674681663513184 2.7779266834259033 2.9884932041168213 9.059946060180664 0.0 0.0 0.0 0.0 0.0 0.0 0.0 0.0 0.0 0.0 0.0 0.0 0.0 0.0 0.0 0.0 0.0 0.0 0.0 0.0 0.0 0.0
149.04176330566406 9.926430702209473 3.8871140480041504 3.571894407272339 3.1951115131378174 3.9104084968566895 3.0232434272766113 3.2958743572235107 2.6998074054718018 3.151319980621338 8.96391487121582 0.0 0.0 0.0 0.0 0.0 0.0 0.0 0.0 0.0 0.0 0.0 0.0 0.0 0.0 0.0 0.0 0.0 0.0 0.0 0.0 0.0
148.9586181640625 10.234233856201172 4.204336643218994 3.7656052112579346 3.8840842247009277 3.433877944946289 3.7191736698150635 3.126185894012451 2.90346097946167 2.7522988319396973 3.0456666946411133 9.061866760253906 0.0 0.0 0.0 0.0 0.0 0.0 0.0 0.0 0.0 0.0 0.0 0.0 0.0 0.0 0.0 0.0 0.0 0.0 0.0 0.0
148.9185791015625 10.412637710571289 4.13839054107666 4.082572937011719 3.9052939414978027 3.748684883117676 3.5696945190429688 3.139958620071411 3.268476724624634 2.804749011993408 2.5982470512390137 2.8361990451812744 8.867716789245605 0.0 0.0 0.0 0.0 0.0 0.0 0.0 0.0 0.0 0.0 0.0 0.0 0.0 0.0 0.0 0.0 0.0 0.0 0.0
148.8126983642578 10.111099243164062 5.693177700042725 3.8884878158569336 5.105672836303711 4.146340370178223 3.8271288871765137 3.723173141479492 3.0498616695404053 3.0261151790618896 2.683396816253662 2.606670618057251 2.6015803813934326 8.781116485595703 0.0 0.0 0.0 0.0 0.0 0.0 0.0 0.0 0.0 0.0 0.0 0.0 0.0 0.0 0.0 0.0 0.0 0.0
148.80316162109375 10.019780158996582 4.875344276428223 4.735054969787598 3.985405921936035 3.9514331817626953 4.424457550048828 3.560042381286621 3.444406032562256 3.0834908485412598 2.9976418018341064 2.8330345153808594 2.47165846824646 3.0325634479522705 8.754193305969238 0.0 0.0 0.0 0.0 0.0 0.0 0.0 0.0 0.0 0.0 0.0 0.0 0.0 0.0 0.0 0.0 0.0
148.7999725341797 9.882848739624023 4.421380996704102 3.614928722381592 4.513585090637207 3.8084073066711426 4.37200927734375 4.425509452819824 3.3258724212646484 3.1302671432495117 3.042466402053833 3.222083330154419 2.743809223175049 2.7627503871917725 2.956617832183838 8.557974815368652 0.0 0.0 0.0 0.0 0.0 0.0 0.0 0.0 0.0 0.0 0.0 0.0 0.0 0.0 0.0 0.0
148.67543029785156 10.01919174194336 4.019859790802002 5.712154388427734 4.190231800079346 4.334203720092773 3.951969861984253 3.9854328632354736 4.499342918395996 3.473925828933716 3.2071027755737305 3.044539213180542 3.3072898387908936 2.8243627548217773 2.6424319744110107 2.915861129760742 8.671635627746582 0.0 0.0 0.0 0.0 0.0 0.0 0.0 0.0 0.0 0.0 0.0 0.0 0.0 0.0 0.0
148.6890106201172 9.852642059326172 4.202589988708496 3.7496602535247803 4.537357330322266 3.9461333751678467 4.294954299926758 3.8830692768096924 4.270411491394043 4.033061504364014 3.249685525894165 3.9960598945617676 2.981586456298828 3.446448802947998 2.7443580627441406 2.7872395515441895 3.0496490001678467 8.343504905700684 0.0 0.0 0.0 0.0 0.0 0.0 0.0 0.0 0.0 0.0 0.0 0.0 0.0 0.0
148.56466674804688 10.12643051147461 3.9916467666625977 4.500159740447998 4.012192249298096 4.454328536987305 5.726993560791016 4.126678943634033 4.252350807189941 4.411757946014404 3.382730484008789 3.3975143432617188 2.869251251220703 3.2634153366088867 3.3126649856567383 2.9168026447296143 2.7482757568359375 2.919431447982788 8.483842849731445 0.0 0.0 0.0 0.0 0.0 0.0 0.0 0.0 0.0 0.0 0.0 0.0 0.0
148.17005920410156 10.268230438232422 3.9662272930145264 4.204609394073486 4.491354942321777 3.8557231426239014 4.691774368286133 7.105882167816162 4.488467693328857 4.637812614440918 3.940805673599243 3.690556287765503 9.500288963317871 2.9564478397369385 3.092381000518799 3.4522383213043213 2.8320348262786865 2.545441150665283 2.7648324966430664 8.291401863098145 0.0 0.0 0.0 0.0 0.0 0.0 0.0 0.0 0.0 0.0 0.0 0.0
148.4490966796875 10.199419975280762 4.014194965362549 4.300578594207764 4.302701950073242 4.562808036804199 4.513203144073486 4.60886287689209 4.4138665199279785 4.522387504577637 5.313627243041992 3.8934171199798584 3.4928064346313477 3.6278767585754395 3.071451187133789 2.9813804626464844 3.2447702884674072 2.8813483715057373 2.500095844268799 2.90453839302063 8.114002227783203 0.0 0.0 0.0 0.0 0.0 0.0 0.0 0.0 0.0 0.0 0.0
148.3005828857422 10.271965980529785 3.9166932106018066 4.113890647888184 4.198478698730469 4.623965263366699 4.942915439605713 4.388479232788086 4.9016337394714355 4.1846723556518555 5.268024921417236 4.113232612609863 3.6393797397613525 3.3900866508483887 6.094935417175293 3.9247875213623047 2.886920213699341 2.9041409492492676 2.9820635318756104 2.4561972618103027 2.6460790634155273 8.196903228759766 0.0 0.0 0.0 0.0 0.0 0.0 0.0 0.0 0.0 0.0
148.26132202148438 10.34049129486084 4.068429470062256 4.42586612701416 4.172292709350586 4.321408748626709 4.725417613983154 4.193537712097168 4.606705665588379 4.62550163269043 4.459460735321045 5.872873306274414 4.110408306121826 3.5225682258605957 3.4677693843841553 3.410698175430298 3.5001842975616455 2.6940932273864746 3.0761003494262695 3.227876901626587 2.544114112854004 2.8353540897369385 8.862945556640625 0.0 0.0 0.0 0.0 0.0 0.0 0.0 0.0 0.0
148.2035369873047 10.250432014465332 4.0114264488220215 3.948413372039795 3.986243724822998 4.39755916595459 4.117053031921387 4.920114040374756 4.52908182144165 4.53877592086792 4.844058036804199 4.906523704528809 5.765156269073486 4.032066822052002 3.9712636470794678 3.515817880630493 3.5034613609313965 3.1168978214263916 3.1232750415802 3.1556928157806396 3.0916526317596436 2.627873182296753 2.745351791381836 8.584291458129883 0.0 0.0 0.0 0.0 0.0 0.0 0.0 0.0
148.21026611328125 10.144293785095215 4.103318214416504 4.3259406089782715 3.990750789642334 4.026550769805908 4.482332706451416 3.807267189025879 4.763291358947754 4.816967010498047 4.6090006828308105 4.821407318115234 4.571295261383057 4.730737686157227 4.222704887390137 3.728492021560669 3.2660813331604004 3.559255838394165 3.022487163543701 3.1378142833709717 3.477329969406128 3.1270785331726074 2.6698837280273438 2.7687909603118896 8.18996524810791 0.0 0.0 0.0 0.0 0.0 0.0 0.0
148.13697814941406 9.978857040405273 4.335647106170654 4.4025654792785645 4.59903621673584 3.9175877571105957 3.907557487487793 4.3587212562561035 3.7366280555725098 5.275992393493652 4.969815254211426 4.765766143798828 4.356020927429199 4.274954795837402 4.7414631843566895 4.325261116027832 4.060539245605469 3.258993148803711 3.258638858795166 3.158958673477173 3.310051679611206 3.0876920223236084 3.1752450466156006 2.5419230461120605 2.967154026031494 8.23636245727539 0.0 0.0 0.0 0.0 0.0 0.0
148.121826171875 10.063220977783203 4.19450044631958 4.582586288452148 4.330880641937256 4.574279308319092 3.759708881378174 4.188046455383301 4.0839385986328125 4.383021831512451 5.08164119720459 5.154984474182129 4.604853630065918 4.314502716064453 4.308848857879639 3.6124918460845947 4.150833606719971 3.521427869796753 2.9771475791931152 2.7448558807373047 3.1649811267852783 3.1862473487854004 3.4060399532318115 3.4954683780670166 2.9244232177734375 2.854006767272949 8.02675724029541 0.0 0.0 0.0 0.0 0.0
148.0843963623047 10.183772087097168 4.251857280731201 4.114702224731445 5.136936187744141 4.182156562805176 4.50071907043457 4.121106147766113 4.266769886016846 3.7754218578338623 4.506023406982422 4.6468424797058105 4.945090293884277 4.487797737121582 3.8791730403900146 4.133290767669678 3.9986660480499268 3.304051637649536 3.5151724815368652 2.8322107791900635 2.76143741607666 3.1941792964935303 3.3735787868499756 3.596944808959961 3.1749210357666016 2.9842467308044434 2.5978918075561523 8.181878089904785 0.0 0.0 0.0 0.0
148.0013885498047 10.45563793182373 3.9070916175842285 4.623903751373291 4.366761684417725 4.759547710418701 3.936851739883423 5.094425678253174 4.125672340393066 4.283957481384277 4.247036933898926 4.182102680206299 5.149076461791992 4.805686950683594 4.410281181335449 3.9143505096435547 3.840251922607422 4.129358768463135 3.1812500953674316 3.2765119075775146 2.84431529045105 3.008472442626953 2.9335434436798096 3.6976165771484375 3.39072322845459 3.4201507568359375 2.7721121311187744 2.7161412239074707 7.9322099685668945 0.0 0.0 0.0
147.98126220703125 10.564834594726562 4.071251392364502 3.681058168411255 4.0956926345825195 3.9355249404907227 4.248619556427002 4.195974349975586 4.331098556518555 4.322957992553711 4.1564788818359375 4.252848148345947 4.386890888214111 5.565770149230957 4.822617053985596 4.285994052886963 3.277379274368286 3.6056344509124756 4.448800563812256 3.3105037212371826 3.254377603530884 3.184382438659668 3.1928141117095947 3.4655873775482178 4.088990688323975 3.100071668624878 3.1488234996795654 2.526946783065796 2.6564152240753174 7.876878261566162 0.0 0.0
147.8648681640625 10.42467212677002 4.244938373565674 4.257848262786865 3.748716354370117 4.313539981842041 3.9767086505889893 3.6786911487579346 4.287425994873047 4.029119491577148 4.699475288391113 4.644535541534424 4.942774295806885 4.498746871948242 4.728115081787109 4.430620193481445 3.9033215045928955 3.357356548309326 3.239088773727417 4.225407123565674 5.880003452301025 3.146617889404297 3.083280086517334 2.8938443660736084 3.5745925903320312 3.886491060256958 3.56526255607605 3.483029842376709 2.3342909812927246 2.6148555278778076 8.000853538513184 0.0
147.55062866210938 10.178718566894531 4.239455699920654 4.701623439788818 4.099522590637207 3.54646635055542 4.271726131439209 4.231261730194092 4.253029823303223 4.268104076385498 3.946682929992676 4.113828659057617 4.672451496124268 4.5759501457214355 4.420502185821533 4.929101943969727 3.779656171798706 4.987102031707764 3.3571407794952393 3.0881705284118652 2.892119884490967 11.121872901916504 3.2230725288391113 3.3744142055511475 3.1635608673095703 3.4641051292419434 3.937607526779175 3.5676729679107666 2.9538094997406006 2.4683032035827637 2.631183624267578 7.7740607261657715
