149.9533233642578 0.0 0.0 0.0 0.0 0.0 0.0 0.0 0.0 0.0 0.0 0.0 0.0 0.0 0.0 0.0 0.0 0.0 0.0 0.0 0.0 0.0 0.0 0.0 0.0 0.0 0.0 0.0 0.0 0.0 0.0 0.0
147.23936462402344 28.350831985473633 0.0 0.0 0.0 0.0 0.0 0.0 0.0 0.0 0.0 0.0 0.0 0.0 0.0 0.0 0.0 0.0 0.0 0.0 0.0 0.0 0.0 0.0 0.0 0.0 0.0 0.0 0.0 0.0 0.0 0.0
135.33726501464844 57.136474609375 30.03619384765625 0.0 0.0 0.0 0.0 0.0 0.0 0.0 0.0 0.0 0.0 0.0 0.0 0.0 0.0 0.0 0.0 0.0 0.0 0.0 0.0 0.0 0.0 0.0 0.0 0.0 0.0 0.0 0.0 0.0
133.63893127441406 44.370235443115234 37.562599182128906 35.27118682861328 0.0 0.0 0.0 0.0 0.0 0.0 0.0 0.0 0.0 0.0 0.0 0.0 0.0 0.0 0.0 0.0 0.0 0.0 0.0 0.0 0.0 0.0 0.0 0.0 0.0 0.0 0.0 0.0
129.61021423339844 37.43239974975586 34.19227600097656 41.33660125732422 37.48707580566406 0.0 0.0 0.0 0.0 0.0 0.0 0.0 0.0 0.0 0.0 0.0 0.0 0.0 0.0 0.0 0.0 0.0 0.0 0.0 0.0 0.0 0.0 0.0 0.0 0.0 0.0 0.0
129.6524658203125 28.294902801513672 24.58863067626953 35.010658264160156 41.39757537841797 36.44886016845703 0.0 0.0 0.0 0.0 0.0 0.0 0.0 0.0 0.0 0.0 0.0 0.0 0.0 0.0 0.0 0.0 0.0 0.0 0.0 0.0 0.0 0.0 0.0 0.0 0.0 0.0
127.5846939086914 25.305233001708984 19.90348243713379 27.727622985839844 36.601661682128906 40.3797721862793 37.81025314331055 0.0 0.0 0.0 0.0 0.0 0.0 0.0 0.0 0.0 0.0 0.0 0.0 0.0 0.0 0.0 0.0 0.0 0.0 0.0 0.0 0.0 0.0 0.0 0.0 0.0
127.38150787353516 23.386579513549805 16.914030075073242 21.555925369262695 28.389394760131836 35.704261779785156 40.81315612792969 34.82560348510742 0.0 0.0 0.0 0.0 0.0 0.0 0.0 0.0 0.0 0.0 0.0 0.0 0.0 0.0 0.0 0.0 0.0 0.0 0.0 0.0 0.0 0.0 0.0 0.0
126.06299591064453 21.848690032958984 16.153079986572266 19.56159782409668 22.87921714782715 28.444459915161133 36.150577545166016 40.20084762573242 34.85171127319336 0.0 0.0 0.0 0.0 0.0 0.0 0.0 0.0 0.0 0.0 0.0 0.0 0.0 0.0 0.0 0.0 0.0 0.0 0.0 0.0 0.0 0.0 0.0
125.26251983642578 19.955339431762695 15.104995727539062 17.989971160888672 19.55092430114746 22.741840362548828 29.603666305541992 35.587921142578125 39.61111831665039 35.08577346801758 0.0 0.0 0.0 0.0 0.0 0.0 0.0 0.0 0.0 0.0 0.0 0.0 0.0 0.0 0.0 0.0 0.0 0.0 0.0 0.0 0.0 0.0
123.759033203125 18.461366653442383 13.91737174987793 16.692760467529297 18.131059646606445 19.617061614990234 23.94673728942871 28.556766510009766 35.56166076660156 41.44869613647461 35.615821838378906 0.0 0.0 0.0 0.0 0.0 0.0 0.0 0.0 0.0 0.0 0.0 0.0 0.0 0.0 0.0 0.0 0.0 0.0 0.0 0.0 0.0
124.4238510131836 16.38017463684082 12.410032272338867 15.16053581237793 17.077526092529297 17.99856185913086 20.58323860168457 23.462350845336914 28.480026245117188 34.64108657836914 39.077510833740234 34.95082473754883 0.0 0.0 0.0 0.0 0.0 0.0 0.0 0.0 0.0 0.0 0.0 0.0 0.0 0.0 0.0 0.0 0.0 0.0 0.0 0.0
123.56175994873047 15.679272651672363 11.300329208374023 13.702205657958984 15.572091102600098 16.795360565185547 19.38662338256836 20.453311920166016 23.344100952148438 28.4061279296875 34.504364013671875 39.25289535522461 35.38645553588867 0.0 0.0 0.0 0.0 0.0 0.0 0.0 0.0 0.0 0.0 0.0 0.0 0.0 0.0 0.0 0.0 0.0 0.0 0.0
122.73770904541016 15.566447257995605 11.050904273986816 12.911674499511719 14.088440895080566 15.408147811889648 17.642621994018555 18.615276336669922 19.958383560180664 23.379087448120117 28.26845359802246 34.1283073425293 40.156707763671875 35.6692008972168 0.0 0.0 0.0 0.0 0.0 0.0 0.0 0.0 0.0 0.0 0.0 0.0 0.0 0.0 0.0 0.0 0.0 0.0
120.63800048828125 15.208677291870117 11.043704986572266 12.634733200073242 13.314172744750977 14.050119400024414 16.174663543701172 17.30255889892578 19.561315536499023 20.287349700927734 23.10614585876465 28.324819564819336 36.723663330078125 40.574214935302734 36.81801986694336 0.0 0.0 0.0 0.0 0.0 0.0 0.0 0.0 0.0 0.0 0.0 0.0 0.0 0.0 0.0 0.0 0.0
121.54867553710938 14.34017562866211 11.057353019714355 12.43050479888916 12.804637908935547 13.099713325500488 14.783254623413086 15.802254676818848 16.979463577270508 18.721681594848633 20.06239128112793 23.1315860748291 28.75264549255371 34.530792236328125 39.658782958984375 35.41704559326172 0.0 0.0 0.0 0.0 0.0 0.0 0.0 0.0 0.0 0.0 0.0 0.0 0.0 0.0 0.0 0.0
120.35557556152344 13.392579078674316 10.65468978881836 12.246771812438965 13.14428997039795 12.661587715148926 13.876357078552246 14.614777565002441 15.561924934387207 17.773061752319336 18.410432815551758 20.144262313842773 24.157670974731445 28.583627700805664 35.90517807006836 39.71596908569336 35.29130554199219 0.0 0.0 0.0 0.0 0.0 0.0 0.0 0.0 0.0 0.0 0.0 0.0 0.0 0.0 0.0
120.00206756591797 12.407258033752441 9.930631637573242 11.75426959991455 12.55809211730957 12.590709686279297 13.923844337463379 13.599272727966309 14.325761795043945 15.66726016998291 17.32546615600586 18.66718101501465 20.49240493774414 22.832984924316406 28.724773406982422 35.933021545410156 39.90277862548828 35.320640563964844 0.0 0.0 0.0 0.0 0.0 0.0 0.0 0.0 0.0 0.0 0.0 0.0 0.0 0.0
118.87435150146484 11.773236274719238 9.240050315856934 10.951634407043457 11.828899383544922 12.39571475982666 13.082691192626953 13.232744216918945 13.248287200927734 14.253630638122559 15.445066452026367 17.44610023498535 18.89265251159668 19.98150634765625 24.43256950378418 28.353391647338867 35.35305404663086 41.56977844238281 36.21552276611328 0.0 0.0 0.0 0.0 0.0 0.0 0.0 0.0 0.0 0.0 0.0 0.0 0.0
118.59475708007812 11.13789176940918 9.086996078491211 10.543951034545898 11.370354652404785 11.897989273071289 13.114668846130371 13.860855102539062 13.10783576965332 13.499218940734863 14.192771911621094 16.03045654296875 17.415912628173828 18.355690002441406 20.808975219726562 25.241493225097656 29.021963119506836 35.1668701171875 40.040523529052734 35.50181198120117 0.0 0.0 0.0 0.0 0.0 0.0 0.0 0.0 0.0 0.0 0.0 0.0
118.88937377929688 9.86763858795166 8.657108306884766 9.983129501342773 10.527138710021973 11.187713623046875 12.419367790222168 12.844393730163574 12.88789176940918 13.122537612915039 13.20484733581543 14.37427043914795 16.21339988708496 17.330739974975586 19.108985900878906 20.33246421813965 23.819719314575195 28.316099166870117 35.41131591796875 39.684112548828125 35.52587890625 0.0 0.0 0.0 0.0 0.0 0.0 0.0 0.0 0.0 0.0 0.0
117.86473846435547 8.969405174255371 8.04412841796875 9.553982734680176 10.288899421691895 10.617110252380371 11.476651191711426 12.045225143432617 12.615447044372559 12.995009422302246 12.857510566711426 13.594650268554688 14.686657905578613 16.05323028564453 17.993045806884766 18.44317626953125 20.814579010009766 23.3773136138916 29.089954376220703 35.037261962890625 41.05853271484375 36.114742279052734 0.0 0.0 0.0 0.0 0.0 0.0 0.0 0.0 0.0 0.0
117.01077270507812 8.128227233886719 7.1731085777282715 8.6633939743042 9.894782066345215 10.086970329284668 11.134235382080078 11.374614715576172 11.910660743713379 12.809032440185547 12.78841495513916 12.939535140991211 14.143929481506348 14.361875534057617 16.598691940307617 17.651308059692383 19.209978103637695 20.15089225769043 24.072900772094727 29.664648056030273 35.68172836303711 40.34574508666992 37.148040771484375 0.0 0.0 0.0 0.0 0.0 0.0 0.0 0.0 0.0
117.07709503173828 8.013931274414062 6.629500389099121 8.067889213562012 8.93198013305664 9.768489837646484 10.687700271606445 10.805269241333008 11.118699073791504 12.194961547851562 12.415374755859375 13.056285858154297 13.176959037780762 13.394408226013184 14.88306999206543 15.801873207092285 17.695947647094727 18.30805015563965 20.648651123046875 24.09170913696289 29.275863647460938 36.015663146972656 40.847347259521484 36.02019119262695 0.0 0.0 0.0 0.0 0.0 0.0 0.0 0.0
117.24833679199219 8.68415355682373 6.314700603485107 7.33800745010376 8.123892784118652 8.924262046813965 10.237549781799316 10.5117826461792 10.615251541137695 11.116815567016602 11.688199996948242 12.557357788085938 12.825461387634277 12.962432861328125 13.893442153930664 14.348474502563477 15.86528205871582 17.039562225341797 18.874792098999023 20.947019577026367 23.465648651123047 28.704130172729492 36.65349578857422 40.3699836730957 35.478355407714844 0.0 0.0 0.0 0.0 0.0 0.0 0.0
116.9429702758789 9.127950668334961 6.794917583465576 7.204793930053711 7.528067111968994 8.14974308013916 9.27492904663086 9.784392356872559 10.197061538696289 10.666731834411621 11.069561004638672 11.992379188537598 12.576980590820312 12.785466194152832 13.572906494140625 13.400836944580078 14.369729995727539 15.576054573059082 17.406949996948242 19.030776977539062 20.428075790405273 23.53614616394043 29.514711380004883 35.782073974609375 39.73152160644531 36.53725051879883 0.0 0.0 0.0 0.0 0.0 0.0
115.97657775878906 8.847760200500488 7.197412490844727 7.491453170776367 7.340158939361572 7.425340175628662 8.327033996582031 8.953136444091797 9.775938987731934 10.21249008178711 10.42164421081543 11.195029258728027 11.909656524658203 12.338993072509766 13.177471160888672 13.100885391235352 13.559514999389648 14.244688034057617 15.932971000671387 18.592044830322266 18.346939086914062 20.311851501464844 24.676633834838867 30.95197868347168 35.621559143066406 40.69951629638672 35.85742950439453 0.0 0.0 0.0 0.0 0.0
115.76837921142578 7.800755977630615 7.511128902435303 8.149299621582031 7.711743354797363 7.441811561584473 7.758520126342773 8.192484855651855 8.95621395111084 9.759305000305176 10.171287536621094 10.791895866394043 11.279169082641602 11.952609062194824 12.984089851379395 12.86417293548584 13.254100799560547 13.242323875427246 14.490143775939941 16.470849990844727 17.345870971679688 18.654155731201172 21.163917541503906 24.20111083984375 29.519023895263672 36.53791046142578 39.95235061645508 36.565277099609375 0.0 0.0 0.0 0.0
115.39463806152344 6.458277702331543 6.855931282043457 8.219561576843262 8.15731430053711 7.977810859680176 7.545859336853027 7.504799842834473 8.145394325256348 9.019878387451172 9.7338228225708 10.309163093566895 10.903338432312012 11.110869407653809 12.502863883972168 12.547998428344727 13.041254043579102 12.851676940917969 13.723788261413574 14.857977867126465 16.000019073486328 17.520097732543945 19.201784133911133 21.56743621826172 24.435579299926758 30.29438018798828 35.7313346862793 40.26304626464844 36.16004943847656 0.0 0.0 0.0
115.57707977294922 5.664035320281982 5.941029071807861 7.687357425689697 8.2798433303833 8.335549354553223 8.122270584106445 7.411509037017822 7.517300605773926 8.167143821716309 8.955169677734375 9.87628173828125 10.405953407287598 10.590054512023926 11.656011581420898 11.955617904663086 12.800592422485352 12.855305671691895 13.314949989318848 14.283556938171387 14.435402870178223 16.02705192565918 18.02770233154297 19.077131271362305 21.01149559020996 24.523195266723633 29.08229637145996 36.03425979614258 40.20326232910156 35.640933990478516 0.0 0.0
115.33320617675781 5.674189567565918 5.336740016937256 6.690492153167725 7.813210964202881 8.480975151062012 8.512590408325195 7.855915069580078 7.327061653137207 7.617166519165039 8.198405265808105 9.2049560546875 9.885034561157227 10.14496898651123 11.150510787963867 11.306923866271973 12.129526138305664 12.61463737487793 13.181784629821777 13.395962715148926 13.475383758544922 14.478407859802246 16.440502166748047 17.934938430786133 19.1688175201416 20.876651763916016 24.00074577331543 29.452754974365234 35.54621124267578 40.50725173950195 36.018943786621094 0.0
115.60433197021484 6.409215450286865 5.340825080871582 6.005441665649414 6.728240489959717 7.62165641784668 8.47666072845459 8.235451698303223 7.672729969024658 7.347946643829346 7.3737382888793945 8.182804107666016 9.103861808776855 9.674646377563477 10.570075035095215 10.656682968139648 11.165996551513672 11.895360946655273 12.82863998413086 13.363022804260254 13.24770450592041 13.541974067687988 14.859683990478516 15.992437362670898 17.62561798095703 19.5762939453125 21.09324073791504 23.983142852783203 29.483116149902344 35.376346588134766 39.89498519897461 35.52139663696289
