149.9533233642578 0.0 0.0 0.0 0.0 0.0 0.0 0.0 0.0 0.0 0.0 0.0 0.0 0.0 0.0 0.0 0.0 0.0 0.0 0.0 0.0 0.0 0.0 0.0 0.0 0.0 0.0 0.0 0.0 0.0 0.0 0.0
134.1475830078125 66.99353790283203 0.0 0.0 0.0 0.0 0.0 0.0 0.0 0.0 0.0 0.0 0.0 0.0 0.0 0.0 0.0 0.0 0.0 0.0 0.0 0.0 0.0 0.0 0.0 0.0 0.0 0.0 0.0 0.0 0.0 0.0
134.179443359375 27.532934188842773 60.99705123901367 0.0 0.0 0.0 0.0 0.0 0.0 0.0 0.0 0.0 0.0 0.0 0.0 0.0 0.0 0.0 0.0 0.0 0.0 0.0 0.0 0.0 0.0 0.0 0.0 0.0 0.0 0.0 0.0 0.0
132.3009796142578 20.57485008239746 30.210420608520508 60.360652923583984 0.0 0.0 0.0 0.0 0.0 0.0 0.0 0.0 0.0 0.0 0.0 0.0 0.0 0.0 0.0 0.0 0.0 0.0 0.0 0.0 0.0 0.0 0.0 0.0 0.0 0.0 0.0 0.0
131.2341766357422 17.127309799194336 22.24016571044922 30.299951553344727 59.61861801147461 0.0 0.0 0.0 0.0 0.0 0.0 0.0 0.0 0.0 0.0 0.0 0.0 0.0 0.0 0.0 0.0 0.0 0.0 0.0 0.0 0.0 0.0 0.0 0.0 0.0 0.0 0.0
130.96380615234375 15.5686674118042 18.335166931152344 22.253217697143555 30.164878845214844 57.86079406738281 0.0 0.0 0.0 0.0 0.0 0.0 0.0 0.0 0.0 0.0 0.0 0.0 0.0 0.0 0.0 0.0 0.0 0.0 0.0 0.0 0.0 0.0 0.0 0.0 0.0 0.0
130.26673889160156 14.45216178894043 16.733966827392578 19.160749435424805 22.491037368774414 29.478212356567383 57.29545211791992 0.0 0.0 0.0 0.0 0.0 0.0 0.0 0.0 0.0 0.0 0.0 0.0 0.0 0.0 0.0 0.0 0.0 0.0 0.0 0.0 0.0 0.0 0.0 0.0 0.0
130.1139373779297 12.611246109008789 15.11192798614502 16.985992431640625 18.865304946899414 22.016799926757812 29.37671661376953 56.337364196777344 0.0 0.0 0.0 0.0 0.0 0.0 0.0 0.0 0.0 0.0 0.0 0.0 0.0 0.0 0.0 0.0 0.0 0.0 0.0 0.0 0.0 0.0 0.0 0.0
129.34280395507812 11.346441268920898 13.848398208618164 15.981925010681152 16.954513549804688 18.61842155456543 22.11516761779785 29.15947723388672 56.60494613647461 0.0 0.0 0.0 0.0 0.0 0.0 0.0 0.0 0.0 0.0 0.0 0.0 0.0 0.0 0.0 0.0 0.0 0.0 0.0 0.0 0.0 0.0 0.0
128.94822692871094 10.127341270446777 12.406939506530762 14.391778945922852 15.689557075500488 16.56096076965332 18.67267608642578 21.977453231811523 29.072389602661133 56.51907730102539 0.0 0.0 0.0 0.0 0.0 0.0 0.0 0.0 0.0 0.0 0.0 0.0 0.0 0.0 0.0 0.0 0.0 0.0 0.0 0.0 0.0 0.0
128.79917907714844 10.027311325073242 11.728482246398926 13.133055686950684 14.319195747375488 15.423410415649414 16.9014892578125 18.516775131225586 21.988279342651367 29.003643035888672 55.56032943725586 0.0 0.0 0.0 0.0 0.0 0.0 0.0 0.0 0.0 0.0 0.0 0.0 0.0 0.0 0.0 0.0 0.0 0.0 0.0 0.0 0.0
128.3948974609375 10.087359428405762 11.309412002563477 12.088712692260742 12.926555633544922 14.195448875427246 15.332358360290527 16.589418411254883 19.042970657348633 21.862754821777344 28.845293045043945 55.412235260009766 0.0 0.0 0.0 0.0 0.0 0.0 0.0 0.0 0.0 0.0 0.0 0.0 0.0 0.0 0.0 0.0 0.0 0.0 0.0 0.0
127.8455581665039 10.104701042175293 11.174653053283691 11.405686378479004 11.921728134155273 12.892744064331055 14.378482818603516 15.4104642868042 16.915937423706055 18.76375389099121 22.374576568603516 29.300018310546875 55.05927276611328 0.0 0.0 0.0 0.0 0.0 0.0 0.0 0.0 0.0 0.0 0.0 0.0 0.0 0.0 0.0 0.0 0.0 0.0 0.0
127.83930969238281 9.958348274230957 10.821552276611328 11.178784370422363 11.189845085144043 11.707056999206543 13.015554428100586 14.24171257019043 15.304522514343262 16.66069793701172 18.45038414001465 21.893259048461914 28.637149810791016 54.888214111328125 0.0 0.0 0.0 0.0 0.0 0.0 0.0 0.0 0.0 0.0 0.0 0.0 0.0 0.0 0.0 0.0 0.0 0.0
127.3197021484375 8.520681381225586 10.190339088439941 11.026128768920898 11.080526351928711 11.060713768005371 11.950713157653809 12.961106300354004 14.235137939453125 15.593511581420898 16.542343139648438 18.627511978149414 21.69790267944336 29.028961181640625 55.12548828125 0.0 0.0 0.0 0.0 0.0 0.0 0.0 0.0 0.0 0.0 0.0 0.0 0.0 0.0 0.0 0.0 0.0
127.05683898925781 7.835293769836426 9.411104202270508 10.644491195678711 10.947224617004395 10.790937423706055 11.386795043945312 11.823375701904297 12.891544342041016 14.66603946685791 15.491518020629883 17.01288414001465 18.682754516601562 22.114458084106445 28.522489547729492 54.84792709350586 0.0 0.0 0.0 0.0 0.0 0.0 0.0 0.0 0.0 0.0 0.0 0.0 0.0 0.0 0.0 0.0
126.71636962890625 7.518316268920898 8.773284912109375 9.901884078979492 10.648303985595703 10.76152229309082 11.071711540222168 11.387887001037598 12.335569381713867 13.29965591430664 14.350777626037598 16.036407470703125 17.012939453125 18.5059871673584 21.7562313079834 28.51207160949707 54.79551315307617 0.0 0.0 0.0 0.0 0.0 0.0 0.0 0.0 0.0 0.0 0.0 0.0 0.0 0.0 0.0
126.89608764648438 7.423072338104248 8.386375427246094 9.1564302444458 9.784322738647461 10.343463897705078 10.812541961669922 10.90929889678955 11.32973575592041 11.826400756835938 13.520403861999512 14.35562801361084 15.430306434631348 16.317668914794922 18.16533088684082 21.52901268005371 28.25296974182129 54.582611083984375 0.0 0.0 0.0 0.0 0.0 0.0 0.0 0.0 0.0 0.0 0.0 0.0 0.0 0.0
126.93800354003906 7.380770683288574 8.343550682067871 8.677505493164062 9.176060676574707 9.6494722366333 10.365633964538574 10.650221824645996 10.81106948852539 11.157577514648438 12.063407897949219 13.402508735656738 14.210367202758789 15.131357192993164 16.11943817138672 18.211868286132812 21.180400848388672 28.2450008392334 54.19121551513672 0.0 0.0 0.0 0.0 0.0 0.0 0.0 0.0 0.0 0.0 0.0 0.0 0.0
126.84451293945312 6.982171058654785 8.436461448669434 8.718367576599121 8.625957489013672 9.024826049804688 9.89547348022461 10.438838005065918 10.844756126403809 10.92403793334961 11.175174713134766 12.584900856018066 12.749848365783691 13.894631385803223 15.111209869384766 16.212499618530273 17.925247192382812 21.31243133544922 28.07262420654297 53.89036560058594 0.0 0.0 0.0 0.0 0.0 0.0 0.0 0.0 0.0 0.0 0.0 0.0
126.68141174316406 6.440169334411621 8.068965911865234 8.787363052368164 8.892350196838379 8.521854400634766 9.003876686096191 9.676520347595215 10.370000839233398 10.681443214416504 10.924171447753906 11.177042007446289 11.665680885314941 12.587483406066895 13.953547477722168 14.929394721984863 16.0086669921875 17.835676193237305 21.33199691772461 27.958728790283203 54.179874420166016 0.0 0.0 0.0 0.0 0.0 0.0 0.0 0.0 0.0 0.0 0.0
126.40362548828125 5.984091758728027 7.468725204467773 8.553398132324219 8.701021194458008 8.464489936828613 8.656781196594238 9.035748481750488 9.699368476867676 10.69397258758545 10.783327102661133 10.819330215454102 10.939101219177246 11.751029968261719 12.795129776000977 13.844127655029297 14.930981636047363 16.403270721435547 18.224472045898438 21.88933753967285 27.876829147338867 53.86150360107422 0.0 0.0 0.0 0.0 0.0 0.0 0.0 0.0 0.0 0.0
126.43328857421875 5.7896342277526855 6.982297897338867 8.12842845916748 8.414681434631348 8.459574699401855 8.627411842346191 8.644890785217285 9.09847354888916 9.719700813293457 10.354187965393066 10.943387985229492 10.637160301208496 11.095231056213379 11.823726654052734 12.616425514221191 13.837197303771973 14.926682472229004 16.242095947265625 17.970359802246094 21.01041603088379 27.73185157775879 53.91440963745117 0.0 0.0 0.0 0.0 0.0 0.0 0.0 0.0 0.0
126.46946716308594 6.087488651275635 6.872737884521484 7.686638355255127 8.037891387939453 8.286872863769531 8.544455528259277 8.612605094909668 8.785770416259766 9.007747650146484 9.760809898376465 10.860064506530762 10.586087226867676 11.005593299865723 11.027451515197754 11.58772087097168 12.948249816894531 13.878522872924805 15.04837417602539 16.300840377807617 17.749080657958984 21.02581024169922 27.733369827270508 53.15398025512695 0.0 0.0 0.0 0.0 0.0 0.0 0.0 0.0
125.87760925292969 6.573202133178711 7.064742088317871 7.52107572555542 7.736918926239014 7.957084655761719 8.501274108886719 8.58491325378418 8.713638305664062 8.907515525817871 9.656440734863281 10.418916702270508 10.703789710998535 11.001110076904297 10.96380615234375 11.086783409118652 11.727622032165527 12.852429389953613 13.756865501403809 15.307238578796387 15.88220500946045 17.888986587524414 21.030786514282227 27.669334411621094 53.63500213623047 0.0 0.0 0.0 0.0 0.0 0.0 0.0
126.3411636352539 6.715114593505859 7.287477970123291 7.410825252532959 7.342447757720947 7.460935592651367 8.018632888793945 8.248637199401855 8.442896842956543 8.460596084594727 8.561995506286621 8.914740562438965 9.627256393432617 10.34516429901123 10.470601081848145 10.285353660583496 10.58638858795166 11.22214412689209 12.32403564453125 13.804584503173828 14.570450782775879 15.720117568969727 17.58168601989746 20.82700538635254 27.5543270111084 53.59178924560547 0.0 0.0 0.0 0.0 0.0 0.0
126.16389465332031 6.093939304351807 7.325161457061768 7.613851547241211 7.364107608795166 7.242786884307861 7.615845680236816 7.857105255126953 8.286344528198242 8.508054733276367 8.436935424804688 8.545705795288086 9.02575969696045 9.666356086730957 10.565099716186523 10.333130836486816 10.518321990966797 10.576384544372559 11.277444839477539 12.513853073120117 13.435748100280762 14.619736671447754 15.950560569763184 17.53476333618164 20.799808502197266 27.369226455688477 53.54280090332031 0.0 0.0 0.0 0.0 0.0
126.22346496582031 5.520366668701172 6.893836498260498 7.756701946258545 7.551540374755859 7.230126857757568 7.251087665557861 7.442060470581055 7.886854648590088 8.45870304107666 8.374279975891113 8.397077560424805 8.455095291137695 9.022830963134766 9.70255184173584 10.00493049621582 10.309818267822266 10.455158233642578 10.599383354187012 11.27980899810791 12.241601943969727 13.500361442565918 14.558177947998047 15.59543228149414 17.661436080932617 20.695520401000977 27.618043899536133 53.17155456542969 0.0 0.0 0.0 0.0
126.01668548583984 5.148874282836914 6.357284069061279 7.426708221435547 7.726034164428711 7.491212844848633 7.359559059143066 7.157063007354736 7.392195701599121 7.898705959320068 8.225004196166992 8.292905807495117 8.37712287902832 8.528377532958984 9.009495735168457 9.597393035888672 9.954995155334473 10.192917823791504 10.267940521240234 10.63366985321045 11.086520195007324 12.212898254394531 13.403246879577637 14.46817398071289 15.645870208740234 17.445514678955078 21.10439682006836 27.34121322631836 53.51939010620117 0.0 0.0 0.0
125.76842498779297 5.195357322692871 6.053452014923096 6.872899532318115 7.367830753326416 7.604753017425537 7.633837699890137 7.370936393737793 7.269815444946289 7.510900974273682 7.850627899169922 8.312110900878906 8.357316970825195 8.393149375915527 8.590690612792969 8.913765907287598 9.408902168273926 10.00854778289795 10.256171226501465 10.50080680847168 10.533906936645508 11.237516403198242 12.308701515197754 13.478972434997559 14.60986328125 15.661948204040527 17.863080978393555 20.921371459960938 27.31791877746582 53.4670524597168 0.0 0.0
125.8593521118164 5.428083419799805 5.998727321624756 6.485994815826416 6.766467094421387 7.255064010620117 7.615810394287109 7.398651599884033 7.191213130950928 7.138071537017822 7.332578659057617 8.508286476135254 8.200443267822266 8.464933395385742 8.584663391113281 8.738975524902344 8.774796485900879 9.316329956054688 9.894697189331055 10.722381591796875 10.170616149902344 10.42670726776123 11.246313095092773 12.140557289123535 13.217552185058594 14.511141777038574 15.59717082977295 17.579824447631836 20.552143096923828 27.45981788635254 53.1800422668457 0.0
125.5655746459961 5.632568836212158 6.209755897521973 6.504727840423584 6.734591007232666 6.711033344268799 7.344571113586426 7.520383834838867 7.42434549331665 7.184468746185303 7.100119113922119 7.575310707092285 8.045089721679688 8.566854476928711 8.674534797668457 8.440244674682617 8.443466186523438 8.778972625732422 9.39218521118164 10.142219543457031 10.204630851745605 10.123835563659668 10.488999366760254 11.017852783203125 12.256937026977539 13.31542682647705 14.511431694030762 16.192121505737305 17.3873233795166 20.743709564208984 27.285341262817383 53.36383056640625
