149.9533233642578 0.0 0.0 0.0 0.0 0.0 0.0 0.0 0.0 0.0 0.0 0.0 0.0 0.0 0.0 0.0 0.0 0.0 0.0 0.0 0.0 0.0 0.0 0.0 0.0 0.0 0.0 0.0 0.0 0.0 0.0 0.0
149.25314331054688 14.360421180725098 0.0 0.0 0.0 0.0 0.0 0.0 0.0 0.0 0.0 0.0 0.0 0.0 0.0 0.0 0.0 0.0 0.0 0.0 0.0 0.0 0.0 0.0 0.0 0.0 0.0 0.0 0.0 0.0 0.0 0.0
148.97373962402344 9.928552627563477 13.828328132629395 0.0 0.0 0.0 0.0 0.0 0.0 0.0 0.0 0.0 0.0 0.0 0.0 0.0 0.0 0.0 0.0 0.0 0.0 0.0 0.0 0.0 0.0 0.0 0.0 0.0 0.0 0.0 0.0 0.0
148.40151977539062 10.089311599731445 12.618659019470215 14.103296279907227 0.0 0.0 0.0 0.0 0.0 0.0 0.0 0.0 0.0 0.0 0.0 0.0 0.0 0.0 0.0 0.0 0.0 0.0 0.0 0.0 0.0 0.0 0.0 0.0 0.0 0.0 0.0 0.0
147.80758666992188 10.158873558044434 13.20107650756836 12.985734939575195 13.775134086608887 0.0 0.0 0.0 0.0 0.0 0.0 0.0 0.0 0.0 0.0 0.0 0.0 0.0 0.0 0.0 0.0 0.0 0.0 0.0 0.0 0.0 0.0 0.0 0.0 0.0 0.0 0.0
147.2921600341797 11.282975196838379 13.292232513427734 12.111791610717773 11.571794509887695 14.265174865722656 0.0 0.0 0.0 0.0 0.0 0.0 0.0 0.0 0.0 0.0 0.0 0.0 0.0 0.0 0.0 0.0 0.0 0.0 0.0 0.0 0.0 0.0 0.0 0.0 0.0 0.0
147.0071258544922 10.235698699951172 13.128769874572754 12.034154891967773 10.998714447021484 11.901583671569824 13.687496185302734 0.0 0.0 0.0 0.0 0.0 0.0 0.0 0.0 0.0 0.0 0.0 0.0 0.0 0.0 0.0 0.0 0.0 0.0 0.0 0.0 0.0 0.0 0.0 0.0 0.0
146.5975341796875 10.513418197631836 12.430877685546875 11.674806594848633 11.080111503601074 12.051876068115234 11.358047485351562 13.925823211669922 0.0 0.0 0.0 0.0 0.0 0.0 0.0 0.0 0.0 0.0 0.0 0.0 0.0 0.0 0.0 0.0 0.0 0.0 0.0 0.0 0.0 0.0 0.0 0.0
146.23406982421875 10.405929565429688 12.919270515441895 11.345726013183594 10.8479642868042 11.573863983154297 10.852627754211426 11.494522094726562 13.89842700958252 0.0 0.0 0.0 0.0 0.0 0.0 0.0 0.0 0.0 0.0 0.0 0.0 0.0 0.0 0.0 0.0 0.0 0.0 0.0 0.0 0.0 0.0 0.0
145.9163360595703 9.569636344909668 12.631003379821777 11.221531867980957 10.6044340133667 12.357346534729004 10.59913158416748 10.981947898864746 11.079118728637695 13.912332534790039 0.0 0.0 0.0 0.0 0.0 0.0 0.0 0.0 0.0 0.0 0.0 0.0 0.0 0.0 0.0 0.0 0.0 0.0 0.0 0.0 0.0 0.0
145.6038818359375 9.48069953918457 12.758383750915527 10.81171703338623 9.975834846496582 12.338029861450195 10.189664840698242 10.693011283874512 10.780119895935059 11.008853912353516 14.34164047241211 0.0 0.0 0.0 0.0 0.0 0.0 0.0 0.0 0.0 0.0 0.0 0.0 0.0 0.0 0.0 0.0 0.0 0.0 0.0 0.0 0.0
145.3658905029297 9.249138832092285 12.735759735107422 11.011195182800293 10.15081787109375 10.412858009338379 10.027613639831543 10.249268531799316 10.450575828552246 10.668519020080566 11.200939178466797 14.743317604064941 0.0 0.0 0.0 0.0 0.0 0.0 0.0 0.0 0.0 0.0 0.0 0.0 0.0 0.0 0.0 0.0 0.0 0.0 0.0 0.0
145.05645751953125 9.445760726928711 12.626945495605469 10.996024131774902 10.118337631225586 10.111247062683105 9.858129501342773 10.146683692932129 10.10842227935791 10.569899559020996 10.872139930725098 11.350398063659668 14.364949226379395 0.0 0.0 0.0 0.0 0.0 0.0 0.0 0.0 0.0 0.0 0.0 0.0 0.0 0.0 0.0 0.0 0.0 0.0 0.0
144.72425842285156 8.9546537399292 12.118752479553223 10.975895881652832 10.256355285644531 11.242534637451172 9.965888023376465 10.115568161010742 10.115543365478516 10.138839721679688 10.572697639465332 11.064270973205566 10.860790252685547 14.13383674621582 0.0 0.0 0.0 0.0 0.0 0.0 0.0 0.0 0.0 0.0 0.0 0.0 0.0 0.0 0.0 0.0 0.0 0.0
144.23851013183594 8.913162231445312 12.283082962036133 11.099802017211914 9.982428550720215 10.26169490814209 10.562240600585938 10.414376258850098 10.038232803344727 9.764890670776367 10.510719299316406 10.943435668945312 11.044779777526855 11.700166702270508 14.647601127624512 0.0 0.0 0.0 0.0 0.0 0.0 0.0 0.0 0.0 0.0 0.0 0.0 0.0 0.0 0.0 0.0 0.0
143.7326202392578 9.49587631225586 12.454794883728027 11.019597053527832 10.000476837158203 12.508928298950195 9.550055503845215 10.271774291992188 10.045170783996582 9.95984935760498 10.105978965759277 10.860600471496582 10.722952842712402 11.159546852111816 11.349213600158691 14.67957878112793 0.0 0.0 0.0 0.0 0.0 0.0 0.0 0.0 0.0 0.0 0.0 0.0 0.0 0.0 0.0 0.0
143.49253845214844 8.746561050415039 12.508065223693848 11.272397994995117 10.03608226776123 10.072431564331055 9.645418167114258 10.269407272338867 9.883838653564453 9.953035354614258 10.709707260131836 10.510552406311035 10.810039520263672 10.65182876586914 11.69447135925293 11.443156242370605 14.568577766418457 0.0 0.0 0.0 0.0 0.0 0.0 0.0 0.0 0.0 0.0 0.0 0.0 0.0 0.0 0.0
143.21168518066406 8.767301559448242 13.311814308166504 11.209137916564941 10.154183387756348 10.175061225891113 10.063295364379883 9.891610145568848 9.70966911315918 9.729086875915527 10.193461418151855 10.959702491760254 10.028436660766602 10.449240684509277 10.852452278137207 10.778343200683594 11.380566596984863 14.202629089355469 0.0 0.0 0.0 0.0 0.0 0.0 0.0 0.0 0.0 0.0 0.0 0.0 0.0 0.0
142.75978088378906 8.682862281799316 13.110379219055176 11.228494644165039 9.810185432434082 10.858782768249512 9.678080558776855 10.054368019104004 9.673338890075684 10.61768913269043 10.216973304748535 11.196937561035156 10.25929069519043 10.095401763916016 10.551584243774414 10.592986106872559 10.897486686706543 11.396940231323242 14.315937995910645 0.0 0.0 0.0 0.0 0.0 0.0 0.0 0.0 0.0 0.0 0.0 0.0 0.0
142.1375732421875 8.561007499694824 12.722326278686523 11.266875267028809 10.16468334197998 9.948801040649414 9.944501876831055 11.10212516784668 9.796141624450684 10.262506484985352 10.37995719909668 11.098304748535156 10.21950626373291 12.155208587646484 10.72888469696045 10.56164264678955 10.632753372192383 11.068619728088379 11.719351768493652 14.470726013183594 0.0 0.0 0.0 0.0 0.0 0.0 0.0 0.0 0.0 0.0 0.0 0.0
141.96087646484375 8.589865684509277 13.77040958404541 10.992271423339844 10.044020652770996 10.16195011138916 9.793587684631348 10.122320175170898 9.64808464050293 10.056890487670898 10.396403312683105 10.623495101928711 10.217689514160156 10.46967887878418 10.593743324279785 10.073004722595215 10.825018882751465 10.859190940856934 11.059337615966797 11.2357759475708 14.725549697875977 0.0 0.0 0.0 0.0 0.0 0.0 0.0 0.0 0.0 0.0 0.0
141.3921356201172 8.834497451782227 12.672408103942871 11.481276512145996 10.502632141113281 11.523248672485352 9.749265670776367 10.218963623046875 9.829731941223145 10.01324462890625 10.565237045288086 11.162628173828125 10.392260551452637 10.239082336425781 10.60227108001709 10.269023895263672 10.27484130859375 11.020065307617188 10.672307968139648 10.755353927612305 12.121805191040039 14.519279479980469 0.0 0.0 0.0 0.0 0.0 0.0 0.0 0.0 0.0 0.0
141.21197509765625 8.527146339416504 13.276372909545898 11.419611930847168 10.014822006225586 10.420244216918945 9.82494831085205 10.386289596557617 9.697379112243652 9.995491981506348 10.117756843566895 10.890804290771484 10.289263725280762 11.413249969482422 10.339120864868164 10.109509468078613 10.267943382263184 10.146841049194336 10.144756317138672 10.484973907470703 11.324118614196777 11.76514720916748 14.198590278625488 0.0 0.0 0.0 0.0 0.0 0.0 0.0 0.0 0.0
141.08877563476562 8.476919174194336 12.78127670288086 11.013986587524414 9.949819564819336 10.098077774047852 9.542235374450684 10.155041694641113 9.66099739074707 9.843748092651367 10.04077434539795 10.83202838897705 10.58313274383545 10.847907066345215 10.000383377075195 10.051445960998535 10.091686248779297 10.186238288879395 10.118988990783691 10.084975242614746 10.826416015625 11.01218032836914 11.142875671386719 14.625014305114746 0.0 0.0 0.0 0.0 0.0 0.0 0.0 0.0
140.69004821777344 8.84527587890625 12.582473754882812 11.034340858459473 9.877470970153809 9.660316467285156 9.546904563903809 10.749593734741211 9.660792350769043 9.953709602355957 9.894547462463379 10.900437355041504 10.295896530151367 11.248266220092773 10.229985237121582 10.127685546875 10.084897994995117 10.003975868225098 9.925195693969727 10.003079414367676 10.313212394714355 10.771688461303711 10.651899337768555 11.812767028808594 14.445908546447754 0.0 0.0 0.0 0.0 0.0 0.0 0.0
139.6839141845703 8.5857572555542 14.412640571594238 11.82870864868164 10.068791389465332 10.438648223876953 9.57809066772461 10.420563697814941 9.701872825622559 9.675070762634277 10.710752487182617 10.726508140563965 10.268036842346191 12.3630952835083 10.700075149536133 9.981783866882324 10.165487289428711 10.781726837158203 10.276403427124023 10.300874710083008 10.870108604431152 10.69857120513916 10.880027770996094 11.58224105834961 11.515970230102539 14.119181632995605 0.0 0.0 0.0 0.0 0.0 0.0
139.9561767578125 8.454249382019043 13.433411598205566 10.996432304382324 9.908843994140625 10.045883178710938 9.65420150756836 9.75742244720459 9.570162773132324 9.6950101852417 10.196561813354492 11.235791206359863 10.311746597290039 10.879230499267578 10.450775146484375 9.854718208312988 9.993945121765137 10.588224411010742 9.946489334106445 9.770201683044434 10.342610359191895 9.997913360595703 10.292713165283203 11.013164520263672 11.176025390625 10.997835159301758 14.164926528930664 0.0 0.0 0.0 0.0 0.0
139.76744079589844 8.555292129516602 13.175406455993652 10.952686309814453 9.849204063415527 9.999360084533691 9.873296737670898 9.742076873779297 9.421331405639648 9.728368759155273 10.03454875946045 11.01675796508789 10.119155883789062 10.9684476852417 10.231913566589355 10.188918113708496 10.152375221252441 10.048272132873535 10.025915145874023 9.686576843261719 10.120101928710938 9.756590843200684 9.94153118133545 10.291925430297852 10.648138046264648 10.61042594909668 11.18759822845459 14.220919609069824 0.0 0.0 0.0 0.0
139.4769287109375 8.591196060180664 13.503693580627441 11.038498878479004 9.77457046508789 9.716501235961914 9.933894157409668 10.519964218139648 9.502498626708984 9.832123756408691 9.729121208190918 10.301262855529785 10.139108657836914 10.431318283081055 10.11236572265625 10.140237808227539 10.079683303833008 10.371857643127441 9.873858451843262 9.817544937133789 10.376423835754395 9.819886207580566 9.701011657714844 10.48105239868164 10.283868789672852 10.032665252685547 10.539895057678223 11.09061050415039 13.958377838134766 0.0 0.0 0.0
139.19940185546875 8.934581756591797 13.055390357971191 11.062750816345215 9.89030647277832 9.807779312133789 9.778306007385254 9.775177955627441 9.440985679626465 9.404936790466309 9.868806838989258 10.169821739196777 10.140653610229492 10.672380447387695 10.416090965270996 10.216715812683105 9.934014320373535 10.061418533325195 9.792135238647461 9.824541091918945 10.02517032623291 9.793407440185547 9.548373222351074 10.39493465423584 10.123834609985352 9.78410530090332 10.429607391357422 10.851221084594727 11.249356269836426 14.15237045288086 0.0 0.0
138.52139282226562 9.033617973327637 13.20087718963623 11.420281410217285 9.999164581298828 12.820048332214355 9.803020477294922 10.148831367492676 9.439772605895996 9.417937278747559 9.941380500793457 10.247204780578613 9.910399436950684 10.382871627807617 10.378327369689941 10.176663398742676 10.263399124145508 10.350534439086914 9.896296501159668 9.751082420349121 9.915440559387207 9.91191291809082 10.602341651916504 10.047245979309082 9.796930313110352 9.655132293701172 10.030887603759766 10.418487548828125 10.580589294433594 11.071100234985352 14.034473419189453 0.0
137.6161651611328 9.693631172180176 14.249683380126953 11.413012504577637 9.90600872039795 14.096844673156738 9.907086372375488 10.200333595275879 9.545695304870605 9.736593246459961 9.945040702819824 10.252389907836914 10.23696517944336 10.800555229187012 10.106220245361328 10.027933120727539 10.356471061706543 10.638545989990234 10.231049537658691 9.67586898803711 10.157820701599121 10.348939895629883 10.504923820495605 10.147859573364258 9.949538230895996 9.6322603225708 10.197708129882812 10.561406135559082 10.620421409606934 10.787919044494629 11.097539901733398 14.191509246826172
