149.9533233642578 0.0 0.0 0.0 0.0 0.0 0.0 0.0 0.0 0.0 0.0 0.0 0.0 0.0 0.0 0.0 0.0 0.0 0.0 0.0 0.0 0.0 0.0 0.0 0.0 0.0 0.0 0.0 0.0 0.0 0.0 0.0
147.54624938964844 26.69688606262207 0.0 0.0 0.0 0.0 0.0 0.0 0.0 0.0 0.0 0.0 0.0 0.0 0.0 0.0 0.0 0.0 0.0 0.0 0.0 0.0 0.0 0.0 0.0 0.0 0.0 0.0 0.0 0.0 0.0 0.0
146.27981567382812 21.05061149597168 25.343448638916016 0.0 0.0 0.0 0.0 0.0 0.0 0.0 0.0 0.0 0.0 0.0 0.0 0.0 0.0 0.0 0.0 0.0 0.0 0.0 0.0 0.0 0.0 0.0 0.0 0.0 0.0 0.0 0.0 0.0
145.1457061767578 18.9655818939209 20.423913955688477 25.274595260620117 0.0 0.0 0.0 0.0 0.0 0.0 0.0 0.0 0.0 0.0 0.0 0.0 0.0 0.0 0.0 0.0 0.0 0.0 0.0 0.0 0.0 0.0 0.0 0.0 0.0 0.0 0.0 0.0
144.15377807617188 17.815523147583008 18.332759857177734 20.022762298583984 25.463850021362305 0.0 0.0 0.0 0.0 0.0 0.0 0.0 0.0 0.0 0.0 0.0 0.0 0.0 0.0 0.0 0.0 0.0 0.0 0.0 0.0 0.0 0.0 0.0 0.0 0.0 0.0 0.0
143.26280212402344 17.55740737915039 17.103530883789062 17.504501342773438 19.757917404174805 25.714784622192383 0.0 0.0 0.0 0.0 0.0 0.0 0.0 0.0 0.0 0.0 0.0 0.0 0.0 0.0 0.0 0.0 0.0 0.0 0.0 0.0 0.0 0.0 0.0 0.0 0.0 0.0
142.6940460205078 16.693796157836914 16.07306671142578 16.086654663085938 17.272661209106445 19.846195220947266 25.16487693786621 0.0 0.0 0.0 0.0 0.0 0.0 0.0 0.0 0.0 0.0 0.0 0.0 0.0 0.0 0.0 0.0 0.0 0.0 0.0 0.0 0.0 0.0 0.0 0.0 0.0
142.03182983398438 16.09927749633789 15.569973945617676 15.366229057312012 15.990525245666504 17.23957633972168 19.563518524169922 25.229955673217773 0.0 0.0 0.0 0.0 0.0 0.0 0.0 0.0 0.0 0.0 0.0 0.0 0.0 0.0 0.0 0.0 0.0 0.0 0.0 0.0 0.0 0.0 0.0 0.0
140.9487762451172 15.899683952331543 15.59934139251709 15.187769889831543 16.139991760253906 16.15418815612793 17.48456382751465 20.128429412841797 25.639863967895508 0.0 0.0 0.0 0.0 0.0 0.0 0.0 0.0 0.0 0.0 0.0 0.0 0.0 0.0 0.0 0.0 0.0 0.0 0.0 0.0 0.0 0.0 0.0
140.5774688720703 15.025102615356445 14.6765775680542 14.194254875183105 15.209274291992188 15.122600555419922 15.98814582824707 17.217063903808594 19.66634750366211 26.070077896118164 0.0 0.0 0.0 0.0 0.0 0.0 0.0 0.0 0.0 0.0 0.0 0.0 0.0 0.0 0.0 0.0 0.0 0.0 0.0 0.0 0.0 0.0
140.11026000976562 14.95594310760498 14.412300109863281 13.73858642578125 14.030445098876953 14.511724472045898 15.191035270690918 16.050304412841797 17.039037704467773 19.603315353393555 25.71922492980957 0.0 0.0 0.0 0.0 0.0 0.0 0.0 0.0 0.0 0.0 0.0 0.0 0.0 0.0 0.0 0.0 0.0 0.0 0.0 0.0 0.0
139.59156799316406 14.419271469116211 13.88712215423584 13.579898834228516 13.70672607421875 14.086929321289062 14.6699857711792 15.383441925048828 15.815608978271484 17.06070327758789 19.66590690612793 25.414514541625977 0.0 0.0 0.0 0.0 0.0 0.0 0.0 0.0 0.0 0.0 0.0 0.0 0.0 0.0 0.0 0.0 0.0 0.0 0.0 0.0
138.8260040283203 14.529284477233887 13.792359352111816 13.34302043914795 13.546554565429688 13.893878936767578 14.466358184814453 15.072709083557129 15.542868614196777 15.98438835144043 17.428369522094727 19.409656524658203 25.305116653442383 0.0 0.0 0.0 0.0 0.0 0.0 0.0 0.0 0.0 0.0 0.0 0.0 0.0 0.0 0.0 0.0 0.0 0.0 0.0
138.72276306152344 13.666777610778809 13.333067893981934 12.954303741455078 13.191673278808594 13.390068054199219 13.695591926574707 14.076590538024902 14.431699752807617 14.861410140991211 16.12346076965332 16.911277770996094 19.032093048095703 25.106327056884766 0.0 0.0 0.0 0.0 0.0 0.0 0.0 0.0 0.0 0.0 0.0 0.0 0.0 0.0 0.0 0.0 0.0 0.0
137.9171142578125 13.407125473022461 12.986776351928711 12.898313522338867 12.864161491394043 13.123772621154785 13.451189994812012 13.821967124938965 14.22380542755127 14.727645874023438 15.976523399353027 15.95387077331543 17.10013198852539 19.670133590698242 25.080862045288086 0.0 0.0 0.0 0.0 0.0 0.0 0.0 0.0 0.0 0.0 0.0 0.0 0.0 0.0 0.0 0.0 0.0
137.73037719726562 13.004938125610352 12.560762405395508 12.377483367919922 12.630931854248047 12.84364128112793 13.104931831359863 13.781018257141113 13.930818557739258 13.98808479309082 14.526527404785156 15.005610466003418 15.809042930603027 16.89887809753418 18.97586441040039 25.010522842407227 0.0 0.0 0.0 0.0 0.0 0.0 0.0 0.0 0.0 0.0 0.0 0.0 0.0 0.0 0.0 0.0
136.61048889160156 12.96110725402832 12.4476318359375 12.217741966247559 12.832198143005371 12.697186470031738 13.058273315429688 13.738154411315918 13.972384452819824 14.357452392578125 16.228668212890625 14.590078353881836 15.233800888061523 16.086442947387695 16.85654640197754 19.219085693359375 25.321880340576172 0.0 0.0 0.0 0.0 0.0 0.0 0.0 0.0 0.0 0.0 0.0 0.0 0.0 0.0 0.0
136.61216735839844 12.848297119140625 12.221746444702148 11.896801948547363 12.378083229064941 12.444771766662598 12.746074676513672 13.005040168762207 13.194313049316406 13.649761199951172 14.023301124572754 14.087430953979492 14.409895896911621 15.298665046691895 15.544474601745605 16.708480834960938 18.850078582763672 25.517810821533203 0.0 0.0 0.0 0.0 0.0 0.0 0.0 0.0 0.0 0.0 0.0 0.0 0.0 0.0
136.1439208984375 12.62308406829834 12.193547248840332 11.839286804199219 11.859394073486328 12.26122760772705 12.386610984802246 12.917952537536621 12.982963562011719 13.226408958435059 13.871916770935059 13.81862735748291 13.969048500061035 14.545283317565918 14.757268905639648 15.573687553405762 16.709617614746094 19.54280662536621 25.16469955444336 0.0 0.0 0.0 0.0 0.0 0.0 0.0 0.0 0.0 0.0 0.0 0.0 0.0
135.35023498535156 12.52310562133789 11.944148063659668 11.819832801818848 12.127997398376465 12.153626441955566 12.257650375366211 12.552176475524902 12.689932823181152 13.484604835510254 13.704724311828613 13.594134330749512 13.862068176269531 14.149947166442871 14.428621292114258 15.069403648376465 15.732207298278809 17.02378273010254 20.256677627563477 25.11380958557129 0.0 0.0 0.0 0.0 0.0 0.0 0.0 0.0 0.0 0.0 0.0 0.0
135.08157348632812 12.272163391113281 11.879149436950684 11.692215919494629 11.969063758850098 12.006447792053223 12.135930061340332 12.338066101074219 12.412543296813965 13.023945808410645 13.623882293701172 13.226062774658203 13.238868713378906 13.780750274658203 13.841694831848145 14.31180191040039 14.788999557495117 16.19527244567871 17.428319931030273 19.093433380126953 25.008861541748047 0.0 0.0 0.0 0.0 0.0 0.0 0.0 0.0 0.0 0.0 0.0
134.89544677734375 11.998289108276367 11.686357498168945 11.5526123046875 11.75607967376709 11.873860359191895 11.84746265411377 12.078237533569336 12.198867797851562 12.44458293914795 13.213126182556152 13.011261940002441 13.119667053222656 13.372241973876953 13.426980972290039 13.944075584411621 14.135438919067383 15.41112232208252 15.564218521118164 16.49202537536621 18.866010665893555 25.021852493286133 0.0 0.0 0.0 0.0 0.0 0.0 0.0 0.0 0.0 0.0
134.3077850341797 11.86186408996582 11.48105239868164 11.462424278259277 11.689319610595703 11.96442985534668 11.979604721069336 12.124576568603516 12.290060997009277 12.446438789367676 12.78017807006836 13.154448509216309 13.124950408935547 13.481355667114258 13.448637962341309 13.386967658996582 13.745920181274414 14.442093849182129 15.003422737121582 15.482414245605469 16.614309310913086 19.064653396606445 24.738191604614258 0.0 0.0 0.0 0.0 0.0 0.0 0.0 0.0 0.0
133.9781494140625 11.903858184814453 11.453333854675293 11.288090705871582 11.57333755493164 11.88510513305664 11.885991096496582 12.010348320007324 12.039360046386719 12.200879096984863 12.432109832763672 12.62215805053711 12.795888900756836 13.194694519042969 12.977457046508789 13.107154846191406 13.263245582580566 13.996829986572266 14.16626262664795 14.832266807556152 15.455612182617188 16.707561492919922 18.911436080932617 24.860048294067383 0.0 0.0 0.0 0.0 0.0 0.0 0.0 0.0
133.62510681152344 12.009303092956543 11.324685096740723 11.168896675109863 11.328490257263184 11.531682014465332 11.757253646850586 12.02725887298584 12.055887222290039 12.166009902954102 12.590371131896973 12.59348201751709 12.6325101852417 13.098837852478027 12.880253791809082 12.935297012329102 13.036338806152344 13.422257423400879 13.642276763916016 14.106043815612793 14.658530235290527 15.38523006439209 16.501548767089844 18.55897331237793 24.647327423095703 0.0 0.0 0.0 0.0 0.0 0.0 0.0
133.18142700195312 11.910449981689453 11.283050537109375 11.03642749786377 11.269817352294922 11.407748222351074 11.44070053100586 11.799744606018066 11.971260070800781 12.3267183303833 12.178388595581055 12.220102310180664 12.635907173156738 12.532246589660645 13.097064971923828 12.784428596496582 12.874428749084473 13.035693168640137 13.187647819519043 13.658316612243652 14.420823097229004 14.740510940551758 15.502520561218262 16.368669509887695 18.657302856445312 24.579742431640625 0.0 0.0 0.0 0.0 0.0 0.0
132.64508056640625 11.584195137023926 11.114855766296387 10.907622337341309 11.131328582763672 11.256016731262207 11.403611183166504 11.733440399169922 11.95260238647461 12.036748886108398 12.3231782913208 12.290946960449219 12.477224349975586 12.441255569458008 12.715620994567871 12.550661087036133 12.714126586914062 13.309540748596191 13.195521354675293 13.327054023742676 13.88765811920166 14.281905174255371 14.506804466247559 15.216500282287598 16.50202178955078 18.904111862182617 24.756996154785156 0.0 0.0 0.0 0.0 0.0
132.27430725097656 11.274750709533691 11.048072814941406 10.816126823425293 10.8711519241333 11.06350326538086 11.34166145324707 11.38245964050293 11.595911979675293 11.974234580993652 12.993165969848633 12.256134033203125 12.440926551818848 12.269442558288574 12.512164115905762 12.356149673461914 12.391878128051758 13.534229278564453 12.839186668395996 13.046758651733398 13.144760131835938 13.619330406188965 13.865694046020508 14.384699821472168 15.179121017456055 16.83132553100586 18.66289520263672 24.85713005065918 0.0 0.0 0.0 0.0
132.2428741455078 11.066181182861328 10.785529136657715 10.687543869018555 10.801353454589844 11.00546646118164 11.09628963470459 11.251362800598145 11.369868278503418 11.634474754333496 11.98672103881836 12.267624855041504 12.224869728088379 12.192633628845215 12.24471664428711 12.177069664001465 12.153029441833496 12.46008014678955 12.497672080993652 12.762985229492188 12.830541610717773 13.252429962158203 13.418457984924316 13.685582160949707 14.443796157836914 15.309633255004883 16.283952713012695 18.845945358276367 24.600936889648438 0.0 0.0 0.0
131.54298400878906 11.172026634216309 10.891618728637695 10.611145973205566 10.737531661987305 10.893810272216797 11.08787727355957 11.304694175720215 11.386710166931152 11.512588500976562 12.11372184753418 12.30230712890625 12.131816864013672 12.205952644348145 12.105920791625977 12.198248863220215 12.058025360107422 12.565914154052734 12.297148704528809 12.712503433227539 12.634627342224121 13.014177322387695 13.106269836425781 13.32123851776123 13.877968788146973 14.607112884521484 15.191032409667969 16.59765625 19.142974853515625 24.755395889282227 0.0 0.0
131.27552795410156 11.071589469909668 10.609508514404297 10.445938110351562 10.680851936340332 10.916679382324219 11.131239891052246 11.152545928955078 11.303872108459473 11.495248794555664 11.735921859741211 11.95246696472168 12.196203231811523 12.118436813354492 12.290205001831055 12.393733024597168 12.078194618225098 12.321739196777344 12.410240173339844 12.377152442932129 12.740202903747559 12.728645324707031 12.87883472442627 12.912413597106934 13.198810577392578 13.851008415222168 14.381776809692383 15.442667961120605 16.412370681762695 18.345491409301758 24.55968475341797 0.0
130.7641143798828 11.192111015319824 10.569472312927246 10.379950523376465 10.492623329162598 10.701811790466309 10.986409187316895 11.20899772644043 11.44196891784668 11.32786750793457 11.607784271240234 11.793656349182129 11.743765830993652 12.163239479064941 12.20068645477295 12.234856605529785 12.017581939697266 12.258970260620117 12.969683647155762 12.101631164550781 12.703866004943848 12.59930419921875 12.925187110900879 12.741612434387207 12.741153717041016 13.581669807434082 13.808919906616211 14.420369148254395 15.268540382385254 16.004653930664062 18.68333625793457 24.636978149414062
