149.9533233642578 0.0 0.0 0.0 0.0 0.0 0.0 0.0 0.0 0.0 0.0 0.0 0.0 0.0 0.0 0.0 0.0 0.0 0.0 0.0 0.0 0.0 0.0 0.0 0.0 0.0 0.0 0.0 0.0 0.0 0.0 0.0
146.9638214111328 29.74359893798828 0.0 0.0 0.0 0.0 0.0 0.0 0.0 0.0 0.0 0.0 0.0 0.0 0.0 0.0 0.0 0.0 0.0 0.0 0.0 0.0 0.0 0.0 0.0 0.0 0.0 0.0 0.0 0.0 0.0 0.0
141.4356689453125 45.891483306884766 19.311626434326172 0.0 0.0 0.0 0.0 0.0 0.0 0.0 0.0 0.0 0.0 0.0 0.0 0.0 0.0 0.0 0.0 0.0 0.0 0.0 0.0 0.0 0.0 0.0 0.0 0.0 0.0 0.0 0.0 0.0
137.59898376464844 42.77323532104492 36.26173782348633 20.124561309814453 0.0 0.0 0.0 0.0 0.0 0.0 0.0 0.0 0.0 0.0 0.0 0.0 0.0 0.0 0.0 0.0 0.0 0.0 0.0 0.0 0.0 0.0 0.0 0.0 0.0 0.0 0.0 0.0
134.047607421875 38.872737884521484 36.313743591308594 35.439659118652344 20.704669952392578 0.0 0.0 0.0 0.0 0.0 0.0 0.0 0.0 0.0 0.0 0.0 0.0 0.0 0.0 0.0 0.0 0.0 0.0 0.0 0.0 0.0 0.0 0.0 0.0 0.0 0.0 0.0
131.4275665283203 35.52920150756836 32.690216064453125 35.313987731933594 34.95980453491211 20.236677169799805 0.0 0.0 0.0 0.0 0.0 0.0 0.0 0.0 0.0 0.0 0.0 0.0 0.0 0.0 0.0 0.0 0.0 0.0 0.0 0.0 0.0 0.0 0.0 0.0 0.0 0.0
128.8678741455078 34.53211975097656 29.572948455810547 32.303340911865234 34.76791763305664 34.07554626464844 19.887901306152344 0.0 0.0 0.0 0.0 0.0 0.0 0.0 0.0 0.0 0.0 0.0 0.0 0.0 0.0 0.0 0.0 0.0 0.0 0.0 0.0 0.0 0.0 0.0 0.0 0.0
126.56263732910156 33.39700698852539 28.14662742614746 29.65818977355957 32.22560119628906 34.64179992675781 32.82098388671875 19.027177810668945 0.0 0.0 0.0 0.0 0.0 0.0 0.0 0.0 0.0 0.0 0.0 0.0 0.0 0.0 0.0 0.0 0.0 0.0 0.0 0.0 0.0 0.0 0.0 0.0
125.74674987792969 32.02095413208008 26.365604400634766 27.3375186920166 28.893932342529297 31.265478134155273 32.558860778808594 31.304733276367188 18.723567962646484 0.0 0.0 0.0 0.0 0.0 0.0 0.0 0.0 0.0 0.0 0.0 0.0 0.0 0.0 0.0 0.0 0.0 0.0 0.0 0.0 0.0 0.0 0.0
124.32931518554688 30.054439544677734 25.624977111816406 26.32861328125 27.097335815429688 28.37668800354004 30.20497703552246 32.076499938964844 30.754924774169922 18.585037231445312 0.0 0.0 0.0 0.0 0.0 0.0 0.0 0.0 0.0 0.0 0.0 0.0 0.0 0.0 0.0 0.0 0.0 0.0 0.0 0.0 0.0 0.0
123.31278991699219 28.263574600219727 24.5567569732666 25.41178321838379 25.91912269592285 26.26814842224121 27.282190322875977 29.868125915527344 31.2702579498291 30.473054885864258 18.02128028869629 0.0 0.0 0.0 0.0 0.0 0.0 0.0 0.0 0.0 0.0 0.0 0.0 0.0 0.0 0.0 0.0 0.0 0.0 0.0 0.0 0.0
122.36356353759766 27.088518142700195 23.076194763183594 24.576736450195312 25.409605026245117 25.413612365722656 25.713708877563477 27.134737014770508 29.00412940979004 30.458728790283203 29.53917121887207 17.586471557617188 0.0 0.0 0.0 0.0 0.0 0.0 0.0 0.0 0.0 0.0 0.0 0.0 0.0 0.0 0.0 0.0 0.0 0.0 0.0 0.0
121.59486389160156 26.389219284057617 21.57356834411621 23.25444221496582 24.44895362854004 24.652366638183594 24.79195785522461 25.361053466796875 26.46854019165039 28.503461837768555 29.835636138916016 28.780508041381836 17.328815460205078 0.0 0.0 0.0 0.0 0.0 0.0 0.0 0.0 0.0 0.0 0.0 0.0 0.0 0.0 0.0 0.0 0.0 0.0 0.0
120.77064514160156 25.441055297851562 20.580350875854492 21.745628356933594 22.954824447631836 23.90247917175293 24.059545516967773 24.550168991088867 24.864112854003906 25.993703842163086 28.254947662353516 29.65749740600586 28.37484359741211 17.23469352722168 0.0 0.0 0.0 0.0 0.0 0.0 0.0 0.0 0.0 0.0 0.0 0.0 0.0 0.0 0.0 0.0 0.0 0.0
119.83822631835938 25.396987915039062 20.562328338623047 21.1409969329834 21.765581130981445 22.774169921875 23.919404983520508 24.08735466003418 24.062198638916016 24.465091705322266 25.89644432067871 27.359539031982422 28.6538028717041 27.737205505371094 16.591825485229492 0.0 0.0 0.0 0.0 0.0 0.0 0.0 0.0 0.0 0.0 0.0 0.0 0.0 0.0 0.0 0.0 0.0
119.14189910888672 24.280216217041016 20.080167770385742 20.54579734802246 20.94744300842285 21.7132568359375 22.302827835083008 23.093685150146484 23.511728286743164 23.86051368713379 24.40680694580078 25.500614166259766 27.1751651763916 28.751487731933594 26.942411422729492 16.52836036682129 0.0 0.0 0.0 0.0 0.0 0.0 0.0 0.0 0.0 0.0 0.0 0.0 0.0 0.0 0.0 0.0
118.73725128173828 23.87371063232422 19.689647674560547 20.28104591369629 20.469470977783203 20.883195877075195 21.415729522705078 22.33469009399414 22.879756927490234 23.0238037109375 23.4881534576416 23.83333969116211 24.796287536621094 26.391036987304688 27.45435333251953 26.460294723510742 16.260576248168945 0.0 0.0 0.0 0.0 0.0 0.0 0.0 0.0 0.0 0.0 0.0 0.0 0.0 0.0 0.0
117.91536712646484 23.0551815032959 18.788618087768555 19.7077693939209 20.274904251098633 20.113117218017578 20.15311050415039 21.107851028442383 21.85828971862793 22.82126235961914 23.258777618408203 23.105823516845703 23.553070068359375 25.127901077270508 26.045120239257812 27.09847640991211 26.59660530090332 16.09226417541504 0.0 0.0 0.0 0.0 0.0 0.0 0.0 0.0 0.0 0.0 0.0 0.0 0.0 0.0
117.58428955078125 22.9832706451416 18.198970794677734 19.407743453979492 19.88871192932129 19.960159301757812 19.776193618774414 20.10919952392578 20.8127384185791 21.472164154052734 22.293155670166016 22.47496795654297 22.540287017822266 23.422740936279297 24.044221878051758 25.631799697875977 26.836566925048828 25.933225631713867 15.829355239868164 0.0 0.0 0.0 0.0 0.0 0.0 0.0 0.0 0.0 0.0 0.0 0.0 0.0
116.84941864013672 23.07244300842285 17.785551071166992 18.6910343170166 19.32234001159668 19.599313735961914 19.64004135131836 19.615760803222656 19.849102020263672 20.671836853027344 21.525100708007812 21.843730926513672 22.35251808166504 22.458667755126953 22.58955955505371 23.834043502807617 25.396881103515625 26.5278377532959 25.691146850585938 15.817534446716309 0.0 0.0 0.0 0.0 0.0 0.0 0.0 0.0 0.0 0.0 0.0 0.0
115.79605865478516 22.83920669555664 17.706741333007812 18.384084701538086 18.67896842956543 19.103485107421875 19.44439125061035 19.569747924804688 19.429841995239258 19.694292068481445 20.403701782226562 20.918628692626953 21.588850021362305 22.427688598632812 22.224382400512695 22.711898803710938 24.03107261657715 25.140596389770508 26.450977325439453 25.776363372802734 15.954593658447266 0.0 0.0 0.0 0.0 0.0 0.0 0.0 0.0 0.0 0.0 0.0
115.30690002441406 22.221324920654297 17.673969268798828 18.162382125854492 18.254011154174805 18.63794708251953 18.87445068359375 19.20241928100586 19.227313995361328 19.258586883544922 19.547008514404297 19.959087371826172 20.72966957092285 21.500165939331055 21.836353302001953 22.01819610595703 22.416004180908203 23.552946090698242 25.287673950195312 26.266172409057617 25.363496780395508 15.52828598022461 0.0 0.0 0.0 0.0 0.0 0.0 0.0 0.0 0.0 0.0
114.86906433105469 21.302255630493164 17.559980392456055 18.46763801574707 18.268226623535156 18.3358154296875 18.40017318725586 18.673677444458008 18.734256744384766 18.940723419189453 19.075687408447266 19.370624542236328 19.84172821044922 21.067123413085938 21.06249237060547 21.544878005981445 21.69639778137207 22.233949661254883 23.257692337036133 24.737123489379883 25.748756408691406 24.824398040771484 15.374398231506348 0.0 0.0 0.0 0.0 0.0 0.0 0.0 0.0 0.0
114.62947082519531 20.417713165283203 16.658876419067383 17.810054779052734 17.84880256652832 17.99069595336914 18.167877197265625 18.192047119140625 18.411083221435547 18.650461196899414 18.79014015197754 18.890207290649414 18.974157333374023 20.07697105407715 20.27073097229004 20.954540252685547 21.255807876586914 21.55064582824707 22.04981803894043 23.1994571685791 24.382465362548828 25.446826934814453 24.557479858398438 15.25191593170166 0.0 0.0 0.0 0.0 0.0 0.0 0.0 0.0
114.4026870727539 20.359928131103516 15.940751075744629 17.08203887939453 17.4694766998291 17.869924545288086 17.87261962890625 17.76653480529785 18.042770385742188 18.2044734954834 18.557266235351562 18.67739486694336 18.483816146850586 19.256103515625 19.28567886352539 19.964094161987305 20.64139175415039 20.89875030517578 21.14937973022461 21.561904907226562 22.771181106567383 24.132368087768555 25.151512145996094 24.55885887145996 15.17491340637207 0.0 0.0 0.0 0.0 0.0 0.0 0.0
114.05400848388672 20.514902114868164 15.493725776672363 16.233638763427734 16.70751190185547 17.19093132019043 17.457494735717773 17.627538681030273 17.5784854888916 17.786054611206055 18.014934539794922 18.289403915405273 18.26346778869629 18.515291213989258 18.502355575561523 19.174701690673828 19.806045532226562 20.37628746032715 21.073955535888672 21.10565948486328 21.669261932373047 22.515947341918945 23.927745819091797 25.074235916137695 24.235612869262695 15.037593841552734 0.0 0.0 0.0 0.0 0.0 0.0
113.36531066894531 20.06561279296875 15.173949241638184 15.801993370056152 16.162294387817383 16.720190048217773 17.16144371032715 17.351919174194336 17.576858520507812 17.490707397460938 17.72935676574707 17.96083641052246 17.99028968811035 18.232406616210938 18.117534637451172 18.413284301757812 19.114166259765625 19.711666107177734 20.54266357421875 21.146886825561523 21.09060287475586 21.378942489624023 22.267711639404297 23.782655715942383 25.14605140686035 24.397096633911133 14.909294128417969 0.0 0.0 0.0 0.0 0.0
113.13028717041016 19.468122482299805 15.265971183776855 15.783944129943848 15.488825798034668 15.793070793151855 16.265153884887695 17.013824462890625 17.103303909301758 17.064685821533203 17.1977596282959 17.620145797729492 17.62373161315918 18.248489379882812 17.844463348388672 18.078203201293945 18.24016571044922 18.894390106201172 19.87845802307129 20.420610427856445 20.520971298217773 20.64097023010254 21.298633575439453 22.513010025024414 24.039621353149414 24.721105575561523 24.111135482788086 14.844202995300293 0.0 0.0 0.0 0.0
112.18368530273438 19.243783950805664 15.07270622253418 15.706284523010254 15.555970191955566 15.7271146774292 15.805645942687988 16.280712127685547 16.724973678588867 17.0606689453125 17.101600646972656 17.243921279907227 17.346635818481445 18.471778869628906 17.751789093017578 17.928043365478516 17.910511016845703 18.13233757019043 19.039567947387695 19.91912269592285 20.27524757385254 20.37848663330078 20.54723358154297 21.284048080444336 22.750835418701172 23.872905731201172 24.819948196411133 23.96497917175293 14.863709449768066 0.0 0.0 0.0
111.94770812988281 18.80907440185547 14.740413665771484 15.634865760803223 15.523299217224121 15.579097747802734 15.322431564331055 15.57585334777832 16.076526641845703 16.479299545288086 16.876813888549805 16.932188034057617 16.986122131347656 17.931608200073242 17.43270492553711 17.731224060058594 17.698436737060547 17.807071685791016 18.36956787109375 18.92037582397461 19.51984977722168 19.909372329711914 20.22284507751465 20.738372802734375 21.598033905029297 22.28826141357422 23.583324432373047 24.582592010498047 23.61153793334961 14.828381538391113 0.0 0.0
111.66879272460938 18.545883178710938 14.250743865966797 15.168099403381348 15.496847152709961 15.565751075744629 15.150898933410645 15.081734657287598 15.393199920654297 16.10064125061035 16.53731346130371 16.7899112701416 16.933719635009766 17.728574752807617 17.17036247253418 17.41701889038086 17.489599227905273 17.5484676361084 17.77901268005371 18.18646812438965 18.735692977905273 19.1471004486084 19.710308074951172 20.225229263305664 20.483238220214844 20.87333106994629 22.047412872314453 23.459035873413086 24.4298095703125 23.774593353271484 14.668749809265137 0.0
110.92512512207031 19.920495986938477 14.3773193359375 14.672759056091309 15.363520622253418 16.392765045166016 16.523880004882812 15.200223922729492 15.305405616760254 15.664876937866211 15.911738395690918 16.280302047729492 16.70984649658203 17.20128059387207 16.640718460083008 16.93071746826172 17.091846466064453 17.19016456604004 17.592939376831055 17.668718338012695 18.23186492919922 18.292495727539062 19.04258918762207 19.577831268310547 19.96787452697754 20.143678665161133 20.7941837310791 21.807147979736328 23.268335342407227 24.041406631469727 23.297653198242188 14.716560363769531
