149.9533233642578 0.0 0.0 0.0 0.0 0.0 0.0 0.0 0.0 0.0 0.0 0.0 0.0 0.0 0.0 0.0 0.0 0.0 0.0 0.0 0.0 0.0 0.0 0.0 0.0 0.0 0.0 0.0 0.0 0.0 0.0 0.0
144.83131408691406 38.81528091430664 0.0 0.0 0.0 0.0 0.0 0.0 0.0 0.0 0.0 0.0 0.0 0.0 0.0 0.0 0.0 0.0 0.0 0.0 0.0 0.0 0.0 0.0 0.0 0.0 0.0 0.0 0.0 0.0 0.0 0.0
139.20663452148438 40.90560531616211 37.83163070678711 0.0 0.0 0.0 0.0 0.0 0.0 0.0 0.0 0.0 0.0 0.0 0.0 0.0 0.0 0.0 0.0 0.0 0.0 0.0 0.0 0.0 0.0 0.0 0.0 0.0 0.0 0.0 0.0 0.0
135.90037536621094 38.10504913330078 34.02541732788086 37.474422454833984 0.0 0.0 0.0 0.0 0.0 0.0 0.0 0.0 0.0 0.0 0.0 0.0 0.0 0.0 0.0 0.0 0.0 0.0 0.0 0.0 0.0 0.0 0.0 0.0 0.0 0.0 0.0 0.0
132.35096740722656 37.31828308105469 32.007354736328125 33.16834259033203 38.06574249267578 0.0 0.0 0.0 0.0 0.0 0.0 0.0 0.0 0.0 0.0 0.0 0.0 0.0 0.0 0.0 0.0 0.0 0.0 0.0 0.0 0.0 0.0 0.0 0.0 0.0 0.0 0.0
129.72679138183594 35.2879524230957 30.039976119995117 31.064821243286133 32.8699951171875 38.22227096557617 0.0 0.0 0.0 0.0 0.0 0.0 0.0 0.0 0.0 0.0 0.0 0.0 0.0 0.0 0.0 0.0 0.0 0.0 0.0 0.0 0.0 0.0 0.0 0.0 0.0 0.0
128.37698364257812 33.46599578857422 28.316177368164062 28.890718460083008 30.443971633911133 32.248531341552734 35.76335525512695 0.0 0.0 0.0 0.0 0.0 0.0 0.0 0.0 0.0 0.0 0.0 0.0 0.0 0.0 0.0 0.0 0.0 0.0 0.0 0.0 0.0 0.0 0.0 0.0 0.0
126.3299331665039 32.697208404541016 27.103260040283203 27.509857177734375 28.748046875 30.201284408569336 31.240530014038086 35.33819580078125 0.0 0.0 0.0 0.0 0.0 0.0 0.0 0.0 0.0 0.0 0.0 0.0 0.0 0.0 0.0 0.0 0.0 0.0 0.0 0.0 0.0 0.0 0.0 0.0
124.90169525146484 31.26679801940918 26.096725463867188 26.16338539123535 27.30652618408203 28.367158889770508 28.685195922851562 30.39215850830078 35.24922180175781 0.0 0.0 0.0 0.0 0.0 0.0 0.0 0.0 0.0 0.0 0.0 0.0 0.0 0.0 0.0 0.0 0.0 0.0 0.0 0.0 0.0 0.0 0.0
124.07050323486328 29.592906951904297 24.905691146850586 25.06617546081543 26.21382713317871 26.62914276123047 26.943614959716797 28.03697395324707 30.16664695739746 33.86448669433594 0.0 0.0 0.0 0.0 0.0 0.0 0.0 0.0 0.0 0.0 0.0 0.0 0.0 0.0 0.0 0.0 0.0 0.0 0.0 0.0 0.0 0.0
123.24285125732422 28.063804626464844 23.85365867614746 24.017887115478516 24.872800827026367 25.294654846191406 25.574329376220703 26.189767837524414 27.614627838134766 29.01140594482422 34.031429290771484 0.0 0.0 0.0 0.0 0.0 0.0 0.0 0.0 0.0 0.0 0.0 0.0 0.0 0.0 0.0 0.0 0.0 0.0 0.0 0.0 0.0
123.04540252685547 26.666412353515625 22.54330062866211 22.699995040893555 23.684659957885742 24.0078067779541 24.354202270507812 24.642024993896484 25.740447998046875 26.521156311035156 28.66999626159668 32.9013557434082 0.0 0.0 0.0 0.0 0.0 0.0 0.0 0.0 0.0 0.0 0.0 0.0 0.0 0.0 0.0 0.0 0.0 0.0 0.0 0.0
122.90963745117188 25.55719566345215 21.42295265197754 21.561676025390625 22.68963623046875 23.036623001098633 23.207429885864258 23.408065795898438 24.354875564575195 24.876644134521484 26.443111419677734 27.908912658691406 31.258304595947266 0.0 0.0 0.0 0.0 0.0 0.0 0.0 0.0 0.0 0.0 0.0 0.0 0.0 0.0 0.0 0.0 0.0 0.0 0.0
122.76367950439453 24.731800079345703 20.56781768798828 20.63837432861328 21.527719497680664 21.88028907775879 22.085214614868164 22.43364906311035 23.113380432128906 23.442276000976562 24.799304962158203 25.80870819091797 26.47746467590332 30.859298706054688 0.0 0.0 0.0 0.0 0.0 0.0 0.0 0.0 0.0 0.0 0.0 0.0 0.0 0.0 0.0 0.0 0.0 0.0
122.67410278320312 23.84265899658203 19.888059616088867 19.822391510009766 20.55295181274414 20.6820125579834 21.07831573486328 21.387041091918945 22.141582489013672 22.37080192565918 23.23246192932129 24.177278518676758 24.577945709228516 25.983617782592773 30.512609481811523 0.0 0.0 0.0 0.0 0.0 0.0 0.0 0.0 0.0 0.0 0.0 0.0 0.0 0.0 0.0 0.0 0.0
122.2194595336914 23.28262710571289 19.36537742614746 19.33024787902832 19.843948364257812 20.10883140563965 20.41118812561035 20.57908058166504 21.39674949645996 21.600500106811523 22.41298484802246 22.728897094726562 23.232528686523438 24.432382583618164 25.69883918762207 29.596290588378906 0.0 0.0 0.0 0.0 0.0 0.0 0.0 0.0 0.0 0.0 0.0 0.0 0.0 0.0 0.0 0.0
122.2447280883789 22.543781280517578 18.80155372619629 18.826906204223633 19.305700302124023 19.172826766967773 19.5764217376709 19.606843948364258 20.334566116333008 20.682031631469727 21.270721435546875 21.551610946655273 21.980873107910156 22.86895751953125 24.156278610229492 24.848621368408203 29.15185546875 0.0 0.0 0.0 0.0 0.0 0.0 0.0 0.0 0.0 0.0 0.0 0.0 0.0 0.0 0.0
122.06329345703125 21.811153411865234 18.325960159301758 18.414724349975586 18.77535057067871 18.843013763427734 18.864458084106445 18.916301727294922 19.46479606628418 19.777759552001953 20.572715759277344 20.810382843017578 20.993276596069336 21.727170944213867 22.44219970703125 23.489261627197266 24.56178855895996 28.529022216796875 0.0 0.0 0.0 0.0 0.0 0.0 0.0 0.0 0.0 0.0 0.0 0.0 0.0 0.0
122.15079498291016 20.874555587768555 17.64360809326172 17.91103744506836 18.409852981567383 18.368370056152344 18.29024314880371 18.176464080810547 18.645248413085938 18.982563018798828 19.524078369140625 19.955942153930664 20.088762283325195 20.77911376953125 21.43824577331543 21.914094924926758 22.825653076171875 24.047441482543945 28.129558563232422 0.0 0.0 0.0 0.0 0.0 0.0 0.0 0.0 0.0 0.0 0.0 0.0 0.0
122.03955841064453 19.926061630249023 17.189233779907227 17.581085205078125 17.88758087158203 17.93535041809082 17.96416664123535 17.81822967529297 18.03351593017578 18.35724449157715 18.89482307434082 19.09783363342285 19.39828872680664 19.901649475097656 20.309955596923828 20.82049560546875 21.528392791748047 22.674789428710938 23.57032585144043 27.755361557006836 0.0 0.0 0.0 0.0 0.0 0.0 0.0 0.0 0.0 0.0 0.0 0.0
121.83256530761719 19.049617767333984 16.517635345458984 17.0333194732666 17.618297576904297 17.69458770751953 17.6162166595459 17.477664947509766 17.630762100219727 17.812274932861328 18.11211395263672 18.383079528808594 18.62883949279785 19.352624893188477 19.699613571166992 20.03965950012207 20.336563110351562 21.309412002563477 22.34762954711914 23.237064361572266 27.61112403869629 0.0 0.0 0.0 0.0 0.0 0.0 0.0 0.0 0.0 0.0 0.0
121.88216400146484 18.10977554321289 15.857991218566895 16.441173553466797 17.021696090698242 17.23239517211914 17.287582397460938 17.071821212768555 17.22404670715332 17.32887840270996 17.53848648071289 17.671859741210938 17.929929733276367 18.583120346069336 18.90933609008789 19.333274841308594 19.502500534057617 20.273860931396484 20.945476531982422 21.883934020996094 23.32550621032715 27.072389602661133 0.0 0.0 0.0 0.0 0.0 0.0 0.0 0.0 0.0 0.0
122.1758041381836 17.47395896911621 15.380627632141113 15.89466381072998 16.414737701416016 16.55925941467285 16.813220977783203 16.628528594970703 16.823993682861328 16.890979766845703 17.075815200805664 17.10889434814453 17.176734924316406 17.654836654663086 18.288721084594727 18.529422760009766 18.7133846282959 19.394821166992188 19.84995460510254 20.635406494140625 21.431076049804688 22.567581176757812 26.583621978759766 0.0 0.0 0.0 0.0 0.0 0.0 0.0 0.0 0.0
122.0267562866211 17.013330459594727 15.012333869934082 15.472352981567383 15.931844711303711 16.06157684326172 16.38233757019043 16.295473098754883 16.54964828491211 16.601791381835938 16.71095848083496 16.653728485107422 16.745445251464844 17.12789535522461 17.59439468383789 17.79448699951172 18.033666610717773 18.73208999633789 19.157901763916016 19.481599807739258 20.45698356628418 21.140291213989258 22.216989517211914 26.547748565673828 0.0 0.0 0.0 0.0 0.0 0.0 0.0 0.0
122.26437377929688 16.44915771484375 14.626813888549805 14.99312973022461 15.578800201416016 15.545063972473145 15.832651138305664 15.77869987487793 16.084863662719727 16.169904708862305 16.273942947387695 16.356054306030273 16.23055076599121 16.56867027282715 17.016551971435547 17.002981185913086 17.37260627746582 17.980472564697266 18.416976928710938 18.726478576660156 19.252843856811523 19.85630989074707 20.66939353942871 22.279769897460938 25.853872299194336 0.0 0.0 0.0 0.0 0.0 0.0 0.0
122.3411865234375 15.900819778442383 14.178884506225586 14.71013069152832 15.108412742614746 15.048391342163086 15.348161697387695 15.210443496704102 15.641679763793945 15.821562767028809 16.0104923248291 15.987370491027832 15.965310096740723 16.199159622192383 16.451459884643555 16.478559494018555 16.675954818725586 17.31709861755371 17.7154483795166 18.07634162902832 18.620798110961914 19.026384353637695 19.623367309570312 20.73628044128418 21.56851577758789 25.47316551208496 0.0 0.0 0.0 0.0 0.0 0.0
122.43852996826172 15.356447219848633 13.831521034240723 14.42579174041748 14.793757438659668 14.701321601867676 14.931802749633789 14.74749755859375 15.159709930419922 15.493020057678223 15.70213508605957 15.780597686767578 15.72178840637207 15.807517051696777 16.08304214477539 15.97479248046875 16.18183708190918 16.724872589111328 17.118717193603516 17.47335433959961 17.808252334594727 18.17527961730957 18.675195693969727 19.574230194091797 20.24480628967285 21.233545303344727 24.97641372680664 0.0 0.0 0.0 0.0 0.0
122.68718719482422 14.758851051330566 13.34341049194336 13.961129188537598 14.41745662689209 14.474653244018555 14.581269264221191 14.368396759033203 14.70339298248291 14.910334587097168 15.152464866638184 15.40071964263916 15.444220542907715 15.617729187011719 15.676262855529785 15.57291030883789 15.679285049438477 16.07578468322754 16.53103256225586 16.681005477905273 17.372581481933594 17.537805557250977 17.75457000732422 18.44647979736328 18.98808479309082 19.939666748046875 20.677677154541016 24.90389060974121 0.0 0.0 0.0 0.0
122.83312225341797 14.386940956115723 12.801342964172363 13.473639488220215 14.176372528076172 14.156327247619629 14.355146408081055 13.977136611938477 14.231310844421387 14.497268676757812 14.63139820098877 14.9060697555542 15.083732604980469 15.293463706970215 15.533405303955078 15.256315231323242 15.262989044189453 15.542439460754395 15.912273406982422 16.127391815185547 16.654970169067383 16.92735481262207 17.3078556060791 17.698192596435547 18.13412857055664 18.882110595703125 19.517152786254883 20.632848739624023 24.4482421875 0.0 0.0 0.0
122.62966918945312 14.259504318237305 12.60300064086914 13.151904106140137 13.824610710144043 13.829972267150879 14.154969215393066 13.806807518005371 14.00719928741455 14.154746055603027 14.24300479888916 14.514029502868652 14.760592460632324 15.076577186584473 15.44011402130127 15.030951499938965 15.080672264099121 15.300195693969727 15.550642967224121 15.689740180969238 16.15068817138672 16.37582015991211 16.799270629882812 17.204360961914062 17.55865478515625 17.962322235107422 18.388172149658203 19.475875854492188 20.384607315063477 24.398046493530273 0.0 0.0
122.63206481933594 14.036689758300781 12.556185722351074 12.91550064086914 13.273213386535645 13.389629364013672 13.876344680786133 13.530345916748047 13.745503425598145 13.862139701843262 13.88132381439209 13.989389419555664 14.187965393066406 14.577000617980957 14.971911430358887 14.916075706481934 14.88086986541748 15.043131828308105 15.131951332092285 15.354204177856445 15.61642837524414 15.881457328796387 16.30455780029297 16.605798721313477 16.798124313354492 17.39225959777832 17.57000732421875 18.373779296875 19.273422241210938 20.436250686645508 24.302845001220703 0.0
123.16578674316406 13.68200397491455 12.491352081298828 12.778170585632324 13.019699096679688 12.924338340759277 13.395127296447754 13.117795944213867 13.367015838623047 13.635329246520996 13.45995044708252 13.562187194824219 13.71185302734375 13.970834732055664 14.617327690124512 14.420138359069824 14.599905967712402 14.642107009887695 14.804924011230469 14.88967514038086 14.97706413269043 15.22638988494873 15.5198335647583 15.879903793334961 16.210206985473633 16.642494201660156 16.812925338745117 17.36173439025879 18.015560150146484 18.856473922729492 19.942533493041992 23.744400024414062
