149.9533233642578 0.0 0.0 0.0 0.0 0.0 0.0 0.0 0.0 0.0 0.0 0.0 0.0 0.0 0.0 0.0 0.0 0.0 0.0 0.0 0.0 0.0 0.0 0.0 0.0 0.0 0.0 0.0 0.0 0.0 0.0 0.0
147.59205627441406 26.446491241455078 0.0 0.0 0.0 0.0 0.0 0.0 0.0 0.0 0.0 0.0 0.0 0.0 0.0 0.0 0.0 0.0 0.0 0.0 0.0 0.0 0.0 0.0 0.0 0.0 0.0 0.0 0.0 0.0 0.0 0.0
148.37789916992188 15.962080955505371 14.560079574584961 0.0 0.0 0.0 0.0 0.0 0.0 0.0 0.0 0.0 0.0 0.0 0.0 0.0 0.0 0.0 0.0 0.0 0.0 0.0 0.0 0.0 0.0 0.0 0.0 0.0 0.0 0.0 0.0 0.0
148.1793975830078 14.250323295593262 11.492622375488281 13.811410903930664 0.0 0.0 0.0 0.0 0.0 0.0 0.0 0.0 0.0 0.0 0.0 0.0 0.0 0.0 0.0 0.0 0.0 0.0 0.0 0.0 0.0 0.0 0.0 0.0 0.0 0.0 0.0 0.0
147.86190795898438 13.12810230255127 10.588114738464355 12.340615272521973 13.53299617767334 0.0 0.0 0.0 0.0 0.0 0.0 0.0 0.0 0.0 0.0 0.0 0.0 0.0 0.0 0.0 0.0 0.0 0.0 0.0 0.0 0.0 0.0 0.0 0.0 0.0 0.0 0.0
147.6159210205078 12.252432823181152 9.948884010314941 10.929606437683105 11.752496719360352 13.630688667297363 0.0 0.0 0.0 0.0 0.0 0.0 0.0 0.0 0.0 0.0 0.0 0.0 0.0 0.0 0.0 0.0 0.0 0.0 0.0 0.0 0.0 0.0 0.0 0.0 0.0 0.0
147.62664794921875 11.35116958618164 8.996026992797852 9.502728462219238 10.255160331726074 11.217635154724121 12.585755348205566 0.0 0.0 0.0 0.0 0.0 0.0 0.0 0.0 0.0 0.0 0.0 0.0 0.0 0.0 0.0 0.0 0.0 0.0 0.0 0.0 0.0 0.0 0.0 0.0 0.0
147.4755401611328 10.869914054870605 8.512478828430176 8.959815979003906 9.498113632202148 10.456963539123535 10.60572624206543 12.293041229248047 0.0 0.0 0.0 0.0 0.0 0.0 0.0 0.0 0.0 0.0 0.0 0.0 0.0 0.0 0.0 0.0 0.0 0.0 0.0 0.0 0.0 0.0 0.0 0.0
147.14471435546875 10.589434623718262 8.448174476623535 8.64453411102295 9.567413330078125 10.022348403930664 10.083937644958496 11.023539543151855 12.57217788696289 0.0 0.0 0.0 0.0 0.0 0.0 0.0 0.0 0.0 0.0 0.0 0.0 0.0 0.0 0.0 0.0 0.0 0.0 0.0 0.0 0.0 0.0 0.0
147.11279296875 10.199481010437012 8.077576637268066 8.219158172607422 8.632891654968262 8.993037223815918 9.239561080932617 9.898571968078613 10.706073760986328 12.273855209350586 0.0 0.0 0.0 0.0 0.0 0.0 0.0 0.0 0.0 0.0 0.0 0.0 0.0 0.0 0.0 0.0 0.0 0.0 0.0 0.0 0.0 0.0
147.0067138671875 9.881877899169922 7.84770393371582 8.017786026000977 8.14717960357666 8.520230293273926 8.746078491210938 9.206419944763184 9.620123863220215 10.364398956298828 12.181875228881836 0.0 0.0 0.0 0.0 0.0 0.0 0.0 0.0 0.0 0.0 0.0 0.0 0.0 0.0 0.0 0.0 0.0 0.0 0.0 0.0 0.0
146.70175170898438 9.649781227111816 7.678296089172363 7.954127311706543 8.241198539733887 8.980681419372559 8.67388916015625 8.919832229614258 9.558591842651367 9.513388633728027 10.592089653015137 12.199769973754883 0.0 0.0 0.0 0.0 0.0 0.0 0.0 0.0 0.0 0.0 0.0 0.0 0.0 0.0 0.0 0.0 0.0 0.0 0.0 0.0
146.7200469970703 9.26689338684082 7.451172828674316 7.742180347442627 8.100122451782227 8.18863296508789 8.248373031616211 8.260087013244629 8.839422225952148 9.013307571411133 9.49544620513916 10.091720581054688 11.6008939743042 0.0 0.0 0.0 0.0 0.0 0.0 0.0 0.0 0.0 0.0 0.0 0.0 0.0 0.0 0.0 0.0 0.0 0.0 0.0
146.59762573242188 8.855188369750977 7.166976451873779 7.572841644287109 7.795334815979004 8.036429405212402 8.098981857299805 8.162992477416992 8.558143615722656 8.688701629638672 9.101530075073242 9.22865104675293 9.957308769226074 11.471902847290039 0.0 0.0 0.0 0.0 0.0 0.0 0.0 0.0 0.0 0.0 0.0 0.0 0.0 0.0 0.0 0.0 0.0 0.0
146.3017578125 8.815110206604004 7.077216625213623 7.442843914031982 7.722269535064697 8.097236633300781 8.011247634887695 8.127226829528809 8.465428352355957 8.528360366821289 9.131196022033691 9.02815055847168 9.35879135131836 10.312561988830566 11.698694229125977 0.0 0.0 0.0 0.0 0.0 0.0 0.0 0.0 0.0 0.0 0.0 0.0 0.0 0.0 0.0 0.0 0.0
146.105712890625 8.592596054077148 6.951784610748291 7.316990375518799 7.765929698944092 7.787327766418457 7.862713813781738 8.01717472076416 8.396729469299316 8.51076889038086 8.738188743591309 8.84078311920166 8.981269836425781 9.644160270690918 10.178377151489258 11.773874282836914 0.0 0.0 0.0 0.0 0.0 0.0 0.0 0.0 0.0 0.0 0.0 0.0 0.0 0.0 0.0 0.0
145.7653350830078 8.579991340637207 6.855691432952881 7.127640247344971 7.856245040893555 8.006943702697754 7.818886756896973 8.084884643554688 8.592306137084961 8.562679290771484 8.868375778198242 8.608378410339355 8.920256614685059 9.519244194030762 9.509305000305176 10.423258781433105 11.940613746643066 0.0 0.0 0.0 0.0 0.0 0.0 0.0 0.0 0.0 0.0 0.0 0.0 0.0 0.0 0.0
145.31138610839844 8.516878128051758 6.888300895690918 7.2587175369262695 7.295283317565918 7.477269649505615 7.619352340698242 7.9932451248168945 8.422690391540527 8.409089088439941 8.741096496582031 8.518921852111816 8.742454528808594 10.07781982421875 10.249626159667969 11.59880256652832 10.85537052154541 11.741312980651855 0.0 0.0 0.0 0.0 0.0 0.0 0.0 0.0 0.0 0.0 0.0 0.0 0.0 0.0
145.34532165527344 8.348414421081543 6.697361946105957 7.038913249969482 7.137909889221191 7.45542049407959 7.517689228057861 7.761080265045166 8.160760879516602 8.359041213989258 8.593474388122559 8.445417404174805 8.437965393066406 9.156659126281738 9.439915657043457 10.43185806274414 9.720218658447266 10.123833656311035 11.778514862060547 0.0 0.0 0.0 0.0 0.0 0.0 0.0 0.0 0.0 0.0 0.0 0.0 0.0
144.8651580810547 8.258832931518555 6.6866841316223145 7.022555828094482 7.135217189788818 7.397189617156982 7.482582092285156 7.683545112609863 8.060046195983887 8.419756889343262 8.78651237487793 8.479158401489258 8.4373197555542 9.378857612609863 10.197649002075195 11.330924034118652 9.753454208374023 9.479866981506348 10.456276893615723 11.968243598937988 0.0 0.0 0.0 0.0 0.0 0.0 0.0 0.0 0.0 0.0 0.0 0.0
145.00184631347656 8.058262825012207 6.688998222351074 6.925492763519287 7.101426124572754 7.305440902709961 7.412574291229248 7.490550518035889 7.797832489013672 8.108359336853027 8.510677337646484 8.458486557006836 8.311952590942383 8.591854095458984 8.695865631103516 9.24510383605957 9.062585830688477 9.383027076721191 9.7437105178833 10.258454322814941 11.83654499053955 0.0 0.0 0.0 0.0 0.0 0.0 0.0 0.0 0.0 0.0 0.0
144.87396240234375 7.988758087158203 6.606635570526123 6.92103910446167 6.952568531036377 7.29803466796875 7.317022323608398 7.381886959075928 7.629148483276367 7.887256145477295 8.323095321655273 8.419839859008789 8.181694984436035 8.689214706420898 8.451934814453125 9.81501579284668 8.468934059143066 8.796313285827637 9.152684211730957 9.625020027160645 9.883305549621582 11.647430419921875 0.0 0.0 0.0 0.0 0.0 0.0 0.0 0.0 0.0 0.0
144.7996063232422 7.936828136444092 6.5839948654174805 6.830384254455566 7.187862873077393 7.516546249389648 7.32864236831665 7.43180513381958 7.6753153800964355 7.864194393157959 8.113597869873047 8.442927360534668 8.213733673095703 8.291840553283691 8.067549705505371 8.272773742675781 8.246076583862305 8.364399909973145 8.661754608154297 9.15231704711914 9.341788291931152 9.918665885925293 11.658395767211914 0.0 0.0 0.0 0.0 0.0 0.0 0.0 0.0 0.0
144.67445373535156 7.9602813720703125 6.476377964019775 6.786064147949219 7.0853681564331055 7.239236831665039 7.281495571136475 7.302457332611084 7.577417850494385 7.5586042404174805 7.744624614715576 7.9817304611206055 8.01341724395752 8.130913734436035 8.213546752929688 8.923190116882324 8.159404754638672 8.002256393432617 8.31917953491211 8.595503807067871 8.742907524108887 9.157397270202637 9.91865348815918 12.003368377685547 0.0 0.0 0.0 0.0 0.0 0.0 0.0 0.0
144.50230407714844 7.917686462402344 6.451361179351807 6.6648850440979 6.94488525390625 7.103622913360596 7.144400596618652 7.286653518676758 8.062068939208984 7.693541049957275 7.810483455657959 8.19103717803955 7.900167942047119 7.7377190589904785 7.707385540008545 7.856679916381836 8.037659645080566 7.877249240875244 8.2127103805542 8.466938018798828 8.698744773864746 8.689467430114746 9.308857917785645 10.34067153930664 12.015212059020996 0.0 0.0 0.0 0.0 0.0 0.0 0.0
144.4137725830078 7.840948104858398 6.485033988952637 6.611574649810791 6.89719820022583 6.914985179901123 7.025664806365967 7.198444843292236 7.829792022705078 7.573275566101074 7.900902271270752 7.921573638916016 7.780948162078857 7.546967506408691 7.652297019958496 7.739891529083252 7.841106414794922 7.884777069091797 8.069900512695312 8.22637939453125 8.272163391113281 8.354304313659668 8.822822570800781 9.370033264160156 10.203306198120117 11.775724411010742 0.0 0.0 0.0 0.0 0.0 0.0
144.3312530517578 7.810361385345459 6.264864444732666 6.5296101570129395 6.666524887084961 6.900143623352051 6.889235496520996 6.948959827423096 7.201434135437012 7.159496784210205 7.452517032623291 7.842198848724365 7.54494571685791 7.486312389373779 7.592739582061768 7.7010178565979 7.813458442687988 7.944601535797119 8.016556739807129 8.037818908691406 8.124712944030762 8.146313667297363 8.577842712402344 8.974910736083984 9.406634330749512 10.1547269821167 11.771247863769531 0.0 0.0 0.0 0.0 0.0
144.28302001953125 7.7509918212890625 6.310007095336914 6.499687671661377 6.563950061798096 6.716087818145752 6.766305923461914 6.942688941955566 7.230541706085205 7.119481086730957 7.3973612785339355 7.600872039794922 7.450976848602295 7.553645610809326 7.456760883331299 7.71864652633667 7.614994525909424 7.815353870391846 7.985737323760986 7.82216215133667 7.741929054260254 7.864071369171143 8.190391540527344 8.62699031829834 8.62331485748291 9.280753135681152 9.66264820098877 11.648386001586914 0.0 0.0 0.0 0.0
144.20384216308594 7.617153644561768 6.208751678466797 6.439915657043457 6.487952709197998 6.620054721832275 6.645772457122803 6.746678829193115 6.98239803314209 7.070366382598877 7.227610111236572 7.346198081970215 7.31710958480835 7.414509296417236 7.305066108703613 7.316150188446045 7.361749172210693 7.611507415771484 7.830687046051025 7.842240333557129 7.895533561706543 7.73895788192749 7.945893287658691 8.266060829162598 8.376529693603516 8.801253318786621 9.025375366210938 9.781590461730957 11.82495403289795 0.0 0.0 0.0
143.99673461914062 7.491426944732666 6.163035869598389 6.425642967224121 6.414641857147217 6.580863952636719 6.623420238494873 6.719995021820068 6.928715229034424 7.056777000427246 7.183134078979492 7.318313121795654 7.260683059692383 7.360494613647461 7.367737770080566 7.447214603424072 7.3812360763549805 7.520553112030029 7.7331953048706055 7.669674396514893 7.81178617477417 7.760112285614014 7.908353328704834 8.138763427734375 8.515667915344238 8.51366138458252 8.671884536743164 9.074097633361816 9.906743049621582 11.752481460571289 0.0 0.0
143.88204956054688 7.366436004638672 6.071320056915283 6.392709255218506 6.380630016326904 6.629748821258545 6.601777076721191 6.672316551208496 6.9577956199646 7.0309906005859375 7.192385673522949 7.257140159606934 7.154541015625 7.220116138458252 7.377105236053467 7.507917881011963 7.304990291595459 7.4582366943359375 7.740008354187012 7.393459796905518 7.500948905944824 7.542954444885254 7.949658393859863 7.9159722328186035 7.944149017333984 8.134284973144531 8.406071662902832 8.733393669128418 9.189244270324707 9.80491828918457 11.812238693237305 0.0
143.8873291015625 7.280740737915039 5.982298374176025 6.33621883392334 6.477856636047363 6.781874179840088 6.666878700256348 6.659196376800537 7.005118370056152 6.977380275726318 7.1284565925598145 7.084214210510254 6.9924397468566895 7.304776191711426 7.241167068481445 7.237428188323975 7.248083114624023 7.272125720977783 7.579612731933594 7.214876174926758 7.218234062194824 7.266561031341553 7.508819103240967 7.60667610168457 7.525869846343994 7.679116725921631 7.895352363586426 8.275341033935547 8.691317558288574 8.998132705688477 9.749125480651855 11.617857933044434
