149.9533233642578 0.0 0.0 0.0 0.0 0.0 0.0 0.0 0.0 0.0 0.0 0.0 0.0 0.0 0.0 0.0 0.0 0.0 0.0 0.0 0.0 0.0 0.0 0.0 0.0 0.0 0.0 0.0 0.0 0.0 0.0 0.0
149.0673065185547 16.19388198852539 0.0 0.0 0.0 0.0 0.0 0.0 0.0 0.0 0.0 0.0 0.0 0.0 0.0 0.0 0.0 0.0 0.0 0.0 0.0 0.0 0.0 0.0 0.0 0.0 0.0 0.0 0.0 0.0 0.0 0.0
147.64364624023438 22.516881942749023 13.319915771484375 0.0 0.0 0.0 0.0 0.0 0.0 0.0 0.0 0.0 0.0 0.0 0.0 0.0 0.0 0.0 0.0 0.0 0.0 0.0 0.0 0.0 0.0 0.0 0.0 0.0 0.0 0.0 0.0 0.0
146.44178771972656 22.95479965209961 18.46454429626465 13.041081428527832 0.0 0.0 0.0 0.0 0.0 0.0 0.0 0.0 0.0 0.0 0.0 0.0 0.0 0.0 0.0 0.0 0.0 0.0 0.0 0.0 0.0 0.0 0.0 0.0 0.0 0.0 0.0 0.0
145.17596435546875 22.79564094543457 20.065425872802734 17.910839080810547 12.798284530639648 0.0 0.0 0.0 0.0 0.0 0.0 0.0 0.0 0.0 0.0 0.0 0.0 0.0 0.0 0.0 0.0 0.0 0.0 0.0 0.0 0.0 0.0 0.0 0.0 0.0 0.0 0.0
144.17068481445312 21.571796417236328 19.738235473632812 19.322265625 17.62891387939453 12.60356330871582 0.0 0.0 0.0 0.0 0.0 0.0 0.0 0.0 0.0 0.0 0.0 0.0 0.0 0.0 0.0 0.0 0.0 0.0 0.0 0.0 0.0 0.0 0.0 0.0 0.0 0.0
143.08998107910156 20.926742553710938 19.3450984954834 19.290464401245117 19.037137985229492 17.692028045654297 12.186638832092285 0.0 0.0 0.0 0.0 0.0 0.0 0.0 0.0 0.0 0.0 0.0 0.0 0.0 0.0 0.0 0.0 0.0 0.0 0.0 0.0 0.0 0.0 0.0 0.0 0.0
142.18861389160156 20.20722770690918 18.705074310302734 18.9055233001709 19.14078140258789 18.84207534790039 17.09942626953125 11.66033935546875 0.0 0.0 0.0 0.0 0.0 0.0 0.0 0.0 0.0 0.0 0.0 0.0 0.0 0.0 0.0 0.0 0.0 0.0 0.0 0.0 0.0 0.0 0.0 0.0
141.31678771972656 19.493453979492188 18.00252342224121 18.407381057739258 18.809772491455078 18.842466354370117 18.570770263671875 16.82579803466797 11.527682304382324 0.0 0.0 0.0 0.0 0.0 0.0 0.0 0.0 0.0 0.0 0.0 0.0 0.0 0.0 0.0 0.0 0.0 0.0 0.0 0.0 0.0 0.0 0.0
140.28570556640625 19.101703643798828 17.775501251220703 17.966524124145508 18.198776245117188 18.658016204833984 18.874767303466797 18.51226043701172 16.999807357788086 11.492767333984375 0.0 0.0 0.0 0.0 0.0 0.0 0.0 0.0 0.0 0.0 0.0 0.0 0.0 0.0 0.0 0.0 0.0 0.0 0.0 0.0 0.0 0.0
139.67373657226562 18.26789093017578 17.091888427734375 17.405902862548828 17.590864181518555 18.021432876586914 18.358415603637695 18.67962646484375 18.34673500061035 16.36163902282715 10.993629455566406 0.0 0.0 0.0 0.0 0.0 0.0 0.0 0.0 0.0 0.0 0.0 0.0 0.0 0.0 0.0 0.0 0.0 0.0 0.0 0.0 0.0
138.83937072753906 17.719694137573242 16.771852493286133 17.036165237426758 17.204917907714844 17.441120147705078 17.931476593017578 18.452503204345703 18.54205322265625 18.05265998840332 16.408283233642578 10.952713966369629 0.0 0.0 0.0 0.0 0.0 0.0 0.0 0.0 0.0 0.0 0.0 0.0 0.0 0.0 0.0 0.0 0.0 0.0 0.0 0.0
138.11936950683594 17.10263442993164 16.012554168701172 16.68048858642578 16.817790985107422 16.911930084228516 17.210439682006836 17.815876007080078 18.475074768066406 18.386558532714844 17.91180992126465 16.617677688598633 10.958869934082031 0.0 0.0 0.0 0.0 0.0 0.0 0.0 0.0 0.0 0.0 0.0 0.0 0.0 0.0 0.0 0.0 0.0 0.0 0.0
137.6502227783203 16.55996322631836 15.425498008728027 15.93077564239502 16.26063346862793 16.442546844482422 16.725873947143555 17.380657196044922 17.715890884399414 18.102474212646484 18.345897674560547 17.65846061706543 15.800847053527832 10.644835472106934 0.0 0.0 0.0 0.0 0.0 0.0 0.0 0.0 0.0 0.0 0.0 0.0 0.0 0.0 0.0 0.0 0.0 0.0
136.955810546875 16.335147857666016 15.10634708404541 15.5018949508667 15.718204498291016 16.00904083251953 16.367345809936523 16.95338249206543 17.27263069152832 17.567108154296875 18.063257217407227 18.050872802734375 17.45456314086914 16.023700714111328 10.563865661621094 0.0 0.0 0.0 0.0 0.0 0.0 0.0 0.0 0.0 0.0 0.0 0.0 0.0 0.0 0.0 0.0 0.0
136.11549377441406 16.166086196899414 14.967968940734863 15.211445808410645 15.285284042358398 15.672209739685059 16.00211524963379 16.469196319580078 16.943693161010742 17.105003356933594 17.85157012939453 17.958457946777344 17.949968338012695 18.15274429321289 15.850214958190918 10.409024238586426 0.0 0.0 0.0 0.0 0.0 0.0 0.0 0.0 0.0 0.0 0.0 0.0 0.0 0.0 0.0 0.0
135.4296112060547 15.942912101745605 14.65619945526123 15.004148483276367 15.090583801269531 15.288853645324707 15.574026107788086 16.216707229614258 16.791921615600586 17.02019691467285 17.061702728271484 17.637794494628906 17.958248138427734 18.155439376831055 17.467824935913086 15.579377174377441 10.343438148498535 0.0 0.0 0.0 0.0 0.0 0.0 0.0 0.0 0.0 0.0 0.0 0.0 0.0 0.0 0.0
134.96017456054688 15.693068504333496 14.30142879486084 14.721935272216797 14.794721603393555 14.908506393432617 15.07111930847168 15.542013168334961 16.04718780517578 16.341163635253906 16.576488494873047 17.182403564453125 17.361419677734375 18.01640510559082 17.82097053527832 17.47361183166504 15.521175384521484 10.337327003479004 0.0 0.0 0.0 0.0 0.0 0.0 0.0 0.0 0.0 0.0 0.0 0.0 0.0 0.0
134.24378967285156 15.297128677368164 13.973712921142578 14.466291427612305 14.584009170532227 14.60244369506836 14.752164840698242 15.342825889587402 16.011808395385742 16.237947463989258 16.23923110961914 16.799020767211914 17.00321388244629 17.80974578857422 17.89474868774414 17.846906661987305 17.01180648803711 15.383469581604004 10.350125312805176 0.0 0.0 0.0 0.0 0.0 0.0 0.0 0.0 0.0 0.0 0.0 0.0 0.0
133.66200256347656 15.00063419342041 13.635615348815918 14.104012489318848 14.199953079223633 14.462288856506348 14.55119514465332 14.991226196289062 15.283296585083008 15.672731399536133 16.034820556640625 16.316722869873047 16.822404861450195 17.32175064086914 17.40007972717285 17.633058547973633 17.53519630432129 17.448701858520508 15.543929100036621 10.362957000732422 0.0 0.0 0.0 0.0 0.0 0.0 0.0 0.0 0.0 0.0 0.0 0.0
133.12716674804688 14.744901657104492 13.213491439819336 13.758773803710938 13.883831024169922 14.157299995422363 14.313624382019043 15.050240516662598 15.091238021850586 15.698518753051758 15.513455390930176 16.01802635192871 16.319183349609375 16.723054885864258 16.96822166442871 17.362398147583008 17.3411865234375 17.513181686401367 17.258708953857422 15.538089752197266 10.043832778930664 0.0 0.0 0.0 0.0 0.0 0.0 0.0 0.0 0.0 0.0 0.0
132.6894073486328 14.580994606018066 13.023109436035156 13.330436706542969 13.43549633026123 13.888484001159668 14.114608764648438 14.56596565246582 14.82424259185791 15.032655715942383 15.1591796875 15.575399398803711 16.042524337768555 16.589786529541016 16.6420841217041 16.893817901611328 17.141504287719727 17.57127571105957 17.40221405029297 16.884416580200195 15.095672607421875 10.016593933105469 0.0 0.0 0.0 0.0 0.0 0.0 0.0 0.0 0.0 0.0
131.9425506591797 14.528905868530273 12.933649063110352 13.233529090881348 13.311385154724121 13.494255065917969 13.80751895904541 14.305625915527344 14.609987258911133 14.698822975158691 15.078043937683105 15.481042861938477 15.839909553527832 16.567434310913086 16.331850051879883 16.595136642456055 16.951616287231445 17.462387084960938 17.703670501708984 17.361812591552734 16.61371612548828 14.831645965576172 9.941043853759766 0.0 0.0 0.0 0.0 0.0 0.0 0.0 0.0 0.0
131.63980102539062 14.235018730163574 12.700098991394043 12.985063552856445 12.970287322998047 13.159612655639648 13.46435832977295 13.897576332092285 14.29458236694336 14.504213333129883 14.79247760772705 15.037202835083008 15.318497657775879 15.781455993652344 15.9783296585083 16.313655853271484 16.672067642211914 16.986955642700195 17.185096740722656 17.310260772705078 16.97351837158203 16.489505767822266 14.778348922729492 10.041170120239258 0.0 0.0 0.0 0.0 0.0 0.0 0.0 0.0
131.16705322265625 14.170085906982422 12.629650115966797 12.866756439208984 12.855399131774902 12.933721542358398 13.120720863342285 13.532988548278809 13.924084663391113 14.275105476379395 14.524130821228027 15.053650856018066 14.917237281799316 15.43855094909668 15.757262229919434 16.050708770751953 16.195104598999023 16.31599998474121 16.804201126098633 17.001441955566406 16.94998550415039 16.94077491760254 16.369977951049805 14.896197319030762 9.91726303100586 0.0 0.0 0.0 0.0 0.0 0.0 0.0
130.428955078125 14.254990577697754 12.461369514465332 12.708244323730469 12.950822830200195 12.786555290222168 12.875720977783203 13.24629020690918 13.690812110900879 14.296279907226562 14.43018627166748 14.904810905456543 15.075640678405762 15.497156143188477 15.393288612365723 15.89673137664795 15.949699401855469 16.056840896606445 16.67661476135254 16.612699508666992 16.70355987548828 16.926347732543945 16.78057289123535 16.427722930908203 14.739581108093262 9.90231990814209 0.0 0.0 0.0 0.0 0.0 0.0
130.23318481445312 13.6212739944458 12.173055648803711 12.372346878051758 12.426674842834473 12.53548812866211 12.645036697387695 12.95118236541748 13.250962257385254 13.83826732635498 14.031721115112305 14.46706771850586 14.668641090393066 15.019379615783691 15.098006248474121 15.271699905395508 15.674774169921875 15.846369743347168 16.249717712402344 16.4208984375 16.471609115600586 16.836246490478516 16.889711380004883 16.82267189025879 16.09619140625 14.528328895568848 9.820505142211914 0.0 0.0 0.0 0.0 0.0
130.13612365722656 13.410943984985352 12.09135913848877 12.359643936157227 12.254607200622559 12.28384780883789 12.364640235900879 12.871970176696777 12.92019271850586 13.185546875 13.496915817260742 14.019735336303711 14.253578186035156 14.692767143249512 14.621407508850098 14.76138687133789 15.057479858398438 15.40159797668457 15.828631401062012 15.799781799316406 16.058950424194336 16.25421905517578 16.551300048828125 16.700271606445312 16.543745040893555 16.080596923828125 14.49997615814209 9.814203262329102 0.0 0.0 0.0 0.0
129.49755859375 13.348846435546875 12.021112442016602 12.247721672058105 12.186223983764648 12.176374435424805 12.207465171813965 12.45034122467041 12.798020362854004 13.098311424255371 13.26005744934082 13.705876350402832 14.030757904052734 14.565604209899902 14.592779159545898 14.714344024658203 14.822185516357422 15.018954277038574 15.6373291015625 15.748653411865234 15.800073623657227 16.03692626953125 16.287338256835938 16.544273376464844 16.720170974731445 16.629194259643555 16.02204132080078 14.458351135253906 9.796359062194824 0.0 0.0 0.0
129.0741729736328 13.274821281433105 11.916017532348633 12.178028106689453 12.086283683776855 12.013309478759766 12.044958114624023 12.272086143493652 12.54274845123291 12.771891593933105 13.100574493408203 13.403047561645508 13.613835334777832 14.220762252807617 14.396289825439453 14.582046508789062 14.663375854492188 14.91081428527832 15.244434356689453 15.402244567871094 15.527600288391113 15.795629501342773 15.962833404541016 16.289892196655273 16.445377349853516 16.63283920288086 16.338932037353516 15.989130020141602 14.388395309448242 9.774499893188477 0.0 0.0
128.51246643066406 13.259297370910645 11.840376853942871 12.12359619140625 12.086043357849121 12.05331802368164 11.998632431030273 12.156693458557129 12.533171653747559 12.7129545211792 13.00264835357666 13.087299346923828 13.325540542602539 14.008381843566895 14.018784523010254 14.37258243560791 14.472679138183594 14.689685821533203 14.93420696258545 14.945070266723633 15.049163818359375 15.44456958770752 15.768731117248535 15.807473182678223 16.260486602783203 16.53676986694336 16.570537567138672 16.5800838470459 15.86116886138916 14.564447402954102 9.911996841430664 0.0
128.05213928222656 12.994550704956055 11.51338005065918 11.831542015075684 11.95992660522461 12.130208969116211 12.220703125 12.087267875671387 12.36550235748291 12.559274673461914 12.637845039367676 12.962505340576172 13.080842971801758 13.590476036071777 13.739727973937988 14.084306716918945 14.39448356628418 14.512126922607422 14.84748363494873 14.97688102722168 14.822698593139648 15.103606224060059 15.407082557678223 15.666075706481934 16.003658294677734 16.225326538085938 16.307735443115234 16.486042022705078 16.222116470336914 15.726696014404297 14.64328384399414 10.051421165466309
