149.9533233642578 0.0 0.0 0.0 0.0 0.0 0.0 0.0 0.0 0.0 0.0 0.0 0.0 0.0 0.0 0.0 0.0 0.0 0.0 0.0 0.0 0.0 0.0 0.0 0.0 0.0 0.0 0.0 0.0 0.0 0.0 0.0
145.841552734375 34.8401985168457 0.0 0.0 0.0 0.0 0.0 0.0 0.0 0.0 0.0 0.0 0.0 0.0 0.0 0.0 0.0 0.0 0.0 0.0 0.0 0.0 0.0 0.0 0.0 0.0 0.0 0.0 0.0 0.0 0.0 0.0
144.08184814453125 23.207895278930664 34.41661071777344 0.0 0.0 0.0 0.0 0.0 0.0 0.0 0.0 0.0 0.0 0.0 0.0 0.0 0.0 0.0 0.0 0.0 0.0 0.0 0.0 0.0 0.0 0.0 0.0 0.0 0.0 0.0 0.0 0.0
142.58628845214844 15.413512229919434 28.74968910217285 32.98450469970703 0.0 0.0 0.0 0.0 0.0 0.0 0.0 0.0 0.0 0.0 0.0 0.0 0.0 0.0 0.0 0.0 0.0 0.0 0.0 0.0 0.0 0.0 0.0 0.0 0.0 0.0 0.0 0.0
141.81005859375 11.908556938171387 20.31177520751953 26.38593292236328 33.50099563598633 0.0 0.0 0.0 0.0 0.0 0.0 0.0 0.0 0.0 0.0 0.0 0.0 0.0 0.0 0.0 0.0 0.0 0.0 0.0 0.0 0.0 0.0 0.0 0.0 0.0 0.0 0.0
142.11341857910156 10.520922660827637 15.487744331359863 17.958648681640625 24.355365753173828 31.944429397583008 0.0 0.0 0.0 0.0 0.0 0.0 0.0 0.0 0.0 0.0 0.0 0.0 0.0 0.0 0.0 0.0 0.0 0.0 0.0 0.0 0.0 0.0 0.0 0.0 0.0 0.0
141.60281372070312 9.745610237121582 14.33600902557373 15.679449081420898 17.36394500732422 24.206796646118164 31.586692810058594 0.0 0.0 0.0 0.0 0.0 0.0 0.0 0.0 0.0 0.0 0.0 0.0 0.0 0.0 0.0 0.0 0.0 0.0 0.0 0.0 0.0 0.0 0.0 0.0 0.0
141.3849334716797 9.015341758728027 13.323987007141113 13.489763259887695 14.030755996704102 17.40251350402832 23.635892868041992 31.53067970275879 0.0 0.0 0.0 0.0 0.0 0.0 0.0 0.0 0.0 0.0 0.0 0.0 0.0 0.0 0.0 0.0 0.0 0.0 0.0 0.0 0.0 0.0 0.0 0.0
140.91192626953125 8.419808387756348 10.970359802246094 11.594303131103516 12.29859733581543 13.36925220489502 16.65113639831543 23.353431701660156 33.89016342163086 0.0 0.0 0.0 0.0 0.0 0.0 0.0 0.0 0.0 0.0 0.0 0.0 0.0 0.0 0.0 0.0 0.0 0.0 0.0 0.0 0.0 0.0 0.0
141.065185546875 8.183992385864258 10.213183403015137 11.112388610839844 11.034988403320312 11.729146003723145 13.133137702941895 16.59086799621582 23.903650283813477 31.78827476501465 0.0 0.0 0.0 0.0 0.0 0.0 0.0 0.0 0.0 0.0 0.0 0.0 0.0 0.0 0.0 0.0 0.0 0.0 0.0 0.0 0.0 0.0
141.0740966796875 7.780632972717285 9.308229446411133 10.188752174377441 10.259778022766113 10.703485488891602 11.409440040588379 12.987616539001465 16.56307601928711 23.223875045776367 31.58617401123047 0.0 0.0 0.0 0.0 0.0 0.0 0.0 0.0 0.0 0.0 0.0 0.0 0.0 0.0 0.0 0.0 0.0 0.0 0.0 0.0 0.0
140.51390075683594 7.720366477966309 8.764252662658691 9.62996768951416 9.550055503845215 10.031059265136719 10.559642791748047 11.563542366027832 13.11674690246582 16.540115356445312 23.368303298950195 32.87808609008789 0.0 0.0 0.0 0.0 0.0 0.0 0.0 0.0 0.0 0.0 0.0 0.0 0.0 0.0 0.0 0.0 0.0 0.0 0.0 0.0
140.42857360839844 8.028334617614746 8.823518753051758 9.173943519592285 8.92505168914795 9.146780967712402 9.722151756286621 10.378402709960938 11.71413803100586 13.146496772766113 17.387788772583008 23.832035064697266 31.47146224975586 0.0 0.0 0.0 0.0 0.0 0.0 0.0 0.0 0.0 0.0 0.0 0.0 0.0 0.0 0.0 0.0 0.0 0.0 0.0
140.26625061035156 7.989102840423584 8.904726028442383 9.043512344360352 8.451029777526855 8.611717224121094 9.046091079711914 9.596692085266113 10.642563819885254 11.494336128234863 13.033631324768066 17.532470703125 23.151187896728516 31.706464767456055 0.0 0.0 0.0 0.0 0.0 0.0 0.0 0.0 0.0 0.0 0.0 0.0 0.0 0.0 0.0 0.0 0.0 0.0
140.0146942138672 7.451868057250977 9.003064155578613 8.963926315307617 8.255471229553223 8.115660667419434 8.344542503356934 8.927282333374023 9.723227500915527 10.279415130615234 11.423039436340332 14.590860366821289 16.703584671020508 23.598041534423828 31.60839080810547 0.0 0.0 0.0 0.0 0.0 0.0 0.0 0.0 0.0 0.0 0.0 0.0 0.0 0.0 0.0 0.0 0.0
140.07736206054688 6.931681156158447 8.619403839111328 8.820582389831543 8.279739379882812 8.155922889709473 7.9096360206604 8.3782377243042 9.251640319824219 9.344197273254395 10.027660369873047 12.331202507019043 13.411185264587402 17.295330047607422 22.645652770996094 31.240842819213867 0.0 0.0 0.0 0.0 0.0 0.0 0.0 0.0 0.0 0.0 0.0 0.0 0.0 0.0 0.0 0.0
139.69931030273438 6.640554428100586 8.311448097229004 8.705629348754883 8.522321701049805 8.265305519104004 7.900768756866455 8.028356552124023 8.764369010925293 8.738336563110352 9.797820091247559 10.983445167541504 11.704728126525879 14.68448257446289 16.063276290893555 23.556074142456055 31.223682403564453 0.0 0.0 0.0 0.0 0.0 0.0 0.0 0.0 0.0 0.0 0.0 0.0 0.0 0.0 0.0
139.89561462402344 6.60386323928833 8.072346687316895 8.232149124145508 8.17397689819336 8.213912010192871 7.858466625213623 7.790472507476807 8.004324913024902 8.087160110473633 8.815860748291016 9.768547058105469 10.774019241333008 11.521879196166992 12.65951919555664 16.699892044067383 22.121253967285156 31.60802459716797 0.0 0.0 0.0 0.0 0.0 0.0 0.0 0.0 0.0 0.0 0.0 0.0 0.0 0.0
139.5471649169922 6.728231906890869 7.928953170776367 8.142311096191406 7.740960121154785 8.012502670288086 7.928645610809326 7.965893745422363 8.003035545349121 7.728005886077881 8.661691665649414 9.459593772888184 9.610160827636719 10.716756820678711 10.977590560913086 14.09972858428955 16.30280113220215 22.954139709472656 31.26218605041504 0.0 0.0 0.0 0.0 0.0 0.0 0.0 0.0 0.0 0.0 0.0 0.0 0.0
139.42779541015625 6.889578342437744 7.9863104820251465 7.852012634277344 7.357982635498047 7.661911487579346 7.754428863525391 7.897561550140381 8.109228134155273 7.950268745422363 8.105194091796875 8.306458473205566 8.90903091430664 9.888212203979492 10.243325233459473 11.528944969177246 12.772991180419922 16.59441566467285 22.649200439453125 31.693470001220703 0.0 0.0 0.0 0.0 0.0 0.0 0.0 0.0 0.0 0.0 0.0 0.0
139.46322631835938 6.565826892852783 7.780596733093262 8.021602630615234 7.479729175567627 7.151402473449707 7.278885364532471 7.574090003967285 7.944602966308594 7.909610748291016 7.729384899139404 7.998400688171387 7.961468696594238 8.590554237365723 9.159860610961914 9.896566390991211 10.867218017578125 12.840825080871582 16.12672996520996 23.424962997436523 31.422962188720703 0.0 0.0 0.0 0.0 0.0 0.0 0.0 0.0 0.0 0.0 0.0
139.33468627929688 6.031364917755127 7.512247085571289 8.107381820678711 7.657257080078125 7.151916027069092 6.973724842071533 7.253424167633057 7.625946521759033 7.757448196411133 7.794092178344727 8.011724472045898 7.553866386413574 8.228169441223145 8.512904167175293 9.108245849609375 9.929914474487305 11.216448783874512 12.847742080688477 17.473527908325195 22.576820373535156 31.165491104125977 0.0 0.0 0.0 0.0 0.0 0.0 0.0 0.0 0.0 0.0
139.26150512695312 5.543220520019531 7.097085475921631 8.155919075012207 7.698386192321777 7.157437324523926 6.894196033477783 6.969446182250977 7.510665416717529 7.511801242828369 8.332840919494629 8.324124336242676 7.495912551879883 8.139278411865234 8.018369674682617 8.662285804748535 9.134763717651367 9.781814575195312 11.002996444702148 13.172348976135254 16.712512969970703 22.32209014892578 31.15232276916504 0.0 0.0 0.0 0.0 0.0 0.0 0.0 0.0 0.0
139.38949584960938 5.280474662780762 6.668346405029297 7.3249382972717285 7.507900238037109 7.343557357788086 7.030943393707275 6.95331335067749 7.015379905700684 7.1907267570495605 7.7127275466918945 8.226524353027344 7.476146221160889 7.757421493530273 7.410677433013916 7.677341461181641 8.352879524230957 9.121609687805176 9.831202507019043 11.645746231079102 12.947563171386719 16.2954158782959 22.095046997070312 30.900232315063477 0.0 0.0 0.0 0.0 0.0 0.0 0.0 0.0
139.37440490722656 5.290619850158691 6.4875288009643555 7.097256183624268 7.073442459106445 7.204326152801514 7.186370849609375 6.865530490875244 7.040346145629883 6.910510063171387 7.625011920928955 8.083215713500977 7.4908246994018555 8.206831932067871 7.351848125457764 7.3365044593811035 7.603647232055664 8.305681228637695 8.78762149810791 9.788740158081055 11.051133155822754 12.86375617980957 15.984956741333008 22.115631103515625 30.861236572265625 0.0 0.0 0.0 0.0 0.0 0.0 0.0
139.2891845703125 5.319986343383789 6.19847297668457 6.588019371032715 6.483696460723877 6.8508172035217285 7.197582721710205 7.057163715362549 7.5680623054504395 6.794305324554443 7.040208339691162 7.168819427490234 7.239014625549316 7.981652736663818 7.557360649108887 7.145941257476807 7.366002559661865 7.701909065246582 8.056137084960938 8.922110557556152 9.923739433288574 11.000268936157227 12.628931999206543 15.852716445922852 22.117664337158203 31.201627731323242 0.0 0.0 0.0 0.0 0.0 0.0
139.15362548828125 5.077063083648682 6.274405002593994 6.294716835021973 6.183361053466797 6.251173973083496 6.761896133422852 6.920366287231445 7.14686918258667 6.788917541503906 6.834855556488037 7.015128135681152 6.979280471801758 7.6103925704956055 7.663652420043945 7.3233513832092285 7.125709056854248 7.100290298461914 7.487224102020264 8.171899795532227 9.03537654876709 9.798675537109375 10.839269638061523 12.326412200927734 16.209331512451172 22.294361114501953 31.615976333618164 0.0 0.0 0.0 0.0 0.0
139.18992614746094 5.023364543914795 6.277624607086182 6.4547882080078125 6.025409698486328 5.935886383056641 6.286287784576416 6.504863739013672 6.873192310333252 6.883879661560059 6.996066093444824 7.934577941894531 6.692538261413574 7.207368850708008 7.182315349578857 7.2633185386657715 7.058315277099609 7.164480209350586 7.045538425445557 7.808803081512451 8.206451416015625 9.095425605773926 9.72698974609375 10.762815475463867 12.49606990814209 16.169780731201172 21.98307228088379 31.107799530029297 0.0 0.0 0.0 0.0
139.04067993164062 4.822245121002197 6.021642208099365 6.366458892822266 6.010858058929443 5.880436420440674 5.814441204071045 6.0430989265441895 6.548319339752197 6.811680793762207 6.915713310241699 7.157174110412598 6.6661763191223145 6.574116230010986 7.079231262207031 7.018281936645508 7.113063335418701 7.237034797668457 6.951571941375732 7.226599216461182 7.595381736755371 8.132631301879883 8.964924812316895 9.782632827758789 10.829514503479004 12.720982551574707 15.956559181213379 22.94109535217285 31.14218521118164 0.0 0.0 0.0
139.17935180664062 4.994472980499268 5.885549068450928 6.230297088623047 6.07275915145874 5.814542770385742 5.688913345336914 5.740945339202881 6.084839820861816 6.486313343048096 7.003816604614258 7.877490043640137 6.802940368652344 6.6229448318481445 6.492363452911377 6.813455581665039 7.067282199859619 7.214494705200195 7.050170421600342 7.341187477111816 7.20014762878418 7.595006465911865 8.0045166015625 8.883805274963379 9.596465110778809 10.969938278198242 12.371418952941895 15.872251510620117 21.90080451965332 30.865982055664062 0.0 0.0
139.05499267578125 5.327253818511963 5.822912693023682 6.0218095779418945 5.938379287719727 5.8003764152526855 5.768657207489014 5.641655921936035 5.838046073913574 5.945195198059082 6.592593193054199 7.0376081466674805 6.869327545166016 6.604536533355713 6.457993984222412 6.379232406616211 6.569339752197266 6.9831671714782715 7.171910762786865 7.062759876251221 7.027825832366943 7.0203680992126465 7.139779090881348 8.035149574279785 8.608393669128418 9.774202346801758 10.735719680786133 12.546478271484375 16.112300872802734 21.957948684692383 31.400970458984375 0.0
138.9827423095703 5.718738079071045 5.771318435668945 5.984020233154297 5.8638434410095215 5.791318416595459 5.741598129272461 5.694555282592773 5.812366008758545 5.6759352684021 6.923213005065918 6.6466851234436035 6.650563716888428 7.089983940124512 6.497347831726074 6.287705898284912 6.200929641723633 6.671228885650635 6.904075622558594 6.98145055770874 7.016147613525391 6.765172958374023 6.901849746704102 7.4060163497924805 8.030023574829102 8.897575378417969 9.600096702575684 10.632845878601074 12.57377815246582 15.970742225646973 22.61070442199707 30.761045455932617
