149.9533233642578 0.0 0.0 0.0 0.0 0.0 0.0 0.0 0.0 0.0 0.0 0.0 0.0 0.0 0.0 0.0 0.0 0.0 0.0 0.0 0.0 0.0 0.0 0.0 0.0 0.0 0.0 0.0 0.0 0.0 0.0 0.0
147.3804473876953 27.595491409301758 0.0 0.0 0.0 0.0 0.0 0.0 0.0 0.0 0.0 0.0 0.0 0.0 0.0 0.0 0.0 0.0 0.0 0.0 0.0 0.0 0.0 0.0 0.0 0.0 0.0 0.0 0.0 0.0 0.0 0.0
146.75575256347656 15.779077529907227 26.397493362426758 0.0 0.0 0.0 0.0 0.0 0.0 0.0 0.0 0.0 0.0 0.0 0.0 0.0 0.0 0.0 0.0 0.0 0.0 0.0 0.0 0.0 0.0 0.0 0.0 0.0 0.0 0.0 0.0 0.0
145.60980224609375 12.74673080444336 19.7655029296875 26.97665786743164 0.0 0.0 0.0 0.0 0.0 0.0 0.0 0.0 0.0 0.0 0.0 0.0 0.0 0.0 0.0 0.0 0.0 0.0 0.0 0.0 0.0 0.0 0.0 0.0 0.0 0.0 0.0 0.0
145.63230895996094 9.938455581665039 14.541292190551758 17.685104370117188 25.522064208984375 0.0 0.0 0.0 0.0 0.0 0.0 0.0 0.0 0.0 0.0 0.0 0.0 0.0 0.0 0.0 0.0 0.0 0.0 0.0 0.0 0.0 0.0 0.0 0.0 0.0 0.0 0.0
145.0498046875 9.335274696350098 13.018058776855469 14.895437240600586 17.69598388671875 25.53459358215332 0.0 0.0 0.0 0.0 0.0 0.0 0.0 0.0 0.0 0.0 0.0 0.0 0.0 0.0 0.0 0.0 0.0 0.0 0.0 0.0 0.0 0.0 0.0 0.0 0.0 0.0
144.7923126220703 8.950902938842773 11.711905479431152 12.975380897521973 13.935256958007812 17.003419876098633 25.478736877441406 0.0 0.0 0.0 0.0 0.0 0.0 0.0 0.0 0.0 0.0 0.0 0.0 0.0 0.0 0.0 0.0 0.0 0.0 0.0 0.0 0.0 0.0 0.0 0.0 0.0
144.5086212158203 8.74886703491211 10.536261558532715 10.79582405090332 11.726594924926758 13.324716567993164 16.958467483520508 26.33572006225586 0.0 0.0 0.0 0.0 0.0 0.0 0.0 0.0 0.0 0.0 0.0 0.0 0.0 0.0 0.0 0.0 0.0 0.0 0.0 0.0 0.0 0.0 0.0 0.0
144.32188415527344 8.212904930114746 10.061866760253906 10.088624954223633 10.706883430480957 11.437171936035156 13.50329875946045 17.184642791748047 25.702800750732422 0.0 0.0 0.0 0.0 0.0 0.0 0.0 0.0 0.0 0.0 0.0 0.0 0.0 0.0 0.0 0.0 0.0 0.0 0.0 0.0 0.0 0.0 0.0
144.10330200195312 7.834527015686035 9.23490047454834 9.439723014831543 9.738927841186523 10.32728099822998 11.614760398864746 13.805482864379883 16.95071029663086 25.830610275268555 0.0 0.0 0.0 0.0 0.0 0.0 0.0 0.0 0.0 0.0 0.0 0.0 0.0 0.0 0.0 0.0 0.0 0.0 0.0 0.0 0.0 0.0
143.9923858642578 7.180906295776367 8.572453498840332 8.849401473999023 9.127077102661133 9.508625030517578 10.13997745513916 11.557765007019043 13.086043357849121 16.586496353149414 26.256141662597656 0.0 0.0 0.0 0.0 0.0 0.0 0.0 0.0 0.0 0.0 0.0 0.0 0.0 0.0 0.0 0.0 0.0 0.0 0.0 0.0 0.0
143.6871337890625 6.616386890411377 7.982436656951904 8.28594970703125 8.632766723632812 9.130813598632812 9.45866870880127 10.385663986206055 11.01110553741455 13.135993003845215 18.480810165405273 25.889799118041992 0.0 0.0 0.0 0.0 0.0 0.0 0.0 0.0 0.0 0.0 0.0 0.0 0.0 0.0 0.0 0.0 0.0 0.0 0.0 0.0
143.48886108398438 6.551412105560303 7.646045207977295 7.932913780212402 8.244336128234863 8.790745735168457 9.143657684326172 9.864091873168945 10.253220558166504 11.499675750732422 15.031676292419434 16.87151336669922 25.60181427001953 0.0 0.0 0.0 0.0 0.0 0.0 0.0 0.0 0.0 0.0 0.0 0.0 0.0 0.0 0.0 0.0 0.0 0.0 0.0
143.45919799804688 6.4981207847595215 7.402191638946533 7.529342174530029 7.634425640106201 8.221813201904297 8.534915924072266 9.190150260925293 9.646600723266602 10.288909912109375 11.83305835723877 13.115201950073242 16.63820457458496 26.03384780883789 0.0 0.0 0.0 0.0 0.0 0.0 0.0 0.0 0.0 0.0 0.0 0.0 0.0 0.0 0.0 0.0 0.0 0.0
143.4346466064453 6.389959335327148 7.3924241065979 7.350220680236816 7.33235502243042 7.705783843994141 8.18292236328125 8.72488021850586 9.03017807006836 9.62706184387207 10.698527336120605 11.21162223815918 13.282546043395996 16.712814331054688 25.172924041748047 0.0 0.0 0.0 0.0 0.0 0.0 0.0 0.0 0.0 0.0 0.0 0.0 0.0 0.0 0.0 0.0 0.0
143.2880859375 6.175704479217529 7.226909637451172 7.300561904907227 7.299269199371338 7.461784362792969 7.651118278503418 8.599331855773926 8.923470497131348 9.140912055969238 9.600061416625977 9.996132850646973 11.23851203918457 13.306532859802246 16.246164321899414 25.371671676635742 0.0 0.0 0.0 0.0 0.0 0.0 0.0 0.0 0.0 0.0 0.0 0.0 0.0 0.0 0.0 0.0
143.1284942626953 6.021650791168213 6.809640407562256 7.074100971221924 7.215620994567871 7.324762344360352 7.364227294921875 7.876357078552246 8.401863098144531 8.606170654296875 9.712586402893066 9.35448932647705 10.104671478271484 11.402790069580078 12.849985122680664 16.541513442993164 25.399612426757812 0.0 0.0 0.0 0.0 0.0 0.0 0.0 0.0 0.0 0.0 0.0 0.0 0.0 0.0 0.0
143.01791381835938 5.830441474914551 6.669399261474609 6.77993106842041 6.925812244415283 7.153794765472412 7.202748775482178 7.344730377197266 7.788268566131592 8.320147514343262 9.23969841003418 9.15207576751709 9.406575202941895 10.032907485961914 11.113847732543945 12.783761024475098 16.440290451049805 25.573518753051758 0.0 0.0 0.0 0.0 0.0 0.0 0.0 0.0 0.0 0.0 0.0 0.0 0.0 0.0
142.81764221191406 5.928646564483643 6.5579328536987305 6.576656341552734 6.580777645111084 7.209322452545166 7.174396991729736 7.625277042388916 7.60816764831543 8.185220718383789 8.565159797668457 8.77340030670166 8.994964599609375 9.551372528076172 10.229630470275879 11.352742195129395 13.235859870910645 16.54825210571289 25.09954833984375 0.0 0.0 0.0 0.0 0.0 0.0 0.0 0.0 0.0 0.0 0.0 0.0 0.0
142.781005859375 5.759166240692139 6.184167385101318 6.235138416290283 6.278128147125244 6.637291431427002 6.986266136169434 7.0971527099609375 7.169868469238281 7.550305366516113 8.078713417053223 8.276252746582031 8.745369911193848 9.559861183166504 9.433599472045898 10.295574188232422 11.665596008300781 13.306212425231934 16.5146484375 24.75288200378418 0.0 0.0 0.0 0.0 0.0 0.0 0.0 0.0 0.0 0.0 0.0 0.0
142.7412567138672 5.615459442138672 6.26186990737915 6.192580223083496 6.216777324676514 6.328969955444336 6.705690383911133 7.076990604400635 7.225367069244385 7.295375347137451 7.808349132537842 7.724968910217285 8.044696807861328 8.625109672546387 8.986489295959473 9.364472389221191 10.215359687805176 11.386136054992676 12.875374794006348 16.114198684692383 25.13970184326172 0.0 0.0 0.0 0.0 0.0 0.0 0.0 0.0 0.0 0.0 0.0
142.69635009765625 5.3772172927856445 6.266262531280518 6.262187957763672 5.954394340515137 6.1763739585876465 6.310061454772949 6.6978068351745605 6.945810317993164 7.077877521514893 7.579349994659424 7.386897563934326 7.661768436431885 8.039450645446777 8.414144515991211 8.778602600097656 9.351088523864746 10.225865364074707 11.078714370727539 12.546523094177246 16.267759323120117 25.231857299804688 0.0 0.0 0.0 0.0 0.0 0.0 0.0 0.0 0.0 0.0
142.65115356445312 5.228504180908203 6.011719703674316 6.28754186630249 6.100186347961426 6.010518550872803 6.139754295349121 6.52252721786499 6.773245811462402 6.946708679199219 7.398640155792236 7.208333492279053 7.321993350982666 7.8064961433410645 8.089459419250488 8.376114845275879 8.836654663085938 9.236980438232422 9.929068565368652 10.933311462402344 13.198637008666992 16.068832397460938 24.74055290222168 0.0 0.0 0.0 0.0 0.0 0.0 0.0 0.0 0.0
142.68106079101562 5.249597072601318 5.878403186798096 6.127544403076172 6.116537570953369 6.097502708435059 6.059165954589844 6.177004337310791 6.372617244720459 6.719604969024658 7.2387800216674805 7.1863112449646 7.21503210067749 7.221081733703613 7.580425262451172 7.900570392608643 8.517045021057129 8.904685974121094 9.17807388305664 9.747795104980469 10.821574211120605 12.918272018432617 15.951539993286133 24.34278106689453 0.0 0.0 0.0 0.0 0.0 0.0 0.0 0.0
142.44700622558594 5.432310104370117 5.94096565246582 5.961423397064209 5.851258754730225 5.941287040710449 6.039114952087402 6.159832954406738 6.133482933044434 6.383692264556885 7.0819597244262695 7.013488292694092 7.226470947265625 7.294646739959717 7.254359722137451 7.56935453414917 7.914310932159424 8.488845825195312 8.780159950256348 9.106467247009277 10.167947769165039 11.44493293762207 13.008729934692383 15.88979434967041 24.571165084838867 0.0 0.0 0.0 0.0 0.0 0.0 0.0
142.46487426757812 5.654599666595459 5.846207141876221 5.633364200592041 5.647153377532959 5.78828763961792 5.858614444732666 5.96043062210083 5.994875431060791 6.122275352478027 6.448246955871582 6.696296215057373 6.971087455749512 7.052391052246094 7.086440086364746 7.108704566955566 7.493655204772949 7.827301979064941 8.42794132232666 8.699243545532227 9.425727844238281 9.838364601135254 11.018465995788574 12.50200080871582 15.829838752746582 24.81177520751953 0.0 0.0 0.0 0.0 0.0 0.0
142.27203369140625 5.699362754821777 5.918093204498291 5.6299896240234375 5.44831657409668 5.628481864929199 5.697511196136475 5.8857951164245605 5.956350326538086 5.971070766448975 6.407447814941406 6.425380706787109 6.750004291534424 6.899916172027588 6.950374126434326 6.990360260009766 7.314992427825928 7.4833221435546875 7.901335716247559 8.37053394317627 8.839827537536621 9.22138786315918 9.822145462036133 10.734850883483887 12.792298316955566 16.687129974365234 24.704193115234375 0.0 0.0 0.0 0.0 0.0
142.32379150390625 5.473837852478027 6.147512435913086 5.774440765380859 5.394969940185547 5.427133560180664 5.4102020263671875 5.651833534240723 5.905919075012207 5.860403060913086 6.361419677734375 6.23353385925293 6.267483711242676 6.560637950897217 6.8928022384643555 6.950014591217041 6.997078895568848 7.149352550506592 7.418139934539795 7.658687591552734 8.276740074157715 8.821837425231934 9.124783515930176 9.630447387695312 10.834120750427246 13.448925018310547 15.608817100524902 24.501108169555664 0.0 0.0 0.0 0.0
142.25790405273438 5.1508283615112305 5.989416122436523 5.897988796234131 5.6397576332092285 5.49883508682251 5.4158735275268555 5.53559684753418 5.716213703155518 5.892608165740967 6.137018203735352 6.040390491485596 6.135132312774658 6.297585487365723 6.522885322570801 6.791101455688477 6.976202487945557 7.0782952308654785 7.210646152496338 7.418627738952637 7.943124771118164 8.446052551269531 8.636893272399902 9.093403816223145 9.84892749786377 11.49513053894043 12.658899307250977 15.621536254882812 24.228755950927734 0.0 0.0 0.0
142.21987915039062 4.881042003631592 5.615327835083008 5.741225719451904 5.69290828704834 5.6218647956848145 5.404360771179199 5.456023693084717 5.578052997589111 5.73585844039917 6.099732398986816 6.062056541442871 6.110954761505127 5.996342182159424 6.309851169586182 6.480590343475342 6.833178520202637 6.994636058807373 6.944338798522949 7.096738338470459 7.369795322418213 7.84302282333374 8.190205574035645 8.875927925109863 8.946720123291016 10.23877239227295 10.789926528930664 12.587417602539062 15.865272521972656 24.160579681396484 0.0 0.0
142.33584594726562 4.924970626831055 5.339553356170654 5.3918232917785645 5.463385581970215 5.591306686401367 5.528585910797119 5.405534744262695 5.482194423675537 5.503166675567627 6.071045875549316 5.842729568481445 5.938455104827881 5.942171096801758 5.903895854949951 6.2744317054748535 6.4462738037109375 6.826270580291748 7.144356727600098 6.773311138153076 7.085205078125 7.3849382400512695 7.695408344268799 8.079874992370605 8.511458396911621 9.26010799407959 9.63792896270752 10.620564460754395 12.576020240783691 15.242436408996582 23.98199462890625 0.0
142.150390625 5.094791889190674 5.259907245635986 5.257940292358398 5.371153354644775 5.390775680541992 5.612951278686523 5.571866989135742 5.614486217498779 5.497910022735596 6.468863010406494 5.766707420349121 5.867335796356201 6.129232406616211 5.910516262054443 6.03023624420166 6.314129829406738 6.671003341674805 6.9929680824279785 6.660653114318848 6.932694911956787 7.217533111572266 7.168516159057617 7.543506622314453 8.01842975616455 8.691344261169434 8.83487319946289 9.501079559326172 10.96617603302002 12.215259552001953 15.75643253326416 24.111722946166992
