149.9533233642578 0.0 0.0 0.0 0.0 0.0 0.0 0.0 0.0 0.0 0.0 0.0 0.0 0.0 0.0 0.0 0.0 0.0 0.0 0.0 0.0 0.0 0.0 0.0 0.0 0.0 0.0 0.0 0.0 0.0 0.0 0.0
130.93682861328125 73.06380462646484 0.0 0.0 0.0 0.0 0.0 0.0 0.0 0.0 0.0 0.0 0.0 0.0 0.0 0.0 0.0 0.0 0.0 0.0 0.0 0.0 0.0 0.0 0.0 0.0 0.0 0.0 0.0 0.0 0.0 0.0
124.18740844726562 62.39698028564453 56.2765998840332 0.0 0.0 0.0 0.0 0.0 0.0 0.0 0.0 0.0 0.0 0.0 0.0 0.0 0.0 0.0 0.0 0.0 0.0 0.0 0.0 0.0 0.0 0.0 0.0 0.0 0.0 0.0 0.0 0.0
118.59629821777344 54.664920806884766 48.387611389160156 55.57215881347656 0.0 0.0 0.0 0.0 0.0 0.0 0.0 0.0 0.0 0.0 0.0 0.0 0.0 0.0 0.0 0.0 0.0 0.0 0.0 0.0 0.0 0.0 0.0 0.0 0.0 0.0 0.0 0.0
114.68022155761719 47.456790924072266 44.02812957763672 46.800533294677734 54.31928253173828 0.0 0.0 0.0 0.0 0.0 0.0 0.0 0.0 0.0 0.0 0.0 0.0 0.0 0.0 0.0 0.0 0.0 0.0 0.0 0.0 0.0 0.0 0.0 0.0 0.0 0.0 0.0
111.85037994384766 38.7437629699707 38.6023063659668 44.178287506103516 47.23165512084961 52.903228759765625 0.0 0.0 0.0 0.0 0.0 0.0 0.0 0.0 0.0 0.0 0.0 0.0 0.0 0.0 0.0 0.0 0.0 0.0 0.0 0.0 0.0 0.0 0.0 0.0 0.0 0.0
108.79768371582031 34.24510192871094 32.5069694519043 40.27546691894531 44.42805862426758 47.519161224365234 50.62139129638672 0.0 0.0 0.0 0.0 0.0 0.0 0.0 0.0 0.0 0.0 0.0 0.0 0.0 0.0 0.0 0.0 0.0 0.0 0.0 0.0 0.0 0.0 0.0 0.0 0.0
106.99162292480469 31.787704467773438 28.92884635925293 34.431148529052734 40.880550384521484 42.96893310546875 45.21697998046875 49.40469741821289 0.0 0.0 0.0 0.0 0.0 0.0 0.0 0.0 0.0 0.0 0.0 0.0 0.0 0.0 0.0 0.0 0.0 0.0 0.0 0.0 0.0 0.0 0.0 0.0
105.19808959960938 29.509801864624023 26.563810348510742 29.752391815185547 34.87850570678711 40.74922180175781 41.852195739746094 44.298362731933594 48.61892318725586 0.0 0.0 0.0 0.0 0.0 0.0 0.0 0.0 0.0 0.0 0.0 0.0 0.0 0.0 0.0 0.0 0.0 0.0 0.0 0.0 0.0 0.0 0.0
102.8470458984375 27.106550216674805 25.148265838623047 27.882511138916016 30.441307067871094 35.725284576416016 40.07943344116211 41.493743896484375 44.98261260986328 46.97159194946289 0.0 0.0 0.0 0.0 0.0 0.0 0.0 0.0 0.0 0.0 0.0 0.0 0.0 0.0 0.0 0.0 0.0 0.0 0.0 0.0 0.0 0.0
101.10850524902344 24.878957748413086 23.38547706604004 26.414182662963867 28.440364837646484 31.13477897644043 35.68666458129883 39.11598205566406 41.58673858642578 42.98918533325195 47.29741287231445 0.0 0.0 0.0 0.0 0.0 0.0 0.0 0.0 0.0 0.0 0.0 0.0 0.0 0.0 0.0 0.0 0.0 0.0 0.0 0.0 0.0
100.29613494873047 23.005064010620117 21.75212860107422 24.9801025390625 26.402376174926758 29.164758682250977 30.89678955078125 34.23876953125 39.40816879272461 40.6287727355957 42.36427688598633 46.090911865234375 0.0 0.0 0.0 0.0 0.0 0.0 0.0 0.0 0.0 0.0 0.0 0.0 0.0 0.0 0.0 0.0 0.0 0.0 0.0 0.0
99.02825164794922 22.487550735473633 19.876873016357422 22.530467987060547 25.05353546142578 27.507305145263672 28.863609313964844 30.3325138092041 34.5915641784668 37.8823127746582 40.844791412353516 42.353946685791016 45.130210876464844 0.0 0.0 0.0 0.0 0.0 0.0 0.0 0.0 0.0 0.0 0.0 0.0 0.0 0.0 0.0 0.0 0.0 0.0 0.0
98.33744049072266 22.634981155395508 18.647018432617188 20.561485290527344 22.704681396484375 26.258649826049805 27.123889923095703 27.949542999267578 30.497594833374023 33.41077423095703 38.20357131958008 40.59299850463867 41.87997055053711 43.593284606933594 0.0 0.0 0.0 0.0 0.0 0.0 0.0 0.0 0.0 0.0 0.0 0.0 0.0 0.0 0.0 0.0 0.0 0.0
97.71407318115234 22.583358764648438 18.653141021728516 19.70492935180664 20.99363136291504 24.09860610961914 25.272531509399414 26.625389099121094 28.30253028869629 29.401233673095703 33.47438430786133 38.414852142333984 39.23309326171875 40.73972702026367 43.115211486816406 0.0 0.0 0.0 0.0 0.0 0.0 0.0 0.0 0.0 0.0 0.0 0.0 0.0 0.0 0.0 0.0 0.0
95.49737548828125 21.638395309448242 18.7515926361084 19.681734085083008 19.82459831237793 22.142044067382812 24.251039505004883 24.90035629272461 27.50981330871582 27.47357177734375 29.979808807373047 34.576515197753906 36.7425537109375 39.43832778930664 41.22639465332031 43.0543098449707 0.0 0.0 0.0 0.0 0.0 0.0 0.0 0.0 0.0 0.0 0.0 0.0 0.0 0.0 0.0 0.0
95.0030288696289 19.87981605529785 18.466022491455078 19.513572692871094 19.97870635986328 21.50360870361328 21.74724769592285 23.12397575378418 25.90953254699707 26.360679626464844 27.864091873168945 29.5659236907959 32.68510055541992 37.008209228515625 38.81014633178711 41.24144744873047 42.53832244873047 0.0 0.0 0.0 0.0 0.0 0.0 0.0 0.0 0.0 0.0 0.0 0.0 0.0 0.0 0.0
94.4394302368164 18.396339416503906 17.635765075683594 19.292499542236328 20.422616958618164 21.18351936340332 20.78254508972168 21.65512466430664 23.456880569458008 24.868019104003906 27.071210861206055 28.15399742126465 29.132083892822266 32.601318359375 36.59891891479492 39.11492156982422 39.83588790893555 41.39805221557617 0.0 0.0 0.0 0.0 0.0 0.0 0.0 0.0 0.0 0.0 0.0 0.0 0.0 0.0
93.4564437866211 17.613718032836914 16.459732055664062 18.02179527282715 19.724119186401367 21.030250549316406 21.11819839477539 20.669418334960938 21.640186309814453 23.48568344116211 25.74733543395996 26.49751853942871 27.25187873840332 29.07743263244629 32.71950912475586 36.616031646728516 38.31291198730469 39.68329620361328 41.36900329589844 0.0 0.0 0.0 0.0 0.0 0.0 0.0 0.0 0.0 0.0 0.0 0.0 0.0
93.5144271850586 17.449308395385742 15.723268508911133 17.124279022216797 18.74553108215332 20.389860153198242 20.092838287353516 20.506690979003906 20.828691482543945 21.294492721557617 23.792470932006836 25.57135772705078 25.69348907470703 26.882036209106445 28.764699935913086 32.526275634765625 35.59702682495117 37.87891387939453 39.176170349121094 41.10381317138672 0.0 0.0 0.0 0.0 0.0 0.0 0.0 0.0 0.0 0.0 0.0 0.0
91.83840942382812 17.408021926879883 15.586068153381348 16.38575553894043 17.6708927154541 19.298871994018555 20.006460189819336 20.49907875061035 20.530853271484375 20.672988891601562 22.054506301879883 24.24932098388672 24.760086059570312 25.5701904296875 26.897300720214844 29.420358657836914 31.655607223510742 36.00115966796875 38.113162994384766 39.19136428833008 40.781593322753906 0.0 0.0 0.0 0.0 0.0 0.0 0.0 0.0 0.0 0.0 0.0
90.9840087890625 16.3597412109375 15.225316047668457 16.16611671447754 16.92525291442871 18.704675674438477 19.264450073242188 19.90751838684082 20.478111267089844 20.563472747802734 21.41387176513672 23.644773483276367 22.69488525390625 24.7456111907959 25.897977828979492 27.065608978271484 28.3206787109375 31.474428176879883 35.62588119506836 37.72477722167969 38.99750900268555 40.54460906982422 0.0 0.0 0.0 0.0 0.0 0.0 0.0 0.0 0.0 0.0
90.06019592285156 14.539472579956055 14.803396224975586 16.288307189941406 16.70585060119629 18.166091918945312 18.407670974731445 18.813213348388672 20.220691680908203 20.379108428955078 21.328758239746094 21.141555786132812 21.024765014648438 22.84275245666504 24.903362274169922 27.57688331604004 26.426734924316406 27.96149253845215 31.23407554626465 36.05477523803711 37.522438049316406 38.67789840698242 40.549293518066406 0.0 0.0 0.0 0.0 0.0 0.0 0.0 0.0 0.0
89.34032440185547 13.037606239318848 13.434209823608398 15.7799711227417 16.428640365600586 18.22440528869629 17.84865379333496 17.881141662597656 19.373920440673828 19.736539840698242 20.59208106994629 20.638181686401367 20.013538360595703 21.323213577270508 23.178390502929688 25.85506248474121 25.098814010620117 26.02511978149414 27.67827033996582 31.741186141967773 35.42683029174805 37.25926971435547 39.243568420410156 41.490413665771484 0.0 0.0 0.0 0.0 0.0 0.0 0.0 0.0
90.14828491210938 12.588186264038086 12.079832077026367 13.93713665008545 15.38909912109375 17.192302703857422 17.01652717590332 17.256427764892578 17.94768714904785 18.711103439331055 19.915767669677734 19.9351749420166 19.80866241455078 19.980134963989258 21.70533561706543 23.27672004699707 24.09103012084961 24.99598503112793 25.999134063720703 27.880117416381836 30.891820907592773 35.29689407348633 37.346622467041016 38.533660888671875 41.5797119140625 0.0 0.0 0.0 0.0 0.0 0.0 0.0
89.00444793701172 13.66982364654541 11.480363845825195 12.80411434173584 14.612796783447266 16.85074234008789 17.288267135620117 17.150236129760742 17.52015495300293 18.057775497436523 19.572887420654297 19.515947341918945 19.882902145385742 20.245569229125977 20.597827911376953 21.325902938842773 22.697568893432617 24.000328063964844 25.258779525756836 26.238431930541992 27.638200759887695 31.179244995117188 35.14818572998047 36.992618560791016 38.480960845947266 40.834476470947266 0.0 0.0 0.0 0.0 0.0 0.0
88.04999542236328 13.840678215026855 11.693352699279785 12.112116813659668 12.98611831665039 15.235832214355469 15.809062957763672 17.028884887695312 17.408647537231445 17.367765426635742 18.845108032226562 18.910242080688477 19.71403694152832 19.9820613861084 19.936460494995117 20.56100082397461 21.050785064697266 22.49993896484375 23.99696159362793 25.113204956054688 25.867155075073242 27.632341384887695 31.06526756286621 35.566898345947266 37.311553955078125 39.158756256103516 40.54356384277344 0.0 0.0 0.0 0.0 0.0
86.78987884521484 13.52446174621582 12.064695358276367 12.366178512573242 12.142271041870117 13.84813404083252 14.468674659729004 16.186321258544922 17.17582893371582 17.15123748779297 17.86296844482422 18.060239791870117 18.741498947143555 19.732397079467773 20.072607040405273 20.57476234436035 19.994953155517578 20.722461700439453 22.50680923461914 24.302467346191406 25.028053283691406 25.714519500732422 27.52591896057129 30.96636199951172 35.99330139160156 37.761268615722656 39.468780517578125 40.575775146484375 0.0 0.0 0.0 0.0
85.89967346191406 12.477350234985352 11.977211952209473 12.814224243164062 12.570530891418457 13.464998245239258 13.400267601013184 14.753866195678711 16.370887756347656 17.246219635009766 18.008262634277344 17.436494827270508 18.35508918762207 19.34865951538086 19.737895965576172 20.214862823486328 19.597017288208008 19.679588317871094 21.314090728759766 22.73407745361328 23.900165557861328 24.920984268188477 25.68578338623047 27.76318359375 31.713077545166016 36.2336540222168 37.324031829833984 38.52773666381836 40.48163986206055 0.0 0.0 0.0
84.91719818115234 11.206769943237305 11.332038879394531 12.843550682067871 12.776501655578613 13.82576847076416 12.78792953491211 13.539556503295898 15.039194107055664 16.3408203125 17.739809036254883 17.271127700805664 17.736621856689453 18.18073272705078 19.18223762512207 20.716642379760742 19.636871337890625 19.378524780273438 19.878644943237305 21.49764633178711 22.779075622558594 24.052682876586914 24.893760681152344 26.056419372558594 27.963232040405273 31.67023277282715 35.6135139465332 37.146846771240234 38.66504669189453 40.740543365478516 0.0 0.0
84.42634582519531 10.693609237670898 10.269722938537598 12.114285469055176 12.77109146118164 14.975140571594238 13.168729782104492 12.632242202758789 13.940918922424316 14.93832015991211 16.978506088256836 16.956830978393555 17.267274856567383 17.610414505004883 18.174535751342773 19.402969360351562 19.331043243408203 19.330812454223633 19.253087997436523 20.225431442260742 21.02545928955078 22.72275733947754 24.126178741455078 25.19912338256836 26.083711624145508 28.780054092407227 31.868982315063477 34.89763259887695 36.854331970214844 38.5028076171875 40.90863037109375 0.0
84.03540802001953 11.47774600982666 9.735240936279297 10.945826530456543 12.022701263427734 16.00665283203125 13.639230728149414 12.792886734008789 13.000879287719727 13.63514518737793 15.2534761428833 16.29250717163086 17.22873306274414 17.00664710998535 17.286611557006836 18.068601608276367 18.633941650390625 19.125991821289062 19.294342041015625 19.440902709960938 19.517162322998047 20.715816497802734 22.47719383239746 23.82977867126465 25.043603897094727 26.276670455932617 28.73194122314453 31.233501434326172 35.64434814453125 36.982112884521484 38.72513198852539 40.693965911865234
