149.9533233642578 0.0 0.0 0.0 0.0 0.0 0.0 0.0 0.0 0.0 0.0 0.0 0.0 0.0 0.0 0.0 0.0 0.0 0.0 0.0 0.0 0.0 0.0 0.0 0.0 0.0 0.0 0.0 0.0 0.0 0.0 0.0
148.11782836914062 23.332345962524414 0.0 0.0 0.0 0.0 0.0 0.0 0.0 0.0 0.0 0.0 0.0 0.0 0.0 0.0 0.0 0.0 0.0 0.0 0.0 0.0 0.0 0.0 0.0 0.0 0.0 0.0 0.0 0.0 0.0 0.0
148.5541229248047 13.456600189208984 15.278603553771973 0.0 0.0 0.0 0.0 0.0 0.0 0.0 0.0 0.0 0.0 0.0 0.0 0.0 0.0 0.0 0.0 0.0 0.0 0.0 0.0 0.0 0.0 0.0 0.0 0.0 0.0 0.0 0.0 0.0
148.28485107421875 12.782493591308594 10.656604766845703 14.753753662109375 0.0 0.0 0.0 0.0 0.0 0.0 0.0 0.0 0.0 0.0 0.0 0.0 0.0 0.0 0.0 0.0 0.0 0.0 0.0 0.0 0.0 0.0 0.0 0.0 0.0 0.0 0.0 0.0
147.93833923339844 12.68252182006836 10.43616008758545 10.90495777130127 14.442951202392578 0.0 0.0 0.0 0.0 0.0 0.0 0.0 0.0 0.0 0.0 0.0 0.0 0.0 0.0 0.0 0.0 0.0 0.0 0.0 0.0 0.0 0.0 0.0 0.0 0.0 0.0 0.0
147.70423889160156 12.538115501403809 10.092604637145996 9.738273620605469 10.273003578186035 14.385096549987793 0.0 0.0 0.0 0.0 0.0 0.0 0.0 0.0 0.0 0.0 0.0 0.0 0.0 0.0 0.0 0.0 0.0 0.0 0.0 0.0 0.0 0.0 0.0 0.0 0.0 0.0
147.59597778320312 11.918720245361328 9.417901039123535 9.32717514038086 9.010066986083984 9.8030424118042 14.261775016784668 0.0 0.0 0.0 0.0 0.0 0.0 0.0 0.0 0.0 0.0 0.0 0.0 0.0 0.0 0.0 0.0 0.0 0.0 0.0 0.0 0.0 0.0 0.0 0.0 0.0
147.34634399414062 12.560013771057129 9.108516693115234 9.154108047485352 9.253388404846191 9.228753089904785 9.41792106628418 13.717536926269531 0.0 0.0 0.0 0.0 0.0 0.0 0.0 0.0 0.0 0.0 0.0 0.0 0.0 0.0 0.0 0.0 0.0 0.0 0.0 0.0 0.0 0.0 0.0 0.0
147.03707885742188 12.231274604797363 9.499308586120605 9.50011157989502 9.051528930664062 9.208378791809082 9.081344604492188 9.513557434082031 13.909200668334961 0.0 0.0 0.0 0.0 0.0 0.0 0.0 0.0 0.0 0.0 0.0 0.0 0.0 0.0 0.0 0.0 0.0 0.0 0.0 0.0 0.0 0.0 0.0
147.04531860351562 11.067591667175293 8.918611526489258 8.511988639831543 8.452939987182617 9.825128555297852 8.703432083129883 8.58704662322998 9.212445259094238 13.557352066040039 0.0 0.0 0.0 0.0 0.0 0.0 0.0 0.0 0.0 0.0 0.0 0.0 0.0 0.0 0.0 0.0 0.0 0.0 0.0 0.0 0.0 0.0
146.99624633789062 10.949539184570312 8.867512702941895 8.29451847076416 7.954108715057373 8.222396850585938 8.230249404907227 8.31307315826416 8.537043571472168 9.134686470031738 13.555130958557129 0.0 0.0 0.0 0.0 0.0 0.0 0.0 0.0 0.0 0.0 0.0 0.0 0.0 0.0 0.0 0.0 0.0 0.0 0.0 0.0 0.0
146.83148193359375 11.189030647277832 8.652698516845703 8.347034454345703 7.945522308349609 7.980978012084961 8.159171104431152 7.829394340515137 8.21230411529541 8.551780700683594 8.977274894714355 13.340746879577637 0.0 0.0 0.0 0.0 0.0 0.0 0.0 0.0 0.0 0.0 0.0 0.0 0.0 0.0 0.0 0.0 0.0 0.0 0.0 0.0
146.63247680664062 11.15019702911377 8.624242782592773 8.346217155456543 7.994255065917969 7.998622417449951 7.971827507019043 7.694865703582764 8.035843849182129 8.254786491394043 8.534732818603516 8.999547958374023 13.275432586669922 0.0 0.0 0.0 0.0 0.0 0.0 0.0 0.0 0.0 0.0 0.0 0.0 0.0 0.0 0.0 0.0 0.0 0.0 0.0
146.5031280517578 10.613154411315918 8.730269432067871 8.635396957397461 8.20015811920166 8.046183586120605 7.915588855743408 7.700744152069092 7.895340442657471 7.841731548309326 8.031139373779297 8.293176651000977 8.65858268737793 13.048565864562988 0.0 0.0 0.0 0.0 0.0 0.0 0.0 0.0 0.0 0.0 0.0 0.0 0.0 0.0 0.0 0.0 0.0 0.0
146.24853515625 10.605388641357422 8.763623237609863 8.587401390075684 8.063610076904297 8.010598182678223 8.559433937072754 7.640066623687744 7.9972710609436035 7.681728839874268 7.861543655395508 8.076504707336426 8.416102409362793 8.980679512023926 13.00047779083252 0.0 0.0 0.0 0.0 0.0 0.0 0.0 0.0 0.0 0.0 0.0 0.0 0.0 0.0 0.0 0.0 0.0
146.1248321533203 10.438114166259766 8.805316925048828 8.584598541259766 8.095091819763184 7.815444469451904 7.775254726409912 7.9248576164245605 7.759177207946777 7.711311340332031 7.5581560134887695 7.882144451141357 8.244006156921387 8.418951988220215 8.711770057678223 12.914764404296875 0.0 0.0 0.0 0.0 0.0 0.0 0.0 0.0 0.0 0.0 0.0 0.0 0.0 0.0 0.0 0.0
145.72560119628906 10.617295265197754 8.746231079101562 8.705215454101562 8.54408073425293 8.23173713684082 7.915840148925781 7.745433330535889 7.93906307220459 7.832274913787842 7.831034183502197 7.811648368835449 8.052386283874512 8.3751220703125 9.341827392578125 8.79833698272705 13.118327140808105 0.0 0.0 0.0 0.0 0.0 0.0 0.0 0.0 0.0 0.0 0.0 0.0 0.0 0.0 0.0
145.65940856933594 10.435221672058105 8.86526107788086 8.470144271850586 8.108970642089844 8.01482105255127 8.269424438476562 7.8401360511779785 8.113768577575684 7.487144470214844 7.516051769256592 7.9765095710754395 7.655435562133789 8.288814544677734 8.164462089538574 8.421746253967285 8.672253608703613 12.857059478759766 0.0 0.0 0.0 0.0 0.0 0.0 0.0 0.0 0.0 0.0 0.0 0.0 0.0 0.0
145.4970245361328 10.375130653381348 8.956089973449707 8.523761749267578 7.856780052185059 8.16126537322998 7.9321770668029785 7.929314136505127 8.09859561920166 8.040915489196777 7.655514717102051 8.144620895385742 7.481473922729492 7.494011402130127 7.834746837615967 8.032594680786133 8.194666862487793 8.60279655456543 12.830021858215332 0.0 0.0 0.0 0.0 0.0 0.0 0.0 0.0 0.0 0.0 0.0 0.0 0.0
144.9443817138672 10.3052339553833 8.868356704711914 8.770359992980957 8.217143058776855 7.634103298187256 8.129731178283691 9.320075035095215 8.044083595275879 8.296463966369629 7.820788860321045 8.273979187011719 8.543644905090332 8.548697471618652 7.926466464996338 8.22344970703125 8.436968803405762 8.97654914855957 8.933733940124512 12.741451263427734 0.0 0.0 0.0 0.0 0.0 0.0 0.0 0.0 0.0 0.0 0.0 0.0
145.00245666503906 10.364439964294434 9.02842903137207 8.564518928527832 8.222945213317871 7.976320743560791 7.909412384033203 7.995157718658447 7.933186054229736 8.322044372558594 8.127847671508789 7.727940559387207 7.694936752319336 8.090299606323242 8.01496696472168 7.381553649902344 7.817511081695557 8.065679550170898 8.264911651611328 8.563451766967773 12.9670991897583 0.0 0.0 0.0 0.0 0.0 0.0 0.0 0.0 0.0 0.0 0.0
144.67880249023438 10.359986305236816 9.14899730682373 9.018628120422363 8.321487426757812 8.48383903503418 8.025779724121094 7.8810248374938965 8.419892311096191 8.106024742126465 8.590569496154785 7.982767581939697 7.640759468078613 7.387760162353516 8.320032119750977 7.675392150878906 7.376637935638428 7.657525539398193 8.081295013427734 8.163686752319336 8.884455680847168 13.109054565429688 0.0 0.0 0.0 0.0 0.0 0.0 0.0 0.0 0.0 0.0
144.58087158203125 10.374723434448242 9.093684196472168 8.667108535766602 8.062188148498535 7.950827121734619 8.132742881774902 7.700634479522705 7.888251304626465 8.11707592010498 8.032957077026367 8.297560691833496 8.104520797729492 8.003984451293945 7.807819366455078 7.335887432098389 7.483563423156738 7.391972541809082 7.530102729797363 7.795923233032227 8.838424682617188 8.8549222946167 13.022880554199219 0.0 0.0 0.0 0.0 0.0 0.0 0.0 0.0 0.0
144.4420928955078 10.585925102233887 8.946240425109863 8.497913360595703 8.141047477722168 8.112082481384277 8.220952033996582 8.043196678161621 7.6717753410339355 7.768887042999268 7.848089218139648 8.302597999572754 8.249666213989258 7.986286163330078 7.402811050415039 7.292243003845215 7.579368591308594 7.204694747924805 7.389956951141357 7.400333881378174 8.173990249633789 8.320884704589844 8.683439254760742 13.073738098144531 0.0 0.0 0.0 0.0 0.0 0.0 0.0 0.0
144.07608032226562 10.605366706848145 9.275814056396484 8.670350074768066 8.067927360534668 7.757787227630615 8.408843040466309 7.861371040344238 8.007122993469238 7.897785186767578 7.887612819671631 8.478436470031738 7.9449028968811035 8.785916328430176 7.744160175323486 7.895082950592041 7.609996795654297 7.27416467666626 7.262814521789551 7.535919666290283 8.254226684570312 8.150843620300293 8.227639198303223 8.882262229919434 12.99845027923584 0.0 0.0 0.0 0.0 0.0 0.0 0.0
143.61154174804688 10.25110149383545 9.164154052734375 8.863723754882812 8.239921569824219 8.235383033752441 7.980548858642578 8.982341766357422 8.589433670043945 7.922590255737305 8.127314567565918 7.972998142242432 8.213268280029297 8.70129680633545 8.176717758178711 7.8794450759887695 7.624157428741455 8.185744285583496 7.897019386291504 7.40310001373291 8.991361618041992 7.988239765167236 8.198974609375 8.289009094238281 8.87413501739502 13.040312767028809 0.0 0.0 0.0 0.0 0.0 0.0
143.62953186035156 10.405909538269043 9.337759017944336 8.678799629211426 8.400312423706055 8.01651668548584 8.273816108703613 7.855766773223877 7.7349090576171875 7.80100154876709 8.137314796447754 8.648686408996582 8.217774391174316 8.827299118041992 8.074490547180176 7.831053733825684 7.454921722412109 7.736167907714844 7.4275593757629395 7.253110408782959 7.944025993347168 7.395169734954834 7.5518717765808105 8.02249813079834 8.315328598022461 9.035927772521973 13.033642768859863 0.0 0.0 0.0 0.0 0.0
143.6492156982422 9.93161678314209 8.954291343688965 8.541690826416016 8.35992431640625 8.021080017089844 9.006375312805176 7.907111644744873 7.697780609130859 7.572789192199707 7.740200042724609 8.508994102478027 7.938774585723877 8.660923957824707 7.876779556274414 7.701112270355225 7.467228412628174 7.579538345336914 7.349215984344482 7.089775085449219 7.564096450805664 7.17317533493042 7.3701043128967285 7.48406982421875 8.062225341796875 8.165671348571777 8.434490203857422 13.022351264953613 0.0 0.0 0.0 0.0
143.50112915039062 9.96152400970459 8.952199935913086 8.558587074279785 8.010760307312012 7.939892292022705 8.280659675598145 8.58647346496582 7.862771034240723 8.057955741882324 7.56512975692749 8.277994155883789 8.008072853088379 8.124872207641602 7.701920032501221 7.75420618057251 7.571581840515137 7.661738395690918 7.1807355880737305 7.280765056610107 7.910686016082764 7.2689409255981445 7.403834342956543 7.6609930992126465 7.340508937835693 7.658262252807617 8.027316093444824 8.469161987304688 12.922584533691406 0.0 0.0 0.0
143.18414306640625 10.031664848327637 9.107118606567383 8.497179985046387 8.088552474975586 7.7874226570129395 8.564400672912598 8.106596946716309 8.036687850952148 7.7931294441223145 7.75341272354126 8.38187313079834 8.01568603515625 9.171613693237305 7.990123748779297 8.1316499710083 7.519214630126953 7.5679216384887695 7.297043323516846 7.596800327301025 7.369673728942871 7.243351459503174 7.015796661376953 7.591057777404785 7.673698902130127 7.394681453704834 7.98089599609375 7.8800153732299805 8.938894271850586 12.9517183303833 0.0 0.0
142.7244873046875 10.165980339050293 9.06434154510498 8.678715705871582 8.027544021606445 9.602054595947266 8.187000274658203 8.057404518127441 7.734680652618408 7.730142593383789 8.075469970703125 8.00600814819336 7.941697120666504 8.152606964111328 8.841094970703125 8.346095085144043 8.213780403137207 8.311674118041992 7.969799041748047 7.267821788787842 8.414204597473145 7.739429950714111 8.292826652526855 7.402071952819824 7.384099006652832 7.537018775939941 7.408754825592041 7.624082088470459 8.049642562866211 8.397101402282715 13.006908416748047 0.0
142.19264221191406 11.173491477966309 9.209695816040039 8.924118041992188 8.2035493850708 9.220412254333496 8.535216331481934 8.006250381469727 7.905801773071289 8.204044342041016 8.018143653869629 7.98185396194458 8.118181228637695 9.113343238830566 8.058232307434082 8.27275562286377 7.931347370147705 9.604416847229004 8.471818923950195 7.16517448425293 8.246400833129883 8.367481231689453 8.55136489868164 7.535284996032715 7.188855171203613 7.305640697479248 7.636137008666992 7.70906400680542 7.840401649475098 7.899785041809082 8.55136489868164 13.362081527709961
