149.9533233642578 0.0 0.0 0.0 0.0 0.0 0.0 0.0 0.0 0.0 0.0 0.0 0.0 0.0 0.0 0.0 0.0 0.0 0.0 0.0 0.0 0.0 0.0 0.0 0.0 0.0 0.0 0.0 0.0 0.0 0.0 0.0
147.66494750976562 26.041563034057617 0.0 0.0 0.0 0.0 0.0 0.0 0.0 0.0 0.0 0.0 0.0 0.0 0.0 0.0 0.0 0.0 0.0 0.0 0.0 0.0 0.0 0.0 0.0 0.0 0.0 0.0 0.0 0.0 0.0 0.0
145.20640563964844 28.156513214111328 24.601030349731445 0.0 0.0 0.0 0.0 0.0 0.0 0.0 0.0 0.0 0.0 0.0 0.0 0.0 0.0 0.0 0.0 0.0 0.0 0.0 0.0 0.0 0.0 0.0 0.0 0.0 0.0 0.0 0.0 0.0
143.35379028320312 25.680356979370117 26.848798751831055 23.501449584960938 0.0 0.0 0.0 0.0 0.0 0.0 0.0 0.0 0.0 0.0 0.0 0.0 0.0 0.0 0.0 0.0 0.0 0.0 0.0 0.0 0.0 0.0 0.0 0.0 0.0 0.0 0.0 0.0
141.58364868164062 22.916467666625977 25.447540283203125 26.391908645629883 23.827425003051758 0.0 0.0 0.0 0.0 0.0 0.0 0.0 0.0 0.0 0.0 0.0 0.0 0.0 0.0 0.0 0.0 0.0 0.0 0.0 0.0 0.0 0.0 0.0 0.0 0.0 0.0 0.0
139.9508056640625 20.916383743286133 23.084875106811523 25.23488426208496 26.926000595092773 23.761817932128906 0.0 0.0 0.0 0.0 0.0 0.0 0.0 0.0 0.0 0.0 0.0 0.0 0.0 0.0 0.0 0.0 0.0 0.0 0.0 0.0 0.0 0.0 0.0 0.0 0.0 0.0
138.18380737304688 20.59823226928711 21.32151985168457 23.64533042907715 25.7415828704834 26.929096221923828 23.715314865112305 0.0 0.0 0.0 0.0 0.0 0.0 0.0 0.0 0.0 0.0 0.0 0.0 0.0 0.0 0.0 0.0 0.0 0.0 0.0 0.0 0.0 0.0 0.0 0.0 0.0
137.32919311523438 18.629533767700195 19.776111602783203 21.771011352539062 23.496694564819336 25.168704986572266 26.236295700073242 23.186687469482422 0.0 0.0 0.0 0.0 0.0 0.0 0.0 0.0 0.0 0.0 0.0 0.0 0.0 0.0 0.0 0.0 0.0 0.0 0.0 0.0 0.0 0.0 0.0 0.0
135.743408203125 17.82793426513672 18.749269485473633 20.458209991455078 21.99454689025879 23.818687438964844 25.41541290283203 27.037263870239258 23.25298500061035 0.0 0.0 0.0 0.0 0.0 0.0 0.0 0.0 0.0 0.0 0.0 0.0 0.0 0.0 0.0 0.0 0.0 0.0 0.0 0.0 0.0 0.0 0.0
134.6278076171875 16.748119354248047 17.755773544311523 19.3956241607666 20.39900779724121 22.235239028930664 23.845863342285156 25.442922592163086 26.9648494720459 23.082548141479492 0.0 0.0 0.0 0.0 0.0 0.0 0.0 0.0 0.0 0.0 0.0 0.0 0.0 0.0 0.0 0.0 0.0 0.0 0.0 0.0 0.0 0.0
133.7759552001953 16.16554832458496 16.853544235229492 18.534988403320312 19.44284439086914 20.59287452697754 21.975706100463867 23.363096237182617 25.2427978515625 26.408658981323242 23.077259063720703 0.0 0.0 0.0 0.0 0.0 0.0 0.0 0.0 0.0 0.0 0.0 0.0 0.0 0.0 0.0 0.0 0.0 0.0 0.0 0.0 0.0
132.5424041748047 15.198888778686523 15.94202995300293 17.53052520751953 18.321378707885742 19.52398681640625 20.53923225402832 22.07414436340332 24.02776336669922 25.45924186706543 27.2235050201416 23.0291690826416 0.0 0.0 0.0 0.0 0.0 0.0 0.0 0.0 0.0 0.0 0.0 0.0 0.0 0.0 0.0 0.0 0.0 0.0 0.0 0.0
131.33726501464844 14.891358375549316 15.215194702148438 16.86174774169922 17.806276321411133 18.57902717590332 19.626184463500977 20.593666076660156 22.29685401916504 23.70639419555664 26.392745971679688 26.986902236938477 23.246068954467773 0.0 0.0 0.0 0.0 0.0 0.0 0.0 0.0 0.0 0.0 0.0 0.0 0.0 0.0 0.0 0.0 0.0 0.0 0.0
130.97525024414062 14.470582008361816 14.493024826049805 15.740781784057617 16.514074325561523 17.418136596679688 18.301816940307617 19.428634643554688 20.748733520507812 21.841890335083008 24.574996948242188 25.228811264038086 26.46670150756836 22.898618698120117 0.0 0.0 0.0 0.0 0.0 0.0 0.0 0.0 0.0 0.0 0.0 0.0 0.0 0.0 0.0 0.0 0.0 0.0
130.11683654785156 14.117624282836914 14.1474027633667 15.16743278503418 15.733011245727539 16.653966903686523 17.504430770874023 18.456268310546875 19.52391815185547 20.427749633789062 22.78944969177246 23.56078338623047 25.303510665893555 26.909149169921875 22.6727237701416 0.0 0.0 0.0 0.0 0.0 0.0 0.0 0.0 0.0 0.0 0.0 0.0 0.0 0.0 0.0 0.0 0.0
129.50433349609375 14.026444435119629 13.851079940795898 14.726813316345215 15.306346893310547 16.077714920043945 16.51144027709961 17.52643394470215 18.948545455932617 19.49795913696289 20.48526954650879 21.921031951904297 23.551620483398438 25.230295181274414 26.21954345703125 22.701921463012695 0.0 0.0 0.0 0.0 0.0 0.0 0.0 0.0 0.0 0.0 0.0 0.0 0.0 0.0 0.0 0.0
128.57269287109375 13.352730751037598 13.397710800170898 14.367679595947266 14.85246467590332 15.360563278198242 15.85381031036377 16.765155792236328 18.12546730041504 18.466196060180664 19.937789916992188 20.627826690673828 21.941978454589844 24.387353897094727 24.92087745666504 26.244293212890625 22.81037139892578 0.0 0.0 0.0 0.0 0.0 0.0 0.0 0.0 0.0 0.0 0.0 0.0 0.0 0.0 0.0
128.2578125 12.925521850585938 12.8907470703125 13.870587348937988 14.376879692077637 14.700374603271484 15.04879379272461 15.796652793884277 16.653125762939453 17.401750564575195 18.579376220703125 19.3443603515625 20.37631607055664 22.774572372436523 23.178897857666016 25.057260513305664 26.49349021911621 22.53965950012207 0.0 0.0 0.0 0.0 0.0 0.0 0.0 0.0 0.0 0.0 0.0 0.0 0.0 0.0
127.49952697753906 12.281558990478516 12.343368530273438 13.336385726928711 13.90025806427002 14.455410957336426 14.682754516601562 15.23217487335205 15.894145965576172 16.63545036315918 17.88262939453125 19.133106231689453 19.201141357421875 21.007389068603516 21.6451358795166 23.83234405517578 24.958282470703125 26.362655639648438 22.726064682006836 0.0 0.0 0.0 0.0 0.0 0.0 0.0 0.0 0.0 0.0 0.0 0.0 0.0
126.95088958740234 12.107728958129883 11.877602577209473 12.763716697692871 13.239258766174316 13.949695587158203 14.401420593261719 14.787044525146484 15.454497337341309 16.238821029663086 16.90650177001953 17.47099494934082 18.365110397338867 19.32463836669922 20.09349250793457 21.76360321044922 23.111286163330078 25.27100944519043 27.329103469848633 22.775115966796875 0.0 0.0 0.0 0.0 0.0 0.0 0.0 0.0 0.0 0.0 0.0 0.0
126.73079681396484 11.729896545410156 11.565753936767578 12.321002006530762 12.765438079833984 13.316091537475586 13.807611465454102 14.3706693649292 14.870950698852539 15.315230369567871 16.265735626220703 16.473278045654297 17.168771743774414 18.305835723876953 18.856250762939453 20.236711502075195 21.604276657104492 23.5450439453125 25.775840759277344 26.102256774902344 22.544357299804688 0.0 0.0 0.0 0.0 0.0 0.0 0.0 0.0 0.0 0.0 0.0
126.27873992919922 11.277806282043457 11.269214630126953 11.95240306854248 12.28018569946289 12.836893081665039 13.237521171569824 13.878585815429688 14.472214698791504 14.833868980407715 15.749296188354492 15.759685516357422 16.523563385009766 17.424739837646484 17.974401473999023 19.101205825805664 20.04469108581543 22.063461303710938 23.872953414916992 24.690345764160156 26.156047821044922 22.65953254699707 0.0 0.0 0.0 0.0 0.0 0.0 0.0 0.0 0.0 0.0
125.93975067138672 11.087742805480957 11.013162612915039 11.707504272460938 11.898554801940918 12.384628295898438 12.771488189697266 13.41346263885498 13.882652282714844 14.403106689453125 14.873104095458984 15.440847396850586 15.97752857208252 16.499874114990234 17.216903686523438 18.187702178955078 18.865760803222656 20.059032440185547 21.806915283203125 23.294906616210938 24.78660011291504 26.310277938842773 22.47756576538086 0.0 0.0 0.0 0.0 0.0 0.0 0.0 0.0 0.0
125.45465850830078 11.026814460754395 10.645155906677246 11.464072227478027 11.672700881958008 12.182939529418945 12.327964782714844 12.933110237121582 13.513029098510742 13.760615348815918 14.634812355041504 14.884881973266602 15.199546813964844 16.20555305480957 16.395231246948242 17.371559143066406 18.04682731628418 19.02463722229004 20.125463485717773 21.512603759765625 22.85463523864746 25.151731491088867 26.254375457763672 22.41374969482422 0.0 0.0 0.0 0.0 0.0 0.0 0.0 0.0
125.22866821289062 11.215156555175781 10.397008895874023 11.205487251281738 11.597107887268066 11.924565315246582 11.98061466217041 12.420195579528809 12.845669746398926 13.321681022644043 13.999751091003418 14.36486530303955 14.785086631774902 15.867698669433594 15.728970527648926 16.449195861816406 16.84166717529297 17.64696502685547 19.094684600830078 19.979894638061523 21.18915557861328 23.16761016845703 24.83162498474121 26.02541732788086 22.2491397857666 0.0 0.0 0.0 0.0 0.0 0.0 0.0
125.1861343383789 11.223581314086914 10.16419506072998 10.862059593200684 11.16867446899414 11.466020584106445 11.658227920532227 11.904589653015137 12.182197570800781 12.657381057739258 13.483887672424316 13.7820463180542 14.433168411254883 14.875691413879395 14.879583358764648 15.577099800109863 16.023334503173828 16.815553665161133 17.948965072631836 18.994510650634766 19.6873722076416 21.377988815307617 22.93297576904297 24.43722915649414 25.8717041015625 22.26445198059082 0.0 0.0 0.0 0.0 0.0 0.0
124.71239471435547 10.82862663269043 9.99483585357666 10.630280494689941 10.886059761047363 11.146480560302734 11.342545509338379 11.594675064086914 11.822277069091797 12.186244010925293 12.796652793884277 13.257508277893066 13.725007057189941 14.47335433959961 14.461844444274902 15.050190925598145 15.225493431091309 16.11062240600586 17.08788299560547 17.86179542541504 18.634918212890625 20.243444442749023 21.58633041381836 22.84638214111328 24.473867416381836 26.23539924621582 22.289793014526367 0.0 0.0 0.0 0.0 0.0
124.5459213256836 10.468085289001465 9.96316909790039 10.504807472229004 10.66397762298584 10.931068420410156 11.130590438842773 11.263559341430664 11.671574592590332 11.893987655639648 12.415103912353516 12.895578384399414 13.234461784362793 14.148834228515625 14.004945755004883 14.537140846252441 14.558724403381348 15.327807426452637 16.16440200805664 16.932483673095703 17.594900131225586 18.883045196533203 19.824844360351562 21.06331443786621 22.80061149597168 24.78992462158203 25.64906883239746 22.274642944335938 0.0 0.0 0.0 0.0
123.88855743408203 10.064494132995605 9.625754356384277 10.270528793334961 10.4761323928833 10.643733978271484 10.888314247131348 11.026952743530273 11.343812942504883 11.617971420288086 12.338458061218262 12.433921813964844 12.729595184326172 13.331924438476562 13.493813514709473 14.122466087341309 14.207382202148438 15.05831241607666 15.353802680969238 16.132780075073242 16.9494686126709 17.964853286743164 18.927566528320312 19.97793960571289 21.684772491455078 23.2027587890625 24.686847686767578 25.975168228149414 22.235034942626953 0.0 0.0 0.0
123.66194152832031 9.874692916870117 9.533903121948242 10.190117835998535 10.366477966308594 10.54876708984375 10.721317291259766 10.847517967224121 11.179854393005371 11.43745231628418 11.883849143981934 12.011245727539062 12.206284523010254 13.062103271484375 13.10886287689209 13.47464370727539 13.690443992614746 14.307670593261719 14.591850280761719 15.302145957946777 15.979684829711914 16.833343505859375 17.70451545715332 18.4188175201416 20.078136444091797 21.528013229370117 22.79541778564453 24.989086151123047 26.199909210205078 22.45001983642578 0.0 0.0
123.49710845947266 9.50655746459961 9.06567096710205 9.685432434082031 9.983726501464844 10.311038970947266 10.525433540344238 10.756237983703613 11.066998481750488 11.275663375854492 11.476621627807617 11.453486442565918 11.946197509765625 12.446043014526367 12.535653114318848 12.879013061523438 13.133443832397461 13.745769500732422 14.095620155334473 14.440156936645508 15.090516090393066 15.997661590576172 16.991037368774414 17.344579696655273 18.74212646484375 20.340229034423828 21.579153060913086 23.229389190673828 25.16421127319336 25.802566528320312 22.07652473449707 0.0
123.67820739746094 9.419282913208008 8.766412734985352 9.310102462768555 9.666605949401855 10.03359603881836 10.253786087036133 10.692007064819336 10.777286529541016 10.687918663024902 10.978976249694824 11.144766807556152 11.373988151550293 11.798827171325684 11.845232009887695 12.230911254882812 12.571566581726074 13.347237586975098 13.721412658691406 13.889349937438965 14.44210147857666 14.982763290405273 15.826634407043457 16.53644371032715 17.60934066772461 18.364665985107422 19.925012588500977 21.069183349609375 23.198556900024414 24.473976135253906 25.662551879882812 22.97673988342285
