149.9533233642578 0.0 0.0 0.0 0.0 0.0 0.0 0.0 0.0 0.0 0.0 0.0 0.0 0.0 0.0 0.0 0.0 0.0 0.0 0.0 0.0 0.0 0.0 0.0 0.0 0.0 0.0 0.0 0.0 0.0 0.0 0.0
141.5240020751953 49.535987854003906 0.0 0.0 0.0 0.0 0.0 0.0 0.0 0.0 0.0 0.0 0.0 0.0 0.0 0.0 0.0 0.0 0.0 0.0 0.0 0.0 0.0 0.0 0.0 0.0 0.0 0.0 0.0 0.0 0.0 0.0
135.9618377685547 41.76262283325195 47.46809768676758 0.0 0.0 0.0 0.0 0.0 0.0 0.0 0.0 0.0 0.0 0.0 0.0 0.0 0.0 0.0 0.0 0.0 0.0 0.0 0.0 0.0 0.0 0.0 0.0 0.0 0.0 0.0 0.0 0.0
133.05821228027344 28.056821823120117 41.064849853515625 48.01082229614258 0.0 0.0 0.0 0.0 0.0 0.0 0.0 0.0 0.0 0.0 0.0 0.0 0.0 0.0 0.0 0.0 0.0 0.0 0.0 0.0 0.0 0.0 0.0 0.0 0.0 0.0 0.0 0.0
132.10501098632812 18.857152938842773 25.016334533691406 41.7236213684082 48.05059051513672 0.0 0.0 0.0 0.0 0.0 0.0 0.0 0.0 0.0 0.0 0.0 0.0 0.0 0.0 0.0 0.0 0.0 0.0 0.0 0.0 0.0 0.0 0.0 0.0 0.0 0.0 0.0
131.6339569091797 15.515029907226562 17.3598690032959 25.300512313842773 41.633811950683594 47.32759094238281 0.0 0.0 0.0 0.0 0.0 0.0 0.0 0.0 0.0 0.0 0.0 0.0 0.0 0.0 0.0 0.0 0.0 0.0 0.0 0.0 0.0 0.0 0.0 0.0 0.0 0.0
130.84292602539062 14.206247329711914 14.215222358703613 17.517465591430664 25.72783088684082 42.320255279541016 46.898887634277344 0.0 0.0 0.0 0.0 0.0 0.0 0.0 0.0 0.0 0.0 0.0 0.0 0.0 0.0 0.0 0.0 0.0 0.0 0.0 0.0 0.0 0.0 0.0 0.0 0.0
130.38880920410156 13.773283958435059 13.369978904724121 14.432297706604004 18.062559127807617 26.365825653076172 41.583980560302734 46.415321350097656 0.0 0.0 0.0 0.0 0.0 0.0 0.0 0.0 0.0 0.0 0.0 0.0 0.0 0.0 0.0 0.0 0.0 0.0 0.0 0.0 0.0 0.0 0.0 0.0
129.50965881347656 12.776976585388184 12.318405151367188 12.678060531616211 14.458520889282227 18.810604095458984 27.618160247802734 41.64250564575195 46.63579177856445 0.0 0.0 0.0 0.0 0.0 0.0 0.0 0.0 0.0 0.0 0.0 0.0 0.0 0.0 0.0 0.0 0.0 0.0 0.0 0.0 0.0 0.0 0.0
129.1495819091797 11.296537399291992 11.372639656066895 12.007064819335938 12.583137512207031 14.831300735473633 18.93593406677246 25.376018524169922 42.3756217956543 47.17861557006836 0.0 0.0 0.0 0.0 0.0 0.0 0.0 0.0 0.0 0.0 0.0 0.0 0.0 0.0 0.0 0.0 0.0 0.0 0.0 0.0 0.0 0.0
129.26361083984375 10.013720512390137 10.005414009094238 11.312957763671875 11.978462219238281 13.134536743164062 14.663543701171875 18.315587997436523 25.51577377319336 42.46637725830078 46.09267044067383 0.0 0.0 0.0 0.0 0.0 0.0 0.0 0.0 0.0 0.0 0.0 0.0 0.0 0.0 0.0 0.0 0.0 0.0 0.0 0.0 0.0
129.17250061035156 8.87588119506836 8.555961608886719 9.689871788024902 11.03346061706543 12.138303756713867 12.489163398742676 14.362473487854004 17.852205276489258 25.702085494995117 42.38554000854492 46.30766677856445 0.0 0.0 0.0 0.0 0.0 0.0 0.0 0.0 0.0 0.0 0.0 0.0 0.0 0.0 0.0 0.0 0.0 0.0 0.0 0.0
129.4817657470703 8.731904983520508 7.789055824279785 8.324902534484863 9.771876335144043 11.13207721710205 11.961295127868652 12.736339569091797 14.011988639831543 17.457645416259766 25.76533317565918 41.80515670776367 45.53853988647461 0.0 0.0 0.0 0.0 0.0 0.0 0.0 0.0 0.0 0.0 0.0 0.0 0.0 0.0 0.0 0.0 0.0 0.0 0.0
128.41989135742188 8.303496360778809 7.666960716247559 7.491512298583984 8.045427322387695 9.609134674072266 10.933550834655762 11.936253547668457 12.829222679138184 14.218496322631836 18.217409133911133 25.938297271728516 43.47178268432617 46.121070861816406 0.0 0.0 0.0 0.0 0.0 0.0 0.0 0.0 0.0 0.0 0.0 0.0 0.0 0.0 0.0 0.0 0.0 0.0
128.304443359375 7.851620674133301 7.458344459533691 7.068007469177246 7.183709621429443 8.121315956115723 9.148453712463379 10.893285751342773 11.757843971252441 12.70902156829834 14.46539306640625 18.159820556640625 27.2513484954834 43.39879608154297 45.48550033569336 0.0 0.0 0.0 0.0 0.0 0.0 0.0 0.0 0.0 0.0 0.0 0.0 0.0 0.0 0.0 0.0 0.0
128.50064086914062 6.758161544799805 6.793885231018066 6.744277477264404 6.8990397453308105 7.157083034515381 7.77412748336792 9.289566993713379 11.055458068847656 11.974206924438477 13.027725219726562 14.608063697814941 18.105371475219727 26.114688873291016 42.51819610595703 46.06011962890625 0.0 0.0 0.0 0.0 0.0 0.0 0.0 0.0 0.0 0.0 0.0 0.0 0.0 0.0 0.0 0.0
128.1602783203125 5.828646183013916 6.118249893188477 6.367857933044434 6.623035430908203 6.771757125854492 7.048383712768555 8.082195281982422 9.335721015930176 10.960079193115234 12.795218467712402 12.833122253417969 14.59835147857666 18.004196166992188 25.909225463867188 43.73628616333008 45.652156829833984 0.0 0.0 0.0 0.0 0.0 0.0 0.0 0.0 0.0 0.0 0.0 0.0 0.0 0.0 0.0
128.53445434570312 5.788242816925049 5.442522048950195 5.636791229248047 6.31978178024292 6.744788646697998 6.851690769195557 7.495398044586182 8.0887451171875 9.197032928466797 11.125946998596191 11.879570007324219 12.624669075012207 14.452208518981934 17.568668365478516 26.119264602661133 42.642208099365234 45.67448043823242 0.0 0.0 0.0 0.0 0.0 0.0 0.0 0.0 0.0 0.0 0.0 0.0 0.0 0.0
128.40020751953125 5.876939296722412 5.120336055755615 4.958443641662598 5.471444129943848 6.292530536651611 6.738924503326416 7.1907639503479 7.426881313323975 7.952971935272217 9.82853889465332 10.966229438781738 11.892250061035156 12.745792388916016 14.152172088623047 18.031715393066406 26.10706901550293 42.51719665527344 45.721797943115234 0.0 0.0 0.0 0.0 0.0 0.0 0.0 0.0 0.0 0.0 0.0 0.0 0.0
128.2754669189453 5.772485733032227 5.114953994750977 4.666118144989014 4.919191360473633 5.518552780151367 6.089813709259033 6.723124027252197 6.991559028625488 7.017642974853516 8.163028717041016 9.532598495483398 10.521998405456543 11.758030891418457 12.64826774597168 14.217206954956055 18.219552993774414 26.605655670166016 42.820213317871094 45.49934387207031 0.0 0.0 0.0 0.0 0.0 0.0 0.0 0.0 0.0 0.0 0.0 0.0
128.31008911132812 5.448728084564209 5.144409656524658 4.6882429122924805 4.728780269622803 4.8235039710998535 5.298323154449463 6.2244343757629395 6.339659690856934 6.7329559326171875 7.297079563140869 8.509967803955078 9.035587310791016 10.508538246154785 11.605523109436035 12.66146469116211 14.193514823913574 17.9715576171875 25.771028518676758 42.75718688964844 45.97862243652344 0.0 0.0 0.0 0.0 0.0 0.0 0.0 0.0 0.0 0.0 0.0
128.0369873046875 4.825306415557861 4.836505889892578 4.625980377197266 4.722332000732422 4.571972370147705 4.741254806518555 5.53607702255249 5.991913318634033 6.442535400390625 6.746539115905762 7.615939140319824 7.692867755889893 8.999770164489746 10.384476661682129 11.602209091186523 12.392074584960938 14.135490417480469 18.11123275756836 26.85662269592285 42.98666000366211 45.9471435546875 0.0 0.0 0.0 0.0 0.0 0.0 0.0 0.0 0.0 0.0
128.6908721923828 4.26449728012085 4.205328941345215 4.481609344482422 4.654916763305664 4.389101982116699 4.4392571449279785 4.736391544342041 5.320610046386719 5.943539619445801 6.689183235168457 6.899990558624268 6.948978900909424 7.734418869018555 9.17505931854248 10.488576889038086 11.89246940612793 12.285651206970215 13.995655059814453 17.669015884399414 26.31727409362793 42.53437805175781 44.9676399230957 0.0 0.0 0.0 0.0 0.0 0.0 0.0 0.0 0.0
128.63291931152344 4.367794036865234 3.8693618774414062 3.8319172859191895 4.202584743499756 4.466084003448486 4.463273048400879 4.463796615600586 4.738137245178223 5.341449737548828 6.301825046539307 6.651242733001709 6.66356897354126 6.939497470855713 7.682986259460449 8.797786712646484 10.314359664916992 11.574644088745117 12.243813514709473 14.149032592773438 17.78005027770996 26.11532974243164 42.61815643310547 45.18365478515625 0.0 0.0 0.0 0.0 0.0 0.0 0.0 0.0
128.71200561523438 4.773561477661133 3.850059986114502 3.522737979888916 3.643897533416748 4.151219367980957 4.2857985496521 4.3800859451293945 4.340469837188721 4.617929458618164 5.240207672119141 5.825178146362305 6.218507766723633 6.518824577331543 6.92898416519165 7.524621486663818 8.863910675048828 10.384166717529297 11.5731782913208 12.634032249450684 14.307302474975586 17.977426528930664 25.991758346557617 42.4409294128418 45.010887145996094 0.0 0.0 0.0 0.0 0.0 0.0 0.0
128.5567626953125 5.14013671875 4.0921783447265625 3.438809871673584 3.3462271690368652 3.619079113006592 4.053891181945801 4.3861236572265625 4.488166809082031 4.302813529968262 4.691319942474365 5.349676609039307 5.561889171600342 6.1540961265563965 6.333523750305176 6.923295974731445 7.365357875823975 8.928561210632324 10.705927848815918 11.726454734802246 12.852325439453125 14.412476539611816 17.97733497619629 26.085060119628906 42.65277862548828 44.857688903808594 0.0 0.0 0.0 0.0 0.0 0.0
128.64942932128906 4.722268581390381 4.555428981781006 3.7303249835968018 3.3351504802703857 3.35640287399292 3.4398887157440186 3.9485671520233154 4.31886625289917 4.119813442230225 4.551865100860596 4.560368061065674 4.841832637786865 5.606499671936035 6.238463878631592 6.648362636566162 6.891242980957031 7.555129528045654 8.908452033996582 10.34961223602295 11.364133834838867 12.394023895263672 14.77773380279541 18.072322845458984 26.23708724975586 42.023799896240234 45.12497329711914 0.0 0.0 0.0 0.0 0.0
127.9879379272461 3.9631781578063965 4.5310492515563965 4.136900901794434 3.5954511165618896 3.4444310665130615 3.35184383392334 3.5913641452789307 4.046667575836182 4.195530891418457 4.262228965759277 4.253892421722412 4.490246295928955 4.926817417144775 5.715896129608154 6.2796430587768555 6.405832290649414 6.826178073883057 7.6892290115356445 9.476318359375 10.328781127929688 11.594579696655273 12.681924819946289 14.513378143310547 18.244956970214844 27.78875732421875 42.71183395385742 45.09327697753906 0.0 0.0 0.0 0.0
128.1056365966797 3.1178853511810303 3.7192018032073975 4.041222095489502 3.888014078140259 3.5725038051605225 3.201951265335083 3.1230409145355225 3.6102654933929443 3.9803812503814697 4.153740406036377 4.14727783203125 4.0243611335754395 4.424727916717529 4.9984049797058105 5.739201068878174 6.35112190246582 6.603233814239502 7.004268646240234 8.476882934570312 8.941454887390137 10.403434753417969 11.663522720336914 12.90853214263916 14.63585376739502 18.95555877685547 26.34618377685547 42.80654525756836 45.060211181640625 0.0 0.0 0.0
128.2619171142578 3.0110299587249756 3.2395834922790527 3.6324410438537598 3.932572841644287 3.8492400646209717 3.4993934631347656 3.1990320682525635 3.2018208503723145 3.5569636821746826 3.827955484390259 4.09434700012207 4.196437835693359 4.130523204803467 4.55636739730835 4.959994792938232 5.4551544189453125 6.356475353240967 6.429016590118408 6.905526161193848 7.850368976593018 8.977337837219238 10.249162673950195 11.661616325378418 12.74567985534668 14.666951179504395 18.18167495727539 26.23440933227539 42.95505905151367 45.0219612121582 0.0 0.0
127.53191375732422 3.6171889305114746 3.0967659950256348 2.9603450298309326 3.371121406555176 3.915154457092285 3.7690067291259766 3.4067862033843994 3.2577977180480957 3.297830820083618 3.3537492752075195 3.8744094371795654 4.295638561248779 4.32205057144165 4.331854343414307 4.526407718658447 4.719983100891113 5.5615105628967285 6.062411785125732 6.546465873718262 6.860645771026611 7.484179973602295 8.854111671447754 10.438742637634277 11.835119247436523 12.787029266357422 14.468473434448242 18.158584594726562 30.120162963867188 42.65064239501953 44.913814544677734 0.0
128.3094940185547 4.404353618621826 3.27459716796875 2.8349292278289795 2.9231579303741455 3.299389600753784 3.689875364303589 3.6586663722991943 3.270878314971924 3.148409128189087 3.099475860595703 3.222217559814453 3.6628425121307373 3.9841835498809814 4.073164939880371 4.118739604949951 4.18451452255249 4.926791667938232 5.4158430099487305 6.105630874633789 6.27180814743042 6.750807762145996 7.620639801025391 8.95242977142334 10.362263679504395 11.33457088470459 12.659727096557617 14.210573196411133 18.482194900512695 26.493356704711914 43.02518844604492 44.79343032836914
