149.9533233642578 0.0 0.0 0.0 0.0 0.0 0.0 0.0 0.0 0.0 0.0 0.0 0.0 0.0 0.0 0.0 0.0 0.0 0.0 0.0 0.0 0.0 0.0 0.0 0.0 0.0 0.0 0.0 0.0 0.0 0.0 0.0
148.4141082763672 21.369503021240234 0.0 0.0 0.0 0.0 0.0 0.0 0.0 0.0 0.0 0.0 0.0 0.0 0.0 0.0 0.0 0.0 0.0 0.0 0.0 0.0 0.0 0.0 0.0 0.0 0.0 0.0 0.0 0.0 0.0 0.0
147.0559539794922 22.643949508666992 18.56743049621582 0.0 0.0 0.0 0.0 0.0 0.0 0.0 0.0 0.0 0.0 0.0 0.0 0.0 0.0 0.0 0.0 0.0 0.0 0.0 0.0 0.0 0.0 0.0 0.0 0.0 0.0 0.0 0.0 0.0
145.73794555664062 23.075647354125977 19.066537857055664 18.643033981323242 0.0 0.0 0.0 0.0 0.0 0.0 0.0 0.0 0.0 0.0 0.0 0.0 0.0 0.0 0.0 0.0 0.0 0.0 0.0 0.0 0.0 0.0 0.0 0.0 0.0 0.0 0.0 0.0
144.37416076660156 22.979158401489258 20.16603660583496 18.979948043823242 18.5523738861084 0.0 0.0 0.0 0.0 0.0 0.0 0.0 0.0 0.0 0.0 0.0 0.0 0.0 0.0 0.0 0.0 0.0 0.0 0.0 0.0 0.0 0.0 0.0 0.0 0.0 0.0 0.0
143.52235412597656 21.959688186645508 19.371850967407227 18.61944580078125 18.625181198120117 18.25547981262207 0.0 0.0 0.0 0.0 0.0 0.0 0.0 0.0 0.0 0.0 0.0 0.0 0.0 0.0 0.0 0.0 0.0 0.0 0.0 0.0 0.0 0.0 0.0 0.0 0.0 0.0
142.5413055419922 21.440340042114258 18.106473922729492 18.428438186645508 18.519235610961914 18.938146591186523 18.33154296875 0.0 0.0 0.0 0.0 0.0 0.0 0.0 0.0 0.0 0.0 0.0 0.0 0.0 0.0 0.0 0.0 0.0 0.0 0.0 0.0 0.0 0.0 0.0 0.0 0.0
141.73934936523438 20.581226348876953 17.50089454650879 18.01346206665039 17.988203048706055 18.312929153442383 18.538610458374023 18.332275390625 0.0 0.0 0.0 0.0 0.0 0.0 0.0 0.0 0.0 0.0 0.0 0.0 0.0 0.0 0.0 0.0 0.0 0.0 0.0 0.0 0.0 0.0 0.0 0.0
140.25123596191406 20.17759132385254 17.03348731994629 17.70660972595215 18.26504135131836 18.800634384155273 19.077489852905273 20.294208526611328 18.41213607788086 0.0 0.0 0.0 0.0 0.0 0.0 0.0 0.0 0.0 0.0 0.0 0.0 0.0 0.0 0.0 0.0 0.0 0.0 0.0 0.0 0.0 0.0 0.0
139.81546020507812 19.56536293029785 16.794750213623047 16.99036407470703 17.264249801635742 17.62588119506836 18.377010345458984 18.688432693481445 18.87126350402832 18.145675659179688 0.0 0.0 0.0 0.0 0.0 0.0 0.0 0.0 0.0 0.0 0.0 0.0 0.0 0.0 0.0 0.0 0.0 0.0 0.0 0.0 0.0 0.0
139.1802978515625 19.075471878051758 16.126171112060547 16.555648803710938 16.90151596069336 17.065654754638672 17.450498580932617 17.89794158935547 18.08481788635254 18.71452522277832 18.294424057006836 0.0 0.0 0.0 0.0 0.0 0.0 0.0 0.0 0.0 0.0 0.0 0.0 0.0 0.0 0.0 0.0 0.0 0.0 0.0 0.0 0.0
138.1931915283203 18.777868270874023 16.143007278442383 16.855979919433594 16.58662986755371 17.054283142089844 17.26528549194336 17.68620491027832 17.834184646606445 18.0289306640625 18.515661239624023 18.041780471801758 0.0 0.0 0.0 0.0 0.0 0.0 0.0 0.0 0.0 0.0 0.0 0.0 0.0 0.0 0.0 0.0 0.0 0.0 0.0 0.0
137.41708374023438 18.184906005859375 15.49587631225586 16.292118072509766 16.433368682861328 16.698516845703125 16.826387405395508 17.348770141601562 17.62373161315918 17.634124755859375 18.35970687866211 18.71009635925293 17.934764862060547 0.0 0.0 0.0 0.0 0.0 0.0 0.0 0.0 0.0 0.0 0.0 0.0 0.0 0.0 0.0 0.0 0.0 0.0 0.0
136.80218505859375 17.140047073364258 14.886595726013184 16.07441520690918 15.926081657409668 16.233293533325195 16.50283432006836 16.948219299316406 17.026737213134766 17.426939010620117 17.97646713256836 17.982662200927734 18.675241470336914 18.127878189086914 0.0 0.0 0.0 0.0 0.0 0.0 0.0 0.0 0.0 0.0 0.0 0.0 0.0 0.0 0.0 0.0 0.0 0.0
135.7465362548828 16.64472198486328 14.389843940734863 15.538505554199219 15.74338150024414 16.06220245361328 16.290353775024414 16.69215965270996 17.03017234802246 17.347620010375977 18.07717514038086 17.78894805908203 18.541391372680664 19.416484832763672 18.043807983398438 0.0 0.0 0.0 0.0 0.0 0.0 0.0 0.0 0.0 0.0 0.0 0.0 0.0 0.0 0.0 0.0 0.0
135.0733642578125 16.649316787719727 14.161520004272461 15.163390159606934 15.393190383911133 15.662285804748535 16.102258682250977 16.39569854736328 17.181438446044922 17.827857971191406 17.121110916137695 17.46487045288086 17.93821144104004 18.26622200012207 18.49343490600586 17.64780616760254 0.0 0.0 0.0 0.0 0.0 0.0 0.0 0.0 0.0 0.0 0.0 0.0 0.0 0.0 0.0 0.0
134.08335876464844 16.203500747680664 13.756728172302246 14.616192817687988 15.14867877960205 15.418149948120117 15.853020668029785 16.42024803161621 16.972814559936523 16.789138793945312 17.19027328491211 17.040706634521484 17.7410888671875 18.402305603027344 18.300668716430664 19.597030639648438 17.96649742126465 0.0 0.0 0.0 0.0 0.0 0.0 0.0 0.0 0.0 0.0 0.0 0.0 0.0 0.0 0.0
133.379150390625 15.730852127075195 13.429184913635254 14.497298240661621 14.944474220275879 14.964302062988281 15.580180168151855 15.893260955810547 16.410680770874023 16.252031326293945 16.429847717285156 17.329748153686523 17.263469696044922 18.583141326904297 17.98963737487793 19.022005081176758 19.032135009765625 17.82185173034668 0.0 0.0 0.0 0.0 0.0 0.0 0.0 0.0 0.0 0.0 0.0 0.0 0.0 0.0
132.63803100585938 15.367391586303711 13.130084991455078 14.104153633117676 14.312765121459961 14.702418327331543 15.19863224029541 15.705016136169434 15.962626457214355 16.075729370117188 16.08330535888672 17.147058486938477 16.816373825073242 18.25762367248535 18.062089920043945 19.205488204956055 18.760862350463867 18.545061111450195 17.63514518737793 0.0 0.0 0.0 0.0 0.0 0.0 0.0 0.0 0.0 0.0 0.0 0.0 0.0
131.66595458984375 15.310139656066895 13.016640663146973 13.97933292388916 14.365898132324219 14.956611633300781 14.940712928771973 15.259501457214355 15.647649765014648 15.931212425231934 16.42974853515625 16.281064987182617 16.601057052612305 17.102249145507812 17.175945281982422 17.775861740112305 18.448341369628906 18.962446212768555 20.23920440673828 18.424041748046875 0.0 0.0 0.0 0.0 0.0 0.0 0.0 0.0 0.0 0.0 0.0 0.0
130.90577697753906 15.022370338439941 12.781780242919922 13.969305038452148 14.156597137451172 14.406001091003418 14.661371231079102 15.083337783813477 15.656965255737305 16.048995971679688 16.12357521057129 16.042564392089844 16.259193420410156 16.967042922973633 17.096813201904297 17.904300689697266 18.978008270263672 17.85026741027832 19.049903869628906 19.19367027282715 17.802791595458984 0.0 0.0 0.0 0.0 0.0 0.0 0.0 0.0 0.0 0.0 0.0
131.09803771972656 14.671721458435059 12.691303253173828 13.570537567138672 13.848989486694336 14.264299392700195 14.42004108428955 14.846456527709961 15.159088134765625 15.203540802001953 15.681071281433105 15.85591983795166 15.956807136535645 16.356870651245117 16.35782814025879 17.009906768798828 16.941055297851562 17.367813110351562 17.721967697143555 18.073726654052734 18.196125030517578 17.7305850982666 0.0 0.0 0.0 0.0 0.0 0.0 0.0 0.0 0.0 0.0
130.4107666015625 14.353388786315918 12.629919052124023 13.695542335510254 14.082436561584473 14.658895492553711 14.180277824401855 14.612793922424316 15.040224075317383 15.052946090698242 15.532185554504395 15.994922637939453 15.83948040008545 15.957330703735352 16.012832641601562 16.28219223022461 16.566383361816406 16.757781982421875 16.914113998413086 17.614444732666016 17.659006118774414 18.487865447998047 17.687559127807617 0.0 0.0 0.0 0.0 0.0 0.0 0.0 0.0 0.0
129.59494018554688 14.124421119689941 12.512633323669434 13.522768020629883 13.91184139251709 14.818472862243652 14.033161163330078 14.211331367492676 14.55832576751709 14.857810020446777 15.344954490661621 15.749265670776367 15.81545639038086 16.278480529785156 15.98660659790039 16.800457000732422 16.718341827392578 16.326412200927734 16.475215911865234 17.05908966064453 17.041236877441406 17.741769790649414 18.529830932617188 17.63439178466797 0.0 0.0 0.0 0.0 0.0 0.0 0.0 0.0
129.18446350097656 14.378175735473633 12.389470100402832 13.416417121887207 13.715840339660645 13.891690254211426 14.141088485717773 14.091899871826172 14.419347763061523 14.467212677001953 14.902327537536621 15.465502738952637 15.995113372802734 15.910167694091797 15.517993927001953 15.805052757263184 16.004314422607422 16.033010482788086 16.302963256835938 16.725862503051758 16.703248977661133 17.135364532470703 17.746448516845703 18.235652923583984 17.824010848999023 0.0 0.0 0.0 0.0 0.0 0.0 0.0
129.03805541992188 14.323009490966797 12.070388793945312 12.722164154052734 13.323283195495605 13.641437530517578 13.805498123168945 13.885024070739746 14.071709632873535 13.964881896972656 14.540897369384766 14.949567794799805 15.167608261108398 15.371686935424805 15.267651557922363 15.594133377075195 15.565587043762207 15.674135208129883 15.941092491149902 16.28289222717285 16.336353302001953 16.79806137084961 17.202402114868164 17.344655990600586 18.57298469543457 17.40679931640625 0.0 0.0 0.0 0.0 0.0 0.0
128.28408813476562 13.678619384765625 11.67288589477539 12.456318855285645 12.952028274536133 13.21151065826416 13.39526653289795 13.738255500793457 14.111011505126953 13.965970993041992 14.585843086242676 14.56545639038086 15.033472061157227 15.347886085510254 15.066418647766113 15.37120246887207 15.531338691711426 15.59811019897461 15.553460121154785 15.886239051818848 15.902560234069824 16.126310348510742 16.531681060791016 16.821117401123047 17.655662536621094 20.31280517578125 17.884489059448242 0.0 0.0 0.0 0.0 0.0
127.72502136230469 13.603049278259277 11.683329582214355 12.443946838378906 12.587369918823242 12.804740905761719 13.188130378723145 13.707119941711426 13.780919075012207 13.731893539428711 14.032798767089844 14.656103134155273 14.77714729309082 15.0669527053833 15.000212669372559 15.359136581420898 15.201083183288574 15.268696784973145 15.38286304473877 15.655254364013672 15.579907417297363 15.93740177154541 16.29018783569336 16.37994384765625 17.00547981262207 20.406452178955078 18.19512176513672 17.267925262451172 0.0 0.0 0.0 0.0
127.54182434082031 13.533707618713379 11.568770408630371 12.559711456298828 12.786398887634277 12.908015251159668 13.034293174743652 13.259918212890625 13.717327117919922 14.186142921447754 14.239344596862793 14.43178939819336 14.641624450683594 14.87586784362793 14.672858238220215 15.01485538482666 14.947558403015137 15.092063903808594 15.209916114807129 15.551268577575684 15.391629219055176 15.651472091674805 15.953706741333008 15.997441291809082 16.793487548828125 16.936311721801758 17.25914192199707 17.772769927978516 16.978666305541992 0.0 0.0 0.0
126.91239166259766 13.288131713867188 11.609280586242676 12.263943672180176 12.456433296203613 12.555524826049805 12.786678314208984 13.095479965209961 13.450922966003418 13.773301124572754 13.840075492858887 14.377852439880371 14.347332000732422 14.472350120544434 14.263057708740234 14.653230667114258 14.729642868041992 15.114720344543457 15.069032669067383 15.67765998840332 15.374222755432129 15.593032836914062 15.896095275878906 15.996739387512207 16.439678192138672 16.530012130737305 16.748794555664062 17.30414390563965 18.28856658935547 17.293611526489258 0.0 0.0
126.65150451660156 13.087210655212402 11.348710060119629 12.294562339782715 12.5007963180542 12.445886611938477 12.698529243469238 12.887685775756836 13.218560218811035 13.594869613647461 13.59447193145752 14.00416374206543 14.13229751586914 14.142085075378418 14.052461624145508 14.412842750549316 14.364755630493164 14.760218620300293 14.843182563781738 15.128263473510742 15.273604393005371 15.426494598388672 15.71884536743164 15.515541076660156 15.764704704284668 16.398662567138672 16.3554744720459 16.828136444091797 17.106510162353516 17.81019401550293 17.199277877807617 0.0
126.17329406738281 12.925764083862305 11.026403427124023 11.664266586303711 12.352479934692383 12.298882484436035 12.704256057739258 12.901651382446289 13.566364288330078 13.258597373962402 13.286874771118164 13.586969375610352 14.206438064575195 13.992375373840332 13.84473705291748 13.897008895874023 14.282957077026367 14.600090980529785 14.648319244384766 14.919363021850586 15.760972023010254 15.175291061401367 15.536639213562012 15.363385200500488 15.221269607543945 15.376724243164062 16.152938842773438 16.609859466552734 16.767683029174805 16.911420822143555 18.104000091552734 17.093284606933594
