149.9533233642578 0.0 0.0 0.0 0.0 0.0 0.0 0.0 0.0 0.0 0.0 0.0 0.0 0.0 0.0 0.0 0.0 0.0 0.0 0.0 0.0 0.0 0.0 0.0 0.0 0.0 0.0 0.0 0.0 0.0 0.0 0.0
147.09835815429688 29.066179275512695 0.0 0.0 0.0 0.0 0.0 0.0 0.0 0.0 0.0 0.0 0.0 0.0 0.0 0.0 0.0 0.0 0.0 0.0 0.0 0.0 0.0 0.0 0.0 0.0 0.0 0.0 0.0 0.0 0.0 0.0
142.0381317138672 40.21406936645508 26.28885269165039 0.0 0.0 0.0 0.0 0.0 0.0 0.0 0.0 0.0 0.0 0.0 0.0 0.0 0.0 0.0 0.0 0.0 0.0 0.0 0.0 0.0 0.0 0.0 0.0 0.0 0.0 0.0 0.0 0.0
136.61705017089844 32.4053840637207 45.26236343383789 26.833969116210938 0.0 0.0 0.0 0.0 0.0 0.0 0.0 0.0 0.0 0.0 0.0 0.0 0.0 0.0 0.0 0.0 0.0 0.0 0.0 0.0 0.0 0.0 0.0 0.0 0.0 0.0 0.0 0.0
131.67483520507812 26.013757705688477 38.48655700683594 47.59775924682617 26.854591369628906 0.0 0.0 0.0 0.0 0.0 0.0 0.0 0.0 0.0 0.0 0.0 0.0 0.0 0.0 0.0 0.0 0.0 0.0 0.0 0.0 0.0 0.0 0.0 0.0 0.0 0.0 0.0
128.92588806152344 22.53594207763672 33.16667175292969 40.16719436645508 44.29905319213867 26.02630043029785 0.0 0.0 0.0 0.0 0.0 0.0 0.0 0.0 0.0 0.0 0.0 0.0 0.0 0.0 0.0 0.0 0.0 0.0 0.0 0.0 0.0 0.0 0.0 0.0 0.0 0.0
127.36053466796875 20.264461517333984 28.422197341918945 35.57535171508789 36.96883010864258 41.813819885253906 25.751131057739258 0.0 0.0 0.0 0.0 0.0 0.0 0.0 0.0 0.0 0.0 0.0 0.0 0.0 0.0 0.0 0.0 0.0 0.0 0.0 0.0 0.0 0.0 0.0 0.0 0.0
126.02237701416016 18.231054306030273 25.798553466796875 31.235891342163086 32.96919250488281 35.44338607788086 40.395118713378906 25.549909591674805 0.0 0.0 0.0 0.0 0.0 0.0 0.0 0.0 0.0 0.0 0.0 0.0 0.0 0.0 0.0 0.0 0.0 0.0 0.0 0.0 0.0 0.0 0.0 0.0
124.63253021240234 16.784013748168945 23.654335021972656 28.04901695251465 30.004152297973633 31.669984817504883 34.245819091796875 39.85186767578125 25.646039962768555 0.0 0.0 0.0 0.0 0.0 0.0 0.0 0.0 0.0 0.0 0.0 0.0 0.0 0.0 0.0 0.0 0.0 0.0 0.0 0.0 0.0 0.0 0.0
123.0927734375 15.437742233276367 21.78358268737793 27.488941192626953 26.737585067749023 27.653669357299805 29.608905792236328 33.42402267456055 41.267333984375 26.194355010986328 0.0 0.0 0.0 0.0 0.0 0.0 0.0 0.0 0.0 0.0 0.0 0.0 0.0 0.0 0.0 0.0 0.0 0.0 0.0 0.0 0.0 0.0
122.9021987915039 14.249602317810059 20.329994201660156 23.849775314331055 24.2974796295166 25.279048919677734 26.559743881225586 29.207103729248047 33.632118225097656 39.87250518798828 26.154232025146484 0.0 0.0 0.0 0.0 0.0 0.0 0.0 0.0 0.0 0.0 0.0 0.0 0.0 0.0 0.0 0.0 0.0 0.0 0.0 0.0 0.0
122.59425354003906 12.956768989562988 19.1190185546875 21.94855499267578 22.524614334106445 23.053817749023438 23.837554931640625 26.293004989624023 29.64120864868164 32.53649139404297 38.94533157348633 26.1948299407959 0.0 0.0 0.0 0.0 0.0 0.0 0.0 0.0 0.0 0.0 0.0 0.0 0.0 0.0 0.0 0.0 0.0 0.0 0.0 0.0
120.7822494506836 12.491788864135742 17.885087966918945 20.677539825439453 21.319236755371094 21.913772583007812 22.378429412841797 23.993663787841797 27.16970443725586 30.100889205932617 33.045021057128906 39.734458923339844 25.784366607666016 0.0 0.0 0.0 0.0 0.0 0.0 0.0 0.0 0.0 0.0 0.0 0.0 0.0 0.0 0.0 0.0 0.0 0.0 0.0
121.21039581298828 11.224967002868652 16.500381469726562 19.191286087036133 19.731754302978516 20.222246170043945 20.63902473449707 21.8139591217041 23.35601234436035 25.437759399414062 28.37757110595703 34.31856155395508 37.91551208496094 26.665170669555664 0.0 0.0 0.0 0.0 0.0 0.0 0.0 0.0 0.0 0.0 0.0 0.0 0.0 0.0 0.0 0.0 0.0 0.0
119.7787857055664 10.645490646362305 15.708456993103027 17.859447479248047 18.322233200073242 18.829553604125977 19.39724349975586 20.71192169189453 21.912124633789062 23.17197036743164 26.022985458374023 30.902698516845703 31.979909896850586 40.28440856933594 25.821203231811523 0.0 0.0 0.0 0.0 0.0 0.0 0.0 0.0 0.0 0.0 0.0 0.0 0.0 0.0 0.0 0.0 0.0
119.02351379394531 10.81784725189209 15.412640571594238 17.42021942138672 20.994400024414062 18.144832611083984 18.19171714782715 19.17340850830078 20.54359245300293 21.729795455932617 22.737632751464844 28.619775772094727 28.416868209838867 32.362709045410156 38.03019332885742 25.656822204589844 0.0 0.0 0.0 0.0 0.0 0.0 0.0 0.0 0.0 0.0 0.0 0.0 0.0 0.0 0.0 0.0
118.6163101196289 10.523622512817383 14.616896629333496 16.514097213745117 16.80325698852539 16.992992401123047 17.539995193481445 17.935632705688477 19.271390914916992 20.6630916595459 23.27557373046875 25.18899154663086 25.511383056640625 29.667478561401367 32.02851104736328 38.01935958862305 25.27359390258789 0.0 0.0 0.0 0.0 0.0 0.0 0.0 0.0 0.0 0.0 0.0 0.0 0.0 0.0 0.0
119.56487274169922 10.960187911987305 14.570640563964844 16.07579803466797 16.096500396728516 16.091840744018555 16.48578643798828 17.309566497802734 17.955259323120117 19.073057174682617 19.894493103027344 21.11311149597168 22.502954483032227 25.466651916503906 27.865692138671875 31.682878494262695 37.03194046020508 25.935752868652344 0.0 0.0 0.0 0.0 0.0 0.0 0.0 0.0 0.0 0.0 0.0 0.0 0.0 0.0
119.02484130859375 11.051639556884766 14.478837013244629 15.8614501953125 15.731681823730469 15.481757164001465 15.617498397827148 15.96484661102295 16.740564346313477 17.93843650817871 18.59830093383789 19.930513381958008 20.861616134643555 22.64450454711914 24.70380210876465 27.97093391418457 31.10445785522461 37.672218322753906 25.968032836914062 0.0 0.0 0.0 0.0 0.0 0.0 0.0 0.0 0.0 0.0 0.0 0.0 0.0
117.69174194335938 10.538712501525879 14.432524681091309 15.834802627563477 15.311273574829102 15.064380645751953 15.003205299377441 15.178427696228027 15.885611534118652 17.082426071166992 17.565425872802734 19.49809455871582 19.68896484375 21.110809326171875 22.618927001953125 25.334766387939453 27.677719116210938 31.53555679321289 38.336082458496094 26.359310150146484 0.0 0.0 0.0 0.0 0.0 0.0 0.0 0.0 0.0 0.0 0.0 0.0
117.69500732421875 9.851628303527832 13.871694564819336 15.626943588256836 15.187080383300781 14.654394149780273 14.597274780273438 14.576327323913574 15.025101661682129 16.07085609436035 16.77872085571289 17.568405151367188 18.04471206665039 19.241802215576172 20.488719940185547 21.836658477783203 24.494260787963867 28.054367065429688 31.591407775878906 38.99894332885742 25.564184188842773 0.0 0.0 0.0 0.0 0.0 0.0 0.0 0.0 0.0 0.0 0.0
117.5255355834961 9.141345977783203 13.226652145385742 15.249505043029785 15.30566120147705 14.530272483825684 14.141740798950195 14.026985168457031 14.664121627807617 15.14685344696045 15.483386993408203 18.8006649017334 17.364973068237305 18.689725875854492 19.34807586669922 21.133394241333008 21.90816879272461 24.58111000061035 27.66709327697754 31.40028953552246 36.7411003112793 25.348337173461914 0.0 0.0 0.0 0.0 0.0 0.0 0.0 0.0 0.0 0.0
116.69468688964844 8.788575172424316 12.849040031433105 15.154150009155273 15.280134201049805 14.791156768798828 13.932957649230957 14.038230895996094 14.382926940917969 14.626338005065918 14.912025451660156 16.897180557250977 16.56791114807129 18.159210205078125 18.732603073120117 19.930908203125 20.730531692504883 22.1666259765625 24.31757354736328 28.1048583984375 30.698944091796875 37.038421630859375 25.538589477539062 0.0 0.0 0.0 0.0 0.0 0.0 0.0 0.0 0.0
116.6543197631836 8.445174217224121 11.824881553649902 13.875707626342773 14.008955955505371 14.315322875976562 13.766193389892578 14.1137113571167 13.926721572875977 13.899333000183105 14.12135124206543 15.758401870727539 15.306183815002441 16.439517974853516 17.354209899902344 17.77985191345215 19.032005310058594 20.170074462890625 21.769750595092773 27.24228286743164 27.37226676940918 31.10698699951172 37.19667053222656 25.277442932128906 0.0 0.0 0.0 0.0 0.0 0.0 0.0 0.0
116.82750701904297 9.039068222045898 11.3754301071167 15.310002326965332 14.52160358428955 13.581646919250488 13.697822570800781 13.962228775024414 13.66442584991455 13.917430877685547 14.520526885986328 14.596223831176758 14.611401557922363 15.433307647705078 16.108488082885742 16.736698150634766 17.538881301879883 19.013490676879883 19.740997314453125 21.50128936767578 24.19590950012207 27.30250358581543 30.94399642944336 36.82761764526367 25.486194610595703 0.0 0.0 0.0 0.0 0.0 0.0 0.0
116.866943359375 9.841436386108398 11.379965782165527 12.612130165100098 13.658088684082031 12.891106605529785 13.742764472961426 13.55905532836914 13.787353515625 13.69255542755127 13.231125831604004 13.556923866271973 13.800572395324707 14.96015739440918 15.372625350952148 15.555487632751465 16.354700088500977 17.209047317504883 18.772188186645508 20.150468826293945 21.918712615966797 24.759748458862305 27.41184425354004 30.77235221862793 36.49164962768555 25.274534225463867 0.0 0.0 0.0 0.0 0.0 0.0
116.31903076171875 8.461868286132812 11.165903091430664 12.297440528869629 12.1267671585083 11.866024017333984 12.419031143188477 12.71823501586914 13.491870880126953 13.3820161819458 14.112924575805664 14.08606243133545 14.289365768432617 13.914182662963867 14.242916107177734 14.776391983032227 15.667937278747559 16.631319046020508 17.938007354736328 18.79275894165039 19.714143753051758 21.61964225769043 24.38454246520996 27.296497344970703 31.37738800048828 37.29368591308594 25.58674430847168 0.0 0.0 0.0 0.0 0.0
116.40933990478516 7.654390335083008 10.990679740905762 13.922988891601562 12.45899772644043 11.403685569763184 11.560604095458984 11.74710750579834 12.867459297180176 12.95202922821045 14.975693702697754 15.133155822753906 14.757537841796875 13.869634628295898 13.771796226501465 14.05988883972168 14.502894401550293 15.912238121032715 16.812286376953125 17.42070198059082 18.26712989807129 19.87225341796875 21.728084564208984 24.037307739257812 26.645978927612305 30.306278228759766 36.21966552734375 25.456172943115234 0.0 0.0 0.0 0.0
116.95654296875 7.075549602508545 10.025177001953125 11.990155220031738 11.795429229736328 11.129258155822754 10.893272399902344 11.124176025390625 11.665953636169434 12.156245231628418 13.205680847167969 13.012221336364746 12.958830833435059 12.746868133544922 12.94024658203125 13.175756454467773 13.60075855255127 14.744165420532227 15.476502418518066 16.218076705932617 17.11784553527832 18.30048370361328 19.764259338378906 21.336538314819336 23.917526245117188 26.935302734375 30.255277633666992 38.156681060791016 25.62723731994629 0.0 0.0 0.0
116.65645599365234 6.729739189147949 9.232832908630371 11.779950141906738 11.671564102172852 11.24996280670166 10.812195777893066 10.811084747314453 11.357501983642578 11.549927711486816 12.146988868713379 12.772429466247559 12.75277042388916 12.829651832580566 12.793169021606445 12.926836967468262 13.05002212524414 13.701024055480957 14.593547821044922 15.468443870544434 16.439430236816406 17.472415924072266 18.65298080444336 20.12510108947754 21.673370361328125 24.3784122467041 26.95742416381836 31.14027976989746 36.62473678588867 25.212543487548828 0.0 0.0
116.80287170410156 6.9725494384765625 8.857759475708008 10.581511497497559 11.127899169921875 11.0697021484375 10.636357307434082 10.39876937866211 10.859912872314453 10.784337043762207 11.079384803771973 11.852873802185059 12.299525260925293 12.58285903930664 12.848553657531738 12.844388961791992 12.714132308959961 13.113202095031738 13.972821235656738 14.648544311523438 15.119812965393066 16.048721313476562 17.11773681640625 18.371374130249023 19.828210830688477 21.600688934326172 23.779455184936523 27.93752670288086 30.679889678955078 36.18826675415039 26.049915313720703 0.0
117.01966094970703 7.818545341491699 8.967357635498047 10.225290298461914 10.58071231842041 10.791051864624023 10.643571853637695 10.495209693908691 10.589834213256836 10.427746772766113 10.484881401062012 11.086719512939453 11.784268379211426 12.398126602172852 12.516759872436523 12.546590805053711 12.414002418518066 12.565140724182129 13.28796100616455 13.478744506835938 14.022665023803711 14.883544921875 15.90241527557373 17.02518653869629 17.9686279296875 19.414472579956055 21.197511672973633 24.072778701782227 26.814481735229492 30.069726943969727 37.3946533203125 25.470426559448242
