149.9533233642578 0.0 0.0 0.0 0.0 0.0 0.0 0.0 0.0 0.0 0.0 0.0 0.0 0.0 0.0 0.0 0.0 0.0 0.0 0.0 0.0 0.0 0.0 0.0 0.0 0.0 0.0 0.0 0.0 0.0 0.0 0.0
139.96804809570312 53.780418395996094 0.0 0.0 0.0 0.0 0.0 0.0 0.0 0.0 0.0 0.0 0.0 0.0 0.0 0.0 0.0 0.0 0.0 0.0 0.0 0.0 0.0 0.0 0.0 0.0 0.0 0.0 0.0 0.0 0.0 0.0
126.40415954589844 60.38191223144531 53.469627380371094 0.0 0.0 0.0 0.0 0.0 0.0 0.0 0.0 0.0 0.0 0.0 0.0 0.0 0.0 0.0 0.0 0.0 0.0 0.0 0.0 0.0 0.0 0.0 0.0 0.0 0.0 0.0 0.0 0.0
120.42908477783203 33.0517578125 64.37227630615234 52.379539489746094 0.0 0.0 0.0 0.0 0.0 0.0 0.0 0.0 0.0 0.0 0.0 0.0 0.0 0.0 0.0 0.0 0.0 0.0 0.0 0.0 0.0 0.0 0.0 0.0 0.0 0.0 0.0 0.0
117.3443374633789 19.041942596435547 36.43204116821289 65.21035766601562 52.640464782714844 0.0 0.0 0.0 0.0 0.0 0.0 0.0 0.0 0.0 0.0 0.0 0.0 0.0 0.0 0.0 0.0 0.0 0.0 0.0 0.0 0.0 0.0 0.0 0.0 0.0 0.0 0.0
116.44562530517578 14.285523414611816 20.389049530029297 37.008705139160156 64.48963928222656 52.67914962768555 0.0 0.0 0.0 0.0 0.0 0.0 0.0 0.0 0.0 0.0 0.0 0.0 0.0 0.0 0.0 0.0 0.0 0.0 0.0 0.0 0.0 0.0 0.0 0.0 0.0 0.0
115.6672134399414 12.486180305480957 14.493075370788574 21.407899856567383 37.581878662109375 64.17305755615234 52.434043884277344 0.0 0.0 0.0 0.0 0.0 0.0 0.0 0.0 0.0 0.0 0.0 0.0 0.0 0.0 0.0 0.0 0.0 0.0 0.0 0.0 0.0 0.0 0.0 0.0 0.0
114.91020965576172 11.750544548034668 12.648874282836914 14.883498191833496 22.33573341369629 37.774261474609375 63.66246032714844 52.72896957397461 0.0 0.0 0.0 0.0 0.0 0.0 0.0 0.0 0.0 0.0 0.0 0.0 0.0 0.0 0.0 0.0 0.0 0.0 0.0 0.0 0.0 0.0 0.0 0.0
114.10039520263672 10.2335205078125 12.564332008361816 13.183823585510254 15.86600112915039 22.83949089050293 37.25305938720703 63.54313278198242 53.18715286254883 0.0 0.0 0.0 0.0 0.0 0.0 0.0 0.0 0.0 0.0 0.0 0.0 0.0 0.0 0.0 0.0 0.0 0.0 0.0 0.0 0.0 0.0 0.0
113.884521484375 7.528234958648682 10.427050590515137 12.763537406921387 14.015046119689941 16.262603759765625 22.437210083007812 36.422401428222656 63.605247497558594 53.37206268310547 0.0 0.0 0.0 0.0 0.0 0.0 0.0 0.0 0.0 0.0 0.0 0.0 0.0 0.0 0.0 0.0 0.0 0.0 0.0 0.0 0.0 0.0
113.50213623046875 6.186861038208008 7.895655155181885 11.05105972290039 13.271241188049316 13.600403785705566 16.136743545532227 22.22093391418457 36.554595947265625 63.5887565612793 53.6899299621582 0.0 0.0 0.0 0.0 0.0 0.0 0.0 0.0 0.0 0.0 0.0 0.0 0.0 0.0 0.0 0.0 0.0 0.0 0.0 0.0 0.0
113.347900390625 5.795840263366699 5.6442670822143555 7.968663692474365 11.074527740478516 13.12862777709961 13.617667198181152 16.154521942138672 22.800535202026367 36.40805435180664 63.464996337890625 53.7742805480957 0.0 0.0 0.0 0.0 0.0 0.0 0.0 0.0 0.0 0.0 0.0 0.0 0.0 0.0 0.0 0.0 0.0 0.0 0.0 0.0
112.7027359008789 6.5367302894592285 5.262503623962402 5.8965911865234375 8.075757026672363 11.072439193725586 12.83753776550293 13.781475067138672 16.25244903564453 22.417184829711914 37.6133918762207 64.19452667236328 53.20647430419922 0.0 0.0 0.0 0.0 0.0 0.0 0.0 0.0 0.0 0.0 0.0 0.0 0.0 0.0 0.0 0.0 0.0 0.0 0.0
112.50688171386719 7.518880367279053 6.185867786407471 5.5002312660217285 6.274725437164307 8.349482536315918 11.173368453979492 13.085138320922852 13.925504684448242 16.09281349182129 22.53900909423828 37.21421813964844 63.400821685791016 54.12443923950195 0.0 0.0 0.0 0.0 0.0 0.0 0.0 0.0 0.0 0.0 0.0 0.0 0.0 0.0 0.0 0.0 0.0 0.0
111.37662506103516 6.921627998352051 7.247734546661377 5.918809413909912 5.641063213348389 6.534147262573242 8.481062889099121 11.20691204071045 13.270873069763184 14.346549987792969 17.309711456298828 23.54090118408203 37.16621780395508 64.6385269165039 53.623538970947266 0.0 0.0 0.0 0.0 0.0 0.0 0.0 0.0 0.0 0.0 0.0 0.0 0.0 0.0 0.0 0.0 0.0
111.45250701904297 5.327315330505371 7.438712120056152 6.933582305908203 8.590723991394043 6.057530879974365 6.688385009765625 8.453649520874023 11.22103214263916 13.728803634643555 14.229401588439941 17.25459861755371 22.902864456176758 37.255409240722656 63.22806167602539 54.571205139160156 0.0 0.0 0.0 0.0 0.0 0.0 0.0 0.0 0.0 0.0 0.0 0.0 0.0 0.0 0.0 0.0
111.75688934326172 3.781656265258789 5.490016460418701 7.353890895843506 6.807077884674072 6.053297519683838 5.830423831939697 6.479180335998535 8.708451271057129 11.579509735107422 13.88459587097168 14.409789085388184 17.268930435180664 23.508249282836914 37.20694351196289 63.39271545410156 53.58760070800781 0.0 0.0 0.0 0.0 0.0 0.0 0.0 0.0 0.0 0.0 0.0 0.0 0.0 0.0 0.0
112.32552337646484 3.7103848457336426 3.8879523277282715 6.035301208496094 7.722031116485596 6.698727607727051 5.950611114501953 5.827329635620117 6.628692150115967 8.608168601989746 11.527680397033691 13.090397834777832 14.12574577331543 16.559804916381836 22.56024932861328 37.033485412597656 62.72391891479492 54.00092697143555 0.0 0.0 0.0 0.0 0.0 0.0 0.0 0.0 0.0 0.0 0.0 0.0 0.0 0.0
111.42180633544922 4.410205364227295 3.421966075897217 4.377789497375488 6.121628284454346 7.215661525726318 6.6475677490234375 6.288769721984863 5.982523441314697 6.780287265777588 8.692927360534668 11.46523666381836 13.230051040649414 14.147932052612305 16.74172592163086 23.18263816833496 37.18116760253906 63.135520935058594 54.72053527832031 0.0 0.0 0.0 0.0 0.0 0.0 0.0 0.0 0.0 0.0 0.0 0.0 0.0
111.1609115600586 5.342564582824707 3.80306077003479 3.914452075958252 4.561948299407959 5.970633029937744 7.017963886260986 6.593621730804443 6.121176719665527 6.317478656768799 6.923678398132324 9.420991897583008 11.435945510864258 13.346330642700195 14.677760124206543 17.868783950805664 23.39435386657715 37.23691940307617 63.14065170288086 54.22478103637695 0.0 0.0 0.0 0.0 0.0 0.0 0.0 0.0 0.0 0.0 0.0 0.0
111.73917388916016 5.206393241882324 4.546392917633057 4.316223621368408 4.10132360458374 4.508045673370361 6.004422664642334 7.025545120239258 6.68764591217041 6.10487699508667 6.138534069061279 6.876075744628906 8.614914894104004 11.274595260620117 13.251130104064941 14.151535034179688 16.69483757019043 22.937551498413086 37.4278564453125 62.50897979736328 54.324989318847656 0.0 0.0 0.0 0.0 0.0 0.0 0.0 0.0 0.0 0.0 0.0
111.5005111694336 3.7943363189697266 4.823455333709717 4.896430969238281 4.535783290863037 4.143124580383301 4.557685375213623 5.988337516784668 7.006103992462158 6.7545647621154785 6.180206298828125 6.195940971374512 6.968862056732178 8.608144760131836 11.56079387664795 13.416360855102539 14.354398727416992 16.719289779663086 23.09590721130371 37.416568756103516 62.86239242553711 54.00405502319336 0.0 0.0 0.0 0.0 0.0 0.0 0.0 0.0 0.0 0.0
110.9797592163086 2.7767202854156494 4.021848678588867 5.026932716369629 5.126100540161133 4.7248969078063965 4.342764854431152 4.728862762451172 6.209722518920898 7.1815185546875 6.902214050292969 7.073472499847412 6.511885166168213 7.002240180969238 9.42932415008545 11.629045486450195 13.676399230957031 14.485335350036621 17.167619705200195 23.696714401245117 36.941856384277344 63.29510498046875 53.851341247558594 0.0 0.0 0.0 0.0 0.0 0.0 0.0 0.0 0.0
110.94595336914062 2.505655288696289 2.905895471572876 4.068439483642578 4.889923095703125 5.148660182952881 4.612052917480469 4.256593227386475 4.793302059173584 5.990057468414307 7.185053825378418 6.969763278961182 6.214665412902832 6.068884372711182 7.343077659606934 8.970932960510254 11.7119140625 13.356953620910645 14.500094413757324 17.045604705810547 23.414508819580078 37.497215270996094 63.60068893432617 53.556148529052734 0.0 0.0 0.0 0.0 0.0 0.0 0.0 0.0
111.16230010986328 3.277752161026001 2.418436288833618 3.0569658279418945 3.95337176322937 4.968692779541016 5.27615213394165 4.6917314529418945 4.7995829582214355 4.923646450042725 6.853585243225098 7.267122268676758 7.378358364105225 6.464405536651611 6.370534896850586 7.241312026977539 10.502598762512207 11.698034286499023 13.425963401794434 14.572385787963867 17.108301162719727 23.342891693115234 37.41474533081055 62.43993377685547 53.82928466796875 0.0 0.0 0.0 0.0 0.0 0.0 0.0
111.39469909667969 5.549916744232178 2.8082425594329834 2.5693280696868896 2.9695632457733154 4.128013610839844 5.265899658203125 5.415855884552002 5.354436874389648 4.429786205291748 4.811521530151367 6.108767986297607 7.099367141723633 6.725801944732666 6.272372245788574 6.193332672119141 7.2317938804626465 8.83116626739502 11.494278907775879 13.705808639526367 14.516629219055176 17.400487899780273 23.596878051757812 36.99225616455078 62.4813117980957 53.573307037353516 0.0 0.0 0.0 0.0 0.0 0.0
111.21224212646484 6.535549163818359 3.8239777088165283 2.803642749786377 2.4407765865325928 2.764653205871582 3.790627956390381 4.698674201965332 5.17441463470459 4.758857250213623 4.288532733917236 4.67280912399292 6.116656303405762 7.122884273529053 6.822342395782471 6.264528751373291 6.491450309753418 7.178684234619141 8.940824508666992 11.69825267791748 13.419722557067871 14.672934532165527 17.284833908081055 23.431947708129883 37.580299377441406 62.42618179321289 53.590335845947266 0.0 0.0 0.0 0.0 0.0
111.32198333740234 5.432450294494629 5.221120357513428 4.084286212921143 2.7838501930236816 2.3309409618377686 2.784067392349243 3.752338171005249 4.77100133895874 5.229933738708496 5.44603967666626 4.559717655181885 5.399119853973389 6.173261642456055 7.61396598815918 6.794649124145508 6.417264461517334 6.533322811126709 7.118633270263672 9.232643127441406 11.48023796081543 13.349767684936523 14.55200481414795 17.13191032409668 23.986047744750977 36.87721252441406 61.970703125 53.83623504638672 0.0 0.0 0.0 0.0
111.35215759277344 3.3891055583953857 4.769015312194824 5.231091022491455 3.8216054439544678 2.6607916355133057 2.4256179332733154 2.7924671173095703 3.825840473175049 4.731900215148926 5.002650737762451 4.6915740966796875 4.442879676818848 4.745877742767334 6.1334309577941895 6.973146915435791 6.697344779968262 6.396366119384766 6.451062202453613 7.273346900939941 9.088132858276367 11.563729286193848 13.507038116455078 14.530312538146973 16.931425094604492 23.24242401123047 37.5609130859375 62.445823669433594 53.346641540527344 0.0 0.0 0.0
111.31426239013672 2.4665610790252686 3.097395181655884 4.92568826675415 5.11366605758667 3.742668867111206 2.6352596282958984 2.42181658744812 2.855198621749878 3.782945156097412 4.793349742889404 4.988560676574707 4.776309013366699 4.464896202087402 4.891172409057617 6.171841144561768 7.058967590332031 6.729959011077881 6.457583427429199 6.487081527709961 7.391242504119873 9.219666481018066 11.93178653717041 13.839415550231934 14.956955909729004 17.309663772583008 23.527278900146484 37.394901275634766 62.115665435791016 53.2650032043457 0.0 0.0
111.62051391601562 2.6960883140563965 2.2546656131744385 3.3551769256591797 4.867269039154053 4.984898567199707 3.681983470916748 2.6412153244018555 2.424673080444336 2.803849935531616 3.814624786376953 4.902608871459961 4.960618495941162 4.5554962158203125 4.467360973358154 4.933803081512451 6.041288375854492 7.046561241149902 6.867918491363525 6.328031063079834 6.570189476013184 7.339296340942383 9.179859161376953 11.663736343383789 13.553319931030273 14.730554580688477 17.135059356689453 23.40338706970215 37.017791748046875 61.59552764892578 53.76946258544922 0.0
111.59906005859375 4.1320295333862305 2.326080083847046 2.4222757816314697 3.3421945571899414 5.074462890625 5.012848854064941 3.704491376876831 2.709928274154663 2.493480920791626 3.0051052570343018 3.9413270950317383 4.932299613952637 5.209092617034912 5.747783184051514 4.531688213348389 4.94304895401001 6.046412944793701 7.160670757293701 6.783110618591309 6.283804416656494 6.428612232208252 7.625373363494873 9.417070388793945 11.64409065246582 13.460371017456055 14.942222595214844 17.111753463745117 23.0692138671875 36.719242095947266 62.07255935668945 53.18085479736328
