149.9533233642578 0.0 0.0 0.0 0.0 0.0 0.0 0.0 0.0 0.0 0.0 0.0 0.0 0.0 0.0 0.0 0.0 0.0 0.0 0.0 0.0 0.0 0.0 0.0 0.0 0.0 0.0 0.0 0.0 0.0 0.0 0.0
147.51458740234375 26.871246337890625 0.0 0.0 0.0 0.0 0.0 0.0 0.0 0.0 0.0 0.0 0.0 0.0 0.0 0.0 0.0 0.0 0.0 0.0 0.0 0.0 0.0 0.0 0.0 0.0 0.0 0.0 0.0 0.0 0.0 0.0
146.41123962402344 23.685298919677734 22.040325164794922 0.0 0.0 0.0 0.0 0.0 0.0 0.0 0.0 0.0 0.0 0.0 0.0 0.0 0.0 0.0 0.0 0.0 0.0 0.0 0.0 0.0 0.0 0.0 0.0 0.0 0.0 0.0 0.0 0.0
145.2165069580078 21.195720672607422 21.15458869934082 22.326881408691406 0.0 0.0 0.0 0.0 0.0 0.0 0.0 0.0 0.0 0.0 0.0 0.0 0.0 0.0 0.0 0.0 0.0 0.0 0.0 0.0 0.0 0.0 0.0 0.0 0.0 0.0 0.0 0.0
143.58624267578125 19.72076416015625 21.542949676513672 22.563047409057617 22.44965171813965 0.0 0.0 0.0 0.0 0.0 0.0 0.0 0.0 0.0 0.0 0.0 0.0 0.0 0.0 0.0 0.0 0.0 0.0 0.0 0.0 0.0 0.0 0.0 0.0 0.0 0.0 0.0
141.95059204101562 18.146495819091797 20.755653381347656 23.10370445251465 23.2357177734375 22.343740463256836 0.0 0.0 0.0 0.0 0.0 0.0 0.0 0.0 0.0 0.0 0.0 0.0 0.0 0.0 0.0 0.0 0.0 0.0 0.0 0.0 0.0 0.0 0.0 0.0 0.0 0.0
140.38218688964844 16.76736831665039 19.461164474487305 22.632902145385742 23.675395965576172 23.141063690185547 22.5323543548584 0.0 0.0 0.0 0.0 0.0 0.0 0.0 0.0 0.0 0.0 0.0 0.0 0.0 0.0 0.0 0.0 0.0 0.0 0.0 0.0 0.0 0.0 0.0 0.0 0.0
139.16995239257812 16.277332305908203 18.441585540771484 20.976177215576172 22.871206283569336 22.57965660095215 23.267927169799805 22.2585506439209 0.0 0.0 0.0 0.0 0.0 0.0 0.0 0.0 0.0 0.0 0.0 0.0 0.0 0.0 0.0 0.0 0.0 0.0 0.0 0.0 0.0 0.0 0.0 0.0
138.338134765625 15.29715347290039 17.48403549194336 19.25902557373047 21.204965591430664 21.67914390563965 22.626609802246094 22.48472785949707 22.311107635498047 0.0 0.0 0.0 0.0 0.0 0.0 0.0 0.0 0.0 0.0 0.0 0.0 0.0 0.0 0.0 0.0 0.0 0.0 0.0 0.0 0.0 0.0 0.0
137.31251525878906 14.701229095458984 17.204248428344727 18.570148468017578 20.002084732055664 20.313148498535156 21.708637237548828 21.932031631469727 22.660472869873047 22.20088768005371 0.0 0.0 0.0 0.0 0.0 0.0 0.0 0.0 0.0 0.0 0.0 0.0 0.0 0.0 0.0 0.0 0.0 0.0 0.0 0.0 0.0 0.0
136.36337280273438 14.214385032653809 16.750160217285156 18.062326431274414 18.83634376525879 20.04144859313965 20.231616973876953 21.098495483398438 21.584325790405273 22.486129760742188 22.28838539123535 0.0 0.0 0.0 0.0 0.0 0.0 0.0 0.0 0.0 0.0 0.0 0.0 0.0 0.0 0.0 0.0 0.0 0.0 0.0 0.0 0.0
135.39859008789062 13.631855964660645 16.35552215576172 17.689958572387695 18.403902053833008 18.400192260742188 18.924266815185547 20.12833023071289 21.279653549194336 21.907115936279297 22.649045944213867 22.306547164916992 0.0 0.0 0.0 0.0 0.0 0.0 0.0 0.0 0.0 0.0 0.0 0.0 0.0 0.0 0.0 0.0 0.0 0.0 0.0 0.0
134.51148986816406 13.263148307800293 15.551434516906738 17.31934928894043 17.898439407348633 17.828248977661133 18.189395904541016 18.7508544921875 20.285890579223633 21.13215446472168 21.87490463256836 22.821828842163086 22.224990844726562 0.0 0.0 0.0 0.0 0.0 0.0 0.0 0.0 0.0 0.0 0.0 0.0 0.0 0.0 0.0 0.0 0.0 0.0 0.0
133.52491760253906 12.658031463623047 15.021476745605469 16.533187866210938 17.315095901489258 17.64645004272461 18.032211303710938 18.103744506835938 19.1345272064209 20.131242752075195 21.283300399780273 22.130226135253906 22.603166580200195 22.488710403442383 0.0 0.0 0.0 0.0 0.0 0.0 0.0 0.0 0.0 0.0 0.0 0.0 0.0 0.0 0.0 0.0 0.0 0.0
132.9913787841797 12.315620422363281 14.562331199645996 15.889413833618164 16.485877990722656 16.95873260498047 17.535585403442383 17.59087562561035 18.050704956054688 18.716819763183594 20.20882797241211 21.162572860717773 21.465055465698242 22.668020248413086 22.287805557250977 0.0 0.0 0.0 0.0 0.0 0.0 0.0 0.0 0.0 0.0 0.0 0.0 0.0 0.0 0.0 0.0 0.0
132.45773315429688 11.805039405822754 14.437934875488281 15.35750675201416 15.561383247375488 16.137243270874023 16.93244171142578 17.27412986755371 17.829547882080078 18.021575927734375 18.688711166381836 19.96497344970703 20.639286041259766 21.47256851196289 22.225921630859375 22.246767044067383 0.0 0.0 0.0 0.0 0.0 0.0 0.0 0.0 0.0 0.0 0.0 0.0 0.0 0.0 0.0 0.0
131.74295043945312 11.510750770568848 13.872443199157715 15.053167343139648 15.540377616882324 15.373045921325684 16.14144515991211 16.59256362915039 17.630624771118164 17.73855209350586 17.95702362060547 18.64026641845703 19.597043991088867 20.764305114746094 21.377120971679688 22.739337921142578 21.835241317749023 0.0 0.0 0.0 0.0 0.0 0.0 0.0 0.0 0.0 0.0 0.0 0.0 0.0 0.0 0.0
130.7899627685547 11.154749870300293 13.318421363830566 14.702054023742676 15.10605525970459 15.025959014892578 15.713122367858887 16.423805236816406 17.383127212524414 17.353252410888672 17.674518585205078 17.980955123901367 18.769617080688477 20.650314331054688 20.795759201049805 21.81122398376465 21.955318450927734 21.920509338378906 0.0 0.0 0.0 0.0 0.0 0.0 0.0 0.0 0.0 0.0 0.0 0.0 0.0 0.0
130.16468811035156 10.965374946594238 12.859930992126465 14.39746379852295 14.929533004760742 14.9787015914917 15.480269432067871 15.783032417297363 16.880739212036133 16.77351951599121 17.544742584228516 17.756343841552734 17.986356735229492 18.93323516845703 19.859699249267578 21.119403839111328 21.114076614379883 21.762252807617188 21.906909942626953 0.0 0.0 0.0 0.0 0.0 0.0 0.0 0.0 0.0 0.0 0.0 0.0 0.0
129.47055053710938 10.83456039428711 12.738144874572754 14.158190727233887 14.40880012512207 15.656450271606445 15.340909957885742 15.311555862426758 15.622209548950195 16.25836944580078 16.913902282714844 17.505413055419922 17.38796043395996 17.763883590698242 18.716402053833008 20.20903205871582 20.30160903930664 20.867048263549805 22.866741180419922 21.673076629638672 0.0 0.0 0.0 0.0 0.0 0.0 0.0 0.0 0.0 0.0 0.0 0.0
129.23687744140625 10.735665321350098 12.648383140563965 13.772976875305176 14.122159004211426 14.469673156738281 15.038949012756348 15.004271507263184 15.400959968566895 15.792274475097656 16.253522872924805 16.939083099365234 17.215045928955078 17.488985061645508 17.674407958984375 18.85414695739746 19.254884719848633 19.98616600036621 20.944726943969727 21.78952407836914 21.547258377075195 0.0 0.0 0.0 0.0 0.0 0.0 0.0 0.0 0.0 0.0 0.0
128.87374877929688 10.432852745056152 12.671616554260254 13.776841163635254 13.621066093444824 13.95002555847168 14.49000358581543 14.85247802734375 15.277353286743164 15.324197769165039 15.719911575317383 16.39221954345703 16.575206756591797 17.1237735748291 17.174440383911133 17.894947052001953 17.9119873046875 19.09749984741211 20.434024810791016 20.542640686035156 21.400985717773438 21.314132690429688 0.0 0.0 0.0 0.0 0.0 0.0 0.0 0.0 0.0 0.0
127.92797088623047 10.07931137084961 12.601405143737793 13.659832954406738 13.64985179901123 13.870655059814453 13.96313762664795 14.496627807617188 15.105158805847168 15.301817893981934 15.457979202270508 16.017297744750977 16.29905891418457 16.80036163330078 16.949684143066406 17.336200714111328 17.274015426635742 18.023147583007812 19.291309356689453 20.299535751342773 21.20728874206543 22.07546615600586 21.180051803588867 0.0 0.0 0.0 0.0 0.0 0.0 0.0 0.0 0.0
127.62210083007812 9.782808303833008 12.192179679870605 13.63078498840332 13.694400787353516 14.013153076171875 13.785429954528809 14.088516235351562 14.633288383483887 15.160094261169434 15.30052661895752 15.71601676940918 15.575563430786133 16.33769416809082 16.571977615356445 17.31450843811035 16.859352111816406 17.102642059326172 18.002355575561523 19.149290084838867 19.72170066833496 20.520231246948242 21.328523635864258 21.24671745300293 0.0 0.0 0.0 0.0 0.0 0.0 0.0 0.0
126.77597045898438 9.837552070617676 11.634742736816406 13.136591911315918 13.764598846435547 13.980441093444824 13.67551326751709 13.79920768737793 14.366765975952148 14.900047302246094 15.224939346313477 15.47382640838623 15.396702766418457 15.952223777770996 16.062162399291992 16.565162658691406 16.778139114379883 16.840667724609375 17.34931182861328 17.882747650146484 19.08138656616211 20.032209396362305 20.783798217773438 21.868017196655273 21.41837501525879 0.0 0.0 0.0 0.0 0.0 0.0 0.0
126.7203140258789 10.091157913208008 11.361723899841309 12.581835746765137 13.729070663452148 13.736141204833984 13.806648254394531 13.682782173156738 14.104231834411621 14.488794326782227 14.850936889648438 15.225160598754883 15.234824180603027 15.45634651184082 15.489179611206055 15.949105262756348 16.316823959350586 16.497753143310547 16.837919235229492 17.1076602935791 17.607471466064453 18.581165313720703 19.472755432128906 19.93950843811035 21.358081817626953 21.219409942626953 0.0 0.0 0.0 0.0 0.0 0.0
125.645751953125 9.762975692749023 11.258057594299316 12.230714797973633 12.923066139221191 13.42327880859375 13.726765632629395 13.660082817077637 13.79010009765625 13.99008560180664 14.526664733886719 14.790143966674805 15.149983406066895 15.458247184753418 15.298219680786133 15.671747207641602 16.233531951904297 16.941713333129883 16.923236846923828 16.895872116088867 17.667631149291992 17.949766159057617 19.199674606323242 19.98262596130371 20.47029685974121 21.266571044921875 21.013628005981445 0.0 0.0 0.0 0.0 0.0
125.36461639404297 9.543606758117676 11.394704818725586 12.15591049194336 12.444259643554688 12.683436393737793 13.317667007446289 13.629682540893555 13.824573516845703 13.70350456237793 13.817859649658203 14.422306060791016 14.84918212890625 15.228265762329102 15.48281192779541 15.470088958740234 15.481173515319824 16.180500030517578 16.45681381225586 16.53749656677246 17.081274032592773 17.220626831054688 18.12171173095703 19.299217224121094 19.45204734802246 20.390186309814453 20.837995529174805 21.10801887512207 0.0 0.0 0.0 0.0
125.29342651367188 9.279563903808594 11.48559284210205 12.306979179382324 12.336896896362305 12.4064359664917 12.825423240661621 13.140713691711426 13.729400634765625 13.782231330871582 14.052756309509277 14.155182838439941 14.511802673339844 15.277740478515625 15.220876693725586 15.434063911437988 14.963062286376953 15.248903274536133 15.729241371154785 16.090288162231445 16.306272506713867 16.57571792602539 16.9061222076416 17.397544860839844 18.739200592041016 19.360509872436523 19.689973831176758 20.864656448364258 20.972715377807617 0.0 0.0 0.0
124.68191528320312 8.913947105407715 10.974373817443848 12.29494571685791 12.403155326843262 12.294596672058105 12.523967742919922 12.787786483764648 13.604098320007324 13.7725191116333 14.1289644241333 14.162510871887207 14.123239517211914 14.828410148620605 14.918716430664062 15.905076026916504 15.066878318786621 14.922520637512207 15.296537399291992 15.611940383911133 15.912309646606445 16.487918853759766 16.574546813964844 16.864988327026367 17.9677677154541 18.656538009643555 18.93517303466797 19.889314651489258 20.649837493896484 20.664854049682617 0.0 0.0
124.59822845458984 8.886348724365234 10.81668758392334 11.881468772888184 12.307225227355957 12.359702110290527 12.31711483001709 12.625029563903809 13.049849510192871 13.490410804748535 13.820491790771484 14.1688814163208 13.941339492797852 14.119996070861816 14.382359504699707 14.95279312133789 14.674070358276367 14.794839859008789 14.828845024108887 15.034884452819824 15.3143310546875 15.86054801940918 16.908184051513672 16.392515182495117 16.73111915588379 17.168109893798828 17.98665428161621 19.388748168945312 19.329797744750977 20.785598754882812 20.881324768066406 0.0
124.33197784423828 8.993142127990723 10.244013786315918 11.27389907836914 12.029603958129883 12.542071342468262 12.671160697937012 12.428235054016113 12.830443382263184 13.206743240356445 13.705227851867676 14.117294311523438 14.011685371398926 14.214994430541992 14.221905708312988 14.47192668914795 14.560440063476562 14.646482467651367 14.766751289367676 14.817002296447754 14.815203666687012 15.206792831420898 15.962427139282227 15.948640823364258 16.07770538330078 16.30531120300293 16.968564987182617 18.15620231628418 18.731407165527344 19.714298248291016 20.75695037841797 20.520288467407227
