149.9533233642578 0.0 0.0 0.0 0.0 0.0 0.0 0.0 0.0 0.0 0.0 0.0 0.0 0.0 0.0 0.0 0.0 0.0 0.0 0.0 0.0 0.0 0.0 0.0 0.0 0.0 0.0 0.0 0.0 0.0 0.0 0.0
148.6641845703125 19.549924850463867 0.0 0.0 0.0 0.0 0.0 0.0 0.0 0.0 0.0 0.0 0.0 0.0 0.0 0.0 0.0 0.0 0.0 0.0 0.0 0.0 0.0 0.0 0.0 0.0 0.0 0.0 0.0 0.0 0.0 0.0
145.72276306152344 19.304141998291016 29.58316421508789 0.0 0.0 0.0 0.0 0.0 0.0 0.0 0.0 0.0 0.0 0.0 0.0 0.0 0.0 0.0 0.0 0.0 0.0 0.0 0.0 0.0 0.0 0.0 0.0 0.0 0.0 0.0 0.0 0.0
144.49913024902344 17.86781120300293 19.704143524169922 29.923429489135742 0.0 0.0 0.0 0.0 0.0 0.0 0.0 0.0 0.0 0.0 0.0 0.0 0.0 0.0 0.0 0.0 0.0 0.0 0.0 0.0 0.0 0.0 0.0 0.0 0.0 0.0 0.0 0.0
143.2039337158203 17.649824142456055 19.877704620361328 20.63553810119629 29.035696029663086 0.0 0.0 0.0 0.0 0.0 0.0 0.0 0.0 0.0 0.0 0.0 0.0 0.0 0.0 0.0 0.0 0.0 0.0 0.0 0.0 0.0 0.0 0.0 0.0 0.0 0.0 0.0
142.20130920410156 17.129262924194336 18.247034072875977 21.048587799072266 20.093284606933594 28.084569931030273 0.0 0.0 0.0 0.0 0.0 0.0 0.0 0.0 0.0 0.0 0.0 0.0 0.0 0.0 0.0 0.0 0.0 0.0 0.0 0.0 0.0 0.0 0.0 0.0 0.0 0.0
141.5696563720703 16.65817642211914 16.674640655517578 20.424339294433594 18.853702545166016 19.42972755432129 27.11574935913086 0.0 0.0 0.0 0.0 0.0 0.0 0.0 0.0 0.0 0.0 0.0 0.0 0.0 0.0 0.0 0.0 0.0 0.0 0.0 0.0 0.0 0.0 0.0 0.0 0.0
140.9588165283203 16.110017776489258 16.38115119934082 17.924768447875977 18.823726654052734 18.727279663085938 18.413618087768555 26.83924674987793 0.0 0.0 0.0 0.0 0.0 0.0 0.0 0.0 0.0 0.0 0.0 0.0 0.0 0.0 0.0 0.0 0.0 0.0 0.0 0.0 0.0 0.0 0.0 0.0
140.20712280273438 15.89787769317627 16.130107879638672 17.926233291625977 18.528858184814453 18.15287971496582 17.010160446166992 18.248580932617188 26.372806549072266 0.0 0.0 0.0 0.0 0.0 0.0 0.0 0.0 0.0 0.0 0.0 0.0 0.0 0.0 0.0 0.0 0.0 0.0 0.0 0.0 0.0 0.0 0.0
139.37371826171875 16.1090087890625 15.330059051513672 16.34391975402832 18.130605697631836 20.100812911987305 17.057262420654297 16.78289794921875 17.422927856445312 26.217649459838867 0.0 0.0 0.0 0.0 0.0 0.0 0.0 0.0 0.0 0.0 0.0 0.0 0.0 0.0 0.0 0.0 0.0 0.0 0.0 0.0 0.0 0.0
139.28128051757812 15.280158996582031 14.760437965393066 16.170351028442383 16.94283676147461 17.605154037475586 17.104896545410156 16.292322158813477 16.116077423095703 16.874740600585938 25.911853790283203 0.0 0.0 0.0 0.0 0.0 0.0 0.0 0.0 0.0 0.0 0.0 0.0 0.0 0.0 0.0 0.0 0.0 0.0 0.0 0.0 0.0
138.17193603515625 14.932784080505371 14.650289535522461 17.087785720825195 16.745365142822266 19.441410064697266 16.43318748474121 16.26819610595703 16.173887252807617 15.866499900817871 16.711036682128906 26.004823684692383 0.0 0.0 0.0 0.0 0.0 0.0 0.0 0.0 0.0 0.0 0.0 0.0 0.0 0.0 0.0 0.0 0.0 0.0 0.0 0.0
137.60031127929688 14.871417045593262 14.599135398864746 16.203088760375977 16.97156524658203 16.470144271850586 16.23223876953125 16.59086036682129 16.688663482666016 16.386465072631836 15.970314025878906 17.26103973388672 25.578351974487305 0.0 0.0 0.0 0.0 0.0 0.0 0.0 0.0 0.0 0.0 0.0 0.0 0.0 0.0 0.0 0.0 0.0 0.0 0.0
136.34812927246094 15.199090957641602 15.457379341125488 16.907882690429688 16.810129165649414 16.86673355102539 16.68535614013672 17.001365661621094 16.136852264404297 16.255901336669922 16.15719985961914 16.804941177368164 16.735933303833008 25.566804885864258 0.0 0.0 0.0 0.0 0.0 0.0 0.0 0.0 0.0 0.0 0.0 0.0 0.0 0.0 0.0 0.0 0.0 0.0
136.07049560546875 14.007551193237305 13.698698997497559 15.131478309631348 16.139389038085938 19.4022159576416 16.2896728515625 16.652936935424805 15.917303085327148 15.709997177124023 16.186513900756836 16.452787399291992 15.59915828704834 16.095355987548828 25.301734924316406 0.0 0.0 0.0 0.0 0.0 0.0 0.0 0.0 0.0 0.0 0.0 0.0 0.0 0.0 0.0 0.0 0.0
135.59320068359375 13.935507774353027 13.303352355957031 14.76225757598877 16.173900604248047 17.030813217163086 16.566896438598633 16.069747924804688 15.753227233886719 15.721658706665039 16.36878204345703 16.268030166625977 15.639434814453125 15.67872142791748 16.468420028686523 25.191205978393555 0.0 0.0 0.0 0.0 0.0 0.0 0.0 0.0 0.0 0.0 0.0 0.0 0.0 0.0 0.0 0.0
135.29736328125 13.971837997436523 12.911664009094238 14.36372184753418 15.291308403015137 16.23451805114746 15.99837589263916 15.996874809265137 15.650643348693848 15.781323432922363 15.786951065063477 16.14015769958496 15.67117977142334 15.532962799072266 15.617755889892578 16.025390625 24.67628288269043 0.0 0.0 0.0 0.0 0.0 0.0 0.0 0.0 0.0 0.0 0.0 0.0 0.0 0.0 0.0
133.6188507080078 13.878600120544434 12.629801750183105 14.211309432983398 15.229301452636719 15.637829780578613 15.723073959350586 16.55767250061035 16.38897132873535 16.161102294921875 16.830604553222656 16.929798126220703 17.670202255249023 17.92171859741211 15.892492294311523 15.352415084838867 15.938567161560059 24.525928497314453 0.0 0.0 0.0 0.0 0.0 0.0 0.0 0.0 0.0 0.0 0.0 0.0 0.0 0.0
133.3271484375 13.693718910217285 12.574477195739746 14.496245384216309 15.454398155212402 15.418404579162598 16.05021858215332 16.064579010009766 16.104541778564453 16.245817184448242 16.49349594116211 16.320470809936523 16.62968635559082 16.501020431518555 15.996533393859863 15.515290260314941 15.007622718811035 15.438389778137207 24.249435424804688 0.0 0.0 0.0 0.0 0.0 0.0 0.0 0.0 0.0 0.0 0.0 0.0 0.0
132.47755432128906 13.638212203979492 12.196442604064941 13.838508605957031 15.066061019897461 15.683578491210938 15.535407066345215 15.290173530578613 15.510734558105469 15.91843318939209 16.493568420410156 16.601282119750977 16.854591369628906 16.90843963623047 16.067155838012695 18.066516876220703 15.47293472290039 14.713746070861816 15.24614143371582 23.955650329589844 0.0 0.0 0.0 0.0 0.0 0.0 0.0 0.0 0.0 0.0 0.0 0.0
132.85226440429688 13.909566879272461 12.149770736694336 13.803544998168945 14.862076759338379 15.110906600952148 15.230579376220703 15.696046829223633 15.02613353729248 15.209972381591797 15.644021034240723 15.744780540466309 15.638723373413086 15.121739387512207 15.264910697937012 15.578252792358398 15.422855377197266 14.880776405334473 14.71375846862793 15.265454292297363 23.80141258239746 0.0 0.0 0.0 0.0 0.0 0.0 0.0 0.0 0.0 0.0 0.0
131.39501953125 13.231555938720703 12.041057586669922 13.768837928771973 14.985984802246094 15.438484191894531 15.17752742767334 15.35248851776123 15.115120887756348 15.918550491333008 16.642974853515625 16.759029388427734 15.734092712402344 15.870453834533691 16.190044403076172 16.55808448791504 15.807494163513184 14.930326461791992 14.871733665466309 14.825739860534668 15.194839477539062 23.655349731445312 0.0 0.0 0.0 0.0 0.0 0.0 0.0 0.0 0.0 0.0
130.60629272460938 12.996726989746094 11.982084274291992 14.767205238342285 15.323081016540527 16.2517032623291 15.40688419342041 15.44973373413086 15.388266563415527 15.533061027526855 15.851988792419434 16.885635375976562 15.752431869506836 15.756383895874023 16.30335807800293 16.440784454345703 15.48046588897705 14.821271896362305 14.810446739196777 14.658794403076172 14.330662727355957 15.021269798278809 23.4080810546875 0.0 0.0 0.0 0.0 0.0 0.0 0.0 0.0 0.0
130.958251953125 12.829967498779297 11.814419746398926 13.510627746582031 14.687052726745605 15.440898895263672 15.115188598632812 15.079127311706543 15.233097076416016 15.021597862243652 15.144434928894043 15.545169830322266 15.405190467834473 15.589106559753418 15.802467346191406 15.193953514099121 15.073075294494629 14.876408576965332 14.58415699005127 14.800480842590332 14.372966766357422 14.255542755126953 14.80337142944336 23.1832332611084 0.0 0.0 0.0 0.0 0.0 0.0 0.0 0.0
130.45835876464844 13.276113510131836 11.553881645202637 13.311120986938477 14.597739219665527 15.28980541229248 15.141676902770996 14.93170166015625 15.20295524597168 15.3192720413208 15.366135597229004 15.275559425354004 14.802851676940918 15.461791038513184 15.453424453735352 15.107584953308105 14.891539573669434 14.602137565612793 14.082585334777832 14.443012237548828 14.480045318603516 14.371318817138672 14.222254753112793 14.887005805969238 23.132997512817383 0.0 0.0 0.0 0.0 0.0 0.0 0.0
129.78036499023438 12.865492820739746 11.326833724975586 13.015159606933594 14.271535873413086 14.446867942810059 14.532222747802734 14.813908576965332 14.814685821533203 15.347025871276855 15.462503433227539 15.275866508483887 14.932214736938477 15.369306564331055 16.118192672729492 15.552969932556152 14.958701133728027 14.690387725830078 14.383085250854492 14.708806037902832 14.55406379699707 14.482877731323242 14.266335487365723 14.437009811401367 14.859990119934082 22.96324920654297 0.0 0.0 0.0 0.0 0.0 0.0
128.88067626953125 12.716805458068848 11.15584659576416 12.595024108886719 14.055606842041016 14.141144752502441 14.221793174743652 14.507816314697266 14.816939353942871 15.206367492675781 15.586149215698242 15.424651145935059 14.924908638000488 15.051862716674805 15.833776473999023 17.191619873046875 15.248209953308105 14.862382888793945 14.493058204650879 15.512434005737305 14.211627006530762 14.43305492401123 14.405301094055176 14.238093376159668 14.738471984863281 14.909775733947754 22.922718048095703 0.0 0.0 0.0 0.0 0.0
128.06214904785156 12.63508415222168 11.217253684997559 12.63508415222168 13.525911331176758 13.92064094543457 14.30701732635498 14.141770362854004 14.402647018432617 14.82839298248291 15.391592979431152 15.509203910827637 16.00248908996582 15.799120903015137 15.452512741088867 17.00450325012207 15.694950103759766 15.134269714355469 15.17711353302002 15.76413631439209 14.392848014831543 14.181389808654785 14.312756538391113 14.404387474060059 15.054878234863281 13.962708473205566 14.597623825073242 22.53069305419922 0.0 0.0 0.0 0.0
127.98653411865234 12.589292526245117 11.23188591003418 12.58747673034668 13.478414535522461 13.735909461975098 14.015646934509277 14.223825454711914 14.522315979003906 14.52548599243164 14.823055267333984 15.308091163635254 14.806507110595703 15.356982231140137 15.539401054382324 16.762752532958984 15.310006141662598 14.637001037597656 14.820771217346191 15.777749061584473 14.43447208404541 14.034721374511719 14.226366996765137 14.170238494873047 14.436077117919922 14.115063667297363 14.021492004394531 14.416769027709961 22.315338134765625 0.0 0.0 0.0
127.18267059326172 12.578103065490723 11.190256118774414 12.577557563781738 13.309670448303223 13.751331329345703 13.648422241210938 14.059455871582031 14.295069694519043 14.612070083618164 14.79574203491211 15.059667587280273 15.011073112487793 15.643237113952637 15.650068283081055 16.510913848876953 15.272775650024414 14.784968376159668 14.7621488571167 15.441388130187988 14.570650100708008 14.390678405761719 14.394691467285156 14.337054252624512 14.919099807739258 14.45368480682373 14.270706176757812 14.0044584274292 14.244132041931152 22.11436653137207 0.0 0.0
126.5097427368164 12.238136291503906 11.060354232788086 12.521663665771484 13.32331657409668 13.475659370422363 13.34375 13.498394012451172 13.707845687866211 14.11803913116455 14.585976600646973 14.84093189239502 15.297040939331055 15.6442232131958 15.441784858703613 17.045167922973633 15.337254524230957 14.648652076721191 14.77816390991211 15.894756317138672 14.699188232421875 14.926443099975586 15.110563278198242 15.655184745788574 14.104256629943848 13.809021949768066 14.011490821838379 14.0623140335083 13.727469444274902 14.43480110168457 22.075611114501953 0.0
126.15880584716797 12.258162498474121 10.690046310424805 12.047513008117676 13.275308609008789 15.187891006469727 13.668116569519043 13.519312858581543 13.806929588317871 14.425320625305176 14.612363815307617 15.006121635437012 15.021292686462402 14.935233116149902 15.304502487182617 15.464223861694336 15.311717987060547 14.902832984924316 15.131041526794434 15.696261405944824 14.88716983795166 14.720368385314941 14.728275299072266 15.993001937866211 13.786993980407715 13.328718185424805 13.677769660949707 14.144984245300293 13.287215232849121 13.351078033447266 13.871376037597656 21.802593231201172
