6.318809986114502 -0.20380331575870514 -0.20380331575870514 -0.20380331575870514 -0.20380331575870514 -0.20380331575870514 -0.20380331575870514 -0.20380331575870514 -0.20380331575870514 -0.20380331575870514 -0.20380331575870514 -0.20380331575870514 -0.20380331575870514 -0.20380331575870514 -0.20380331575870514 -0.20380331575870514 -0.20380331575870514 -0.20380331575870514 -0.20380331575870514 -0.20380331575870514 -0.20380331575870514 -0.20380331575870514 -0.20380331575870514 -0.20380331575870514 -0.20380331575870514 -0.20380331575870514 -0.20380331575870514 -0.20380331575870514 -0.20380331575870514 -0.20380331575870514 -0.20380331575870514 -0.20380331575870514
5.969436168670654 0.1447688192129135 -0.20380331575870514 -0.20380331575870514 -0.20380331575870514 -0.20380331575870514 -0.20380331575870514 -0.20380331575870514 -0.20380331575870514 -0.20380331575870514 -0.20380331575870514 -0.20380331575870514 -0.20380331575870514 -0.20380331575870514 -0.20380331575870514 -0.20380331575870514 -0.20380331575870514 -0.20380331575870514 -0.20380331575870514 -0.20380331575870514 -0.20380331575870514 -0.20380331575870514 -0.20380331575870514 -0.20380331575870514 -0.20380331575870514 -0.20380331575870514 -0.20380331575870514 -0.20380331575870514 -0.20380331575870514 -0.20380331575870514 -0.20380331575870514 -0.20380331575870514
5.972126007080078 -0.024751292541623116 -0.03706476092338562 -0.20380331575870514 -0.20380331575870514 -0.20380331575870514 -0.20380331575870514 -0.20380331575870514 -0.20380331575870514 -0.20380331575870514 -0.20380331575870514 -0.20380331575870514 -0.20380331575870514 -0.20380331575870514 -0.20380331575870514 -0.20380331575870514 -0.20380331575870514 -0.20380331575870514 -0.20380331575870514 -0.20380331575870514 -0.20380331575870514 -0.20380331575870514 -0.20380331575870514 -0.20380331575870514 -0.20380331575870514 -0.20380331575870514 -0.20380331575870514 -0.20380331575870514 -0.20380331575870514 -0.20380331575870514 -0.20380331575870514 -0.20380331575870514
5.956148147583008 -0.15787813067436218 -0.04537763074040413 -0.04636457934975624 -0.20380331575870514 -0.20380331575870514 -0.20380331575870514 -0.20380331575870514 -0.20380331575870514 -0.20380331575870514 -0.20380331575870514 -0.20380331575870514 -0.20380331575870514 -0.20380331575870514 -0.20380331575870514 -0.20380331575870514 -0.20380331575870514 -0.20380331575870514 -0.20380331575870514 -0.20380331575870514 -0.20380331575870514 -0.20380331575870514 -0.20380331575870514 -0.20380331575870514 -0.20380331575870514 -0.20380331575870514 -0.20380331575870514 -0.20380331575870514 -0.20380331575870514 -0.20380331575870514 -0.20380331575870514 -0.20380331575870514
5.924688816070557 -0.1777886599302292 -0.16108186542987823 -0.06041625514626503 -0.0226798914372921 -0.20380331575870514 -0.20380331575870514 -0.20380331575870514 -0.20380331575870514 -0.20380331575870514 -0.20380331575870514 -0.20380331575870514 -0.20380331575870514 -0.20380331575870514 -0.20380331575870514 -0.20380331575870514 -0.20380331575870514 -0.20380331575870514 -0.20380331575870514 -0.20380331575870514 -0.20380331575870514 -0.20380331575870514 -0.20380331575870514 -0.20380331575870514 -0.20380331575870514 -0.20380331575870514 -0.20380331575870514 -0.20380331575870514 -0.20380331575870514 -0.20380331575870514 -0.20380331575870514 -0.20380331575870514
5.967051982879639 -0.18508484959602356 -0.17855751514434814 -0.1654341071844101 -0.08132775127887726 -0.0577043853700161 -0.20380331575870514 -0.20380331575870514 -0.20380331575870514 -0.20380331575870514 -0.20380331575870514 -0.20380331575870514 -0.20380331575870514 -0.20380331575870514 -0.20380331575870514 -0.20380331575870514 -0.20380331575870514 -0.20380331575870514 -0.20380331575870514 -0.20380331575870514 -0.20380331575870514 -0.20380331575870514 -0.20380331575870514 -0.20380331575870514 -0.20380331575870514 -0.20380331575870514 -0.20380331575870514 -0.20380331575870514 -0.20380331575870514 -0.20380331575870514 -0.20380331575870514 -0.20380331575870514
5.943534851074219 -0.18517832458019257 -0.18181750178337097 -0.17912466824054718 -0.16516411304473877 -0.08141134679317474 -0.05572213605046272 -0.20380331575870514 -0.20380331575870514 -0.20380331575870514 -0.20380331575870514 -0.20380331575870514 -0.20380331575870514 -0.20380331575870514 -0.20380331575870514 -0.20380331575870514 -0.20380331575870514 -0.20380331575870514 -0.20380331575870514 -0.20380331575870514 -0.20380331575870514 -0.20380331575870514 -0.20380331575870514 -0.20380331575870514 -0.20380331575870514 -0.20380331575870514 -0.20380331575870514 -0.20380331575870514 -0.20380331575870514 -0.20380331575870514 -0.20380331575870514 -0.20380331575870514
5.9495978355407715 -0.18338559567928314 -0.18380849063396454 -0.1834203004837036 -0.17987477779388428 -0.1684972047805786 -0.09080378711223602 -0.06852682679891586 -0.20380331575870514 -0.20380331575870514 -0.20380331575870514 -0.20380331575870514 -0.20380331575870514 -0.20380331575870514 -0.20380331575870514 -0.20380331575870514 -0.20380331575870514 -0.20380331575870514 -0.20380331575870514 -0.20380331575870514 -0.20380331575870514 -0.20380331575870514 -0.20380331575870514 -0.20380331575870514 -0.20380331575870514 -0.20380331575870514 -0.20380331575870514 -0.20380331575870514 -0.20380331575870514 -0.20380331575870514 -0.20380331575870514 -0.20380331575870514
5.938866138458252 -0.18364569544792175 -0.18401935696601868 -0.1863545924425125 -0.18437950313091278 -0.1811128705739975 -0.16861693561077118 -0.09504890441894531 -0.06817713379859924 -0.20380331575870514 -0.20380331575870514 -0.20380331575870514 -0.20380331575870514 -0.20380331575870514 -0.20380331575870514 -0.20380331575870514 -0.20380331575870514 -0.20380331575870514 -0.20380331575870514 -0.20380331575870514 -0.20380331575870514 -0.20380331575870514 -0.20380331575870514 -0.20380331575870514 -0.20380331575870514 -0.20380331575870514 -0.20380331575870514 -0.20380331575870514 -0.20380331575870514 -0.20380331575870514 -0.20380331575870514 -0.20380331575870514
5.938101291656494 -0.18649078905582428 -0.18531997501850128 -0.18647648394107819 -0.1868709921836853 -0.1859949678182602 -0.1833568811416626 -0.1701909750699997 -0.09569918364286423 -0.07400164008140564 -0.20380331575870514 -0.20380331575870514 -0.20380331575870514 -0.20380331575870514 -0.20380331575870514 -0.20380331575870514 -0.20380331575870514 -0.20380331575870514 -0.20380331575870514 -0.20380331575870514 -0.20380331575870514 -0.20380331575870514 -0.20380331575870514 -0.20380331575870514 -0.20380331575870514 -0.20380331575870514 -0.20380331575870514 -0.20380331575870514 -0.20380331575870514 -0.20380331575870514 -0.20380331575870514 -0.20380331575870514
5.888862133026123 -0.19046805799007416 -0.1877480000257492 -0.18661938607692719 -0.18678957223892212 -0.18843220174312592 -0.1881743222475052 -0.1826319843530655 -0.16992691159248352 -0.05529813468456268 -0.07286607474088669 -0.20380331575870514 -0.20380331575870514 -0.20380331575870514 -0.20380331575870514 -0.20380331575870514 -0.20380331575870514 -0.20380331575870514 -0.20380331575870514 -0.20380331575870514 -0.20380331575870514 -0.20380331575870514 -0.20380331575870514 -0.20380331575870514 -0.20380331575870514 -0.20380331575870514 -0.20380331575870514 -0.20380331575870514 -0.20380331575870514 -0.20380331575870514 -0.20380331575870514 -0.20380331575870514
5.9348249435424805 -0.19258753955364227 -0.19123530387878418 -0.18873175978660583 -0.18702326714992523 -0.18773309886455536 -0.1888369619846344 -0.18653550744056702 -0.18464063107967377 -0.1713501662015915 -0.09848590195178986 -0.08154149353504181 -0.20380331575870514 -0.20380331575870514 -0.20380331575870514 -0.20380331575870514 -0.20380331575870514 -0.20380331575870514 -0.20380331575870514 -0.20380331575870514 -0.20380331575870514 -0.20380331575870514 -0.20380331575870514 -0.20380331575870514 -0.20380331575870514 -0.20380331575870514 -0.20380331575870514 -0.20380331575870514 -0.20380331575870514 -0.20380331575870514 -0.20380331575870514 -0.20380331575870514
5.928160667419434 -0.19291958212852478 -0.19285303354263306 -0.19139544665813446 -0.18858271837234497 -0.18745896220207214 -0.18854302167892456 -0.18862737715244293 -0.1883506178855896 -0.18337218463420868 -0.17060068249702454 -0.09979642927646637 -0.0833134651184082 -0.20380331575870514 -0.20380331575870514 -0.20380331575870514 -0.20380331575870514 -0.20380331575870514 -0.20380331575870514 -0.20380331575870514 -0.20380331575870514 -0.20380331575870514 -0.20380331575870514 -0.20380331575870514 -0.20380331575870514 -0.20380331575870514 -0.20380331575870514 -0.20380331575870514 -0.20380331575870514 -0.20380331575870514 -0.20380331575870514 -0.20380331575870514
5.9178385734558105 -0.19236093759536743 -0.19324947893619537 -0.19312512874603271 -0.19185224175453186 -0.1899811178445816 -0.18909981846809387 -0.18826496601104736 -0.18895167112350464 -0.1862226277589798 -0.18349532783031464 -0.17219771444797516 -0.10291977971792221 -0.07761400938034058 -0.20380331575870514 -0.20380331575870514 -0.20380331575870514 -0.20380331575870514 -0.20380331575870514 -0.20380331575870514 -0.20380331575870514 -0.20380331575870514 -0.20380331575870514 -0.20380331575870514 -0.20380331575870514 -0.20380331575870514 -0.20380331575870514 -0.20380331575870514 -0.20380331575870514 -0.20380331575870514 -0.20380331575870514 -0.20380331575870514
5.839221000671387 -0.1924595832824707 -0.19338122010231018 -0.19352173805236816 -0.19382010400295258 -0.19275304675102234 -0.19094620645046234 -0.1889473795890808 -0.18723243474960327 -0.18783247470855713 -0.18768161535263062 -0.18496392667293549 -0.17073193192481995 -0.03673945367336273 -0.07348675280809402 -0.20380331575870514 -0.20380331575870514 -0.20380331575870514 -0.20380331575870514 -0.20380331575870514 -0.20380331575870514 -0.20380331575870514 -0.20380331575870514 -0.20380331575870514 -0.20380331575870514 -0.20380331575870514 -0.20380331575870514 -0.20380331575870514 -0.20380331575870514 -0.20380331575870514 -0.20380331575870514 -0.20380331575870514
5.907872200012207 -0.19324925541877747 -0.19340460002422333 -0.19380295276641846 -0.1941564679145813 -0.1940418928861618 -0.19266751408576965 -0.1906885802745819 -0.18921847641468048 -0.18886446952819824 -0.19038760662078857 -0.18890485167503357 -0.18426379561424255 -0.17056819796562195 -0.09911724179983139 -0.08366134017705917 -0.20380331575870514 -0.20380331575870514 -0.20380331575870514 -0.20380331575870514 -0.20380331575870514 -0.20380331575870514 -0.20380331575870514 -0.20380331575870514 -0.20380331575870514 -0.20380331575870514 -0.20380331575870514 -0.20380331575870514 -0.20380331575870514 -0.20380331575870514 -0.20380331575870514 -0.20380331575870514
5.909282684326172 -0.19445650279521942 -0.1939382553100586 -0.19341665506362915 -0.19214259088039398 -0.19416920840740204 -0.1943000704050064 -0.19311967492103577 -0.19064326584339142 -0.18863460421562195 -0.18970267474651337 -0.19084860384464264 -0.18987368047237396 -0.1841314285993576 -0.172285258769989 -0.1044851690530777 -0.08607354015111923 -0.20380331575870514 -0.20380331575870514 -0.20380331575870514 -0.20380331575870514 -0.20380331575870514 -0.20380331575870514 -0.20380331575870514 -0.20380331575870514 -0.20380331575870514 -0.20380331575870514 -0.20380331575870514 -0.20380331575870514 -0.20380331575870514 -0.20380331575870514 -0.20380331575870514
5.903952598571777 -0.19587495923042297 -0.19480007886886597 -0.1941816806793213 -0.19326500594615936 -0.19423945248126984 -0.194487065076828 -0.19436296820640564 -0.19272413849830627 -0.19101423025131226 -0.19002945721149445 -0.19056575000286102 -0.19085495173931122 -0.18909475207328796 -0.18608804047107697 -0.1735849827528 -0.10277547687292099 -0.08274344354867935 -0.20380331575870514 -0.20380331575870514 -0.20380331575870514 -0.20380331575870514 -0.20380331575870514 -0.20380331575870514 -0.20380331575870514 -0.20380331575870514 -0.20380331575870514 -0.20380331575870514 -0.20380331575870514 -0.20380331575870514 -0.20380331575870514 -0.20380331575870514
5.862567901611328 -0.196041077375412 -0.19593623280525208 -0.19496077299118042 -0.19435280561447144 -0.19334986805915833 -0.19406406581401825 -0.19324453175067902 -0.19306954741477966 -0.19142968952655792 -0.1868019998073578 -0.19065740704536438 -0.18985097110271454 -0.18421894311904907 -0.18854618072509766 -0.18167807161808014 -0.17173786461353302 -0.0951906219124794 -0.07794895768165588 -0.20380331575870514 -0.20380331575870514 -0.20380331575870514 -0.20380331575870514 -0.20380331575870514 -0.20380331575870514 -0.20380331575870514 -0.20380331575870514 -0.20380331575870514 -0.20380331575870514 -0.20380331575870514 -0.20380331575870514 -0.20380331575870514
5.866172790527344 -0.19562606513500214 -0.19640962779521942 -0.19568179547786713 -0.1943943202495575 -0.19468997418880463 -0.19419234991073608 -0.19303670525550842 -0.19444873929023743 -0.19308015704154968 -0.1895502805709839 -0.19172810018062592 -0.19087658822536469 -0.18897174298763275 -0.19018524885177612 -0.18884733319282532 -0.1857251673936844 -0.1678503155708313 -0.09613101184368134 -0.079062819480896 -0.20380331575870514 -0.20380331575870514 -0.20380331575870514 -0.20380331575870514 -0.20380331575870514 -0.20380331575870514 -0.20380331575870514 -0.20380331575870514 -0.20380331575870514 -0.20380331575870514 -0.20380331575870514 -0.20380331575870514
5.876306533813477 -0.1953178346157074 -0.19628940522670746 -0.19624106585979462 -0.19528944790363312 -0.19573870301246643 -0.195343017578125 -0.19422778487205505 -0.19485701620578766 -0.19123505055904388 -0.19393491744995117 -0.19397979974746704 -0.19256456196308136 -0.1899663358926773 -0.1885417103767395 -0.19072894752025604 -0.1903664916753769 -0.18355931341648102 -0.17297382652759552 -0.10595889389514923 -0.07733053714036942 -0.20380331575870514 -0.20380331575870514 -0.20380331575870514 -0.20380331575870514 -0.20380331575870514 -0.20380331575870514 -0.20380331575870514 -0.20380331575870514 -0.20380331575870514 -0.20380331575870514 -0.20380331575870514
5.876087665557861 -0.1957179605960846 -0.1962232142686844 -0.1963234692811966 -0.19598513841629028 -0.19622674584388733 -0.19595973193645477 -0.19411782920360565 -0.19469118118286133 -0.1933712363243103 -0.1934848576784134 -0.195090651512146 -0.19423218071460724 -0.189422145485878 -0.18768636882305145 -0.19101735949516296 -0.1907663494348526 -0.1886853128671646 -0.18271014094352722 -0.17356553673744202 -0.1079985648393631 -0.08473280817270279 -0.20380331575870514 -0.20380331575870514 -0.20380331575870514 -0.20380331575870514 -0.20380331575870514 -0.20380331575870514 -0.20380331575870514 -0.20380331575870514 -0.20380331575870514 -0.20380331575870514
5.886219501495361 -0.19649162888526917 -0.1966346800327301 -0.19612519443035126 -0.19627173244953156 -0.19665288925170898 -0.19690288603305817 -0.19575829803943634 -0.1948743760585785 -0.19300290942192078 -0.19283795356750488 -0.19581656157970428 -0.1956336945295334 -0.19290697574615479 -0.19273138046264648 -0.19178281724452972 -0.19070982933044434 -0.1899251937866211 -0.18991956114768982 -0.1864015907049179 -0.17266994714736938 -0.10162844508886337 -0.0962994173169136 -0.20380331575870514 -0.20380331575870514 -0.20380331575870514 -0.20380331575870514 -0.20380331575870514 -0.20380331575870514 -0.20380331575870514 -0.20380331575870514 -0.20380331575870514
5.880733489990234 -0.19673117995262146 -0.19692404568195343 -0.19648180902004242 -0.1961727887392044 -0.1968497484922409 -0.1971718817949295 -0.19661584496498108 -0.19546037912368774 -0.19502940773963928 -0.19494837522506714 -0.19524167478084564 -0.19560162723064423 -0.1945170760154724 -0.1936439573764801 -0.1920970231294632 -0.19176170229911804 -0.19180993735790253 -0.19094838201999664 -0.19107726216316223 -0.18452534079551697 -0.17075808346271515 -0.10541924834251404 -0.0904972031712532 -0.20380331575870514 -0.20380331575870514 -0.20380331575870514 -0.20380331575870514 -0.20380331575870514 -0.20380331575870514 -0.20380331575870514 -0.20380331575870514
5.883128643035889 -0.19642643630504608 -0.19721905887126923 -0.197165846824646 -0.196428582072258 -0.1966474950313568 -0.19708070158958435 -0.1970391422510147 -0.19633710384368896 -0.19494712352752686 -0.19551174342632294 -0.1952662318944931 -0.19551119208335876 -0.19513224065303802 -0.1949395388364792 -0.19369693100452423 -0.1932537704706192 -0.19232457876205444 -0.19033893942832947 -0.19235765933990479 -0.18775096535682678 -0.18599742650985718 -0.17499588429927826 -0.10748684406280518 -0.09261482954025269 -0.20380331575870514 -0.20380331575870514 -0.20380331575870514 -0.20380331575870514 -0.20380331575870514 -0.20380331575870514 -0.20380331575870514
5.882800579071045 -0.19655634462833405 -0.19724714756011963 -0.19762572646141052 -0.196999192237854 -0.1971893012523651 -0.19727493822574615 -0.19721241295337677 -0.19673585891723633 -0.19450418651103973 -0.19482722878456116 -0.196219801902771 -0.19602932035923004 -0.1943865716457367 -0.19579750299453735 -0.196085587143898 -0.1948123425245285 -0.19376276433467865 -0.18975304067134857 -0.19234290719032288 -0.191467747092247 -0.18826743960380554 -0.187543585896492 -0.17520105838775635 -0.10843299329280853 -0.09397934377193451 -0.20380331575870514 -0.20380331575870514 -0.20380331575870514 -0.20380331575870514 -0.20380331575870514 -0.20380331575870514
5.877798080444336 -0.19698640704154968 -0.19743677973747253 -0.19764088094234467 -0.19716213643550873 -0.1976454257965088 -0.1975259929895401 -0.19731754064559937 -0.19695259630680084 -0.1965242475271225 -0.19564589858055115 -0.196791872382164 -0.19644342362880707 -0.19475999474525452 -0.19545230269432068 -0.19603972136974335 -0.19568246603012085 -0.19517111778259277 -0.1919093281030655 -0.1923915296792984 -0.19047842919826508 -0.18983225524425507 -0.19097116589546204 -0.1847166121006012 -0.17665857076644897 -0.10624252259731293 -0.09465797990560532 -0.20380331575870514 -0.20380331575870514 -0.20380331575870514 -0.20380331575870514 -0.20380331575870514
5.8669610023498535 -0.19779273867607117 -0.19758611917495728 -0.19756674766540527 -0.19745378196239471 -0.19801165163516998 -0.1977248638868332 -0.19758731126785278 -0.19707368314266205 -0.19569583237171173 -0.19640140235424042 -0.19707244634628296 -0.19721224904060364 -0.19533351063728333 -0.19584454596042633 -0.19622288644313812 -0.1961098462343216 -0.19609731435775757 -0.19108237326145172 -0.1933044046163559 -0.1900826394557953 -0.18929478526115417 -0.19241531193256378 -0.1896335631608963 -0.18758058547973633 -0.16713646054267883 -0.10899891704320908 -0.09568209201097488 -0.20380331575870514 -0.20380331575870514 -0.20380331575870514 -0.20380331575870514
5.806144714355469 -0.1987614780664444 -0.19789206981658936 -0.19761008024215698 -0.19735880196094513 -0.19803288578987122 -0.19806890189647675 -0.19772057235240936 -0.19742809236049652 -0.19705237448215485 -0.19589829444885254 -0.19785253703594208 -0.19793054461479187 -0.19471125304698944 -0.19629701972007751 -0.19622914493083954 -0.19601866602897644 -0.19651484489440918 -0.19099988043308258 -0.19511783123016357 -0.1925913393497467 -0.1894872933626175 -0.1921219527721405 -0.18941649794578552 -0.1902434378862381 -0.17757992446422577 -0.17369480431079865 -0.07425855845212936 -0.07808184623718262 -0.20380331575870514 -0.20380331575870514 -0.20380331575870514
5.8794264793396 -0.19879375398159027 -0.1986609548330307 -0.1981467455625534 -0.1979517638683319 -0.19805081188678741 -0.19835293292999268 -0.1982569843530655 -0.1976843625307083 -0.19744202494621277 -0.1973167210817337 -0.19764727354049683 -0.1979585886001587 -0.19651800394058228 -0.19684146344661713 -0.19636723399162292 -0.19644147157669067 -0.196576327085495 -0.19569392502307892 -0.19664210081100464 -0.19466398656368256 -0.1923488825559616 -0.19326001405715942 -0.1920592486858368 -0.19276301562786102 -0.1887158751487732 -0.18746936321258545 -0.17606623470783234 -0.1082584336400032 -0.09513603895902634 -0.20380331575870514 -0.20380331575870514
5.85931921005249 -0.1990867257118225 -0.19930420815944672 -0.19887316226959229 -0.19791965186595917 -0.19786660373210907 -0.19817186892032623 -0.19829986989498138 -0.1981547772884369 -0.19753965735435486 -0.19710108637809753 -0.1976696103811264 -0.19802528619766235 -0.19681380689144135 -0.1961878538131714 -0.1970384120941162 -0.19649824500083923 -0.19642169773578644 -0.19593621790409088 -0.19672764837741852 -0.19528904557228088 -0.191313236951828 -0.19413934648036957 -0.19143171608448029 -0.19282427430152893 -0.18987874686717987 -0.19002258777618408 -0.18715119361877441 -0.17418454587459564 -0.10612636804580688 -0.08979576081037521 -0.20380331575870514
5.862712860107422 -0.19774459302425385 -0.1990685909986496 -0.199039027094841 -0.19815906882286072 -0.19794534146785736 -0.1980266273021698 -0.19800357520580292 -0.1979174166917801 -0.19757351279258728 -0.1967928409576416 -0.19794312119483948 -0.19776113331317902 -0.19595564901828766 -0.19592328369617462 -0.1979924887418747 -0.19721989333629608 -0.19670160114765167 -0.1940172016620636 -0.19646483659744263 -0.19523178040981293 -0.19272339344024658 -0.19505858421325684 -0.19346262514591217 -0.1934756338596344 -0.1908094882965088 -0.1922835260629654 -0.19175860285758972 -0.1862782984972 -0.17664405703544617 -0.10630824416875839 -0.0986868292093277
