7.482057094573975 -0.24132205545902252 -0.24132205545902252 -0.24132205545902252 -0.24132205545902252 -0.24132205545902252 -0.24132205545902252 -0.24132205545902252 -0.24132205545902252 -0.24132205545902252 -0.24132205545902252 -0.24132205545902252 -0.24132205545902252 -0.24132205545902252 -0.24132205545902252 -0.24132205545902252 -0.24132205545902252 -0.24132205545902252 -0.24132205545902252 -0.24132205545902252 -0.24132205545902252 -0.24132205545902252 -0.24132205545902252 -0.24132205545902252 -0.24132205545902252 -0.24132205545902252 -0.24132205545902252 -0.24132205545902252 -0.24132205545902252 -0.24132205545902252 -0.24132205545902252 -0.24132205545902252
5.9090986251831055 1.3305764198303223 -0.24132205545902252 -0.24132205545902252 -0.24132205545902252 -0.24132205545902252 -0.24132205545902252 -0.24132205545902252 -0.24132205545902252 -0.24132205545902252 -0.24132205545902252 -0.24132205545902252 -0.24132205545902252 -0.24132205545902252 -0.24132205545902252 -0.24132205545902252 -0.24132205545902252 -0.24132205545902252 -0.24132205545902252 -0.24132205545902252 -0.24132205545902252 -0.24132205545902252 -0.24132205545902252 -0.24132205545902252 -0.24132205545902252 -0.24132205545902252 -0.24132205545902252 -0.24132205545902252 -0.24132205545902252 -0.24132205545902252 -0.24132205545902252 -0.24132205545902252
3.895033597946167 2.098639965057373 1.0046699047088623 -0.24132205545902252 -0.24132205545902252 -0.24132205545902252 -0.24132205545902252 -0.24132205545902252 -0.24132205545902252 -0.24132205545902252 -0.24132205545902252 -0.24132205545902252 -0.24132205545902252 -0.24132205545902252 -0.24132205545902252 -0.24132205545902252 -0.24132205545902252 -0.24132205545902252 -0.24132205545902252 -0.24132205545902252 -0.24132205545902252 -0.24132205545902252 -0.24132205545902252 -0.24132205545902252 -0.24132205545902252 -0.24132205545902252 -0.24132205545902252 -0.24132205545902252 -0.24132205545902252 -0.24132205545902252 -0.24132205545902252 -0.24132205545902252
3.3577094078063965 1.0983178615570068 1.6459510326385498 0.6550489664077759 -0.24132205545902252 -0.24132205545902252 -0.24132205545902252 -0.24132205545902252 -0.24132205545902252 -0.24132205545902252 -0.24132205545902252 -0.24132205545902252 -0.24132205545902252 -0.24132205545902252 -0.24132205545902252 -0.24132205545902252 -0.24132205545902252 -0.24132205545902252 -0.24132205545902252 -0.24132205545902252 -0.24132205545902252 -0.24132205545902252 -0.24132205545902252 -0.24132205545902252 -0.24132205545902252 -0.24132205545902252 -0.24132205545902252 -0.24132205545902252 -0.24132205545902252 -0.24132205545902252 -0.24132205545902252 -0.24132205545902252
3.2411041259765625 0.5751799941062927 0.9082483053207397 1.134676218032837 0.6565607786178589 -0.24132205545902252 -0.24132205545902252 -0.24132205545902252 -0.24132205545902252 -0.24132205545902252 -0.24132205545902252 -0.24132205545902252 -0.24132205545902252 -0.24132205545902252 -0.24132205545902252 -0.24132205545902252 -0.24132205545902252 -0.24132205545902252 -0.24132205545902252 -0.24132205545902252 -0.24132205545902252 -0.24132205545902252 -0.24132205545902252 -0.24132205545902252 -0.24132205545902252 -0.24132205545902252 -0.24132205545902252 -0.24132205545902252 -0.24132205545902252 -0.24132205545902252 -0.24132205545902252 -0.24132205545902252
3.2392072677612305 0.3409900963306427 0.384657621383667 0.55705726146698 1.0420432090759277 0.7104628682136536 -0.24132205545902252 -0.24132205545902252 -0.24132205545902252 -0.24132205545902252 -0.24132205545902252 -0.24132205545902252 -0.24132205545902252 -0.24132205545902252 -0.24132205545902252 -0.24132205545902252 -0.24132205545902252 -0.24132205545902252 -0.24132205545902252 -0.24132205545902252 -0.24132205545902252 -0.24132205545902252 -0.24132205545902252 -0.24132205545902252 -0.24132205545902252 -0.24132205545902252 -0.24132205545902252 -0.24132205545902252 -0.24132205545902252 -0.24132205545902252 -0.24132205545902252 -0.24132205545902252
3.254709482192993 0.18699698150157928 0.1684199422597885 0.2030896693468094 0.4874442219734192 1.009132981300354 0.7232998609542847 -0.24132205545902252 -0.24132205545902252 -0.24132205545902252 -0.24132205545902252 -0.24132205545902252 -0.24132205545902252 -0.24132205545902252 -0.24132205545902252 -0.24132205545902252 -0.24132205545902252 -0.24132205545902252 -0.24132205545902252 -0.24132205545902252 -0.24132205545902252 -0.24132205545902252 -0.24132205545902252 -0.24132205545902252 -0.24132205545902252 -0.24132205545902252 -0.24132205545902252 -0.24132205545902252 -0.24132205545902252 -0.24132205545902252 -0.24132205545902252 -0.24132205545902252
3.2744851112365723 0.05630308762192726 0.03173058107495308 0.03118652105331421 0.17039811611175537 0.4912799596786499 0.9884281158447266 0.7479507923126221 -0.24132205545902252 -0.24132205545902252 -0.24132205545902252 -0.24132205545902252 -0.24132205545902252 -0.24132205545902252 -0.24132205545902252 -0.24132205545902252 -0.24132205545902252 -0.24132205545902252 -0.24132205545902252 -0.24132205545902252 -0.24132205545902252 -0.24132205545902252 -0.24132205545902252 -0.24132205545902252 -0.24132205545902252 -0.24132205545902252 -0.24132205545902252 -0.24132205545902252 -0.24132205545902252 -0.24132205545902252 -0.24132205545902252 -0.24132205545902252
3.1888539791107178 0.02353007160127163 -0.021001242101192474 -0.04802599921822548 0.011387588456273079 0.16730298101902008 0.4519820511341095 1.0334988832473755 0.742945671081543 -0.24132205545902252 -0.24132205545902252 -0.24132205545902252 -0.24132205545902252 -0.24132205545902252 -0.24132205545902252 -0.24132205545902252 -0.24132205545902252 -0.24132205545902252 -0.24132205545902252 -0.24132205545902252 -0.24132205545902252 -0.24132205545902252 -0.24132205545902252 -0.24132205545902252 -0.24132205545902252 -0.24132205545902252 -0.24132205545902252 -0.24132205545902252 -0.24132205545902252 -0.24132205545902252 -0.24132205545902252 -0.24132205545902252
3.203892946243286 -0.04961656406521797 -0.06730356812477112 -0.08517783880233765 -0.06875623762607574 -0.005954146850854158 0.13527046144008636 0.4865740239620209 0.9950072765350342 0.7651914954185486 -0.24132205545902252 -0.24132205545902252 -0.24132205545902252 -0.24132205545902252 -0.24132205545902252 -0.24132205545902252 -0.24132205545902252 -0.24132205545902252 -0.24132205545902252 -0.24132205545902252 -0.24132205545902252 -0.24132205545902252 -0.24132205545902252 -0.24132205545902252 -0.24132205545902252 -0.24132205545902252 -0.24132205545902252 -0.24132205545902252 -0.24132205545902252 -0.24132205545902252 -0.24132205545902252 -0.24132205545902252
3.138568639755249 -0.06936085224151611 -0.09840930998325348 -0.1143970638513565 -0.10731563717126846 -0.07781977206468582 -0.016204793006181717 0.13379140198230743 0.44049501419067383 1.044103980064392 0.7943572402000427 -0.24132205545902252 -0.24132205545902252 -0.24132205545902252 -0.24132205545902252 -0.24132205545902252 -0.24132205545902252 -0.24132205545902252 -0.24132205545902252 -0.24132205545902252 -0.24132205545902252 -0.24132205545902252 -0.24132205545902252 -0.24132205545902252 -0.24132205545902252 -0.24132205545902252 -0.24132205545902252 -0.24132205545902252 -0.24132205545902252 -0.24132205545902252 -0.24132205545902252 -0.24132205545902252
3.1109306812286377 -0.08966344594955444 -0.12420906871557236 -0.1332475244998932 -0.12151473015546799 -0.1063670888543129 -0.08458669483661652 -0.01643311232328415 0.13810735940933228 0.44204404950141907 1.0043467283248901 0.8070803880691528 -0.24132205545902252 -0.24132205545902252 -0.24132205545902252 -0.24132205545902252 -0.24132205545902252 -0.24132205545902252 -0.24132205545902252 -0.24132205545902252 -0.24132205545902252 -0.24132205545902252 -0.24132205545902252 -0.24132205545902252 -0.24132205545902252 -0.24132205545902252 -0.24132205545902252 -0.24132205545902252 -0.24132205545902252 -0.24132205545902252 -0.24132205545902252 -0.24132205545902252
3.046051502227783 -0.09309595078229904 -0.1365479677915573 -0.15513092279434204 -0.14864547550678253 -0.13019433617591858 -0.11704813688993454 -0.03763915225863457 -0.009174791164696217 0.15005816519260406 0.5115789771080017 0.9868031144142151 0.7181404829025269 -0.24132205545902252 -0.24132205545902252 -0.24132205545902252 -0.24132205545902252 -0.24132205545902252 -0.24132205545902252 -0.24132205545902252 -0.24132205545902252 -0.24132205545902252 -0.24132205545902252 -0.24132205545902252 -0.24132205545902252 -0.24132205545902252 -0.24132205545902252 -0.24132205545902252 -0.24132205545902252 -0.24132205545902252 -0.24132205545902252 -0.24132205545902252
3.0688693523406982 -0.09295041859149933 -0.13465788960456848 -0.16457362473011017 -0.16888427734375 -0.1558571755886078 -0.14281727373600006 -0.11510512232780457 -0.08327853679656982 -0.01846819743514061 0.13491763174533844 0.4747752845287323 0.9506512880325317 0.7911760210990906 -0.24132205545902252 -0.24132205545902252 -0.24132205545902252 -0.24132205545902252 -0.24132205545902252 -0.24132205545902252 -0.24132205545902252 -0.24132205545902252 -0.24132205545902252 -0.24132205545902252 -0.24132205545902252 -0.24132205545902252 -0.24132205545902252 -0.24132205545902252 -0.24132205545902252 -0.24132205545902252 -0.24132205545902252 -0.24132205545902252
2.95892596244812 -0.10465436428785324 -0.13576501607894897 -0.16796566545963287 -0.17725151777267456 -0.17230093479156494 -0.16027610003948212 -0.136949822306633 -0.0990031287074089 -0.06243618577718735 0.011031934060156345 0.15647219121456146 0.43109238147735596 1.0319175720214844 0.7296751737594604 -0.24132205545902252 -0.24132205545902252 -0.24132205545902252 -0.24132205545902252 -0.24132205545902252 -0.24132205545902252 -0.24132205545902252 -0.24132205545902252 -0.24132205545902252 -0.24132205545902252 -0.24132205545902252 -0.24132205545902252 -0.24132205545902252 -0.24132205545902252 -0.24132205545902252 -0.24132205545902252 -0.24132205545902252
3.000112771987915 -0.1191309243440628 -0.13398030400276184 -0.16493776440620422 -0.17807109653949738 -0.18094055354595184 -0.17834055423736572 -0.15769445896148682 -0.1428764909505844 -0.11591925472021103 -0.0780029445886612 0.03154146298766136 0.13639220595359802 0.44242122769355774 0.9323420524597168 0.768247127532959 -0.24132205545902252 -0.24132205545902252 -0.24132205545902252 -0.24132205545902252 -0.24132205545902252 -0.24132205545902252 -0.24132205545902252 -0.24132205545902252 -0.24132205545902252 -0.24132205545902252 -0.24132205545902252 -0.24132205545902252 -0.24132205545902252 -0.24132205545902252 -0.24132205545902252 -0.24132205545902252
2.9712295532226562 -0.13617508113384247 -0.14530925452709198 -0.16694360971450806 -0.1768788844347 -0.18237127363681793 -0.1835993379354477 -0.17792460322380066 -0.15588602423667908 -0.12843753397464752 -0.07347334176301956 -0.07842981815338135 -0.018168369308114052 0.14071616530418396 0.4123488962650299 0.9750254154205322 0.744143545627594 -0.24132205545902252 -0.24132205545902252 -0.24132205545902252 -0.24132205545902252 -0.24132205545902252 -0.24132205545902252 -0.24132205545902252 -0.24132205545902252 -0.24132205545902252 -0.24132205545902252 -0.24132205545902252 -0.24132205545902252 -0.24132205545902252 -0.24132205545902252 -0.24132205545902252
3.0329272747039795 -0.1471031904220581 -0.16198647022247314 -0.17492462694644928 -0.17265121638774872 -0.18646039068698883 -0.18861575424671173 -0.18851777911186218 -0.18001656234264374 -0.15973012149333954 -0.13645707070827484 -0.11911167949438095 -0.08881938457489014 -0.014756428077816963 0.116111159324646 0.4138529300689697 0.928904116153717 0.8058737516403198 -0.24132205545902252 -0.24132205545902252 -0.24132205545902252 -0.24132205545902252 -0.24132205545902252 -0.24132205545902252 -0.24132205545902252 -0.24132205545902252 -0.24132205545902252 -0.24132205545902252 -0.24132205545902252 -0.24132205545902252 -0.24132205545902252 -0.24132205545902252
2.9512081146240234 -0.1469786912202835 -0.1670677214860916 -0.1849549263715744 -0.1856922209262848 -0.1846909373998642 -0.18754491209983826 -0.18799272179603577 -0.18759094178676605 -0.17949001491069794 -0.15469034016132355 -0.14297106862068176 -0.11895766854286194 -0.0864124745130539 -0.024753596633672714 0.12798692286014557 0.4165034890174866 1.0221729278564453 0.7591316103935242 -0.24132205545902252 -0.24132205545902252 -0.24132205545902252 -0.24132205545902252 -0.24132205545902252 -0.24132205545902252 -0.24132205545902252 -0.24132205545902252 -0.24132205545902252 -0.24132205545902252 -0.24132205545902252 -0.24132205545902252 -0.24132205545902252
2.931288480758667 -0.14894290268421173 -0.1711617112159729 -0.19492022693157196 -0.19558992981910706 -0.1887028068304062 -0.18850556015968323 -0.18514327704906464 -0.1901620775461197 -0.1865215301513672 -0.17409464716911316 -0.12944215536117554 -0.1379837542772293 -0.11709500849246979 -0.09156204760074615 -0.021784206852316856 0.12067700177431107 0.43351566791534424 0.9400990605354309 0.7919122576713562 -0.24132205545902252 -0.24132205545902252 -0.24132205545902252 -0.24132205545902252 -0.24132205545902252 -0.24132205545902252 -0.24132205545902252 -0.24132205545902252 -0.24132205545902252 -0.24132205545902252 -0.24132205545902252 -0.24132205545902252
3.006530284881592 -0.15212267637252808 -0.1720668077468872 -0.19580639898777008 -0.20330901443958282 -0.2024981677532196 -0.19459488987922668 -0.19108577072620392 -0.1895579844713211 -0.19019654393196106 -0.18356435000896454 -0.178927481174469 -0.17017322778701782 -0.15294188261032104 -0.13223932683467865 -0.09530745446681976 -0.02748611383140087 0.12195945531129837 0.4042099714279175 0.9592602252960205 0.7945226430892944 -0.24132205545902252 -0.24132205545902252 -0.24132205545902252 -0.24132205545902252 -0.24132205545902252 -0.24132205545902252 -0.24132205545902252 -0.24132205545902252 -0.24132205545902252 -0.24132205545902252 -0.24132205545902252
2.996448516845703 -0.16036245226860046 -0.17327184975147247 -0.1959383189678192 -0.20524948835372925 -0.20762097835540771 -0.20417211949825287 -0.19864556193351746 -0.19340091943740845 -0.1934370994567871 -0.1926100254058838 -0.18868742883205414 -0.1835411638021469 -0.17158964276313782 -0.152315154671669 -0.1287085860967636 -0.09469269961118698 -0.018649514764547348 0.11119714379310608 0.41993364691734314 0.982466995716095 0.7661005854606628 -0.24132205545902252 -0.24132205545902252 -0.24132205545902252 -0.24132205545902252 -0.24132205545902252 -0.24132205545902252 -0.24132205545902252 -0.24132205545902252 -0.24132205545902252 -0.24132205545902252
2.9638750553131104 -0.16425520181655884 -0.17814888060092926 -0.194138303399086 -0.20341463387012482 -0.20838499069213867 -0.20859381556510925 -0.20483800768852234 -0.19643135368824005 -0.1908254623413086 -0.1905040591955185 -0.19054409861564636 -0.18230831623077393 -0.18033018708229065 -0.16973480582237244 -0.14910005033016205 -0.12488403916358948 -0.08197237551212311 -0.013593803159892559 0.1269732564687729 0.4213677942752838 0.9443058967590332 0.7474300861358643 -0.24132205545902252 -0.24132205545902252 -0.24132205545902252 -0.24132205545902252 -0.24132205545902252 -0.24132205545902252 -0.24132205545902252 -0.24132205545902252 -0.24132205545902252
2.9765212535858154 -0.1663036048412323 -0.18462276458740234 -0.20055893063545227 -0.2066296935081482 -0.2101748287677765 -0.20956720411777496 -0.20811736583709717 -0.20286667346954346 -0.19996924698352814 -0.19074276089668274 -0.18659178912639618 -0.19304786622524261 -0.19154833257198334 -0.18412399291992188 -0.16934679448604584 -0.14480751752853394 -0.09682919085025787 -0.08212689310312271 -0.0066239903680980206 0.12005303055047989 0.40991583466529846 0.9002122282981873 0.7585329413414001 -0.24132205545902252 -0.24132205545902252 -0.24132205545902252 -0.24132205545902252 -0.24132205545902252 -0.24132205545902252 -0.24132205545902252 -0.24132205545902252
2.9467933177948 -0.15083977580070496 -0.18632200360298157 -0.20227745175361633 -0.20423631370067596 -0.1983368694782257 -0.20530802011489868 -0.20886631309986115 -0.20106801390647888 -0.20519329607486725 -0.17522801458835602 -0.19285543262958527 -0.18967458605766296 -0.19189001619815826 -0.19537214934825897 -0.18637004494667053 -0.1725451946258545 -0.15267345309257507 -0.1320447325706482 -0.0945301353931427 -0.02779669687151909 0.11729411780834198 0.4044308066368103 0.9275646805763245 0.7666369080543518 -0.24132205545902252 -0.24132205545902252 -0.24132205545902252 -0.24132205545902252 -0.24132205545902252 -0.24132205545902252 -0.24132205545902252
2.9442856311798096 -0.1318690925836563 -0.18489965796470642 -0.20817267894744873 -0.20981793105602264 -0.20061443746089935 -0.20786570012569427 -0.21071460843086243 -0.20940588414669037 -0.21264030039310455 -0.20261025428771973 -0.20035788416862488 -0.19634009897708893 -0.19632825255393982 -0.19850851595401764 -0.1944863349199295 -0.18737256526947021 -0.1700739860534668 -0.15356464684009552 -0.12904320657253265 -0.07254783809185028 -0.02219313196837902 0.1096731424331665 0.40388163924217224 0.9175216555595398 0.7716949582099915 -0.24132205545902252 -0.24132205545902252 -0.24132205545902252 -0.24132205545902252 -0.24132205545902252 -0.24132205545902252
2.9311532974243164 -0.15100453794002533 -0.18110494315624237 -0.21102890372276306 -0.21586225926876068 -0.21692119538784027 -0.21605443954467773 -0.21198582649230957 -0.21524678170681 -0.21736150979995728 -0.21286799013614655 -0.20889735221862793 -0.20410305261611938 -0.19754303991794586 -0.1963888555765152 -0.19639985263347626 -0.1925259679555893 -0.18233010172843933 -0.17106319963932037 -0.15376484394073486 -0.12048618495464325 -0.09170473366975784 -0.02705886773765087 0.11393324285745621 0.40755322575569153 0.9897879958152771 0.755582869052887 -0.24132205545902252 -0.24132205545902252 -0.24132205545902252 -0.24132205545902252 -0.24132205545902252
2.9623045921325684 -0.15496443212032318 -0.16463039815425873 -0.189812570810318 -0.21511343121528625 -0.21796907484531403 -0.21766699850559235 -0.2102324664592743 -0.21419212222099304 -0.21591222286224365 -0.20085395872592926 -0.2097303867340088 -0.21192529797554016 -0.20305196940898895 -0.1989026665687561 -0.19829803705215454 -0.19951993227005005 -0.19152520596981049 -0.1877235621213913 -0.17532391846179962 -0.15040037035942078 -0.12881797552108765 -0.09917975962162018 -0.028557460755109787 0.11127106100320816 0.4072461426258087 0.8899734616279602 0.7784859538078308 -0.24132205545902252 -0.24132205545902252 -0.24132205545902252 -0.24132205545902252
2.9749598503112793 -0.16954626142978668 -0.17928849160671234 -0.2027801126241684 -0.21347936987876892 -0.219948872923851 -0.2210208922624588 -0.2203768938779831 -0.219707652926445 -0.2175356149673462 -0.21688853204250336 -0.21628046035766602 -0.21476668119430542 -0.21239344775676727 -0.20581883192062378 -0.19969312846660614 -0.19901138544082642 -0.19792784750461578 -0.1959386169910431 -0.18806275725364685 -0.16953162848949432 -0.15052062273025513 -0.12893904745578766 -0.09757550060749054 -0.023630112409591675 0.11524278670549393 0.4040105938911438 0.9359522461891174 0.774203360080719 -0.24132205545902252 -0.24132205545902252 -0.24132205545902252
2.977987051010132 -0.17215372622013092 -0.18101122975349426 -0.20012329518795013 -0.2097439467906952 -0.2157900184392929 -0.22110041975975037 -0.22094465792179108 -0.22163735330104828 -0.21885280311107635 -0.2177194207906723 -0.21683558821678162 -0.21940281987190247 -0.21702073514461517 -0.2137276977300644 -0.20577441155910492 -0.19816243648529053 -0.19737866520881653 -0.19843652844429016 -0.19167333841323853 -0.18384753167629242 -0.16858632862567902 -0.1433766633272171 -0.12835463881492615 -0.0900380089879036 -0.022158058360219002 0.11176564544439316 0.39927661418914795 0.914689838886261 0.7524623274803162 -0.24132205545902252 -0.24132205545902252
2.9465060234069824 -0.17846105992794037 -0.18862195312976837 -0.20507104694843292 -0.20954996347427368 -0.21269461512565613 -0.21937428414821625 -0.22196467220783234 -0.22360897064208984 -0.22275599837303162 -0.22114568948745728 -0.216149240732193 -0.21851859986782074 -0.21872906386852264 -0.21652406454086304 -0.2118285894393921 -0.20607466995716095 -0.20025882124900818 -0.19799695909023285 -0.19735558331012726 -0.19262686371803284 -0.1840100735425949 -0.173222616314888 -0.15583568811416626 -0.12910939753055573 -0.0886421948671341 -0.0316024050116539 0.11464077979326248 0.4164336323738098 0.8925635814666748 0.8126105070114136 -0.24132205545902252
2.966895341873169 -0.17557567358016968 -0.19276274740695953 -0.21065258979797363 -0.21135181188583374 -0.2128426879644394 -0.21134719252586365 -0.2155565619468689 -0.21387562155723572 -0.21689428389072418 -0.2211216390132904 -0.22050362825393677 -0.22015801072120667 -0.21536430716514587 -0.2202610820531845 -0.21655045449733734 -0.21248942613601685 -0.20412935316562653 -0.19792334735393524 -0.2019389122724533 -0.1964510679244995 -0.19591176509857178 -0.1882353574037552 -0.1733068972826004 -0.1528404802083969 -0.1239631250500679 -0.0987086147069931 -0.03474118560552597 0.10356087982654572 0.37832993268966675 0.9438268542289734 0.7625390887260437
