6.4367523193359375 -0.20760738849639893 -0.20760738849639893 -0.20760738849639893 -0.20760738849639893 -0.20760738849639893 -0.20760738849639893 -0.20760738849639893 -0.20760738849639893 -0.20760738849639893 -0.20760738849639893 -0.20760738849639893 -0.20760738849639893 -0.20760738849639893 -0.20760738849639893 -0.20760738849639893 -0.20760738849639893 -0.20760738849639893 -0.20760738849639893 -0.20760738849639893 -0.20760738849639893 -0.20760738849639893 -0.20760738849639893 -0.20760738849639893 -0.20760738849639893 -0.20760738849639893 -0.20760738849639893 -0.20760738849639893 -0.20760738849639893 -0.20760738849639893 -0.20760738849639893 -0.20760738849639893
6.160712718963623 0.06760994344949722 -0.20760738849639893 -0.20760738849639893 -0.20760738849639893 -0.20760738849639893 -0.20760738849639893 -0.20760738849639893 -0.20760738849639893 -0.20760738849639893 -0.20760738849639893 -0.20760738849639893 -0.20760738849639893 -0.20760738849639893 -0.20760738849639893 -0.20760738849639893 -0.20760738849639893 -0.20760738849639893 -0.20760738849639893 -0.20760738849639893 -0.20760738849639893 -0.20760738849639893 -0.20760738849639893 -0.20760738849639893 -0.20760738849639893 -0.20760738849639893 -0.20760738849639893 -0.20760738849639893 -0.20760738849639893 -0.20760738849639893 -0.20760738849639893 -0.20760738849639893
6.189601898193359 -0.12211119383573532 -0.0467948354780674 -0.20760738849639893 -0.20760738849639893 -0.20760738849639893 -0.20760738849639893 -0.20760738849639893 -0.20760738849639893 -0.20760738849639893 -0.20760738849639893 -0.20760738849639893 -0.20760738849639893 -0.20760738849639893 -0.20760738849639893 -0.20760738849639893 -0.20760738849639893 -0.20760738849639893 -0.20760738849639893 -0.20760738849639893 -0.20760738849639893 -0.20760738849639893 -0.20760738849639893 -0.20760738849639893 -0.20760738849639893 -0.20760738849639893 -0.20760738849639893 -0.20760738849639893 -0.20760738849639893 -0.20760738849639893 -0.20760738849639893 -0.20760738849639893
6.110503196716309 -0.14815068244934082 -0.10717541724443436 -0.04216649755835533 -0.20760738849639893 -0.20760738849639893 -0.20760738849639893 -0.20760738849639893 -0.20760738849639893 -0.20760738849639893 -0.20760738849639893 -0.20760738849639893 -0.20760738849639893 -0.20760738849639893 -0.20760738849639893 -0.20760738849639893 -0.20760738849639893 -0.20760738849639893 -0.20760738849639893 -0.20760738849639893 -0.20760738849639893 -0.20760738849639893 -0.20760738849639893 -0.20760738849639893 -0.20760738849639893 -0.20760738849639893 -0.20760738849639893 -0.20760738849639893 -0.20760738849639893 -0.20760738849639893 -0.20760738849639893 -0.20760738849639893
6.0547285079956055 -0.15513458847999573 -0.13912856578826904 -0.11283206194639206 -0.04224511235952377 -0.20760738849639893 -0.20760738849639893 -0.20760738849639893 -0.20760738849639893 -0.20760738849639893 -0.20760738849639893 -0.20760738849639893 -0.20760738849639893 -0.20760738849639893 -0.20760738849639893 -0.20760738849639893 -0.20760738849639893 -0.20760738849639893 -0.20760738849639893 -0.20760738849639893 -0.20760738849639893 -0.20760738849639893 -0.20760738849639893 -0.20760738849639893 -0.20760738849639893 -0.20760738849639893 -0.20760738849639893 -0.20760738849639893 -0.20760738849639893 -0.20760738849639893 -0.20760738849639893 -0.20760738849639893
6.01679801940918 -0.16177038848400116 -0.15193726122379303 -0.14051653444766998 -0.11419111490249634 -0.050561144948005676 -0.20760738849639893 -0.20760738849639893 -0.20760738849639893 -0.20760738849639893 -0.20760738849639893 -0.20760738849639893 -0.20760738849639893 -0.20760738849639893 -0.20760738849639893 -0.20760738849639893 -0.20760738849639893 -0.20760738849639893 -0.20760738849639893 -0.20760738849639893 -0.20760738849639893 -0.20760738849639893 -0.20760738849639893 -0.20760738849639893 -0.20760738849639893 -0.20760738849639893 -0.20760738849639893 -0.20760738849639893 -0.20760738849639893 -0.20760738849639893 -0.20760738849639893 -0.20760738849639893
5.972860336303711 -0.16132238507270813 -0.15479910373687744 -0.15090295672416687 -0.14107947051525116 -0.12243438512086868 -0.05209294706583023 -0.20760738849639893 -0.20760738849639893 -0.20760738849639893 -0.20760738849639893 -0.20760738849639893 -0.20760738849639893 -0.20760738849639893 -0.20760738849639893 -0.20760738849639893 -0.20760738849639893 -0.20760738849639893 -0.20760738849639893 -0.20760738849639893 -0.20760738849639893 -0.20760738849639893 -0.20760738849639893 -0.20760738849639893 -0.20760738849639893 -0.20760738849639893 -0.20760738849639893 -0.20760738849639893 -0.20760738849639893 -0.20760738849639893 -0.20760738849639893 -0.20760738849639893
5.9398064613342285 -0.16195665299892426 -0.15742146968841553 -0.15462389588356018 -0.15316776931285858 -0.14836086332798004 -0.12806987762451172 -0.05360938236117363 -0.20760738849639893 -0.20760738849639893 -0.20760738849639893 -0.20760738849639893 -0.20760738849639893 -0.20760738849639893 -0.20760738849639893 -0.20760738849639893 -0.20760738849639893 -0.20760738849639893 -0.20760738849639893 -0.20760738849639893 -0.20760738849639893 -0.20760738849639893 -0.20760738849639893 -0.20760738849639893 -0.20760738849639893 -0.20760738849639893 -0.20760738849639893 -0.20760738849639893 -0.20760738849639893 -0.20760738849639893 -0.20760738849639893 -0.20760738849639893
5.908734321594238 -0.1668025255203247 -0.16135285794734955 -0.16099466383457184 -0.16032113134860992 -0.15725116431713104 -0.1480441838502884 -0.12452877312898636 -0.054422732442617416 -0.20760738849639893 -0.20760738849639893 -0.20760738849639893 -0.20760738849639893 -0.20760738849639893 -0.20760738849639893 -0.20760738849639893 -0.20760738849639893 -0.20760738849639893 -0.20760738849639893 -0.20760738849639893 -0.20760738849639893 -0.20760738849639893 -0.20760738849639893 -0.20760738849639893 -0.20760738849639893 -0.20760738849639893 -0.20760738849639893 -0.20760738849639893 -0.20760738849639893 -0.20760738849639893 -0.20760738849639893 -0.20760738849639893
5.876468181610107 -0.17111249268054962 -0.16343434154987335 -0.16238529980182648 -0.1615707278251648 -0.1621168702840805 -0.15930427610874176 -0.14781509339809418 -0.12735165655612946 -0.05396891385316849 -0.20760738849639893 -0.20760738849639893 -0.20760738849639893 -0.20760738849639893 -0.20760738849639893 -0.20760738849639893 -0.20760738849639893 -0.20760738849639893 -0.20760738849639893 -0.20760738849639893 -0.20760738849639893 -0.20760738849639893 -0.20760738849639893 -0.20760738849639893 -0.20760738849639893 -0.20760738849639893 -0.20760738849639893 -0.20760738849639893 -0.20760738849639893 -0.20760738849639893 -0.20760738849639893 -0.20760738849639893
5.837589740753174 -0.17324256896972656 -0.16872012615203857 -0.16565948724746704 -0.1637318879365921 -0.16376207768917084 -0.16556520760059357 -0.15831083059310913 -0.14680267870426178 -0.1250033974647522 -0.046992409974336624 -0.20760738849639893 -0.20760738849639893 -0.20760738849639893 -0.20760738849639893 -0.20760738849639893 -0.20760738849639893 -0.20760738849639893 -0.20760738849639893 -0.20760738849639893 -0.20760738849639893 -0.20760738849639893 -0.20760738849639893 -0.20760738849639893 -0.20760738849639893 -0.20760738849639893 -0.20760738849639893 -0.20760738849639893 -0.20760738849639893 -0.20760738849639893 -0.20760738849639893 -0.20760738849639893
5.834343910217285 -0.1781916618347168 -0.1730167120695114 -0.16810081899166107 -0.16879050433635712 -0.16695399582386017 -0.16657178103923798 -0.1617734730243683 -0.1605086326599121 -0.1535545140504837 -0.12392889708280563 -0.06077224016189575 -0.20760738849639893 -0.20760738849639893 -0.20760738849639893 -0.20760738849639893 -0.20760738849639893 -0.20760738849639893 -0.20760738849639893 -0.20760738849639893 -0.20760738849639893 -0.20760738849639893 -0.20760738849639893 -0.20760738849639893 -0.20760738849639893 -0.20760738849639893 -0.20760738849639893 -0.20760738849639893 -0.20760738849639893 -0.20760738849639893 -0.20760738849639893 -0.20760738849639893
5.824887275695801 -0.1780712753534317 -0.1746191531419754 -0.17283301055431366 -0.1724892407655716 -0.1702016144990921 -0.16868847608566284 -0.16579043865203857 -0.1668827384710312 -0.16446667909622192 -0.14832650125026703 -0.1324193924665451 -0.06549662351608276 -0.20760738849639893 -0.20760738849639893 -0.20760738849639893 -0.20760738849639893 -0.20760738849639893 -0.20760738849639893 -0.20760738849639893 -0.20760738849639893 -0.20760738849639893 -0.20760738849639893 -0.20760738849639893 -0.20760738849639893 -0.20760738849639893 -0.20760738849639893 -0.20760738849639893 -0.20760738849639893 -0.20760738849639893 -0.20760738849639893 -0.20760738849639893
5.804498195648193 -0.1790814846754074 -0.17500971257686615 -0.174039825797081 -0.176493301987648 -0.17334145307540894 -0.17120970785617828 -0.16641269624233246 -0.16824284195899963 -0.16929452121257782 -0.15532554686069489 -0.15526670217514038 -0.13763125240802765 -0.06614668667316437 -0.20760738849639893 -0.20760738849639893 -0.20760738849639893 -0.20760738849639893 -0.20760738849639893 -0.20760738849639893 -0.20760738849639893 -0.20760738849639893 -0.20760738849639893 -0.20760738849639893 -0.20760738849639893 -0.20760738849639893 -0.20760738849639893 -0.20760738849639893 -0.20760738849639893 -0.20760738849639893 -0.20760738849639893 -0.20760738849639893
5.781965732574463 -0.18168987333774567 -0.1760072112083435 -0.1762073040008545 -0.17870299518108368 -0.17579074203968048 -0.17411254346370697 -0.17204473912715912 -0.1703212410211563 -0.1684892773628235 -0.16064123809337616 -0.1622704416513443 -0.15532945096492767 -0.13305526971817017 -0.06799674779176712 -0.20760738849639893 -0.20760738849639893 -0.20760738849639893 -0.20760738849639893 -0.20760738849639893 -0.20760738849639893 -0.20760738849639893 -0.20760738849639893 -0.20760738849639893 -0.20760738849639893 -0.20760738849639893 -0.20760738849639893 -0.20760738849639893 -0.20760738849639893 -0.20760738849639893 -0.20760738849639893 -0.20760738849639893
5.816018104553223 -0.18428398668766022 -0.17785920202732086 -0.17781728506088257 -0.18056514859199524 -0.1808515042066574 -0.1798819601535797 -0.17737463116645813 -0.1748318076133728 -0.17296667397022247 -0.1711777001619339 -0.17065885663032532 -0.1676948517560959 -0.16021977365016937 -0.140913724899292 -0.07714026421308517 -0.20760738849639893 -0.20760738849639893 -0.20760738849639893 -0.20760738849639893 -0.20760738849639893 -0.20760738849639893 -0.20760738849639893 -0.20760738849639893 -0.20760738849639893 -0.20760738849639893 -0.20760738849639893 -0.20760738849639893 -0.20760738849639893 -0.20760738849639893 -0.20760738849639893 -0.20760738849639893
5.780450820922852 -0.18589045107364655 -0.18035414814949036 -0.17929619550704956 -0.18044981360435486 -0.1810557097196579 -0.1813666969537735 -0.1790887415409088 -0.1780390739440918 -0.17418093979358673 -0.16733165085315704 -0.171473890542984 -0.17187385261058807 -0.164666086435318 -0.15642204880714417 -0.13753162324428558 -0.0773133710026741 -0.20760738849639893 -0.20760738849639893 -0.20760738849639893 -0.20760738849639893 -0.20760738849639893 -0.20760738849639893 -0.20760738849639893 -0.20760738849639893 -0.20760738849639893 -0.20760738849639893 -0.20760738849639893 -0.20760738849639893 -0.20760738849639893 -0.20760738849639893 -0.20760738849639893
5.779786109924316 -0.18638259172439575 -0.1815316379070282 -0.1808733493089676 -0.18060819804668427 -0.1816560924053192 -0.18250980973243713 -0.1820284128189087 -0.1812390834093094 -0.17783762514591217 -0.16951456665992737 -0.17398928105831146 -0.17429174482822418 -0.17127759754657745 -0.16802537441253662 -0.15788663923740387 -0.14262273907661438 -0.08094596862792969 -0.20760738849639893 -0.20760738849639893 -0.20760738849639893 -0.20760738849639893 -0.20760738849639893 -0.20760738849639893 -0.20760738849639893 -0.20760738849639893 -0.20760738849639893 -0.20760738849639893 -0.20760738849639893 -0.20760738849639893 -0.20760738849639893 -0.20760738849639893
5.7629523277282715 -0.18657268583774567 -0.18337363004684448 -0.18241149187088013 -0.18297356367111206 -0.18084131181240082 -0.18293100595474243 -0.181523859500885 -0.18247489631175995 -0.18043136596679688 -0.1714479923248291 -0.17486830055713654 -0.17507266998291016 -0.17246893048286438 -0.16950224339962006 -0.17024391889572144 -0.16017453372478485 -0.1433633267879486 -0.08335234969854355 -0.20760738849639893 -0.20760738849639893 -0.20760738849639893 -0.20760738849639893 -0.20760738849639893 -0.20760738849639893 -0.20760738849639893 -0.20760738849639893 -0.20760738849639893 -0.20760738849639893 -0.20760738849639893 -0.20760738849639893 -0.20760738849639893
5.771462917327881 -0.18793141841888428 -0.18494750559329987 -0.18388742208480835 -0.1850736439228058 -0.18394842743873596 -0.18378455936908722 -0.18327923119068146 -0.18398793041706085 -0.18306522071361542 -0.17546789348125458 -0.1787274330854416 -0.17706306278705597 -0.17466510832309723 -0.17459379136562347 -0.17307685315608978 -0.17157112061977386 -0.16250811517238617 -0.14509551227092743 -0.08747155964374542 -0.20760738849639893 -0.20760738849639893 -0.20760738849639893 -0.20760738849639893 -0.20760738849639893 -0.20760738849639893 -0.20760738849639893 -0.20760738849639893 -0.20760738849639893 -0.20760738849639893 -0.20760738849639893 -0.20760738849639893
5.754323959350586 -0.1885879784822464 -0.18506620824337006 -0.18393591046333313 -0.18543869256973267 -0.18569275736808777 -0.1853913813829422 -0.18269188702106476 -0.18397381901741028 -0.180446058511734 -0.1795569211244583 -0.18027594685554504 -0.17885278165340424 -0.17664162814617157 -0.17457129061222076 -0.17475849390029907 -0.17350488901138306 -0.17095205187797546 -0.1627437323331833 -0.14638571441173553 -0.0911376103758812 -0.20760738849639893 -0.20760738849639893 -0.20760738849639893 -0.20760738849639893 -0.20760738849639893 -0.20760738849639893 -0.20760738849639893 -0.20760738849639893 -0.20760738849639893 -0.20760738849639893 -0.20760738849639893
5.759601593017578 -0.19015520811080933 -0.18544019758701324 -0.18520359694957733 -0.18590198457241058 -0.18585728108882904 -0.18762029707431793 -0.1855335682630539 -0.18539413809776306 -0.18130847811698914 -0.17775791883468628 -0.1835564523935318 -0.1826547086238861 -0.17868129909038544 -0.176451176404953 -0.17693310976028442 -0.1765345335006714 -0.1752336621284485 -0.172337606549263 -0.16573332250118256 -0.1511804610490799 -0.09400273859500885 -0.20760738849639893 -0.20760738849639893 -0.20760738849639893 -0.20760738849639893 -0.20760738849639893 -0.20760738849639893 -0.20760738849639893 -0.20760738849639893 -0.20760738849639893 -0.20760738849639893
5.731358528137207 -0.19106119871139526 -0.18654903769493103 -0.1854410320520401 -0.18700657784938812 -0.18699339032173157 -0.18801450729370117 -0.18679742515087128 -0.18547263741493225 -0.18376576900482178 -0.17739138007164001 -0.18322701752185822 -0.1841653287410736 -0.1820043921470642 -0.17635251581668854 -0.17817066609859467 -0.17310555279254913 -0.17567019164562225 -0.17457222938537598 -0.17141523957252502 -0.16436421871185303 -0.1501936912536621 -0.09112921357154846 -0.20760738849639893 -0.20760738849639893 -0.20760738849639893 -0.20760738849639893 -0.20760738849639893 -0.20760738849639893 -0.20760738849639893 -0.20760738849639893 -0.20760738849639893
5.7598395347595215 -0.1906624585390091 -0.18748705089092255 -0.18705402314662933 -0.1888221651315689 -0.18815478682518005 -0.18876589834690094 -0.18900370597839355 -0.18798258900642395 -0.18585297465324402 -0.18404965102672577 -0.1853005737066269 -0.18614862859249115 -0.18283604085445404 -0.18162798881530762 -0.181880384683609 -0.17972765862941742 -0.17876721918582916 -0.17696276307106018 -0.17803966999053955 -0.17544811964035034 -0.16789527237415314 -0.15118268132209778 -0.09530065208673477 -0.20760738849639893 -0.20760738849639893 -0.20760738849639893 -0.20760738849639893 -0.20760738849639893 -0.20760738849639893 -0.20760738849639893 -0.20760738849639893
5.754755020141602 -0.18999777734279633 -0.18838414549827576 -0.18814173340797424 -0.1893247365951538 -0.1889626383781433 -0.1896488517522812 -0.18984894454479218 -0.18892227113246918 -0.18780861794948578 -0.1862047165632248 -0.18626008927822113 -0.18507060408592224 -0.18319690227508545 -0.1846245974302292 -0.18492242693901062 -0.182437464594841 -0.1812027394771576 -0.1782602071762085 -0.1786571443080902 -0.1781495064496994 -0.1747426986694336 -0.16769790649414062 -0.15370073914527893 -0.09530109912157059 -0.20760738849639893 -0.20760738849639893 -0.20760738849639893 -0.20760738849639893 -0.20760738849639893 -0.20760738849639893 -0.20760738849639893
5.753106594085693 -0.18919697403907776 -0.1875208467245102 -0.1882583051919937 -0.189320906996727 -0.1893599033355713 -0.18998096883296967 -0.18945905566215515 -0.1893402636051178 -0.1886332482099533 -0.1876097321510315 -0.18787822127342224 -0.18620271980762482 -0.18543227016925812 -0.1850004494190216 -0.18603122234344482 -0.18526223301887512 -0.18378464877605438 -0.18048210442066193 -0.17999915778636932 -0.18025104701519012 -0.17918430268764496 -0.17514146864414215 -0.16959649324417114 -0.15436121821403503 -0.10040346533060074 -0.20760738849639893 -0.20760738849639893 -0.20760738849639893 -0.20760738849639893 -0.20760738849639893 -0.20760738849639893
5.729283332824707 -0.18876874446868896 -0.18668463826179504 -0.18753060698509216 -0.18949073553085327 -0.19007155299186707 -0.19047802686691284 -0.18940499424934387 -0.18871720135211945 -0.1884722262620926 -0.18801964819431305 -0.18759353458881378 -0.18685616552829742 -0.18638624250888824 -0.18640924990177155 -0.1863451451063156 -0.1861826777458191 -0.18542252480983734 -0.1816255897283554 -0.18117184937000275 -0.18110206723213196 -0.1796683967113495 -0.1779218465089798 -0.1744595319032669 -0.1657797396183014 -0.15343064069747925 -0.10352664440870285 -0.20760738849639893 -0.20760738849639893 -0.20760738849639893 -0.20760738849639893 -0.20760738849639893
5.731456279754639 -0.1920076459646225 -0.1873214691877365 -0.18768708407878876 -0.18921269476413727 -0.19063416123390198 -0.19168062508106232 -0.19153694808483124 -0.19074366986751556 -0.19007021188735962 -0.18930691480636597 -0.18894986808300018 -0.1895318329334259 -0.18840506672859192 -0.186104878783226 -0.18725809454917908 -0.1872110217809677 -0.18744787573814392 -0.1861460953950882 -0.18381023406982422 -0.1830613762140274 -0.18024079501628876 -0.17948006093502045 -0.1767851859331131 -0.1740627884864807 -0.16798633337020874 -0.15564069151878357 -0.09897201508283615 -0.20760738849639893 -0.20760738849639893 -0.20760738849639893 -0.20760738849639893
5.720938205718994 -0.19391727447509766 -0.18920472264289856 -0.18788307905197144 -0.18978245556354523 -0.19018679857254028 -0.19133897125720978 -0.1920720338821411 -0.1912129521369934 -0.19076015055179596 -0.18761970102787018 -0.18992839753627777 -0.1896454244852066 -0.1887066662311554 -0.1871490329504013 -0.1878613978624344 -0.18820255994796753 -0.18829669058322906 -0.18710957467556 -0.18648432195186615 -0.18525134027004242 -0.1818237155675888 -0.17976029217243195 -0.17729079723358154 -0.17770348489284515 -0.17333921790122986 -0.16973547637462616 -0.15580032765865326 -0.10032279789447784 -0.20760738849639893 -0.20760738849639893 -0.20760738849639893
5.72276496887207 -0.1934894472360611 -0.18965236842632294 -0.18925698101520538 -0.1901177018880844 -0.19002670049667358 -0.19163715839385986 -0.19156379997730255 -0.1924227774143219 -0.19144324958324432 -0.1902322769165039 -0.1906357854604721 -0.1902044117450714 -0.18928763270378113 -0.18907685577869415 -0.18868032097816467 -0.18926019966602325 -0.18887583911418915 -0.1880698800086975 -0.18794415891170502 -0.18796207010746002 -0.1850607544183731 -0.18268652260303497 -0.18027859926223755 -0.17854751646518707 -0.17663590610027313 -0.1762024313211441 -0.17040392756462097 -0.1558193415403366 -0.10234356671571732 -0.20760738849639893 -0.20760738849639893
5.740120887756348 -0.19415615499019623 -0.19096478819847107 -0.19109070301055908 -0.19145271182060242 -0.19034577906131744 -0.1910143941640854 -0.19188639521598816 -0.1927269995212555 -0.1926342248916626 -0.18991658091545105 -0.19214986264705658 -0.19161109626293182 -0.19053082168102264 -0.18939104676246643 -0.19038739800453186 -0.18999439477920532 -0.1898408979177475 -0.1890486180782318 -0.18952101469039917 -0.18988704681396484 -0.18750707805156708 -0.1847732663154602 -0.18152514100074768 -0.18242540955543518 -0.18100318312644958 -0.1814248412847519 -0.17864300310611725 -0.1721961498260498 -0.1584971696138382 -0.1062578558921814 -0.20760738849639893
5.712957859039307 -0.19326651096343994 -0.1911046802997589 -0.19082224369049072 -0.19133897125720978 -0.1912279576063156 -0.19187010824680328 -0.1908133178949356 -0.19187651574611664 -0.1915774792432785 -0.19055116176605225 -0.19129574298858643 -0.19081275165081024 -0.18636541068553925 -0.18909847736358643 -0.19118472933769226 -0.19070929288864136 -0.19083429872989655 -0.18946492671966553 -0.18941238522529602 -0.1896073818206787 -0.18869000673294067 -0.18722321093082428 -0.1844780296087265 -0.1816491186618805 -0.18284986913204193 -0.17941325902938843 -0.18089839816093445 -0.17817270755767822 -0.17219211161136627 -0.15852198004722595 -0.1058993935585022
