7.725487232208252 -0.24917350709438324 -0.24917350709438324 -0.24917350709438324 -0.24917350709438324 -0.24917350709438324 -0.24917350709438324 -0.24917350709438324 -0.24917350709438324 -0.24917350709438324 -0.24917350709438324 -0.24917350709438324 -0.24917350709438324 -0.24917350709438324 -0.24917350709438324 -0.24917350709438324 -0.24917350709438324 -0.24917350709438324 -0.24917350709438324 -0.24917350709438324 -0.24917350709438324 -0.24917350709438324 -0.24917350709438324 -0.24917350709438324 -0.24917350709438324 -0.24917350709438324 -0.24917350709438324 -0.24917350709438324 -0.24917350709438324 -0.24917350709438324 -0.24917350709438324 -0.24917350709438324
7.580891132354736 -0.10548048466444016 -0.24917350709438324 -0.24917350709438324 -0.24917350709438324 -0.24917350709438324 -0.24917350709438324 -0.24917350709438324 -0.24917350709438324 -0.24917350709438324 -0.24917350709438324 -0.24917350709438324 -0.24917350709438324 -0.24917350709438324 -0.24917350709438324 -0.24917350709438324 -0.24917350709438324 -0.24917350709438324 -0.24917350709438324 -0.24917350709438324 -0.24917350709438324 -0.24917350709438324 -0.24917350709438324 -0.24917350709438324 -0.24917350709438324 -0.24917350709438324 -0.24917350709438324 -0.24917350709438324 -0.24917350709438324 -0.24917350709438324 -0.24917350709438324 -0.24917350709438324
7.2084760665893555 -0.18015779554843903 0.19780518114566803 -0.24917350709438324 -0.24917350709438324 -0.24917350709438324 -0.24917350709438324 -0.24917350709438324 -0.24917350709438324 -0.24917350709438324 -0.24917350709438324 -0.24917350709438324 -0.24917350709438324 -0.24917350709438324 -0.24917350709438324 -0.24917350709438324 -0.24917350709438324 -0.24917350709438324 -0.24917350709438324 -0.24917350709438324 -0.24917350709438324 -0.24917350709438324 -0.24917350709438324 -0.24917350709438324 -0.24917350709438324 -0.24917350709438324 -0.24917350709438324 -0.24917350709438324 -0.24917350709438324 -0.24917350709438324 -0.24917350709438324 -0.24917350709438324
7.155272006988525 -0.2174631953239441 -0.1927151083946228 0.23178167641162872 -0.24917350709438324 -0.24917350709438324 -0.24917350709438324 -0.24917350709438324 -0.24917350709438324 -0.24917350709438324 -0.24917350709438324 -0.24917350709438324 -0.24917350709438324 -0.24917350709438324 -0.24917350709438324 -0.24917350709438324 -0.24917350709438324 -0.24917350709438324 -0.24917350709438324 -0.24917350709438324 -0.24917350709438324 -0.24917350709438324 -0.24917350709438324 -0.24917350709438324 -0.24917350709438324 -0.24917350709438324 -0.24917350709438324 -0.24917350709438324 -0.24917350709438324 -0.24917350709438324 -0.24917350709438324 -0.24917350709438324
7.15107536315918 -0.21467086672782898 -0.22168762981891632 -0.19258271157741547 0.20563852787017822 -0.24917350709438324 -0.24917350709438324 -0.24917350709438324 -0.24917350709438324 -0.24917350709438324 -0.24917350709438324 -0.24917350709438324 -0.24917350709438324 -0.24917350709438324 -0.24917350709438324 -0.24917350709438324 -0.24917350709438324 -0.24917350709438324 -0.24917350709438324 -0.24917350709438324 -0.24917350709438324 -0.24917350709438324 -0.24917350709438324 -0.24917350709438324 -0.24917350709438324 -0.24917350709438324 -0.24917350709438324 -0.24917350709438324 -0.24917350709438324 -0.24917350709438324 -0.24917350709438324 -0.24917350709438324
7.129803657531738 -0.19321240484714508 -0.22392258048057556 -0.2238309681415558 -0.20407229661941528 0.19378836452960968 -0.24917350709438324 -0.24917350709438324 -0.24917350709438324 -0.24917350709438324 -0.24917350709438324 -0.24917350709438324 -0.24917350709438324 -0.24917350709438324 -0.24917350709438324 -0.24917350709438324 -0.24917350709438324 -0.24917350709438324 -0.24917350709438324 -0.24917350709438324 -0.24917350709438324 -0.24917350709438324 -0.24917350709438324 -0.24917350709438324 -0.24917350709438324 -0.24917350709438324 -0.24917350709438324 -0.24917350709438324 -0.24917350709438324 -0.24917350709438324 -0.24917350709438324 -0.24917350709438324
7.146296977996826 -0.2181515246629715 -0.20937363803386688 -0.21941129863262177 -0.23092392086982727 -0.20559999346733093 0.1665736436843872 -0.24917350709438324 -0.24917350709438324 -0.24917350709438324 -0.24917350709438324 -0.24917350709438324 -0.24917350709438324 -0.24917350709438324 -0.24917350709438324 -0.24917350709438324 -0.24917350709438324 -0.24917350709438324 -0.24917350709438324 -0.24917350709438324 -0.24917350709438324 -0.24917350709438324 -0.24917350709438324 -0.24917350709438324 -0.24917350709438324 -0.24917350709438324 -0.24917350709438324 -0.24917350709438324 -0.24917350709438324 -0.24917350709438324 -0.24917350709438324 -0.24917350709438324
7.123115539550781 -0.2155221402645111 -0.2240000218153 -0.21869850158691406 -0.23126369714736938 -0.22963623702526093 -0.20895852148532867 0.18520423769950867 -0.24917350709438324 -0.24917350709438324 -0.24917350709438324 -0.24917350709438324 -0.24917350709438324 -0.24917350709438324 -0.24917350709438324 -0.24917350709438324 -0.24917350709438324 -0.24917350709438324 -0.24917350709438324 -0.24917350709438324 -0.24917350709438324 -0.24917350709438324 -0.24917350709438324 -0.24917350709438324 -0.24917350709438324 -0.24917350709438324 -0.24917350709438324 -0.24917350709438324 -0.24917350709438324 -0.24917350709438324 -0.24917350709438324 -0.24917350709438324
7.104701042175293 -0.20761114358901978 -0.2211034744977951 -0.21600286662578583 -0.22672253847122192 -0.23175089061260223 -0.23384305834770203 -0.2109055519104004 0.17422762513160706 -0.24917350709438324 -0.24917350709438324 -0.24917350709438324 -0.24917350709438324 -0.24917350709438324 -0.24917350709438324 -0.24917350709438324 -0.24917350709438324 -0.24917350709438324 -0.24917350709438324 -0.24917350709438324 -0.24917350709438324 -0.24917350709438324 -0.24917350709438324 -0.24917350709438324 -0.24917350709438324 -0.24917350709438324 -0.24917350709438324 -0.24917350709438324 -0.24917350709438324 -0.24917350709438324 -0.24917350709438324 -0.24917350709438324
7.0618767738342285 -0.21646514534950256 -0.225572869181633 -0.2206173837184906 -0.17797929048538208 -0.22937971353530884 -0.23465904593467712 -0.2345377504825592 -0.21075013279914856 0.1699628233909607 -0.24917350709438324 -0.24917350709438324 -0.24917350709438324 -0.24917350709438324 -0.24917350709438324 -0.24917350709438324 -0.24917350709438324 -0.24917350709438324 -0.24917350709438324 -0.24917350709438324 -0.24917350709438324 -0.24917350709438324 -0.24917350709438324 -0.24917350709438324 -0.24917350709438324 -0.24917350709438324 -0.24917350709438324 -0.24917350709438324 -0.24917350709438324 -0.24917350709438324 -0.24917350709438324 -0.24917350709438324
7.060613632202148 -0.21751201152801514 -0.22052550315856934 -0.22294096648693085 -0.21078576147556305 -0.22920314967632294 -0.22248059511184692 -0.2364359200000763 -0.2367575764656067 -0.2155902236700058 0.18428757786750793 -0.24917350709438324 -0.24917350709438324 -0.24917350709438324 -0.24917350709438324 -0.24917350709438324 -0.24917350709438324 -0.24917350709438324 -0.24917350709438324 -0.24917350709438324 -0.24917350709438324 -0.24917350709438324 -0.24917350709438324 -0.24917350709438324 -0.24917350709438324 -0.24917350709438324 -0.24917350709438324 -0.24917350709438324 -0.24917350709438324 -0.24917350709438324 -0.24917350709438324 -0.24917350709438324
7.0367302894592285 -0.21445055305957794 -0.21991336345672607 -0.21846257150173187 -0.2212054282426834 -0.2212856411933899 -0.22605250775814056 -0.23271234333515167 -0.23356053233146667 -0.23720385134220123 -0.2129615992307663 0.18455611169338226 -0.24917350709438324 -0.24917350709438324 -0.24917350709438324 -0.24917350709438324 -0.24917350709438324 -0.24917350709438324 -0.24917350709438324 -0.24917350709438324 -0.24917350709438324 -0.24917350709438324 -0.24917350709438324 -0.24917350709438324 -0.24917350709438324 -0.24917350709438324 -0.24917350709438324 -0.24917350709438324 -0.24917350709438324 -0.24917350709438324 -0.24917350709438324 -0.24917350709438324
7.026743412017822 -0.2152319848537445 -0.21370123326778412 -0.21879057586193085 -0.22289562225341797 -0.22545485198497772 -0.22967150807380676 -0.23209965229034424 -0.2328576147556305 -0.2362997978925705 -0.23126669228076935 -0.21310429275035858 0.17898860573768616 -0.24917350709438324 -0.24917350709438324 -0.24917350709438324 -0.24917350709438324 -0.24917350709438324 -0.24917350709438324 -0.24917350709438324 -0.24917350709438324 -0.24917350709438324 -0.24917350709438324 -0.24917350709438324 -0.24917350709438324 -0.24917350709438324 -0.24917350709438324 -0.24917350709438324 -0.24917350709438324 -0.24917350709438324 -0.24917350709438324 -0.24917350709438324
6.949687480926514 -0.18279987573623657 -0.20200122892856598 -0.20540325343608856 -0.21985864639282227 -0.22601763904094696 -0.22079876065254211 -0.2306755781173706 -0.23215757310390472 -0.23458155989646912 -0.23638157546520233 -0.23565703630447388 -0.21240375936031342 0.1742175817489624 -0.24917350709438324 -0.24917350709438324 -0.24917350709438324 -0.24917350709438324 -0.24917350709438324 -0.24917350709438324 -0.24917350709438324 -0.24917350709438324 -0.24917350709438324 -0.24917350709438324 -0.24917350709438324 -0.24917350709438324 -0.24917350709438324 -0.24917350709438324 -0.24917350709438324 -0.24917350709438324 -0.24917350709438324 -0.24917350709438324
6.966538906097412 -0.21231959760189056 -0.20924700796604156 -0.21143731474876404 -0.21748453378677368 -0.21949683129787445 -0.2234528809785843 -0.22889065742492676 -0.22871054708957672 -0.23344570398330688 -0.2335904836654663 -0.2360769510269165 -0.23602677881717682 -0.21243666112422943 0.17209327220916748 -0.24917350709438324 -0.24917350709438324 -0.24917350709438324 -0.24917350709438324 -0.24917350709438324 -0.24917350709438324 -0.24917350709438324 -0.24917350709438324 -0.24917350709438324 -0.24917350709438324 -0.24917350709438324 -0.24917350709438324 -0.24917350709438324 -0.24917350709438324 -0.24917350709438324 -0.24917350709438324 -0.24917350709438324
6.94998025894165 -0.21050375699996948 -0.2105855792760849 -0.2085084766149521 -0.2125321924686432 -0.22083507478237152 -0.21843162178993225 -0.2288583666086197 -0.2313126176595688 -0.23214641213417053 -0.23165744543075562 -0.23402102291584015 -0.23629485070705414 -0.2370418757200241 -0.2157420963048935 0.1653176099061966 -0.24917350709438324 -0.24917350709438324 -0.24917350709438324 -0.24917350709438324 -0.24917350709438324 -0.24917350709438324 -0.24917350709438324 -0.24917350709438324 -0.24917350709438324 -0.24917350709438324 -0.24917350709438324 -0.24917350709438324 -0.24917350709438324 -0.24917350709438324 -0.24917350709438324 -0.24917350709438324
6.9155659675598145 -0.2129378616809845 -0.2091495245695114 -0.20964239537715912 -0.21010269224643707 -0.22180932760238647 -0.22098278999328613 -0.22555051743984222 -0.2279587984085083 -0.23166704177856445 -0.23082710802555084 -0.23248182237148285 -0.23422764241695404 -0.23490731418132782 -0.23570087552070618 -0.21501833200454712 0.17497865855693817 -0.24917350709438324 -0.24917350709438324 -0.24917350709438324 -0.24917350709438324 -0.24917350709438324 -0.24917350709438324 -0.24917350709438324 -0.24917350709438324 -0.24917350709438324 -0.24917350709438324 -0.24917350709438324 -0.24917350709438324 -0.24917350709438324 -0.24917350709438324 -0.24917350709438324
6.819861888885498 -0.21078374981880188 -0.20981256663799286 -0.20909953117370605 -0.21041303873062134 -0.21595978736877441 -0.2183520793914795 -0.21838517487049103 -0.20057855546474457 -0.23023055493831635 -0.1933881640434265 -0.2329723834991455 -0.2265860140323639 -0.23373644053936005 -0.23570507764816284 -0.2361592799425125 -0.21558143198490143 0.16629454493522644 -0.24917350709438324 -0.24917350709438324 -0.24917350709438324 -0.24917350709438324 -0.24917350709438324 -0.24917350709438324 -0.24917350709438324 -0.24917350709438324 -0.24917350709438324 -0.24917350709438324 -0.24917350709438324 -0.24917350709438324 -0.24917350709438324 -0.24917350709438324
6.792625904083252 -0.2125481367111206 -0.2086714804172516 -0.2054915726184845 -0.20801997184753418 -0.20032420754432678 -0.21669207513332367 -0.21452265977859497 -0.21801021695137024 -0.2277321219444275 -0.2025865614414215 -0.23312704265117645 -0.23145727813243866 -0.22705689072608948 -0.23406079411506653 -0.23588882386684418 -0.2366049885749817 -0.2147396355867386 0.17417243123054504 -0.24917350709438324 -0.24917350709438324 -0.24917350709438324 -0.24917350709438324 -0.24917350709438324 -0.24917350709438324 -0.24917350709438324 -0.24917350709438324 -0.24917350709438324 -0.24917350709438324 -0.24917350709438324 -0.24917350709438324 -0.24917350709438324
6.708930969238281 -0.21102406084537506 -0.2092154622077942 -0.2010711133480072 -0.20027297735214233 -0.2076147347688675 -0.21354006230831146 -0.21734707057476044 -0.21859589219093323 -0.2246924340724945 -0.22482441365718842 -0.14302362501621246 -0.23375387489795685 -0.23347456753253937 -0.23292939364910126 -0.234614759683609 -0.23731158673763275 -0.23695915937423706 -0.2153007537126541 0.17674602568149567 -0.24917350709438324 -0.24917350709438324 -0.24917350709438324 -0.24917350709438324 -0.24917350709438324 -0.24917350709438324 -0.24917350709438324 -0.24917350709438324 -0.24917350709438324 -0.24917350709438324 -0.24917350709438324 -0.24917350709438324
6.77665901184082 -0.2156715989112854 -0.2105758637189865 -0.2042328119277954 -0.20675186812877655 -0.2110803872346878 -0.2119201421737671 -0.2169530689716339 -0.22010460495948792 -0.2206476926803589 -0.22347351908683777 -0.22181959450244904 -0.23080779612064362 -0.22999614477157593 -0.2343655675649643 -0.23471519351005554 -0.235097274184227 -0.23741351068019867 -0.23734347522258759 -0.21694381535053253 0.18418246507644653 -0.24917350709438324 -0.24917350709438324 -0.24917350709438324 -0.24917350709438324 -0.24917350709438324 -0.24917350709438324 -0.24917350709438324 -0.24917350709438324 -0.24917350709438324 -0.24917350709438324 -0.24917350709438324
6.711920261383057 -0.21580709517002106 -0.21089982986450195 -0.20489662885665894 -0.18947087228298187 -0.20737993717193604 -0.21275357902050018 -0.21326348185539246 -0.21612241864204407 -0.21332532167434692 -0.21900206804275513 -0.22261282801628113 -0.23015697300434113 -0.22390113770961761 -0.23140333592891693 -0.23082756996154785 -0.233036071062088 -0.23543350398540497 -0.23731866478919983 -0.23675300180912018 -0.2109074592590332 0.17512433230876923 -0.24917350709438324 -0.24917350709438324 -0.24917350709438324 -0.24917350709438324 -0.24917350709438324 -0.24917350709438324 -0.24917350709438324 -0.24917350709438324 -0.24917350709438324 -0.24917350709438324
6.6666059494018555 -0.21472708880901337 -0.20493054389953613 -0.19793547689914703 -0.19485732913017273 -0.20481538772583008 -0.21032698452472687 -0.21289300918579102 -0.21293863654136658 -0.21840262413024902 -0.21247389912605286 -0.2179975062608719 -0.22475560009479523 -0.22021359205245972 -0.23076577484607697 -0.22857889533042908 -0.23321062326431274 -0.23564352095127106 -0.2343822866678238 -0.23665054142475128 -0.2365695983171463 -0.21350403130054474 0.17257902026176453 -0.24917350709438324 -0.24917350709438324 -0.24917350709438324 -0.24917350709438324 -0.24917350709438324 -0.24917350709438324 -0.24917350709438324 -0.24917350709438324 -0.24917350709438324
6.666294097900391 -0.21323110163211823 -0.20809626579284668 -0.1991230845451355 -0.20167987048625946 -0.2058318704366684 -0.21053098142147064 -0.21087327599525452 -0.2130519300699234 -0.21657849848270416 -0.21527110040187836 -0.2191108614206314 -0.22095035016536713 -0.21648074686527252 -0.23040887713432312 -0.22979342937469482 -0.23243486881256104 -0.23516155779361725 -0.23503002524375916 -0.2338433861732483 -0.23701122403144836 -0.23754079639911652 -0.21640974283218384 0.16558286547660828 -0.24917350709438324 -0.24917350709438324 -0.24917350709438324 -0.24917350709438324 -0.24917350709438324 -0.24917350709438324 -0.24917350709438324 -0.24917350709438324
6.6536335945129395 -0.21240313351154327 -0.20686954259872437 -0.2053249180316925 -0.20641161501407623 -0.20949028432369232 -0.21238940954208374 -0.20851664245128632 -0.2130720615386963 -0.21424080431461334 -0.21274816989898682 -0.21735061705112457 -0.2180793285369873 -0.22101539373397827 -0.22742147743701935 -0.22969357669353485 -0.23164352774620056 -0.23426739871501923 -0.2353554219007492 -0.2353423535823822 -0.23428545892238617 -0.23707038164138794 -0.23738496005535126 -0.21671484410762787 0.16766153275966644 -0.24917350709438324 -0.24917350709438324 -0.24917350709438324 -0.24917350709438324 -0.24917350709438324 -0.24917350709438324 -0.24917350709438324
6.583408832550049 -0.20662564039230347 -0.20194867253303528 -0.19912339746952057 -0.20896270871162415 -0.21015413105487823 -0.20833636820316315 -0.21181254088878632 -0.20429092645645142 -0.20851506292819977 -0.21345241367816925 -0.2161327451467514 -0.21803002059459686 -0.21780692040920258 -0.2228807955980301 -0.22491924464702606 -0.2300674021244049 -0.2327558845281601 -0.23456482589244843 -0.2327856868505478 -0.23323510587215424 -0.23304207623004913 -0.23634932935237885 -0.2378767728805542 -0.21689669787883759 0.17191076278686523 -0.24917350709438324 -0.24917350709438324 -0.24917350709438324 -0.24917350709438324 -0.24917350709438324 -0.24917350709438324
6.571295261383057 -0.21139898896217346 -0.20253700017929077 -0.20002850890159607 -0.2030520737171173 -0.20961154997348785 -0.2103118896484375 -0.21273650228977203 -0.20828108489513397 -0.20432479679584503 -0.20675291121006012 -0.21442744135856628 -0.21652817726135254 -0.21922928094863892 -0.22451695799827576 -0.22452977299690247 -0.22666428983211517 -0.2320229560136795 -0.23183219134807587 -0.23312382400035858 -0.2344920039176941 -0.23376056551933289 -0.2346118837594986 -0.23749735951423645 -0.23711036145687103 -0.21537986397743225 0.15898343920707703 -0.24917350709438324 -0.24917350709438324 -0.24917350709438324 -0.24917350709438324 -0.24917350709438324
6.484982967376709 -0.21250559389591217 -0.2040087729692459 -0.19776853919029236 -0.2045433223247528 -0.20752675831317902 -0.20946460962295532 -0.21196766197681427 -0.20795421302318573 -0.21102768182754517 -0.20102348923683167 -0.20613791048526764 -0.20945245027542114 -0.21394096314907074 -0.17856378853321075 -0.22477424144744873 -0.22610244154930115 -0.22616636753082275 -0.22925890982151031 -0.23335382342338562 -0.23487816751003265 -0.23439808189868927 -0.23467347025871277 -0.23460793495178223 -0.2363741546869278 -0.2380327433347702 -0.2166682481765747 0.15659469366073608 -0.24917350709438324 -0.24917350709438324 -0.24917350709438324 -0.24917350709438324
6.428212642669678 -0.21422262489795685 -0.20706894993782043 -0.20085979998111725 -0.20124638080596924 -0.20685860514640808 -0.19889190793037415 -0.20828735828399658 -0.20651862025260925 -0.21186453104019165 -0.20549213886260986 -0.20846274495124817 -0.2066531926393509 -0.19714006781578064 -0.19271491467952728 -0.2156732827425003 -0.2203826904296875 -0.22531166672706604 -0.22513720393180847 -0.23122206330299377 -0.23397669196128845 -0.234555184841156 -0.23251263797283173 -0.2355591356754303 -0.23378445208072662 -0.23607073724269867 -0.2376173734664917 -0.21464647352695465 0.1617327481508255 -0.24917350709438324 -0.24917350709438324 -0.24917350709438324
6.418303966522217 -0.21184194087982178 -0.20855240523815155 -0.1993468850851059 -0.2036425769329071 -0.2047402560710907 -0.2025681585073471 -0.20347443222999573 -0.2038906067609787 -0.20956723392009735 -0.20857982337474823 -0.2091200202703476 -0.20440888404846191 -0.19308072328567505 -0.2092728316783905 -0.21318484842777252 -0.22006724774837494 -0.22280950844287872 -0.22579844295978546 -0.23071321845054626 -0.2320139855146408 -0.23233750462532043 -0.23273994028568268 -0.23307107388973236 -0.23497577011585236 -0.23414500057697296 -0.23744334280490875 -0.23750558495521545 -0.21681195497512817 0.15543650090694427 -0.24917350709438324 -0.24917350709438324
6.344194412231445 -0.21135231852531433 -0.2073861062526703 -0.20040789246559143 -0.20254282653331757 -0.20590771734714508 -0.20660144090652466 -0.20706374943256378 -0.20150217413902283 -0.20642422139644623 -0.20848406851291656 -0.1477358490228653 -0.21044369041919708 -0.20688608288764954 -0.20632155239582062 -0.2113172560930252 -0.22096164524555206 -0.22398142516613007 -0.2227734625339508 -0.21531328558921814 -0.2308921217918396 -0.23175649344921112 -0.23425661027431488 -0.23454853892326355 -0.23256270587444305 -0.2353404462337494 -0.2352394014596939 -0.2373083233833313 -0.23840707540512085 -0.21821528673171997 0.15658314526081085 -0.24917350709438324
6.294676303863525 -0.21165578067302704 -0.20687231421470642 -0.20111632347106934 -0.2021486908197403 -0.19883044064044952 -0.20309129357337952 -0.20747055113315582 -0.20528924465179443 -0.20591536164283752 -0.2037123292684555 -0.19896042346954346 -0.20549945533275604 -0.2002325803041458 -0.1982182413339615 -0.20691491663455963 -0.20088785886764526 -0.2220735251903534 -0.22086243331432343 -0.21471773087978363 -0.20909343659877777 -0.22275403141975403 -0.23238590359687805 -0.23523302376270294 -0.2351219356060028 -0.23390303552150726 -0.2346719652414322 -0.2364029437303543 -0.23818476498126984 -0.23839938640594482 -0.21782490611076355 0.15345631539821625
