7.656617641448975 -0.24695222079753876 -0.24695222079753876 -0.24695222079753876 -0.24695222079753876 -0.24695222079753876 -0.24695222079753876 -0.24695222079753876 -0.24695222079753876 -0.24695222079753876 -0.24695222079753876 -0.24695222079753876 -0.24695222079753876 -0.24695222079753876 -0.24695222079753876 -0.24695222079753876 -0.24695222079753876 -0.24695222079753876 -0.24695222079753876 -0.24695222079753876 -0.24695222079753876 -0.24695222079753876 -0.24695222079753876 -0.24695222079753876 -0.24695222079753876 -0.24695222079753876 -0.24695222079753876 -0.24695222079753876 -0.24695222079753876 -0.24695222079753876 -0.24695222079753876 -0.24695222079753876
7.4896464347839355 -0.08118890225887299 -0.24695222079753876 -0.24695222079753876 -0.24695222079753876 -0.24695222079753876 -0.24695222079753876 -0.24695222079753876 -0.24695222079753876 -0.24695222079753876 -0.24695222079753876 -0.24695222079753876 -0.24695222079753876 -0.24695222079753876 -0.24695222079753876 -0.24695222079753876 -0.24695222079753876 -0.24695222079753876 -0.24695222079753876 -0.24695222079753876 -0.24695222079753876 -0.24695222079753876 -0.24695222079753876 -0.24695222079753876 -0.24695222079753876 -0.24695222079753876 -0.24695222079753876 -0.24695222079753876 -0.24695222079753876 -0.24695222079753876 -0.24695222079753876 -0.24695222079753876
7.292481899261475 -0.0937812402844429 -0.037000469863414764 -0.24695222079753876 -0.24695222079753876 -0.24695222079753876 -0.24695222079753876 -0.24695222079753876 -0.24695222079753876 -0.24695222079753876 -0.24695222079753876 -0.24695222079753876 -0.24695222079753876 -0.24695222079753876 -0.24695222079753876 -0.24695222079753876 -0.24695222079753876 -0.24695222079753876 -0.24695222079753876 -0.24695222079753876 -0.24695222079753876 -0.24695222079753876 -0.24695222079753876 -0.24695222079753876 -0.24695222079753876 -0.24695222079753876 -0.24695222079753876 -0.24695222079753876 -0.24695222079753876 -0.24695222079753876 -0.24695222079753876 -0.24695222079753876
7.114892959594727 -0.10764957964420319 -0.06635282933712006 -0.026221096515655518 -0.24695222079753876 -0.24695222079753876 -0.24695222079753876 -0.24695222079753876 -0.24695222079753876 -0.24695222079753876 -0.24695222079753876 -0.24695222079753876 -0.24695222079753876 -0.24695222079753876 -0.24695222079753876 -0.24695222079753876 -0.24695222079753876 -0.24695222079753876 -0.24695222079753876 -0.24695222079753876 -0.24695222079753876 -0.24695222079753876 -0.24695222079753876 -0.24695222079753876 -0.24695222079753876 -0.24695222079753876 -0.24695222079753876 -0.24695222079753876 -0.24695222079753876 -0.24695222079753876 -0.24695222079753876 -0.24695222079753876
6.957572937011719 -0.12201524525880814 -0.07806616276502609 -0.06330259144306183 -0.026522856205701828 -0.24695222079753876 -0.24695222079753876 -0.24695222079753876 -0.24695222079753876 -0.24695222079753876 -0.24695222079753876 -0.24695222079753876 -0.24695222079753876 -0.24695222079753876 -0.24695222079753876 -0.24695222079753876 -0.24695222079753876 -0.24695222079753876 -0.24695222079753876 -0.24695222079753876 -0.24695222079753876 -0.24695222079753876 -0.24695222079753876 -0.24695222079753876 -0.24695222079753876 -0.24695222079753876 -0.24695222079753876 -0.24695222079753876 -0.24695222079753876 -0.24695222079753876 -0.24695222079753876 -0.24695222079753876
6.835758209228516 -0.13830022513866425 -0.09025876224040985 -0.08252090960741043 -0.07491610944271088 -0.02893652953207493 -0.24695222079753876 -0.24695222079753876 -0.24695222079753876 -0.24695222079753876 -0.24695222079753876 -0.24695222079753876 -0.24695222079753876 -0.24695222079753876 -0.24695222079753876 -0.24695222079753876 -0.24695222079753876 -0.24695222079753876 -0.24695222079753876 -0.24695222079753876 -0.24695222079753876 -0.24695222079753876 -0.24695222079753876 -0.24695222079753876 -0.24695222079753876 -0.24695222079753876 -0.24695222079753876 -0.24695222079753876 -0.24695222079753876 -0.24695222079753876 -0.24695222079753876 -0.24695222079753876
6.717292308807373 -0.14812171459197998 -0.11305367946624756 -0.09347736835479736 -0.08684264868497849 -0.07745349407196045 -0.024522006511688232 -0.24695222079753876 -0.24695222079753876 -0.24695222079753876 -0.24695222079753876 -0.24695222079753876 -0.24695222079753876 -0.24695222079753876 -0.24695222079753876 -0.24695222079753876 -0.24695222079753876 -0.24695222079753876 -0.24695222079753876 -0.24695222079753876 -0.24695222079753876 -0.24695222079753876 -0.24695222079753876 -0.24695222079753876 -0.24695222079753876 -0.24695222079753876 -0.24695222079753876 -0.24695222079753876 -0.24695222079753876 -0.24695222079753876 -0.24695222079753876 -0.24695222079753876
6.6193928718566895 -0.15230394899845123 -0.12873058021068573 -0.10949298739433289 -0.10006395727396011 -0.09410188347101212 -0.0822933241724968 -0.02555188722908497 -0.24695222079753876 -0.24695222079753876 -0.24695222079753876 -0.24695222079753876 -0.24695222079753876 -0.24695222079753876 -0.24695222079753876 -0.24695222079753876 -0.24695222079753876 -0.24695222079753876 -0.24695222079753876 -0.24695222079753876 -0.24695222079753876 -0.24695222079753876 -0.24695222079753876 -0.24695222079753876 -0.24695222079753876 -0.24695222079753876 -0.24695222079753876 -0.24695222079753876 -0.24695222079753876 -0.24695222079753876 -0.24695222079753876 -0.24695222079753876
6.532867908477783 -0.16169528663158417 -0.13722020387649536 -0.12550944089889526 -0.11647612601518631 -0.1038418784737587 -0.10227961838245392 -0.08366423100233078 -0.02224724367260933 -0.24695222079753876 -0.24695222079753876 -0.24695222079753876 -0.24695222079753876 -0.24695222079753876 -0.24695222079753876 -0.24695222079753876 -0.24695222079753876 -0.24695222079753876 -0.24695222079753876 -0.24695222079753876 -0.24695222079753876 -0.24695222079753876 -0.24695222079753876 -0.24695222079753876 -0.24695222079753876 -0.24695222079753876 -0.24695222079753876 -0.24695222079753876 -0.24695222079753876 -0.24695222079753876 -0.24695222079753876 -0.24695222079753876
6.447980880737305 -0.1700783222913742 -0.14478449523448944 -0.13893958926200867 -0.1241527795791626 -0.12026060372591019 -0.11533527821302414 -0.10221735388040543 -0.08054345101118088 -0.018671410158276558 -0.24695222079753876 -0.24695222079753876 -0.24695222079753876 -0.24695222079753876 -0.24695222079753876 -0.24695222079753876 -0.24695222079753876 -0.24695222079753876 -0.24695222079753876 -0.24695222079753876 -0.24695222079753876 -0.24695222079753876 -0.24695222079753876 -0.24695222079753876 -0.24695222079753876 -0.24695222079753876 -0.24695222079753876 -0.24695222079753876 -0.24695222079753876 -0.24695222079753876 -0.24695222079753876 -0.24695222079753876
6.384362697601318 -0.17429573833942413 -0.15074247121810913 -0.14378297328948975 -0.14013276994228363 -0.13475464284420013 -0.12669891119003296 -0.1152186170220375 -0.10903371870517731 -0.08604665845632553 -0.017628422006964684 -0.24695222079753876 -0.24695222079753876 -0.24695222079753876 -0.24695222079753876 -0.24695222079753876 -0.24695222079753876 -0.24695222079753876 -0.24695222079753876 -0.24695222079753876 -0.24695222079753876 -0.24695222079753876 -0.24695222079753876 -0.24695222079753876 -0.24695222079753876 -0.24695222079753876 -0.24695222079753876 -0.24695222079753876 -0.24695222079753876 -0.24695222079753876 -0.24695222079753876 -0.24695222079753876
6.286231994628906 -0.17646686732769012 -0.15442894399166107 -0.14194653928279877 -0.14386959373950958 -0.14370852708816528 -0.14208970963954926 -0.1277952343225479 -0.10348919779062271 -0.11081646382808685 -0.08796682208776474 -0.014578469097614288 -0.24695222079753876 -0.24695222079753876 -0.24695222079753876 -0.24695222079753876 -0.24695222079753876 -0.24695222079753876 -0.24695222079753876 -0.24695222079753876 -0.24695222079753876 -0.24695222079753876 -0.24695222079753876 -0.24695222079753876 -0.24695222079753876 -0.24695222079753876 -0.24695222079753876 -0.24695222079753876 -0.24695222079753876 -0.24695222079753876 -0.24695222079753876 -0.24695222079753876
6.191729545593262 -0.17694978415966034 -0.15972615778446198 -0.14301325380802155 -0.1484045833349228 -0.15076503157615662 -0.14975810050964355 -0.13924413919448853 -0.11305326223373413 -0.1138908788561821 -0.10616841167211533 -0.07906567305326462 -0.019593531265854836 -0.24695222079753876 -0.24695222079753876 -0.24695222079753876 -0.24695222079753876 -0.24695222079753876 -0.24695222079753876 -0.24695222079753876 -0.24695222079753876 -0.24695222079753876 -0.24695222079753876 -0.24695222079753876 -0.24695222079753876 -0.24695222079753876 -0.24695222079753876 -0.24695222079753876 -0.24695222079753876 -0.24695222079753876 -0.24695222079753876 -0.24695222079753876
6.13093376159668 -0.1721917986869812 -0.16340266168117523 -0.15473085641860962 -0.15584203600883484 -0.15371917188167572 -0.14929574728012085 -0.14716759324073792 -0.13752365112304688 -0.13343460857868195 -0.1139683946967125 -0.10630934685468674 -0.0888805165886879 -0.009261799044907093 -0.24695222079753876 -0.24695222079753876 -0.24695222079753876 -0.24695222079753876 -0.24695222079753876 -0.24695222079753876 -0.24695222079753876 -0.24695222079753876 -0.24695222079753876 -0.24695222079753876 -0.24695222079753876 -0.24695222079753876 -0.24695222079753876 -0.24695222079753876 -0.24695222079753876 -0.24695222079753876 -0.24695222079753876 -0.24695222079753876
6.049992084503174 -0.18259011209011078 -0.1674521416425705 -0.1584099382162094 -0.1597829908132553 -0.1548859030008316 -0.1533895879983902 -0.1517803966999054 -0.14260828495025635 -0.14423909783363342 -0.12167225033044815 -0.11340577900409698 -0.1100071594119072 -0.07679374516010284 -0.014741599559783936 -0.24695222079753876 -0.24695222079753876 -0.24695222079753876 -0.24695222079753876 -0.24695222079753876 -0.24695222079753876 -0.24695222079753876 -0.24695222079753876 -0.24695222079753876 -0.24695222079753876 -0.24695222079753876 -0.24695222079753876 -0.24695222079753876 -0.24695222079753876 -0.24695222079753876 -0.24695222079753876 -0.24695222079753876
6.0120320320129395 -0.1899172067642212 -0.16959813237190247 -0.16465096175670624 -0.1548003852367401 -0.16477908194065094 -0.15789875388145447 -0.15513896942138672 -0.14293985068798065 -0.15055806934833527 -0.14319604635238647 -0.12493203580379486 -0.12073741108179092 -0.115506611764431 -0.09258615225553513 -0.013491674326360226 -0.24695222079753876 -0.24695222079753876 -0.24695222079753876 -0.24695222079753876 -0.24695222079753876 -0.24695222079753876 -0.24695222079753876 -0.24695222079753876 -0.24695222079753876 -0.24695222079753876 -0.24695222079753876 -0.24695222079753876 -0.24695222079753876 -0.24695222079753876 -0.24695222079753876 -0.24695222079753876
5.972264289855957 -0.191865473985672 -0.17379820346832275 -0.16534538567066193 -0.16686902940273285 -0.17056141793727875 -0.1622353345155716 -0.15857383608818054 -0.15134072303771973 -0.15314626693725586 -0.14995725452899933 -0.1447375863790512 -0.13341984152793884 -0.11840280890464783 -0.1167885810136795 -0.08240876346826553 -0.0284735057502985 -0.24695222079753876 -0.24695222079753876 -0.24695222079753876 -0.24695222079753876 -0.24695222079753876 -0.24695222079753876 -0.24695222079753876 -0.24695222079753876 -0.24695222079753876 -0.24695222079753876 -0.24695222079753876 -0.24695222079753876 -0.24695222079753876 -0.24695222079753876 -0.24695222079753876
5.91477108001709 -0.1959066241979599 -0.17934146523475647 -0.16888481378555298 -0.1679719090461731 -0.17217718064785004 -0.16826118528842926 -0.1608109325170517 -0.14920875430107117 -0.15603575110435486 -0.14865532517433167 -0.15153217315673828 -0.14144238829612732 -0.1265392303466797 -0.12430504709482193 -0.11314662545919418 -0.1031595766544342 -0.030021479353308678 -0.24695222079753876 -0.24695222079753876 -0.24695222079753876 -0.24695222079753876 -0.24695222079753876 -0.24695222079753876 -0.24695222079753876 -0.24695222079753876 -0.24695222079753876 -0.24695222079753876 -0.24695222079753876 -0.24695222079753876 -0.24695222079753876 -0.24695222079753876
5.817233085632324 -0.19595418870449066 -0.1834029257297516 -0.16921308636665344 -0.16538465023040771 -0.1700705736875534 -0.16698192059993744 -0.1644326150417328 -0.15378713607788086 -0.15701545774936676 -0.1534883677959442 -0.14926354587078094 -0.14877475798130035 -0.13927970826625824 -0.13010060787200928 -0.10827834904193878 -0.12047367542982101 -0.09998691082000732 -0.030906744301319122 -0.24695222079753876 -0.24695222079753876 -0.24695222079753876 -0.24695222079753876 -0.24695222079753876 -0.24695222079753876 -0.24695222079753876 -0.24695222079753876 -0.24695222079753876 -0.24695222079753876 -0.24695222079753876 -0.24695222079753876 -0.24695222079753876
5.772825717926025 -0.19685496389865875 -0.18375197052955627 -0.17172233760356903 -0.16821683943271637 -0.17116136848926544 -0.1694629043340683 -0.1667776256799698 -0.16245980560779572 -0.15978947281837463 -0.1552538126707077 -0.1464276909828186 -0.15463538467884064 -0.15294571220874786 -0.1465073823928833 -0.13392014801502228 -0.1283552050590515 -0.12567822635173798 -0.08532169461250305 -0.030129216611385345 -0.24695222079753876 -0.24695222079753876 -0.24695222079753876 -0.24695222079753876 -0.24695222079753876 -0.24695222079753876 -0.24695222079753876 -0.24695222079753876 -0.24695222079753876 -0.24695222079753876 -0.24695222079753876 -0.24695222079753876
5.7165021896362305 -0.19741880893707275 -0.18412400782108307 -0.17509432137012482 -0.1739511787891388 -0.17412590980529785 -0.16783514618873596 -0.16915155947208405 -0.1671632081270218 -0.16362892091274261 -0.16141431033611298 -0.1570378988981247 -0.1562955230474472 -0.1529891937971115 -0.15222057700157166 -0.1203402578830719 -0.13860763609409332 -0.1317746639251709 -0.12007361650466919 -0.10576213151216507 -0.031001588329672813 -0.24695222079753876 -0.24695222079753876 -0.24695222079753876 -0.24695222079753876 -0.24695222079753876 -0.24695222079753876 -0.24695222079753876 -0.24695222079753876 -0.24695222079753876 -0.24695222079753876 -0.24695222079753876
5.704291343688965 -0.2008087933063507 -0.18217211961746216 -0.1750110536813736 -0.17846721410751343 -0.1776421219110489 -0.17307522892951965 -0.1674729734659195 -0.16701653599739075 -0.17002373933792114 -0.16471607983112335 -0.1594003438949585 -0.160445898771286 -0.15534964203834534 -0.15630050003528595 -0.14162860810756683 -0.15154029428958893 -0.1414244920015335 -0.12992781400680542 -0.12789493799209595 -0.11119276285171509 -0.043259147554636 -0.24695222079753876 -0.24695222079753876 -0.24695222079753876 -0.24695222079753876 -0.24695222079753876 -0.24695222079753876 -0.24695222079753876 -0.24695222079753876 -0.24695222079753876 -0.24695222079753876
5.662716388702393 -0.20357327163219452 -0.1806296557188034 -0.1694583147764206 -0.17243535816669464 -0.1774759143590927 -0.17904990911483765 -0.17145326733589172 -0.16702257096767426 -0.16776804625988007 -0.16465823352336884 -0.16250020265579224 -0.16265608370304108 -0.15682367980480194 -0.15895691514015198 -0.15861618518829346 -0.16014990210533142 -0.1549350619316101 -0.14193405210971832 -0.1365034282207489 -0.13088783621788025 -0.11337693780660629 -0.04923863708972931 -0.24695222079753876 -0.24695222079753876 -0.24695222079753876 -0.24695222079753876 -0.24695222079753876 -0.24695222079753876 -0.24695222079753876 -0.24695222079753876 -0.24695222079753876
5.614469528198242 -0.20594725012779236 -0.18520154058933258 -0.17075060307979584 -0.17297014594078064 -0.175825834274292 -0.17913036048412323 -0.17580978572368622 -0.17092590034008026 -0.16927826404571533 -0.16725268959999084 -0.164396271109581 -0.16817720234394073 -0.1592864990234375 -0.1608559638261795 -0.1564663052558899 -0.16411714255809784 -0.1637933999300003 -0.15659700334072113 -0.1444004476070404 -0.1401817500591278 -0.13633394241333008 -0.11036376655101776 -0.0407695546746254 -0.24695222079753876 -0.24695222079753876 -0.24695222079753876 -0.24695222079753876 -0.24695222079753876 -0.24695222079753876 -0.24695222079753876 -0.24695222079753876
5.576629638671875 -0.2042694091796875 -0.1917046308517456 -0.17205670475959778 -0.1741694211959839 -0.17298465967178345 -0.1794072836637497 -0.17913615703582764 -0.17445065081119537 -0.1717357486486435 -0.169052392244339 -0.16683635115623474 -0.1687248796224594 -0.16156268119812012 -0.16777904331684113 -0.16458413004875183 -0.1641688048839569 -0.1673477292060852 -0.16346727311611176 -0.15900540351867676 -0.14972949028015137 -0.14140774309635162 -0.13715948164463043 -0.11600390821695328 -0.031184284016489983 -0.24695222079753876 -0.24695222079753876 -0.24695222079753876 -0.24695222079753876 -0.24695222079753876 -0.24695222079753876 -0.24695222079753876
5.5734429359436035 -0.20475390553474426 -0.1953250914812088 -0.1845276951789856 -0.17813719809055328 -0.1767568141222 -0.1764494925737381 -0.17919743061065674 -0.1785808950662613 -0.17729051411151886 -0.17090556025505066 -0.1689826101064682 -0.16865919530391693 -0.17111115157604218 -0.17062310874462128 -0.1696246862411499 -0.16707459092140198 -0.1682770550251007 -0.16575217247009277 -0.16479595005512238 -0.16103823482990265 -0.15293459594249725 -0.14399495720863342 -0.13817943632602692 -0.11796453595161438 -0.04110134765505791 -0.24695222079753876 -0.24695222079753876 -0.24695222079753876 -0.24695222079753876 -0.24695222079753876 -0.24695222079753876
5.474583625793457 -0.20703433454036713 -0.19593772292137146 -0.18531082570552826 -0.1815345734357834 -0.1802660971879959 -0.17364101111888885 -0.17653435468673706 -0.17519283294677734 -0.1768580675125122 -0.17288026213645935 -0.17229107022285461 -0.1691574603319168 -0.16830427944660187 -0.16846828162670135 -0.16882768273353577 -0.16706757247447968 -0.16668137907981873 -0.16502992808818817 -0.16657066345214844 -0.16609589755535126 -0.1607675552368164 -0.1498923897743225 -0.1412821114063263 -0.12270120531320572 -0.11053764820098877 -0.05128385126590729 -0.24695222079753876 -0.24695222079753876 -0.24695222079753876 -0.24695222079753876 -0.24695222079753876
5.407174110412598 -0.2086758017539978 -0.19532281160354614 -0.18776173889636993 -0.1884104609489441 -0.18663692474365234 -0.17881181836128235 -0.17717915773391724 -0.17474615573883057 -0.179843932390213 -0.176717609167099 -0.17319895327091217 -0.17053347826004028 -0.16095614433288574 -0.1600182205438614 -0.14885661005973816 -0.1711243838071823 -0.1658114343881607 -0.16599278151988983 -0.16731519997119904 -0.1692252904176712 -0.16519533097743988 -0.15994314849376678 -0.15014733374118805 -0.14353689551353455 -0.11479257047176361 -0.12347584217786789 -0.05540532246232033 -0.24695222079753876 -0.24695222079753876 -0.24695222079753876 -0.24695222079753876
5.429882049560547 -0.21038168668746948 -0.19448961317539215 -0.1874554455280304 -0.188557967543602 -0.18934349715709686 -0.18350835144519806 -0.1796690672636032 -0.17518380284309387 -0.17766229808330536 -0.17586059868335724 -0.17762182652950287 -0.17362235486507416 -0.16839635372161865 -0.16471628844738007 -0.16361677646636963 -0.17442546784877777 -0.17307263612747192 -0.16946549713611603 -0.16977941989898682 -0.16827338933944702 -0.16817422211170197 -0.16919797658920288 -0.16387327015399933 -0.15151290595531464 -0.14695946872234344 -0.14494282007217407 -0.12313760817050934 -0.056449513882398605 -0.24695222079753876 -0.24695222079753876 -0.24695222079753876
5.38750696182251 -0.21198947727680206 -0.19776268303394318 -0.18728940188884735 -0.1882130205631256 -0.1902785748243332 -0.18800467252731323 -0.18323326110839844 -0.17740599811077118 -0.17657367885112762 -0.1726108342409134 -0.1732088178396225 -0.1758485734462738 -0.17294611036777496 -0.17252828180789948 -0.16886208951473236 -0.1738705188035965 -0.17605306208133698 -0.17405235767364502 -0.17278246581554413 -0.17483343183994293 -0.16849589347839355 -0.17185810208320618 -0.16723504662513733 -0.14966043829917908 -0.15039274096488953 -0.15100179612636566 -0.1441597193479538 -0.1251956671476364 -0.05753697454929352 -0.24695222079753876 -0.24695222079753876
5.335150718688965 -0.2118678092956543 -0.2000727355480194 -0.18780389428138733 -0.18959550559520721 -0.1902262419462204 -0.18904180824756622 -0.18597185611724854 -0.18036672472953796 -0.17903047800064087 -0.17589183151721954 -0.16771526634693146 -0.17705702781677246 -0.17667651176452637 -0.17653799057006836 -0.17483621835708618 -0.17601609230041504 -0.17768003046512604 -0.172653466463089 -0.1753268539905548 -0.17679770290851593 -0.1727982759475708 -0.15745528042316437 -0.1433897763490677 -0.1690225750207901 -0.16302700340747833 -0.1590820848941803 -0.1489550620317459 -0.14898177981376648 -0.12700490653514862 -0.057626303285360336 -0.24695222079753876
5.3318095207214355 -0.20909351110458374 -0.20395736396312714 -0.19457903504371643 -0.1906886100769043 -0.18792688846588135 -0.18812741339206696 -0.18956510722637177 -0.18604348599910736 -0.1828058660030365 -0.17578738927841187 -0.17092116177082062 -0.17473722994327545 -0.1746143400669098 -0.177383154630661 -0.17611201107501984 -0.17672985792160034 -0.17878904938697815 -0.1725703477859497 -0.17686454951763153 -0.17837469279766083 -0.17391756176948547 -0.1589895337820053 -0.1509801149368286 -0.1769050508737564 -0.1750890612602234 -0.16973444819450378 -0.160471573472023 -0.15487533807754517 -0.15276750922203064 -0.1290374994277954 -0.0636785626411438
