7.514975070953369 -0.24238374829292297 -0.24238374829292297 -0.24238374829292297 -0.24238374829292297 -0.24238374829292297 -0.24238374829292297 -0.24238374829292297 -0.24238374829292297 -0.24238374829292297 -0.24238374829292297 -0.24238374829292297 -0.24238374829292297 -0.24238374829292297 -0.24238374829292297 -0.24238374829292297 -0.24238374829292297 -0.24238374829292297 -0.24238374829292297 -0.24238374829292297 -0.24238374829292297 -0.24238374829292297 -0.24238374829292297 -0.24238374829292297 -0.24238374829292297 -0.24238374829292297 -0.24238374829292297 -0.24238374829292297 -0.24238374829292297 -0.24238374829292297 -0.24238374829292297 -0.24238374829292297
7.358946800231934 -0.08764395117759705 -0.24238374829292297 -0.24238374829292297 -0.24238374829292297 -0.24238374829292297 -0.24238374829292297 -0.24238374829292297 -0.24238374829292297 -0.24238374829292297 -0.24238374829292297 -0.24238374829292297 -0.24238374829292297 -0.24238374829292297 -0.24238374829292297 -0.24238374829292297 -0.24238374829292297 -0.24238374829292297 -0.24238374829292297 -0.24238374829292297 -0.24238374829292297 -0.24238374829292297 -0.24238374829292297 -0.24238374829292297 -0.24238374829292297 -0.24238374829292297 -0.24238374829292297 -0.24238374829292297 -0.24238374829292297 -0.24238374829292297 -0.24238374829292297 -0.24238374829292297
7.264382839202881 -0.14697271585464478 -0.0881936326622963 -0.24238374829292297 -0.24238374829292297 -0.24238374829292297 -0.24238374829292297 -0.24238374829292297 -0.24238374829292297 -0.24238374829292297 -0.24238374829292297 -0.24238374829292297 -0.24238374829292297 -0.24238374829292297 -0.24238374829292297 -0.24238374829292297 -0.24238374829292297 -0.24238374829292297 -0.24238374829292297 -0.24238374829292297 -0.24238374829292297 -0.24238374829292297 -0.24238374829292297 -0.24238374829292297 -0.24238374829292297 -0.24238374829292297 -0.24238374829292297 -0.24238374829292297 -0.24238374829292297 -0.24238374829292297 -0.24238374829292297 -0.24238374829292297
7.151556968688965 -0.14922375977039337 -0.14184781908988953 -0.07365630567073822 -0.24238374829292297 -0.24238374829292297 -0.24238374829292297 -0.24238374829292297 -0.24238374829292297 -0.24238374829292297 -0.24238374829292297 -0.24238374829292297 -0.24238374829292297 -0.24238374829292297 -0.24238374829292297 -0.24238374829292297 -0.24238374829292297 -0.24238374829292297 -0.24238374829292297 -0.24238374829292297 -0.24238374829292297 -0.24238374829292297 -0.24238374829292297 -0.24238374829292297 -0.24238374829292297 -0.24238374829292297 -0.24238374829292297 -0.24238374829292297 -0.24238374829292297 -0.24238374829292297 -0.24238374829292297 -0.24238374829292297
7.064520359039307 -0.14889168739318848 -0.1624680757522583 -0.13537909090518951 -0.07336870580911636 -0.24238374829292297 -0.24238374829292297 -0.24238374829292297 -0.24238374829292297 -0.24238374829292297 -0.24238374829292297 -0.24238374829292297 -0.24238374829292297 -0.24238374829292297 -0.24238374829292297 -0.24238374829292297 -0.24238374829292297 -0.24238374829292297 -0.24238374829292297 -0.24238374829292297 -0.24238374829292297 -0.24238374829292297 -0.24238374829292297 -0.24238374829292297 -0.24238374829292297 -0.24238374829292297 -0.24238374829292297 -0.24238374829292297 -0.24238374829292297 -0.24238374829292297 -0.24238374829292297 -0.24238374829292297
7.018181324005127 -0.1552313268184662 -0.1752062886953354 -0.16346509754657745 -0.15147127211093903 -0.07076755166053772 -0.24238374829292297 -0.24238374829292297 -0.24238374829292297 -0.24238374829292297 -0.24238374829292297 -0.24238374829292297 -0.24238374829292297 -0.24238374829292297 -0.24238374829292297 -0.24238374829292297 -0.24238374829292297 -0.24238374829292297 -0.24238374829292297 -0.24238374829292297 -0.24238374829292297 -0.24238374829292297 -0.24238374829292297 -0.24238374829292297 -0.24238374829292297 -0.24238374829292297 -0.24238374829292297 -0.24238374829292297 -0.24238374829292297 -0.24238374829292297 -0.24238374829292297 -0.24238374829292297
6.973635196685791 -0.15848830342292786 -0.1853955239057541 -0.1786760836839676 -0.1741676777601242 -0.15018562972545624 -0.06706473976373672 -0.24238374829292297 -0.24238374829292297 -0.24238374829292297 -0.24238374829292297 -0.24238374829292297 -0.24238374829292297 -0.24238374829292297 -0.24238374829292297 -0.24238374829292297 -0.24238374829292297 -0.24238374829292297 -0.24238374829292297 -0.24238374829292297 -0.24238374829292297 -0.24238374829292297 -0.24238374829292297 -0.24238374829292297 -0.24238374829292297 -0.24238374829292297 -0.24238374829292297 -0.24238374829292297 -0.24238374829292297 -0.24238374829292297 -0.24238374829292297 -0.24238374829292297
6.922433853149414 -0.1608540564775467 -0.18453264236450195 -0.18393516540527344 -0.18737612664699554 -0.1716518998146057 -0.15715542435646057 -0.059648726135492325 -0.24238374829292297 -0.24238374829292297 -0.24238374829292297 -0.24238374829292297 -0.24238374829292297 -0.24238374829292297 -0.24238374829292297 -0.24238374829292297 -0.24238374829292297 -0.24238374829292297 -0.24238374829292297 -0.24238374829292297 -0.24238374829292297 -0.24238374829292297 -0.24238374829292297 -0.24238374829292297 -0.24238374829292297 -0.24238374829292297 -0.24238374829292297 -0.24238374829292297 -0.24238374829292297 -0.24238374829292297 -0.24238374829292297 -0.24238374829292297
6.863546371459961 -0.167474627494812 -0.19012075662612915 -0.18554355204105377 -0.17421984672546387 -0.17811019718647003 -0.17989550530910492 -0.15671145915985107 -0.056587669998407364 -0.24238374829292297 -0.24238374829292297 -0.24238374829292297 -0.24238374829292297 -0.24238374829292297 -0.24238374829292297 -0.24238374829292297 -0.24238374829292297 -0.24238374829292297 -0.24238374829292297 -0.24238374829292297 -0.24238374829292297 -0.24238374829292297 -0.24238374829292297 -0.24238374829292297 -0.24238374829292297 -0.24238374829292297 -0.24238374829292297 -0.24238374829292297 -0.24238374829292297 -0.24238374829292297 -0.24238374829292297 -0.24238374829292297
6.823480606079102 -0.1557254195213318 -0.17282363772392273 -0.19040612876415253 -0.19508394598960876 -0.19492016732692719 -0.1896236091852188 -0.18076203763484955 -0.15154504776000977 -0.06011565029621124 -0.24238374829292297 -0.24238374829292297 -0.24238374829292297 -0.24238374829292297 -0.24238374829292297 -0.24238374829292297 -0.24238374829292297 -0.24238374829292297 -0.24238374829292297 -0.24238374829292297 -0.24238374829292297 -0.24238374829292297 -0.24238374829292297 -0.24238374829292297 -0.24238374829292297 -0.24238374829292297 -0.24238374829292297 -0.24238374829292297 -0.24238374829292297 -0.24238374829292297 -0.24238374829292297 -0.24238374829292297
6.8142218589782715 -0.1720997840166092 -0.1909322738647461 -0.1933295577764511 -0.1969365030527115 -0.19866174459457397 -0.19474674761295319 -0.18931888043880463 -0.17627105116844177 -0.15820129215717316 -0.0535924956202507 -0.24238374829292297 -0.24238374829292297 -0.24238374829292297 -0.24238374829292297 -0.24238374829292297 -0.24238374829292297 -0.24238374829292297 -0.24238374829292297 -0.24238374829292297 -0.24238374829292297 -0.24238374829292297 -0.24238374829292297 -0.24238374829292297 -0.24238374829292297 -0.24238374829292297 -0.24238374829292297 -0.24238374829292297 -0.24238374829292297 -0.24238374829292297 -0.24238374829292297 -0.24238374829292297
6.7262139320373535 -0.14515167474746704 -0.17615771293640137 -0.1884811669588089 -0.19752159714698792 -0.19916553795337677 -0.1960439831018448 -0.19590410590171814 -0.19106586277484894 -0.18347403407096863 -0.15871572494506836 -0.046787526458501816 -0.24238374829292297 -0.24238374829292297 -0.24238374829292297 -0.24238374829292297 -0.24238374829292297 -0.24238374829292297 -0.24238374829292297 -0.24238374829292297 -0.24238374829292297 -0.24238374829292297 -0.24238374829292297 -0.24238374829292297 -0.24238374829292297 -0.24238374829292297 -0.24238374829292297 -0.24238374829292297 -0.24238374829292297 -0.24238374829292297 -0.24238374829292297 -0.24238374829292297
6.6522698402404785 -0.13748188316822052 -0.17354387044906616 -0.1844365894794464 -0.19498427212238312 -0.1987345665693283 -0.19694358110427856 -0.19879916310310364 -0.19192980229854584 -0.1929149031639099 -0.1790022999048233 -0.15193182229995728 -0.046226102858781815 -0.24238374829292297 -0.24238374829292297 -0.24238374829292297 -0.24238374829292297 -0.24238374829292297 -0.24238374829292297 -0.24238374829292297 -0.24238374829292297 -0.24238374829292297 -0.24238374829292297 -0.24238374829292297 -0.24238374829292297 -0.24238374829292297 -0.24238374829292297 -0.24238374829292297 -0.24238374829292297 -0.24238374829292297 -0.24238374829292297 -0.24238374829292297
6.674327373504639 -0.17808032035827637 -0.19075894355773926 -0.19123001396656036 -0.19539254903793335 -0.19841796159744263 -0.19929608702659607 -0.2000642567873001 -0.19888557493686676 -0.19675448536872864 -0.18995784223079681 -0.17943602800369263 -0.15506471693515778 -0.03805902227759361 -0.24238374829292297 -0.24238374829292297 -0.24238374829292297 -0.24238374829292297 -0.24238374829292297 -0.24238374829292297 -0.24238374829292297 -0.24238374829292297 -0.24238374829292297 -0.24238374829292297 -0.24238374829292297 -0.24238374829292297 -0.24238374829292297 -0.24238374829292297 -0.24238374829292297 -0.24238374829292297 -0.24238374829292297 -0.24238374829292297
6.621883869171143 -0.17928707599639893 -0.1943848729133606 -0.1899980902671814 -0.1926078498363495 -0.19670401513576508 -0.19833029806613922 -0.2005605250597 -0.19799287617206573 -0.19745759665966034 -0.19436217844486237 -0.18920467793941498 -0.1784023642539978 -0.14857947826385498 -0.04346071928739548 -0.24238374829292297 -0.24238374829292297 -0.24238374829292297 -0.24238374829292297 -0.24238374829292297 -0.24238374829292297 -0.24238374829292297 -0.24238374829292297 -0.24238374829292297 -0.24238374829292297 -0.24238374829292297 -0.24238374829292297 -0.24238374829292297 -0.24238374829292297 -0.24238374829292297 -0.24238374829292297 -0.24238374829292297
6.5905022621154785 -0.18214170634746552 -0.1954096406698227 -0.19428417086601257 -0.19472019374370575 -0.1992838829755783 -0.19739514589309692 -0.19909155368804932 -0.19873325526714325 -0.1991174817085266 -0.19909824430942535 -0.19501212239265442 -0.19111377000808716 -0.17732061445713043 -0.1529323011636734 -0.036662738770246506 -0.24238374829292297 -0.24238374829292297 -0.24238374829292297 -0.24238374829292297 -0.24238374829292297 -0.24238374829292297 -0.24238374829292297 -0.24238374829292297 -0.24238374829292297 -0.24238374829292297 -0.24238374829292297 -0.24238374829292297 -0.24238374829292297 -0.24238374829292297 -0.24238374829292297 -0.24238374829292297
6.519988536834717 -0.18384283781051636 -0.19476597011089325 -0.1933862268924713 -0.18984177708625793 -0.19536235928535461 -0.19591177999973297 -0.19900403916835785 -0.1964363008737564 -0.19706298410892487 -0.19949749112129211 -0.19912093877792358 -0.19679193198680878 -0.18382050096988678 -0.1792563647031784 -0.1458040475845337 -0.034255459904670715 -0.24238374829292297 -0.24238374829292297 -0.24238374829292297 -0.24238374829292297 -0.24238374829292297 -0.24238374829292297 -0.24238374829292297 -0.24238374829292297 -0.24238374829292297 -0.24238374829292297 -0.24238374829292297 -0.24238374829292297 -0.24238374829292297 -0.24238374829292297 -0.24238374829292297
6.49309778213501 -0.18657219409942627 -0.1971566379070282 -0.19170249998569489 -0.19224795699119568 -0.19411703944206238 -0.199670672416687 -0.19886381924152374 -0.19355684518814087 -0.20050033926963806 -0.20126676559448242 -0.19927921891212463 -0.1993318796157837 -0.18879666924476624 -0.19029894471168518 -0.17625431716442108 -0.15506915748119354 -0.034960296005010605 -0.24238374829292297 -0.24238374829292297 -0.24238374829292297 -0.24238374829292297 -0.24238374829292297 -0.24238374829292297 -0.24238374829292297 -0.24238374829292297 -0.24238374829292297 -0.24238374829292297 -0.24238374829292297 -0.24238374829292297 -0.24238374829292297 -0.24238374829292297
6.465045928955078 -0.18868671357631683 -0.19706054031848907 -0.19342553615570068 -0.19495657086372375 -0.1978496015071869 -0.1996307373046875 -0.19982744753360748 -0.20019584894180298 -0.1983351707458496 -0.19936567544937134 -0.19784413278102875 -0.2029682695865631 -0.1985142081975937 -0.19659756124019623 -0.18552923202514648 -0.17773878574371338 -0.15133266150951385 -0.03417929634451866 -0.24238374829292297 -0.24238374829292297 -0.24238374829292297 -0.24238374829292297 -0.24238374829292297 -0.24238374829292297 -0.24238374829292297 -0.24238374829292297 -0.24238374829292297 -0.24238374829292297 -0.24238374829292297 -0.24238374829292297 -0.24238374829292297
6.39158821105957 -0.1882602423429489 -0.2002418041229248 -0.19218336045742035 -0.19187532365322113 -0.1960805356502533 -0.1984938234090805 -0.1984064131975174 -0.1973613053560257 -0.19627147912979126 -0.19746294617652893 -0.19512121379375458 -0.2009093314409256 -0.19790831208229065 -0.19840192794799805 -0.18811610341072083 -0.1889977753162384 -0.17644678056240082 -0.14456599950790405 -0.035849861800670624 -0.24238374829292297 -0.24238374829292297 -0.24238374829292297 -0.24238374829292297 -0.24238374829292297 -0.24238374829292297 -0.24238374829292297 -0.24238374829292297 -0.24238374829292297 -0.24238374829292297 -0.24238374829292297 -0.24238374829292297
6.354328632354736 -0.18845273554325104 -0.198700949549675 -0.1941370815038681 -0.1919219195842743 -0.19735409319400787 -0.19749388098716736 -0.1925535649061203 -0.19185639917850494 -0.19763678312301636 -0.1980823576450348 -0.19890597462654114 -0.2002764195203781 -0.19551993906497955 -0.1995614618062973 -0.19221056997776031 -0.1976633071899414 -0.18898305296897888 -0.1770954579114914 -0.15425343811511993 -0.03542599827051163 -0.24238374829292297 -0.24238374829292297 -0.24238374829292297 -0.24238374829292297 -0.24238374829292297 -0.24238374829292297 -0.24238374829292297 -0.24238374829292297 -0.24238374829292297 -0.24238374829292297 -0.24238374829292297
6.318759918212891 -0.1883806586265564 -0.1973314732313156 -0.19232125580310822 -0.19272471964359283 -0.1975472867488861 -0.19688910245895386 -0.19782133400440216 -0.19750060141086578 -0.20069903135299683 -0.19847533106803894 -0.19774840772151947 -0.1995394080877304 -0.19650238752365112 -0.20012515783309937 -0.1953067183494568 -0.201278954744339 -0.1966887265443802 -0.18748505413532257 -0.1797998994588852 -0.15182070434093475 -0.028928512707352638 -0.24238374829292297 -0.24238374829292297 -0.24238374829292297 -0.24238374829292297 -0.24238374829292297 -0.24238374829292297 -0.24238374829292297 -0.24238374829292297 -0.24238374829292297 -0.24238374829292297
6.292866230010986 -0.18644967675209045 -0.19663304090499878 -0.19198207557201385 -0.1935414969921112 -0.19750316441059113 -0.1985129565000534 -0.197709321975708 -0.19795547425746918 -0.19893859326839447 -0.19847525656223297 -0.19686584174633026 -0.19771838188171387 -0.19616493582725525 -0.19941216707229614 -0.2024686336517334 -0.20246289670467377 -0.2017291635274887 -0.1984843909740448 -0.1918727308511734 -0.178689107298851 -0.1535128951072693 -0.0342441089451313 -0.24238374829292297 -0.24238374829292297 -0.24238374829292297 -0.24238374829292297 -0.24238374829292297 -0.24238374829292297 -0.24238374829292297 -0.24238374829292297 -0.24238374829292297
6.239579200744629 -0.1866980344057083 -0.19513311982154846 -0.1885177195072174 -0.19148030877113342 -0.19124852120876312 -0.19815370440483093 -0.19935894012451172 -0.19849687814712524 -0.19627834856510162 -0.19575218856334686 -0.19737884402275085 -0.19785863161087036 -0.1971215009689331 -0.20304442942142487 -0.20116795599460602 -0.20403893291950226 -0.2024414986371994 -0.2022765576839447 -0.19757932424545288 -0.19027818739414215 -0.17889909446239471 -0.15425565838813782 -0.03297262638807297 -0.24238374829292297 -0.24238374829292297 -0.24238374829292297 -0.24238374829292297 -0.24238374829292297 -0.24238374829292297 -0.24238374829292297 -0.24238374829292297
6.195919990539551 -0.1859913319349289 -0.19497573375701904 -0.19178448617458344 -0.19372373819351196 -0.19798272848129272 -0.1987575739622116 -0.20007610321044922 -0.1967463344335556 -0.19541487097740173 -0.19543832540512085 -0.19750815629959106 -0.1973138451576233 -0.19681334495544434 -0.20161864161491394 -0.2001662403345108 -0.20177944004535675 -0.2023114562034607 -0.20525191724300385 -0.20068737864494324 -0.19777394831180573 -0.18986588716506958 -0.17811065912246704 -0.15188616514205933 -0.027196528390049934 -0.24238374829292297 -0.24238374829292297 -0.24238374829292297 -0.24238374829292297 -0.24238374829292297 -0.24238374829292297 -0.24238374829292297
6.162716388702393 -0.18790611624717712 -0.1963493674993515 -0.19309301674365997 -0.19497144222259521 -0.196638822555542 -0.19767998158931732 -0.19880516827106476 -0.19839076697826385 -0.19706085324287415 -0.19532939791679382 -0.1970190852880478 -0.19661134481430054 -0.19484512507915497 -0.19500191509723663 -0.20130851864814758 -0.20247143507003784 -0.2016286551952362 -0.2031722515821457 -0.2045174092054367 -0.20073553919792175 -0.1979270577430725 -0.1896153837442398 -0.17918576300144196 -0.15412195026874542 -0.03431536257266998 -0.24238374829292297 -0.24238374829292297 -0.24238374829292297 -0.24238374829292297 -0.24238374829292297 -0.24238374829292297
6.090922832489014 -0.1891009658575058 -0.1979791820049286 -0.1934133619070053 -0.1956920176744461 -0.1975359469652176 -0.1966591477394104 -0.19853924214839935 -0.19676685333251953 -0.19686681032180786 -0.1943129152059555 -0.19392888247966766 -0.19435147941112518 -0.19039130210876465 -0.17775273323059082 -0.20039062201976776 -0.20329278707504272 -0.19977368414402008 -0.2029251605272293 -0.20377975702285767 -0.2033940851688385 -0.2022162526845932 -0.19812756776809692 -0.19076445698738098 -0.17637783288955688 -0.15401074290275574 -0.030982594937086105 -0.24238374829292297 -0.24238374829292297 -0.24238374829292297 -0.24238374829292297 -0.24238374829292297
6.0796403884887695 -0.18974466621875763 -0.1979128122329712 -0.1955423802137375 -0.19748550653457642 -0.19830647110939026 -0.19543030858039856 -0.19713178277015686 -0.19661571085453033 -0.19838811457157135 -0.1932334303855896 -0.19352416694164276 -0.1940620243549347 -0.19105903804302216 -0.1948697865009308 -0.1977710723876953 -0.20200498402118683 -0.19970491528511047 -0.20238752663135529 -0.20523591339588165 -0.20524471998214722 -0.20618467032909393 -0.2031601220369339 -0.19888469576835632 -0.18941546976566315 -0.17935028672218323 -0.15582002699375153 -0.03191974759101868 -0.24238374829292297 -0.24238374829292297 -0.24238374829292297 -0.24238374829292297
6.054599285125732 -0.19340305030345917 -0.20014838874340057 -0.19598717987537384 -0.1984514743089676 -0.19811727106571198 -0.1958746314048767 -0.19844640791416168 -0.19644448161125183 -0.1977946013212204 -0.19841715693473816 -0.1969456523656845 -0.19417636096477509 -0.19259242713451385 -0.19583523273468018 -0.19348083436489105 -0.19946880638599396 -0.2031877040863037 -0.20171739161014557 -0.20425797998905182 -0.2043124884366989 -0.20412002503871918 -0.20461642742156982 -0.2031046450138092 -0.19963721930980682 -0.19122129678726196 -0.1803956925868988 -0.15443600714206696 -0.031150056049227715 -0.24238374829292297 -0.24238374829292297 -0.24238374829292297
5.984289646148682 -0.19353851675987244 -0.1972261220216751 -0.19547417759895325 -0.19855061173439026 -0.1978522539138794 -0.1980074793100357 -0.1964879333972931 -0.1968105584383011 -0.19645896553993225 -0.19411128759384155 -0.1902512162923813 -0.19648496806621552 -0.1944044977426529 -0.1963493674993515 -0.1826322227716446 -0.19864138960838318 -0.20190420746803284 -0.19715477526187897 -0.20320405066013336 -0.20552341639995575 -0.2046276181936264 -0.20438122749328613 -0.2046506106853485 -0.202401801943779 -0.1984381228685379 -0.19222606718540192 -0.1806175261735916 -0.1561145931482315 -0.025338206440210342 -0.24238374829292297 -0.24238374829292297
5.946191787719727 -0.19445958733558655 -0.20082750916481018 -0.1959283947944641 -0.19837582111358643 -0.19793406128883362 -0.1975649744272232 -0.19780626893043518 -0.19770440459251404 -0.1957668513059616 -0.19230085611343384 -0.19288760423660278 -0.19696076214313507 -0.19499137997627258 -0.1944005936384201 -0.1785532683134079 -0.19531114399433136 -0.19971531629562378 -0.1881687045097351 -0.20391793549060822 -0.20442868769168854 -0.206309512257576 -0.20570600032806396 -0.20673982799053192 -0.2057814598083496 -0.20372551679611206 -0.20010849833488464 -0.1911664605140686 -0.18093863129615784 -0.15680819749832153 -0.028831548988819122 -0.24238374829292297
5.8743696212768555 -0.1908586621284485 -0.1973690390586853 -0.19364213943481445 -0.19647924602031708 -0.19742979109287262 -0.19849617779254913 -0.1938154250383377 -0.19311821460723877 -0.19516849517822266 -0.19442716240882874 -0.19199593365192413 -0.19648444652557373 -0.19115008413791656 -0.1964251548051834 -0.19192571938037872 -0.19778326153755188 -0.1984615921974182 -0.19066159427165985 -0.20385776460170746 -0.2020220309495926 -0.2031548023223877 -0.18048962950706482 -0.19973018765449524 -0.207747682929039 -0.20652355253696442 -0.20427367091178894 -0.19928979873657227 -0.19423753023147583 -0.18368931114673615 -0.1563192903995514 -0.027610136196017265
