7.434897422790527 -0.23980121314525604 -0.23980121314525604 -0.23980121314525604 -0.23980121314525604 -0.23980121314525604 -0.23980121314525604 -0.23980121314525604 -0.23980121314525604 -0.23980121314525604 -0.23980121314525604 -0.23980121314525604 -0.23980121314525604 -0.23980121314525604 -0.23980121314525604 -0.23980121314525604 -0.23980121314525604 -0.23980121314525604 -0.23980121314525604 -0.23980121314525604 -0.23980121314525604 -0.23980121314525604 -0.23980121314525604 -0.23980121314525604 -0.23980121314525604 -0.23980121314525604 -0.23980121314525604 -0.23980121314525604 -0.23980121314525604 -0.23980121314525604 -0.23980121314525604 -0.23980121314525604
6.4847588539123535 0.7094993591308594 -0.23980121314525604 -0.23980121314525604 -0.23980121314525604 -0.23980121314525604 -0.23980121314525604 -0.23980121314525604 -0.23980121314525604 -0.23980121314525604 -0.23980121314525604 -0.23980121314525604 -0.23980121314525604 -0.23980121314525604 -0.23980121314525604 -0.23980121314525604 -0.23980121314525604 -0.23980121314525604 -0.23980121314525604 -0.23980121314525604 -0.23980121314525604 -0.23980121314525604 -0.23980121314525604 -0.23980121314525604 -0.23980121314525604 -0.23980121314525604 -0.23980121314525604 -0.23980121314525604 -0.23980121314525604 -0.23980121314525604 -0.23980121314525604 -0.23980121314525604
4.832070350646973 1.7917317152023315 0.3304812014102936 -0.23980121314525604 -0.23980121314525604 -0.23980121314525604 -0.23980121314525604 -0.23980121314525604 -0.23980121314525604 -0.23980121314525604 -0.23980121314525604 -0.23980121314525604 -0.23980121314525604 -0.23980121314525604 -0.23980121314525604 -0.23980121314525604 -0.23980121314525604 -0.23980121314525604 -0.23980121314525604 -0.23980121314525604 -0.23980121314525604 -0.23980121314525604 -0.23980121314525604 -0.23980121314525604 -0.23980121314525604 -0.23980121314525604 -0.23980121314525604 -0.23980121314525604 -0.23980121314525604 -0.23980121314525604 -0.23980121314525604 -0.23980121314525604
3.6546919345855713 2.179373025894165 0.682776689529419 0.19760993123054504 -0.23980121314525604 -0.23980121314525604 -0.23980121314525604 -0.23980121314525604 -0.23980121314525604 -0.23980121314525604 -0.23980121314525604 -0.23980121314525604 -0.23980121314525604 -0.23980121314525604 -0.23980121314525604 -0.23980121314525604 -0.23980121314525604 -0.23980121314525604 -0.23980121314525604 -0.23980121314525604 -0.23980121314525604 -0.23980121314525604 -0.23980121314525604 -0.23980121314525604 -0.23980121314525604 -0.23980121314525604 -0.23980121314525604 -0.23980121314525604 -0.23980121314525604 -0.23980121314525604 -0.23980121314525604 -0.23980121314525604
2.6614913940429688 1.816503882408142 1.2177923917770386 0.6267459392547607 0.1521732658147812 -0.23980121314525604 -0.23980121314525604 -0.23980121314525604 -0.23980121314525604 -0.23980121314525604 -0.23980121314525604 -0.23980121314525604 -0.23980121314525604 -0.23980121314525604 -0.23980121314525604 -0.23980121314525604 -0.23980121314525604 -0.23980121314525604 -0.23980121314525604 -0.23980121314525604 -0.23980121314525604 -0.23980121314525604 -0.23980121314525604 -0.23980121314525604 -0.23980121314525604 -0.23980121314525604 -0.23980121314525604 -0.23980121314525604 -0.23980121314525604 -0.23980121314525604 -0.23980121314525604 -0.23980121314525604
2.0633370876312256 1.0792137384414673 1.1292552947998047 1.2095186710357666 0.6180043816566467 0.13553407788276672 -0.23980121314525604 -0.23980121314525604 -0.23980121314525604 -0.23980121314525604 -0.23980121314525604 -0.23980121314525604 -0.23980121314525604 -0.23980121314525604 -0.23980121314525604 -0.23980121314525604 -0.23980121314525604 -0.23980121314525604 -0.23980121314525604 -0.23980121314525604 -0.23980121314525604 -0.23980121314525604 -0.23980121314525604 -0.23980121314525604 -0.23980121314525604 -0.23980121314525604 -0.23980121314525604 -0.23980121314525604 -0.23980121314525604 -0.23980121314525604 -0.23980121314525604 -0.23980121314525604
1.6812012195587158 0.6295497417449951 0.6812784671783447 1.1061128377914429 1.2142692804336548 0.5835922360420227 0.09904378652572632 -0.23980121314525604 -0.23980121314525604 -0.23980121314525604 -0.23980121314525604 -0.23980121314525604 -0.23980121314525604 -0.23980121314525604 -0.23980121314525604 -0.23980121314525604 -0.23980121314525604 -0.23980121314525604 -0.23980121314525604 -0.23980121314525604 -0.23980121314525604 -0.23980121314525604 -0.23980121314525604 -0.23980121314525604 -0.23980121314525604 -0.23980121314525604 -0.23980121314525604 -0.23980121314525604 -0.23980121314525604 -0.23980121314525604 -0.23980121314525604 -0.23980121314525604
1.4225212335586548 0.38174688816070557 0.36737462878227234 0.6648639440536499 1.1018770933151245 1.1900497674942017 0.5416978001594543 0.08511403203010559 -0.23980121314525604 -0.23980121314525604 -0.23980121314525604 -0.23980121314525604 -0.23980121314525604 -0.23980121314525604 -0.23980121314525604 -0.23980121314525604 -0.23980121314525604 -0.23980121314525604 -0.23980121314525604 -0.23980121314525604 -0.23980121314525604 -0.23980121314525604 -0.23980121314525604 -0.23980121314525604 -0.23980121314525604 -0.23980121314525604 -0.23980121314525604 -0.23980121314525604 -0.23980121314525604 -0.23980121314525604 -0.23980121314525604 -0.23980121314525604
1.2417250871658325 0.24119728803634644 0.2114497721195221 0.37079623341560364 0.6504583358764648 1.0827711820602417 1.1130344867706299 0.5269138216972351 0.07710087299346924 -0.23980121314525604 -0.23980121314525604 -0.23980121314525604 -0.23980121314525604 -0.23980121314525604 -0.23980121314525604 -0.23980121314525604 -0.23980121314525604 -0.23980121314525604 -0.23980121314525604 -0.23980121314525604 -0.23980121314525604 -0.23980121314525604 -0.23980121314525604 -0.23980121314525604 -0.23980121314525604 -0.23980121314525604 -0.23980121314525604 -0.23980121314525604 -0.23980121314525604 -0.23980121314525604 -0.23980121314525604 -0.23980121314525604
1.1076350212097168 0.12503674626350403 0.11072193086147308 0.2078792303800583 0.3582012355327606 0.6445769667625427 1.053511381149292 1.0946584939956665 0.5131902098655701 0.060243748128414154 -0.23980121314525604 -0.23980121314525604 -0.23980121314525604 -0.23980121314525604 -0.23980121314525604 -0.23980121314525604 -0.23980121314525604 -0.23980121314525604 -0.23980121314525604 -0.23980121314525604 -0.23980121314525604 -0.23980121314525604 -0.23980121314525604 -0.23980121314525604 -0.23980121314525604 -0.23980121314525604 -0.23980121314525604 -0.23980121314525604 -0.23980121314525604 -0.23980121314525604 -0.23980121314525604 -0.23980121314525604
0.9839356541633606 0.044927459210157394 0.032655980437994 0.10952607542276382 0.20601356029510498 0.3665342628955841 0.6182548403739929 1.0135341882705688 1.0965996980667114 0.5009446740150452 0.0629345253109932 -0.23980121314525604 -0.23980121314525604 -0.23980121314525604 -0.23980121314525604 -0.23980121314525604 -0.23980121314525604 -0.23980121314525604 -0.23980121314525604 -0.23980121314525604 -0.23980121314525604 -0.23980121314525604 -0.23980121314525604 -0.23980121314525604 -0.23980121314525604 -0.23980121314525604 -0.23980121314525604 -0.23980121314525604 -0.23980121314525604 -0.23980121314525604 -0.23980121314525604 -0.23980121314525604
0.9136378169059753 -0.007261150982230902 -0.027796167880296707 0.030794212594628334 0.10748177766799927 0.21396435797214508 0.3278205394744873 0.6013668179512024 1.0246429443359375 1.0518882274627686 0.5012387633323669 0.058259591460227966 -0.23980121314525604 -0.23980121314525604 -0.23980121314525604 -0.23980121314525604 -0.23980121314525604 -0.23980121314525604 -0.23980121314525604 -0.23980121314525604 -0.23980121314525604 -0.23980121314525604 -0.23980121314525604 -0.23980121314525604 -0.23980121314525604 -0.23980121314525604 -0.23980121314525604 -0.23980121314525604 -0.23980121314525604 -0.23980121314525604 -0.23980121314525604 -0.23980121314525604
0.8185668587684631 -0.036957208067178726 -0.07055630534887314 -0.03492259979248047 0.028792932629585266 0.11181352287530899 0.19380702078342438 0.32854053378105164 0.6213744878768921 0.996904730796814 1.0708725452423096 0.4888712465763092 0.03915601968765259 -0.23980121314525604 -0.23980121314525604 -0.23980121314525604 -0.23980121314525604 -0.23980121314525604 -0.23980121314525604 -0.23980121314525604 -0.23980121314525604 -0.23980121314525604 -0.23980121314525604 -0.23980121314525604 -0.23980121314525604 -0.23980121314525604 -0.23980121314525604 -0.23980121314525604 -0.23980121314525604 -0.23980121314525604 -0.23980121314525604 -0.23980121314525604
0.7688668966293335 -0.05237066000699997 -0.09023135900497437 -0.07292747497558594 -0.035048339515924454 0.02523829974234104 0.09340786188840866 0.1790541112422943 0.33038562536239624 0.586263120174408 1.0011721849441528 1.0587605237960815 0.47539401054382324 0.048507172614336014 -0.23980121314525604 -0.23980121314525604 -0.23980121314525604 -0.23980121314525604 -0.23980121314525604 -0.23980121314525604 -0.23980121314525604 -0.23980121314525604 -0.23980121314525604 -0.23980121314525604 -0.23980121314525604 -0.23980121314525604 -0.23980121314525604 -0.23980121314525604 -0.23980121314525604 -0.23980121314525604 -0.23980121314525604 -0.23980121314525604
0.7100741863250732 -0.08487457036972046 -0.10784246027469635 -0.09490698575973511 -0.0761067196726799 -0.03622794896364212 0.012953679077327251 0.09082029014825821 0.19333288073539734 0.31809699535369873 0.5921629071235657 0.9958430528640747 1.054076075553894 0.4734053909778595 0.03584184870123863 -0.23980121314525604 -0.23980121314525604 -0.23980121314525604 -0.23980121314525604 -0.23980121314525604 -0.23980121314525604 -0.23980121314525604 -0.23980121314525604 -0.23980121314525604 -0.23980121314525604 -0.23980121314525604 -0.23980121314525604 -0.23980121314525604 -0.23980121314525604 -0.23980121314525604 -0.23980121314525604 -0.23980121314525604
0.6586430072784424 -0.11890639364719391 -0.12844522297382355 -0.10915940999984741 -0.09568306058645248 -0.0754166916012764 -0.045730967074632645 0.014285651035606861 0.09971261769533157 0.1786048412322998 0.32404351234436035 0.59816575050354 0.9726477861404419 1.0565460920333862 0.4725956916809082 0.034956347197294235 -0.23980121314525604 -0.23980121314525604 -0.23980121314525604 -0.23980121314525604 -0.23980121314525604 -0.23980121314525604 -0.23980121314525604 -0.23980121314525604 -0.23980121314525604 -0.23980121314525604 -0.23980121314525604 -0.23980121314525604 -0.23980121314525604 -0.23980121314525604 -0.23980121314525604 -0.23980121314525604
0.6005963683128357 -0.14962080121040344 -0.1550467163324356 -0.13166086375713348 -0.11014549434185028 -0.09648850560188293 -0.0826864019036293 -0.04596145078539848 0.02276257425546646 0.09169116616249084 0.18383252620697021 0.32951343059539795 0.5795230865478516 0.9886497855186462 1.0780291557312012 0.4638264775276184 0.030229251831769943 -0.23980121314525604 -0.23980121314525604 -0.23980121314525604 -0.23980121314525604 -0.23980121314525604 -0.23980121314525604 -0.23980121314525604 -0.23980121314525604 -0.23980121314525604 -0.23980121314525604 -0.23980121314525604 -0.23980121314525604 -0.23980121314525604 -0.23980121314525604 -0.23980121314525604
0.5737436413764954 -0.16276346147060394 -0.1747051179409027 -0.15691721439361572 -0.13109582662582397 -0.11076273769140244 -0.10022054612636566 -0.08155518025159836 -0.037135571241378784 0.01402987726032734 0.09519313275814056 0.18237659335136414 0.311511367559433 0.575325608253479 0.9865760207176208 1.0638206005096436 0.47386762499809265 0.03595723584294319 -0.23980121314525604 -0.23980121314525604 -0.23980121314525604 -0.23980121314525604 -0.23980121314525604 -0.23980121314525604 -0.23980121314525604 -0.23980121314525604 -0.23980121314525604 -0.23980121314525604 -0.23980121314525604 -0.23980121314525604 -0.23980121314525604 -0.23980121314525604
0.5529488921165466 -0.169204443693161 -0.18710389733314514 -0.17809773981571198 -0.15781301259994507 -0.13389931619167328 -0.11683390289545059 -0.1013227179646492 -0.07598673552274704 -0.04545006901025772 0.018677914515137672 0.09436970949172974 0.17478856444358826 0.31517279148101807 0.5848138928413391 0.9864336848258972 1.059361457824707 0.46705442667007446 0.029559819027781487 -0.23980121314525604 -0.23980121314525604 -0.23980121314525604 -0.23980121314525604 -0.23980121314525604 -0.23980121314525604 -0.23980121314525604 -0.23980121314525604 -0.23980121314525604 -0.23980121314525604 -0.23980121314525604 -0.23980121314525604 -0.23980121314525604
0.5536013245582581 -0.16886097192764282 -0.18973053991794586 -0.18896865844726562 -0.17723338305950165 -0.15905970335006714 -0.13844791054725647 -0.11517870426177979 -0.09574902802705765 -0.08243349194526672 -0.04011393338441849 0.019728634506464005 0.08490108698606491 0.17390242218971252 0.31055644154548645 0.5891655087471008 0.9720379710197449 1.0501644611358643 0.4545462727546692 0.02481778711080551 -0.23980121314525604 -0.23980121314525604 -0.23980121314525604 -0.23980121314525604 -0.23980121314525604 -0.23980121314525604 -0.23980121314525604 -0.23980121314525604 -0.23980121314525604 -0.23980121314525604 -0.23980121314525604 -0.23980121314525604
0.5526949763298035 -0.17215757071971893 -0.18954308331012726 -0.19195547699928284 -0.18874715268611908 -0.17855899035930634 -0.16275140643119812 -0.13726720213890076 -0.11137084662914276 -0.10116388648748398 -0.08103125542402267 -0.043777287006378174 0.006637568585574627 0.08583785593509674 0.17317405343055725 0.3115503787994385 0.5728144645690918 0.9558020830154419 1.04713773727417 0.4586368203163147 0.03190130367875099 -0.23980121314525604 -0.23980121314525604 -0.23980121314525604 -0.23980121314525604 -0.23980121314525604 -0.23980121314525604 -0.23980121314525604 -0.23980121314525604 -0.23980121314525604 -0.23980121314525604 -0.23980121314525604
0.5289241075515747 -0.18467655777931213 -0.1920754313468933 -0.19225841760635376 -0.19234703481197357 -0.19024881720542908 -0.18269310891628265 -0.16310207545757294 -0.13508930802345276 -0.11655933409929276 -0.10022217035293579 -0.08078950643539429 -0.05140901729464531 0.015656933188438416 0.08442866057157516 0.1751762479543686 0.3095550835132599 0.5709988474845886 0.9632042646408081 1.0474333763122559 0.46242305636405945 0.021707186475396156 -0.23980121314525604 -0.23980121314525604 -0.23980121314525604 -0.23980121314525604 -0.23980121314525604 -0.23980121314525604 -0.23980121314525604 -0.23980121314525604 -0.23980121314525604 -0.23980121314525604
0.4749046266078949 -0.19851505756378174 -0.19893595576286316 -0.1951296627521515 -0.1931963711977005 -0.19401255249977112 -0.19369909167289734 -0.18329648673534393 -0.16172389686107635 -0.13967911899089813 -0.11602723598480225 -0.10112792253494263 -0.08719892799854279 -0.04907628148794174 0.010264717042446136 0.0927988812327385 0.17746250331401825 0.31144070625305176 0.574745237827301 1.0031858682632446 1.0530731678009033 0.4525968134403229 0.01939413696527481 -0.23980121314525604 -0.23980121314525604 -0.23980121314525604 -0.23980121314525604 -0.23980121314525604 -0.23980121314525604 -0.23980121314525604 -0.23980121314525604 -0.23980121314525604
0.4447571039199829 -0.20572344958782196 -0.20708230137825012 -0.20132336020469666 -0.19465920329093933 -0.19377069175243378 -0.19565707445144653 -0.19221018254756927 -0.18070431053638458 -0.16368992626667023 -0.13677023351192474 -0.11491169780492783 -0.10541633516550064 -0.08387716859579086 -0.048807695508003235 0.013913926668465137 0.08735973387956619 0.17389553785324097 0.31210488080978394 0.5920723676681519 0.997382402420044 1.047652244567871 0.4529832899570465 0.02094392664730549 -0.23980121314525604 -0.23980121314525604 -0.23980121314525604 -0.23980121314525604 -0.23980121314525604 -0.23980121314525604 -0.23980121314525604 -0.23980121314525604
0.4255169928073883 -0.20933595299720764 -0.2127116620540619 -0.209587961435318 -0.20214898884296417 -0.19639213383197784 -0.19600160419940948 -0.1954433023929596 -0.19076837599277496 -0.1828797161579132 -0.16224177181720734 -0.1366255134344101 -0.11834972351789474 -0.1028079017996788 -0.08499443531036377 -0.04738812521100044 0.012596911750733852 0.08700696378946304 0.17362119257450104 0.32275018095970154 0.5861404538154602 0.9700828790664673 1.0584391355514526 0.47306665778160095 0.017102479934692383 -0.23980121314525604 -0.23980121314525604 -0.23980121314525604 -0.23980121314525604 -0.23980121314525604 -0.23980121314525604 -0.23980121314525604
0.4268050789833069 -0.20860442519187927 -0.2150522619485855 -0.21470798552036285 -0.20967116951942444 -0.20315422117710114 -0.1978757679462433 -0.19536462426185608 -0.19315150380134583 -0.1925588697195053 -0.18110886216163635 -0.1624263972043991 -0.14030610024929047 -0.1166972741484642 -0.1039748415350914 -0.08287554979324341 -0.04874569922685623 0.010055335238575935 0.0869884267449379 0.18036264181137085 0.316255122423172 0.573486328125 0.9752633571624756 1.0480380058288574 0.4626953899860382 0.024828286841511726 -0.23980121314525604 -0.23980121314525604 -0.23980121314525604 -0.23980121314525604 -0.23980121314525604 -0.23980121314525604
0.4210514724254608 -0.20964637398719788 -0.21493972837924957 -0.21704787015914917 -0.21542060375213623 -0.21155335009098053 -0.2052219957113266 -0.19834885001182556 -0.19457527995109558 -0.19610550999641418 -0.19257251918315887 -0.18234416842460632 -0.16639165580272675 -0.13957370817661285 -0.12021256238222122 -0.1042926087975502 -0.08634913712739944 -0.05061844363808632 0.008162672631442547 0.09504791349172592 0.1748490184545517 0.30692294239997864 0.5848007202148438 0.9886857867240906 1.0520904064178467 0.4573200047016144 0.014981124550104141 -0.23980121314525604 -0.23980121314525604 -0.23980121314525604 -0.23980121314525604 -0.23980121314525604
0.42228588461875916 -0.21411730349063873 -0.21531252562999725 -0.21638303995132446 -0.2171156406402588 -0.2164943665266037 -0.21274696290493011 -0.20502793788909912 -0.1973033994436264 -0.19538916647434235 -0.19540126621723175 -0.1926545351743698 -0.1847701072692871 -0.1638116091489792 -0.1406441330909729 -0.11872165650129318 -0.10525622218847275 -0.08713964372873306 -0.04947772994637489 0.010322671383619308 0.089190274477005 0.1701798439025879 0.31193992495536804 0.5830684304237366 0.9838064312934875 1.0440698862075806 0.4548628330230713 0.016937032341957092 -0.23980121314525604 -0.23980121314525604 -0.23980121314525604 -0.23980121314525604
0.399141788482666 -0.21980710327625275 -0.21863985061645508 -0.2163536697626114 -0.216275155544281 -0.21819858253002167 -0.21738624572753906 -0.21271556615829468 -0.20452383160591125 -0.19754095375537872 -0.19500385224819183 -0.1954887956380844 -0.19430284202098846 -0.18303582072257996 -0.16567008197307587 -0.13930870592594147 -0.12079408764839172 -0.1055660992860794 -0.08594530075788498 -0.048323601484298706 0.013067650608718395 0.08671557158231735 0.17718073725700378 0.3174985945224762 0.5813716053962708 0.9931846857070923 1.0338329076766968 0.455269455909729 0.016712944954633713 -0.23980121314525604 -0.23980121314525604 -0.23980121314525604
0.3824458420276642 -0.2237003743648529 -0.22341220080852509 -0.2198713719844818 -0.21574766933918 -0.2160816490650177 -0.21858249604701996 -0.21709251403808594 -0.2116037905216217 -0.20368577539920807 -0.19694752991199493 -0.19456757605075836 -0.1965407431125641 -0.19121134281158447 -0.1833445429801941 -0.1641697883605957 -0.14090698957443237 -0.11785086244344711 -0.1028299480676651 -0.08364886790513992 -0.04587991535663605 0.012093966826796532 0.08966120332479477 0.17913630604743958 0.3199571371078491 0.5865684151649475 0.9638141393661499 1.0399826765060425 0.45278021693229675 0.020522309467196465 -0.23980121314525604 -0.23980121314525604
0.37899050116539 -0.22603429853916168 -0.2269703447818756 -0.22442415356636047 -0.21979963779449463 -0.2172754853963852 -0.2178480625152588 -0.21878615021705627 -0.21681849658489227 -0.2117910385131836 -0.20381666719913483 -0.197065532207489 -0.19636119902133942 -0.19533967971801758 -0.19372721016407013 -0.18307064473628998 -0.1654641330242157 -0.13899867236614227 -0.11843778192996979 -0.10327783226966858 -0.08334376662969589 -0.047548551112413406 0.012599245645105839 0.08742456138134003 0.17813362181186676 0.31804025173187256 0.5779346823692322 0.9721628427505493 1.0454984903335571 0.4560757577419281 0.018810655921697617 -0.23980121314525604
0.39311695098876953 -0.22529135644435883 -0.2288944572210312 -0.22782863676548004 -0.22492335736751556 -0.22091509401798248 -0.21823376417160034 -0.21814441680908203 -0.2186671495437622 -0.21691137552261353 -0.21246172487735748 -0.20429156720638275 -0.19941186904907227 -0.19548314809799194 -0.19595547020435333 -0.1926371455192566 -0.1834837794303894 -0.16412842273712158 -0.13948777318000793 -0.1182253360748291 -0.10081279277801514 -0.08415188640356064 -0.047810282558202744 0.013480039313435555 0.0891561508178711 0.1784980148077011 0.3130608797073364 0.5842594504356384 0.9664783477783203 1.0348455905914307 0.44852834939956665 0.016413172706961632
