6.957554340362549 -0.22440499067306519 -0.22440499067306519 -0.22440499067306519 -0.22440499067306519 -0.22440499067306519 -0.22440499067306519 -0.22440499067306519 -0.22440499067306519 -0.22440499067306519 -0.22440499067306519 -0.22440499067306519 -0.22440499067306519 -0.22440499067306519 -0.22440499067306519 -0.22440499067306519 -0.22440499067306519 -0.22440499067306519 -0.22440499067306519 -0.22440499067306519 -0.22440499067306519 -0.22440499067306519 -0.22440499067306519 -0.22440499067306519 -0.22440499067306519 -0.22440499067306519 -0.22440499067306519 -0.22440499067306519 -0.22440499067306519 -0.22440499067306519 -0.22440499067306519 -0.22440499067306519
6.877257347106934 -0.14515401422977448 -0.22440499067306519 -0.22440499067306519 -0.22440499067306519 -0.22440499067306519 -0.22440499067306519 -0.22440499067306519 -0.22440499067306519 -0.22440499067306519 -0.22440499067306519 -0.22440499067306519 -0.22440499067306519 -0.22440499067306519 -0.22440499067306519 -0.22440499067306519 -0.22440499067306519 -0.22440499067306519 -0.22440499067306519 -0.22440499067306519 -0.22440499067306519 -0.22440499067306519 -0.22440499067306519 -0.22440499067306519 -0.22440499067306519 -0.22440499067306519 -0.22440499067306519 -0.22440499067306519 -0.22440499067306519 -0.22440499067306519 -0.22440499067306519 -0.22440499067306519
6.854726314544678 -0.1852271407842636 -0.16172312200069427 -0.22440499067306519 -0.22440499067306519 -0.22440499067306519 -0.22440499067306519 -0.22440499067306519 -0.22440499067306519 -0.22440499067306519 -0.22440499067306519 -0.22440499067306519 -0.22440499067306519 -0.22440499067306519 -0.22440499067306519 -0.22440499067306519 -0.22440499067306519 -0.22440499067306519 -0.22440499067306519 -0.22440499067306519 -0.22440499067306519 -0.22440499067306519 -0.22440499067306519 -0.22440499067306519 -0.22440499067306519 -0.22440499067306519 -0.22440499067306519 -0.22440499067306519 -0.22440499067306519 -0.22440499067306519 -0.22440499067306519 -0.22440499067306519
6.802371978759766 -0.18166778981685638 -0.18411123752593994 -0.15316379070281982 -0.22440499067306519 -0.22440499067306519 -0.22440499067306519 -0.22440499067306519 -0.22440499067306519 -0.22440499067306519 -0.22440499067306519 -0.22440499067306519 -0.22440499067306519 -0.22440499067306519 -0.22440499067306519 -0.22440499067306519 -0.22440499067306519 -0.22440499067306519 -0.22440499067306519 -0.22440499067306519 -0.22440499067306519 -0.22440499067306519 -0.22440499067306519 -0.22440499067306519 -0.22440499067306519 -0.22440499067306519 -0.22440499067306519 -0.22440499067306519 -0.22440499067306519 -0.22440499067306519 -0.22440499067306519 -0.22440499067306519
6.758685111999512 -0.18526621162891388 -0.18660235404968262 -0.1799459159374237 -0.1478738635778427 -0.22440499067306519 -0.22440499067306519 -0.22440499067306519 -0.22440499067306519 -0.22440499067306519 -0.22440499067306519 -0.22440499067306519 -0.22440499067306519 -0.22440499067306519 -0.22440499067306519 -0.22440499067306519 -0.22440499067306519 -0.22440499067306519 -0.22440499067306519 -0.22440499067306519 -0.22440499067306519 -0.22440499067306519 -0.22440499067306519 -0.22440499067306519 -0.22440499067306519 -0.22440499067306519 -0.22440499067306519 -0.22440499067306519 -0.22440499067306519 -0.22440499067306519 -0.22440499067306519 -0.22440499067306519
6.712015151977539 -0.18723490834236145 -0.184933140873909 -0.1842430830001831 -0.17939209938049316 -0.14164036512374878 -0.22440499067306519 -0.22440499067306519 -0.22440499067306519 -0.22440499067306519 -0.22440499067306519 -0.22440499067306519 -0.22440499067306519 -0.22440499067306519 -0.22440499067306519 -0.22440499067306519 -0.22440499067306519 -0.22440499067306519 -0.22440499067306519 -0.22440499067306519 -0.22440499067306519 -0.22440499067306519 -0.22440499067306519 -0.22440499067306519 -0.22440499067306519 -0.22440499067306519 -0.22440499067306519 -0.22440499067306519 -0.22440499067306519 -0.22440499067306519 -0.22440499067306519 -0.22440499067306519
6.689045429229736 -0.19029492139816284 -0.1911545842885971 -0.1870974749326706 -0.18554233014583588 -0.17883256077766418 -0.14593268930912018 -0.22440499067306519 -0.22440499067306519 -0.22440499067306519 -0.22440499067306519 -0.22440499067306519 -0.22440499067306519 -0.22440499067306519 -0.22440499067306519 -0.22440499067306519 -0.22440499067306519 -0.22440499067306519 -0.22440499067306519 -0.22440499067306519 -0.22440499067306519 -0.22440499067306519 -0.22440499067306519 -0.22440499067306519 -0.22440499067306519 -0.22440499067306519 -0.22440499067306519 -0.22440499067306519 -0.22440499067306519 -0.22440499067306519 -0.22440499067306519 -0.22440499067306519
6.644219875335693 -0.17644146084785461 -0.1922425478696823 -0.1907619684934616 -0.18763770163059235 -0.18324807286262512 -0.1810370832681656 -0.14712326228618622 -0.22440499067306519 -0.22440499067306519 -0.22440499067306519 -0.22440499067306519 -0.22440499067306519 -0.22440499067306519 -0.22440499067306519 -0.22440499067306519 -0.22440499067306519 -0.22440499067306519 -0.22440499067306519 -0.22440499067306519 -0.22440499067306519 -0.22440499067306519 -0.22440499067306519 -0.22440499067306519 -0.22440499067306519 -0.22440499067306519 -0.22440499067306519 -0.22440499067306519 -0.22440499067306519 -0.22440499067306519 -0.22440499067306519 -0.22440499067306519
6.622674465179443 -0.18946093320846558 -0.19187472760677338 -0.19148781895637512 -0.1895400583744049 -0.18679185211658478 -0.18547938764095306 -0.18084467947483063 -0.14579814672470093 -0.22440499067306519 -0.22440499067306519 -0.22440499067306519 -0.22440499067306519 -0.22440499067306519 -0.22440499067306519 -0.22440499067306519 -0.22440499067306519 -0.22440499067306519 -0.22440499067306519 -0.22440499067306519 -0.22440499067306519 -0.22440499067306519 -0.22440499067306519 -0.22440499067306519 -0.22440499067306519 -0.22440499067306519 -0.22440499067306519 -0.22440499067306519 -0.22440499067306519 -0.22440499067306519 -0.22440499067306519 -0.22440499067306519
6.595163822174072 -0.19017121195793152 -0.19281025230884552 -0.19419842958450317 -0.19137905538082123 -0.18763092160224915 -0.18937379121780396 -0.18672390282154083 -0.1783573031425476 -0.14760123193264008 -0.22440499067306519 -0.22440499067306519 -0.22440499067306519 -0.22440499067306519 -0.22440499067306519 -0.22440499067306519 -0.22440499067306519 -0.22440499067306519 -0.22440499067306519 -0.22440499067306519 -0.22440499067306519 -0.22440499067306519 -0.22440499067306519 -0.22440499067306519 -0.22440499067306519 -0.22440499067306519 -0.22440499067306519 -0.22440499067306519 -0.22440499067306519 -0.22440499067306519 -0.22440499067306519 -0.22440499067306519
6.573166370391846 -0.1926305890083313 -0.19468025863170624 -0.19506439566612244 -0.1939193457365036 -0.1897793412208557 -0.19231566786766052 -0.18885952234268188 -0.18546687066555023 -0.18276993930339813 -0.14515136182308197 -0.22440499067306519 -0.22440499067306519 -0.22440499067306519 -0.22440499067306519 -0.22440499067306519 -0.22440499067306519 -0.22440499067306519 -0.22440499067306519 -0.22440499067306519 -0.22440499067306519 -0.22440499067306519 -0.22440499067306519 -0.22440499067306519 -0.22440499067306519 -0.22440499067306519 -0.22440499067306519 -0.22440499067306519 -0.22440499067306519 -0.22440499067306519 -0.22440499067306519 -0.22440499067306519
6.541916370391846 -0.19248472154140472 -0.1951073408126831 -0.19453571736812592 -0.1943531334400177 -0.19076527655124664 -0.1934644877910614 -0.19261404871940613 -0.1890363246202469 -0.18762437999248505 -0.18149779736995697 -0.14228807389736176 -0.22440499067306519 -0.22440499067306519 -0.22440499067306519 -0.22440499067306519 -0.22440499067306519 -0.22440499067306519 -0.22440499067306519 -0.22440499067306519 -0.22440499067306519 -0.22440499067306519 -0.22440499067306519 -0.22440499067306519 -0.22440499067306519 -0.22440499067306519 -0.22440499067306519 -0.22440499067306519 -0.22440499067306519 -0.22440499067306519 -0.22440499067306519 -0.22440499067306519
6.504040718078613 -0.19192375242710114 -0.19411377608776093 -0.19458182156085968 -0.1939428746700287 -0.19254428148269653 -0.1937819868326187 -0.1933848261833191 -0.19148749113082886 -0.1902054399251938 -0.1856713443994522 -0.17577241361141205 -0.14284101128578186 -0.22440499067306519 -0.22440499067306519 -0.22440499067306519 -0.22440499067306519 -0.22440499067306519 -0.22440499067306519 -0.22440499067306519 -0.22440499067306519 -0.22440499067306519 -0.22440499067306519 -0.22440499067306519 -0.22440499067306519 -0.22440499067306519 -0.22440499067306519 -0.22440499067306519 -0.22440499067306519 -0.22440499067306519 -0.22440499067306519 -0.22440499067306519
6.489076614379883 -0.193865105509758 -0.19661833345890045 -0.1950186938047409 -0.19440747797489166 -0.19215843081474304 -0.19470524787902832 -0.19433756172657013 -0.1924573928117752 -0.19349327683448792 -0.1898469626903534 -0.18582981824874878 -0.18207727372646332 -0.1449568271636963 -0.22440499067306519 -0.22440499067306519 -0.22440499067306519 -0.22440499067306519 -0.22440499067306519 -0.22440499067306519 -0.22440499067306519 -0.22440499067306519 -0.22440499067306519 -0.22440499067306519 -0.22440499067306519 -0.22440499067306519 -0.22440499067306519 -0.22440499067306519 -0.22440499067306519 -0.22440499067306519 -0.22440499067306519 -0.22440499067306519
6.4517059326171875 -0.19283859431743622 -0.19687670469284058 -0.1941724568605423 -0.1944529414176941 -0.19273431599140167 -0.1943952590227127 -0.1949278712272644 -0.1932077556848526 -0.19474689662456512 -0.19095197319984436 -0.1890232115983963 -0.1855761706829071 -0.18030990660190582 -0.14255261421203613 -0.22440499067306519 -0.22440499067306519 -0.22440499067306519 -0.22440499067306519 -0.22440499067306519 -0.22440499067306519 -0.22440499067306519 -0.22440499067306519 -0.22440499067306519 -0.22440499067306519 -0.22440499067306519 -0.22440499067306519 -0.22440499067306519 -0.22440499067306519 -0.22440499067306519 -0.22440499067306519 -0.22440499067306519
6.394083499908447 -0.19219164550304413 -0.1967754364013672 -0.19467641413211823 -0.19522610306739807 -0.1874982863664627 -0.19563809037208557 -0.19462884962558746 -0.18697813153266907 -0.19547110795974731 -0.19344694912433624 -0.1866333931684494 -0.18843799829483032 -0.18562790751457214 -0.18015094101428986 -0.13020823895931244 -0.22440499067306519 -0.22440499067306519 -0.22440499067306519 -0.22440499067306519 -0.22440499067306519 -0.22440499067306519 -0.22440499067306519 -0.22440499067306519 -0.22440499067306519 -0.22440499067306519 -0.22440499067306519 -0.22440499067306519 -0.22440499067306519 -0.22440499067306519 -0.22440499067306519 -0.22440499067306519
6.384528160095215 -0.19398348033428192 -0.1972595602273941 -0.1955169141292572 -0.19396930932998657 -0.19055069983005524 -0.19555819034576416 -0.19542987644672394 -0.19327378273010254 -0.1954948604106903 -0.1929791122674942 -0.18927443027496338 -0.19110894203186035 -0.18899723887443542 -0.1805122345685959 -0.1796257644891739 -0.1449122130870819 -0.22440499067306519 -0.22440499067306519 -0.22440499067306519 -0.22440499067306519 -0.22440499067306519 -0.22440499067306519 -0.22440499067306519 -0.22440499067306519 -0.22440499067306519 -0.22440499067306519 -0.22440499067306519 -0.22440499067306519 -0.22440499067306519 -0.22440499067306519 -0.22440499067306519
6.3579535484313965 -0.1937609314918518 -0.19605933129787445 -0.19521966576576233 -0.19487687945365906 -0.19441179931163788 -0.19417504966259003 -0.19520147144794464 -0.19202208518981934 -0.19629144668579102 -0.1943783462047577 -0.18228618800640106 -0.19348375499248505 -0.19091849029064178 -0.19006051123142242 -0.18648287653923035 -0.18092074990272522 -0.14569726586341858 -0.22440499067306519 -0.22440499067306519 -0.22440499067306519 -0.22440499067306519 -0.22440499067306519 -0.22440499067306519 -0.22440499067306519 -0.22440499067306519 -0.22440499067306519 -0.22440499067306519 -0.22440499067306519 -0.22440499067306519 -0.22440499067306519 -0.22440499067306519
6.326990127563477 -0.1937245875597 -0.19722072780132294 -0.19524472951889038 -0.19609835743904114 -0.19277429580688477 -0.1962113231420517 -0.1948053240776062 -0.1930931657552719 -0.1945909708738327 -0.19420954585075378 -0.18387174606323242 -0.19387558102607727 -0.1931047886610031 -0.1903209686279297 -0.1897612065076828 -0.18547622859477997 -0.18136833608150482 -0.14395563304424286 -0.22440499067306519 -0.22440499067306519 -0.22440499067306519 -0.22440499067306519 -0.22440499067306519 -0.22440499067306519 -0.22440499067306519 -0.22440499067306519 -0.22440499067306519 -0.22440499067306519 -0.22440499067306519 -0.22440499067306519 -0.22440499067306519
6.284197807312012 -0.19376161694526672 -0.19744333624839783 -0.19547030329704285 -0.19416072964668274 -0.1938503533601761 -0.19462986290454865 -0.19210216403007507 -0.19453266263008118 -0.1950685977935791 -0.19493336975574493 -0.18914709985256195 -0.19370870292186737 -0.19150887429714203 -0.18628041446208954 -0.19002172350883484 -0.18775680661201477 -0.1854856014251709 -0.1797432005405426 -0.14167506992816925 -0.22440499067306519 -0.22440499067306519 -0.22440499067306519 -0.22440499067306519 -0.22440499067306519 -0.22440499067306519 -0.22440499067306519 -0.22440499067306519 -0.22440499067306519 -0.22440499067306519 -0.22440499067306519 -0.22440499067306519
6.267816066741943 -0.1942785680294037 -0.19645629823207855 -0.1957707554101944 -0.19521963596343994 -0.1942097544670105 -0.196251779794693 -0.19537031650543213 -0.19414843618869781 -0.19629399478435516 -0.19430647790431976 -0.19105371832847595 -0.1939639300107956 -0.1940736621618271 -0.1918281614780426 -0.19354860484600067 -0.19025877118110657 -0.18936999142169952 -0.1838301718235016 -0.17898884415626526 -0.14013049006462097 -0.22440499067306519 -0.22440499067306519 -0.22440499067306519 -0.22440499067306519 -0.22440499067306519 -0.22440499067306519 -0.22440499067306519 -0.22440499067306519 -0.22440499067306519 -0.22440499067306519 -0.22440499067306519
6.230679512023926 -0.18905209004878998 -0.1968371719121933 -0.19478578865528107 -0.19380657374858856 -0.19198547303676605 -0.19712099432945251 -0.19606736302375793 -0.19387973845005035 -0.19656097888946533 -0.19388385117053986 -0.19186857342720032 -0.19402267038822174 -0.19540101289749146 -0.19066059589385986 -0.1936100721359253 -0.19345200061798096 -0.19081120193004608 -0.1899961680173874 -0.18534141778945923 -0.17626972496509552 -0.14116699993610382 -0.22440499067306519 -0.22440499067306519 -0.22440499067306519 -0.22440499067306519 -0.22440499067306519 -0.22440499067306519 -0.22440499067306519 -0.22440499067306519 -0.22440499067306519 -0.22440499067306519
6.217990875244141 -0.1939319372177124 -0.1966162472963333 -0.19460007548332214 -0.19564150273799896 -0.19354133307933807 -0.19624514877796173 -0.19709254801273346 -0.19583433866500854 -0.19599810242652893 -0.19399885833263397 -0.19128498435020447 -0.1946372240781784 -0.19390030205249786 -0.19293783605098724 -0.19526974856853485 -0.1947469860315323 -0.1929561048746109 -0.19245916604995728 -0.18960356712341309 -0.18287010490894318 -0.1795400232076645 -0.14457616209983826 -0.22440499067306519 -0.22440499067306519 -0.22440499067306519 -0.22440499067306519 -0.22440499067306519 -0.22440499067306519 -0.22440499067306519 -0.22440499067306519 -0.22440499067306519
6.189406871795654 -0.19052882492542267 -0.19652074575424194 -0.1962745189666748 -0.19655150175094604 -0.19232317805290222 -0.19617362320423126 -0.1968441605567932 -0.19541756808757782 -0.19705453515052795 -0.19530636072158813 -0.1896062046289444 -0.19225656986236572 -0.19404539465904236 -0.19636866450309753 -0.19587688148021698 -0.19578583538532257 -0.19552667438983917 -0.1944779008626938 -0.19122549891471863 -0.18822965025901794 -0.1855725646018982 -0.18128788471221924 -0.1408713310956955 -0.22440499067306519 -0.22440499067306519 -0.22440499067306519 -0.22440499067306519 -0.22440499067306519 -0.22440499067306519 -0.22440499067306519 -0.22440499067306519
6.155193328857422 -0.19180938601493835 -0.19719499349594116 -0.19611188769340515 -0.19662228226661682 -0.19425417482852936 -0.19638212025165558 -0.19644518196582794 -0.19349631667137146 -0.1965552270412445 -0.1964050680398941 -0.19175438582897186 -0.19464915990829468 -0.19278888404369354 -0.19460533559322357 -0.1951669305562973 -0.19588258862495422 -0.19602397084236145 -0.19502811133861542 -0.1929812729358673 -0.1881091445684433 -0.18706677854061127 -0.18627038598060608 -0.1794717162847519 -0.13922086358070374 -0.22440499067306519 -0.22440499067306519 -0.22440499067306519 -0.22440499067306519 -0.22440499067306519 -0.22440499067306519 -0.22440499067306519
6.112913608551025 -0.19288183748722076 -0.19652877748012543 -0.1951761692762375 -0.19565416872501373 -0.19305697083473206 -0.19770725071430206 -0.19469964504241943 -0.19433104991912842 -0.19697833061218262 -0.19485850632190704 -0.19242849946022034 -0.19502870738506317 -0.19397303462028503 -0.19096915423870087 -0.19513513147830963 -0.19536812603473663 -0.19584551453590393 -0.19550475478172302 -0.19101575016975403 -0.18500424921512604 -0.18972094357013702 -0.18943504989147186 -0.18441921472549438 -0.17754356563091278 -0.1435190737247467 -0.22440499067306519 -0.22440499067306519 -0.22440499067306519 -0.22440499067306519 -0.22440499067306519 -0.22440499067306519
6.089105606079102 -0.1934918463230133 -0.19581319391727448 -0.19664981961250305 -0.19688934087753296 -0.19476456940174103 -0.1975666582584381 -0.19763261079788208 -0.19658386707305908 -0.19761472940444946 -0.19520027935504913 -0.18696217238903046 -0.1942247897386551 -0.19205112755298615 -0.1911279708147049 -0.19547896087169647 -0.19580721855163574 -0.19456076622009277 -0.1962718367576599 -0.19250226020812988 -0.19153696298599243 -0.19273442029953003 -0.19113625586032867 -0.18808592855930328 -0.18139567971229553 -0.17936784029006958 -0.1418703943490982 -0.22440499067306519 -0.22440499067306519 -0.22440499067306519 -0.22440499067306519 -0.22440499067306519
6.078253269195557 -0.1960698515176773 -0.19588981568813324 -0.1967484951019287 -0.19636467099189758 -0.1956353485584259 -0.1966063380241394 -0.19765058159828186 -0.1971680223941803 -0.19807584583759308 -0.1952921599149704 -0.18653839826583862 -0.19554395973682404 -0.19385167956352234 -0.1939106434583664 -0.19582244753837585 -0.19642534852027893 -0.1952032744884491 -0.19666357338428497 -0.1937313973903656 -0.19433245062828064 -0.19368621706962585 -0.19377091526985168 -0.19196103513240814 -0.18761640787124634 -0.1851252019405365 -0.18008311092853546 -0.1411667764186859 -0.22440499067306519 -0.22440499067306519 -0.22440499067306519 -0.22440499067306519
6.061689376831055 -0.1949058175086975 -0.19672627747058868 -0.19642305374145508 -0.19756323099136353 -0.19715964794158936 -0.1970471441745758 -0.19555212557315826 -0.1971667855978012 -0.19760695099830627 -0.19692938029766083 -0.18865688145160675 -0.19579961895942688 -0.19572940468788147 -0.19587929546833038 -0.1957084983587265 -0.19690434634685516 -0.19586697220802307 -0.1973196268081665 -0.19236527383327484 -0.19383947551250458 -0.19449986517429352 -0.19622918963432312 -0.19257736206054688 -0.19118353724479675 -0.18981818854808807 -0.18554188311100006 -0.17954511940479279 -0.14417089521884918 -0.22440499067306519 -0.22440499067306519 -0.22440499067306519
6.021974563598633 -0.19499331712722778 -0.19676411151885986 -0.19692935049533844 -0.19768062233924866 -0.19746319949626923 -0.1965145468711853 -0.19727903604507446 -0.1953340321779251 -0.1980874240398407 -0.19714300334453583 -0.18771520256996155 -0.196155846118927 -0.19563904404640198 -0.19361448287963867 -0.19551242887973785 -0.1968223601579666 -0.19631384313106537 -0.19681812822818756 -0.1878557801246643 -0.19281747937202454 -0.19460748136043549 -0.1965581327676773 -0.19399642944335938 -0.19224786758422852 -0.19199489057064056 -0.1880534440279007 -0.18500792980194092 -0.18086080253124237 -0.1426602602005005 -0.22440499067306519 -0.22440499067306519
6.003416061401367 -0.1961570382118225 -0.19677922129631042 -0.19612137973308563 -0.19722579419612885 -0.19177934527397156 -0.19689804315567017 -0.19735214114189148 -0.1970680207014084 -0.19831223785877228 -0.19673964381217957 -0.19424593448638916 -0.1966244876384735 -0.19631905853748322 -0.19361862540245056 -0.1956975907087326 -0.19530996680259705 -0.19635027647018433 -0.1975499540567398 -0.19596484303474426 -0.18909846246242523 -0.19388164579868317 -0.19493572413921356 -0.19550710916519165 -0.19485291838645935 -0.19405391812324524 -0.19057008624076843 -0.1889043003320694 -0.18773026764392853 -0.18082492053508759 -0.142811581492424 -0.22440499067306519
5.946688175201416 -0.19439993798732758 -0.19547104835510254 -0.1954433023929596 -0.1964121013879776 -0.185682013630867 -0.1969793140888214 -0.19758835434913635 -0.19644132256507874 -0.19782736897468567 -0.19697517156600952 -0.19238166511058807 -0.19542035460472107 -0.193986713886261 -0.1951470524072647 -0.19547441601753235 -0.19502702355384827 -0.1964597851037979 -0.1961337924003601 -0.19564321637153625 -0.18827982246875763 -0.1927824318408966 -0.1948222815990448 -0.19547080993652344 -0.19418801367282867 -0.19511450827121735 -0.19144801795482635 -0.18854667246341705 -0.1901310682296753 -0.1868966668844223 -0.17985115945339203 -0.14054520428180695
