7.656617641448975 -0.24695222079753876 -0.24695222079753876 -0.24695222079753876 -0.24695222079753876 -0.24695222079753876 -0.24695222079753876 -0.24695222079753876 -0.24695222079753876 -0.24695222079753876 -0.24695222079753876 -0.24695222079753876 -0.24695222079753876 -0.24695222079753876 -0.24695222079753876 -0.24695222079753876 -0.24695222079753876 -0.24695222079753876 -0.24695222079753876 -0.24695222079753876 -0.24695222079753876 -0.24695222079753876 -0.24695222079753876 -0.24695222079753876 -0.24695222079753876 -0.24695222079753876 -0.24695222079753876 -0.24695222079753876 -0.24695222079753876 -0.24695222079753876 -0.24695222079753876 -0.24695222079753876
7.5587077140808105 -0.15013305842876434 -0.24695222079753876 -0.24695222079753876 -0.24695222079753876 -0.24695222079753876 -0.24695222079753876 -0.24695222079753876 -0.24695222079753876 -0.24695222079753876 -0.24695222079753876 -0.24695222079753876 -0.24695222079753876 -0.24695222079753876 -0.24695222079753876 -0.24695222079753876 -0.24695222079753876 -0.24695222079753876 -0.24695222079753876 -0.24695222079753876 -0.24695222079753876 -0.24695222079753876 -0.24695222079753876 -0.24695222079753876 -0.24695222079753876 -0.24695222079753876 -0.24695222079753876 -0.24695222079753876 -0.24695222079753876 -0.24695222079753876 -0.24695222079753876 -0.24695222079753876
7.2307538986206055 -0.008846078999340534 -0.06029621511697769 -0.24695222079753876 -0.24695222079753876 -0.24695222079753876 -0.24695222079753876 -0.24695222079753876 -0.24695222079753876 -0.24695222079753876 -0.24695222079753876 -0.24695222079753876 -0.24695222079753876 -0.24695222079753876 -0.24695222079753876 -0.24695222079753876 -0.24695222079753876 -0.24695222079753876 -0.24695222079753876 -0.24695222079753876 -0.24695222079753876 -0.24695222079753876 -0.24695222079753876 -0.24695222079753876 -0.24695222079753876 -0.24695222079753876 -0.24695222079753876 -0.24695222079753876 -0.24695222079753876 -0.24695222079753876 -0.24695222079753876 -0.24695222079753876
6.955480098724365 -0.022760337218642235 0.029791608452796936 -0.04779445379972458 -0.24695222079753876 -0.24695222079753876 -0.24695222079753876 -0.24695222079753876 -0.24695222079753876 -0.24695222079753876 -0.24695222079753876 -0.24695222079753876 -0.24695222079753876 -0.24695222079753876 -0.24695222079753876 -0.24695222079753876 -0.24695222079753876 -0.24695222079753876 -0.24695222079753876 -0.24695222079753876 -0.24695222079753876 -0.24695222079753876 -0.24695222079753876 -0.24695222079753876 -0.24695222079753876 -0.24695222079753876 -0.24695222079753876 -0.24695222079753876 -0.24695222079753876 -0.24695222079753876 -0.24695222079753876 -0.24695222079753876
6.677175998687744 -0.05850742757320404 0.02360261045396328 0.06395869702100754 -0.03847914934158325 -0.24695222079753876 -0.24695222079753876 -0.24695222079753876 -0.24695222079753876 -0.24695222079753876 -0.24695222079753876 -0.24695222079753876 -0.24695222079753876 -0.24695222079753876 -0.24695222079753876 -0.24695222079753876 -0.24695222079753876 -0.24695222079753876 -0.24695222079753876 -0.24695222079753876 -0.24695222079753876 -0.24695222079753876 -0.24695222079753876 -0.24695222079753876 -0.24695222079753876 -0.24695222079753876 -0.24695222079753876 -0.24695222079753876 -0.24695222079753876 -0.24695222079753876 -0.24695222079753876 -0.24695222079753876
6.446225166320801 -0.09298345446586609 -0.017161771655082703 0.03842141851782799 0.07917657494544983 -0.0328492633998394 -0.24695222079753876 -0.24695222079753876 -0.24695222079753876 -0.24695222079753876 -0.24695222079753876 -0.24695222079753876 -0.24695222079753876 -0.24695222079753876 -0.24695222079753876 -0.24695222079753876 -0.24695222079753876 -0.24695222079753876 -0.24695222079753876 -0.24695222079753876 -0.24695222079753876 -0.24695222079753876 -0.24695222079753876 -0.24695222079753876 -0.24695222079753876 -0.24695222079753876 -0.24695222079753876 -0.24695222079753876 -0.24695222079753876 -0.24695222079753876 -0.24695222079753876 -0.24695222079753876
6.235641956329346 -0.11242067813873291 -0.07044786959886551 -0.005891336593776941 0.06317614763975143 0.09522239863872528 -0.03143871948122978 -0.24695222079753876 -0.24695222079753876 -0.24695222079753876 -0.24695222079753876 -0.24695222079753876 -0.24695222079753876 -0.24695222079753876 -0.24695222079753876 -0.24695222079753876 -0.24695222079753876 -0.24695222079753876 -0.24695222079753876 -0.24695222079753876 -0.24695222079753876 -0.24695222079753876 -0.24695222079753876 -0.24695222079753876 -0.24695222079753876 -0.24695222079753876 -0.24695222079753876 -0.24695222079753876 -0.24695222079753876 -0.24695222079753876 -0.24695222079753876 -0.24695222079753876
6.039524078369141 -0.12849251925945282 -0.0919727310538292 -0.047638554126024246 0.018693678081035614 0.06630665808916092 0.09883236140012741 -0.02834884077310562 -0.24695222079753876 -0.24695222079753876 -0.24695222079753876 -0.24695222079753876 -0.24695222079753876 -0.24695222079753876 -0.24695222079753876 -0.24695222079753876 -0.24695222079753876 -0.24695222079753876 -0.24695222079753876 -0.24695222079753876 -0.24695222079753876 -0.24695222079753876 -0.24695222079753876 -0.24695222079753876 -0.24695222079753876 -0.24695222079753876 -0.24695222079753876 -0.24695222079753876 -0.24695222079753876 -0.24695222079753876 -0.24695222079753876 -0.24695222079753876
5.910210132598877 -0.14597751200199127 -0.1155984029173851 -0.0790506973862648 -0.03444971144199371 0.016072982922196388 0.06364241242408752 0.09213284403085709 -0.0270390622317791 -0.24695222079753876 -0.24695222079753876 -0.24695222079753876 -0.24695222079753876 -0.24695222079753876 -0.24695222079753876 -0.24695222079753876 -0.24695222079753876 -0.24695222079753876 -0.24695222079753876 -0.24695222079753876 -0.24695222079753876 -0.24695222079753876 -0.24695222079753876 -0.24695222079753876 -0.24695222079753876 -0.24695222079753876 -0.24695222079753876 -0.24695222079753876 -0.24695222079753876 -0.24695222079753876 -0.24695222079753876 -0.24695222079753876
5.74320650100708 -0.15452773869037628 -0.12312126904726028 -0.09208787977695465 -0.06667408347129822 -0.032465338706970215 0.00727446423843503 0.06273024529218674 0.10874949395656586 -0.020130373537540436 -0.24695222079753876 -0.24695222079753876 -0.24695222079753876 -0.24695222079753876 -0.24695222079753876 -0.24695222079753876 -0.24695222079753876 -0.24695222079753876 -0.24695222079753876 -0.24695222079753876 -0.24695222079753876 -0.24695222079753876 -0.24695222079753876 -0.24695222079753876 -0.24695222079753876 -0.24695222079753876 -0.24695222079753876 -0.24695222079753876 -0.24695222079753876 -0.24695222079753876 -0.24695222079753876 -0.24695222079753876
5.620903491973877 -0.16611145436763763 -0.13828206062316895 -0.10919851064682007 -0.0908549576997757 -0.06834274530410767 -0.03603054955601692 0.010859072208404541 0.0670715719461441 0.10673060268163681 -0.010638468898832798 -0.24695222079753876 -0.24695222079753876 -0.24695222079753876 -0.24695222079753876 -0.24695222079753876 -0.24695222079753876 -0.24695222079753876 -0.24695222079753876 -0.24695222079753876 -0.24695222079753876 -0.24695222079753876 -0.24695222079753876 -0.24695222079753876 -0.24695222079753876 -0.24695222079753876 -0.24695222079753876 -0.24695222079753876 -0.24695222079753876 -0.24695222079753876 -0.24695222079753876 -0.24695222079753876
5.506526470184326 -0.17352478206157684 -0.14780256152153015 -0.11918450146913528 -0.10372968763113022 -0.08632419258356094 -0.07312353700399399 -0.03692484647035599 0.013208471238613129 0.05939576029777527 0.11137529462575912 -0.01082318089902401 -0.24695222079753876 -0.24695222079753876 -0.24695222079753876 -0.24695222079753876 -0.24695222079753876 -0.24695222079753876 -0.24695222079753876 -0.24695222079753876 -0.24695222079753876 -0.24695222079753876 -0.24695222079753876 -0.24695222079753876 -0.24695222079753876 -0.24695222079753876 -0.24695222079753876 -0.24695222079753876 -0.24695222079753876 -0.24695222079753876 -0.24695222079753876 -0.24695222079753876
5.397168159484863 -0.1778770536184311 -0.1568116992712021 -0.13175484538078308 -0.11395149677991867 -0.10010688751935959 -0.08794739842414856 -0.07066456973552704 -0.03301339969038963 0.01057681255042553 0.06723055988550186 0.10899781435728073 -0.01968509331345558 -0.24695222079753876 -0.24695222079753876 -0.24695222079753876 -0.24695222079753876 -0.24695222079753876 -0.24695222079753876 -0.24695222079753876 -0.24695222079753876 -0.24695222079753876 -0.24695222079753876 -0.24695222079753876 -0.24695222079753876 -0.24695222079753876 -0.24695222079753876 -0.24695222079753876 -0.24695222079753876 -0.24695222079753876 -0.24695222079753876 -0.24695222079753876
5.307730197906494 -0.18358832597732544 -0.1624632626771927 -0.1446838527917862 -0.1288514882326126 -0.11232010275125504 -0.10454190522432327 -0.08958039432764053 -0.06755465269088745 -0.04000627249479294 0.02002677693963051 0.066822350025177 0.09754277020692825 -0.01332586258649826 -0.24695222079753876 -0.24695222079753876 -0.24695222079753876 -0.24695222079753876 -0.24695222079753876 -0.24695222079753876 -0.24695222079753876 -0.24695222079753876 -0.24695222079753876 -0.24695222079753876 -0.24695222079753876 -0.24695222079753876 -0.24695222079753876 -0.24695222079753876 -0.24695222079753876 -0.24695222079753876 -0.24695222079753876 -0.24695222079753876
5.23562479019165 -0.1905641257762909 -0.17069558799266815 -0.15198355913162231 -0.14329181611537933 -0.12810350954532623 -0.11481188982725143 -0.10319522023200989 -0.08784615248441696 -0.07385579496622086 -0.029199501499533653 0.011403510347008705 0.05822036415338516 0.10171502828598022 -0.0152147701010108 -0.24695222079753876 -0.24695222079753876 -0.24695222079753876 -0.24695222079753876 -0.24695222079753876 -0.24695222079753876 -0.24695222079753876 -0.24695222079753876 -0.24695222079753876 -0.24695222079753876 -0.24695222079753876 -0.24695222079753876 -0.24695222079753876 -0.24695222079753876 -0.24695222079753876 -0.24695222079753876 -0.24695222079753876
5.124935626983643 -0.19270186126232147 -0.17379115521907806 -0.15779000520706177 -0.1438790261745453 -0.13914163410663605 -0.12721137702465057 -0.1148737221956253 -0.10171977430582047 -0.0909738838672638 -0.06809110194444656 -0.027568461373448372 0.0075415559113025665 0.05681992322206497 0.11423489451408386 -0.014490747824311256 -0.24695222079753876 -0.24695222079753876 -0.24695222079753876 -0.24695222079753876 -0.24695222079753876 -0.24695222079753876 -0.24695222079753876 -0.24695222079753876 -0.24695222079753876 -0.24695222079753876 -0.24695222079753876 -0.24695222079753876 -0.24695222079753876 -0.24695222079753876 -0.24695222079753876 -0.24695222079753876
5.071320533752441 -0.19747427105903625 -0.18301686644554138 -0.16297882795333862 -0.15269935131072998 -0.147218719124794 -0.13697215914726257 -0.12753498554229736 -0.10589873045682907 -0.10261046886444092 -0.08515919744968414 -0.06486406177282333 -0.04087497293949127 0.008855991065502167 0.06407896429300308 0.09189415723085403 -0.024520354345440865 -0.24695222079753876 -0.24695222079753876 -0.24695222079753876 -0.24695222079753876 -0.24695222079753876 -0.24695222079753876 -0.24695222079753876 -0.24695222079753876 -0.24695222079753876 -0.24695222079753876 -0.24695222079753876 -0.24695222079753876 -0.24695222079753876 -0.24695222079753876 -0.24695222079753876
5.013368129730225 -0.19911222159862518 -0.1888630986213684 -0.17200422286987305 -0.1569395363330841 -0.15145854651927948 -0.14598077535629272 -0.1383185088634491 -0.11943523585796356 -0.10896703600883484 -0.09782596677541733 -0.08978988975286484 -0.07159362733364105 -0.029187016189098358 0.005498851183801889 0.0428682304918766 0.08560183644294739 -0.020514922216534615 -0.24695222079753876 -0.24695222079753876 -0.24695222079753876 -0.24695222079753876 -0.24695222079753876 -0.24695222079753876 -0.24695222079753876 -0.24695222079753876 -0.24695222079753876 -0.24695222079753876 -0.24695222079753876 -0.24695222079753876 -0.24695222079753876 -0.24695222079753876
4.936472415924072 -0.20124639570713043 -0.19212637841701508 -0.176433265209198 -0.16434602439403534 -0.1582980453968048 -0.15112504363059998 -0.14596188068389893 -0.12861427664756775 -0.1249454990029335 -0.11029470711946487 -0.09720330685377121 -0.09039247781038284 -0.06966444104909897 -0.034860625863075256 0.003016506554558873 0.04955122992396355 0.0922006368637085 -0.025315430015325546 -0.24695222079753876 -0.24695222079753876 -0.24695222079753876 -0.24695222079753876 -0.24695222079753876 -0.24695222079753876 -0.24695222079753876 -0.24695222079753876 -0.24695222079753876 -0.24695222079753876 -0.24695222079753876 -0.24695222079753876 -0.24695222079753876
4.894872665405273 -0.20308732986450195 -0.1922546923160553 -0.1819048374891281 -0.17361252009868622 -0.16281607747077942 -0.15629278123378754 -0.15024304389953613 -0.1456170529127121 -0.133796826004982 -0.12152136862277985 -0.10480237752199173 -0.1005948930978775 -0.0881832093000412 -0.06705226004123688 -0.05086332559585571 -0.0068646445870399475 0.044371794909238815 0.08506632596254349 -0.02130083739757538 -0.24695222079753876 -0.24695222079753876 -0.24695222079753876 -0.24695222079753876 -0.24695222079753876 -0.24695222079753876 -0.24695222079753876 -0.24695222079753876 -0.24695222079753876 -0.24695222079753876 -0.24695222079753876 -0.24695222079753876
4.872162342071533 -0.20697109401226044 -0.19326764345169067 -0.18409551680088043 -0.17758959531784058 -0.17120344936847687 -0.16294483840465546 -0.15680977702140808 -0.14891725778579712 -0.14401040971279144 -0.13411788642406464 -0.12494732439517975 -0.11509102582931519 -0.1049748957157135 -0.09679707139730453 -0.08339507132768631 -0.04881414398550987 -0.008545842953026295 0.041683394461870193 0.08643019199371338 -0.02130122296512127 -0.24695222079753876 -0.24695222079753876 -0.24695222079753876 -0.24695222079753876 -0.24695222079753876 -0.24695222079753876 -0.24695222079753876 -0.24695222079753876 -0.24695222079753876 -0.24695222079753876 -0.24695222079753876
4.8217082023620605 -0.21211989223957062 -0.19498760998249054 -0.1851646900177002 -0.1806301325559616 -0.17520445585250854 -0.16946084797382355 -0.160784050822258 -0.15480294823646545 -0.15128318965435028 -0.1444563865661621 -0.1341477632522583 -0.12858572602272034 -0.11127788573503494 -0.10614703595638275 -0.09896775335073471 -0.08233701437711716 -0.04803674295544624 -0.003963148687034845 0.04477668181061745 0.07583539932966232 -0.03039836883544922 -0.24695222079753876 -0.24695222079753876 -0.24695222079753876 -0.24695222079753876 -0.24695222079753876 -0.24695222079753876 -0.24695222079753876 -0.24695222079753876 -0.24695222079753876 -0.24695222079753876
4.808743000030518 -0.21460385620594025 -0.1998322755098343 -0.18473601341247559 -0.1821051836013794 -0.17696383595466614 -0.17679831385612488 -0.17014746367931366 -0.16017843782901764 -0.15571434795856476 -0.1488436758518219 -0.14224474132061005 -0.1390780508518219 -0.12560735642910004 -0.11744894832372665 -0.11177018284797668 -0.10269226133823395 -0.08394481241703033 -0.05179696902632713 -0.012662638910114765 0.03303024172782898 0.07007726281881332 -0.032077934592962265 -0.24695222079753876 -0.24695222079753876 -0.24695222079753876 -0.24695222079753876 -0.24695222079753876 -0.24695222079753876 -0.24695222079753876 -0.24695222079753876 -0.24695222079753876
4.7161946296691895 -0.21536920964717865 -0.20523586869239807 -0.18863612413406372 -0.18481983244419098 -0.18004313111305237 -0.17991915345191956 -0.17613494396209717 -0.1674933135509491 -0.16099204123020172 -0.15356531739234924 -0.1505323201417923 -0.14833688735961914 -0.13481998443603516 -0.12932270765304565 -0.12366674840450287 -0.11485421657562256 -0.10286860167980194 -0.08644420653581619 -0.05562335252761841 -0.014680415391921997 0.03907867893576622 0.12147331237792969 -0.02771710976958275 -0.24695222079753876 -0.24695222079753876 -0.24695222079753876 -0.24695222079753876 -0.24695222079753876 -0.24695222079753876 -0.24695222079753876 -0.24695222079753876
4.717197418212891 -0.21237631142139435 -0.20754992961883545 -0.1941550374031067 -0.1850317418575287 -0.18178397417068481 -0.17826588451862335 -0.17916446924209595 -0.1722455769777298 -0.1666981279850006 -0.1584063172340393 -0.15226423740386963 -0.15067727863788605 -0.13834907114505768 -0.1385052353143692 -0.13253873586654663 -0.12098263204097748 -0.11561337858438492 -0.10669427365064621 -0.08971872180700302 -0.05758526548743248 -0.017598923295736313 0.029014060273766518 0.06607729941606522 -0.02740580402314663 -0.24695222079753876 -0.24695222079753876 -0.24695222079753876 -0.24695222079753876 -0.24695222079753876 -0.24695222079753876 -0.24695222079753876
4.677698612213135 -0.20822249352931976 -0.20857380330562592 -0.20075158774852753 -0.18940819799900055 -0.1862853318452835 -0.17966248095035553 -0.18093736469745636 -0.17584718763828278 -0.1731325089931488 -0.1648518145084381 -0.15799696743488312 -0.15554779767990112 -0.13354043662548065 -0.14864343404769897 -0.1436644047498703 -0.133193701505661 -0.12578313052654266 -0.11453789472579956 -0.10548119992017746 -0.09062201529741287 -0.0635807141661644 -0.02237684093415737 0.023911278694868088 0.07242211699485779 -0.029979346320033073 -0.24695222079753876 -0.24695222079753876 -0.24695222079753876 -0.24695222079753876 -0.24695222079753876 -0.24695222079753876
4.656455993652344 -0.21262669563293457 -0.20802868902683258 -0.20292367041110992 -0.19721242785453796 -0.19221872091293335 -0.18472498655319214 -0.18329444527626038 -0.17607268691062927 -0.17651554942131042 -0.16837778687477112 -0.1667192131280899 -0.15873464941978455 -0.14887040853500366 -0.1513424515724182 -0.15069304406642914 -0.13826869428157806 -0.1317639797925949 -0.12429820001125336 -0.1152496412396431 -0.10493093729019165 -0.09251108765602112 -0.06311681121587753 -0.023135939612984657 0.02768370881676674 0.05888611823320389 -0.03692178055644035 -0.24695222079753876 -0.24695222079753876 -0.24695222079753876 -0.24695222079753876 -0.24695222079753876
4.595093250274658 -0.21689510345458984 -0.20582076907157898 -0.20083016157150269 -0.19975554943084717 -0.19842584431171417 -0.19182536005973816 -0.1856701374053955 -0.17927812039852142 -0.17925994098186493 -0.1755095273256302 -0.16670134663581848 -0.16355088353157043 -0.1475689858198166 -0.14348749816417694 -0.14009013772010803 -0.14389996230602264 -0.14301711320877075 -0.13165275752544403 -0.12284635007381439 -0.114555723965168 -0.11066999286413193 -0.09258481860160828 -0.059598684310913086 -0.021121295168995857 0.013226770795881748 0.05255701020359993 -0.03878355026245117 -0.24695222079753876 -0.24695222079753876 -0.24695222079753876 -0.24695222079753876
4.560744762420654 -0.22020521759986877 -0.2088300734758377 -0.19982360303401947 -0.19948361814022064 -0.19920562207698822 -0.19612447917461395 -0.19240491092205048 -0.1844233274459839 -0.18095682561397552 -0.17068146169185638 -0.173499196767807 -0.1691514253616333 -0.16056357324123383 -0.15869031846523285 -0.15917763113975525 -0.15457184612751007 -0.1462710201740265 -0.14451411366462708 -0.13432163000106812 -0.12720675766468048 -0.12014593183994293 -0.11147849261760712 -0.09463860839605331 -0.05891662463545799 -0.02445623092353344 0.03668903559446335 0.06355016678571701 -0.03069791942834854 -0.24695222079753876 -0.24695222079753876 -0.24695222079753876
4.562005519866943 -0.22311335802078247 -0.2125653326511383 -0.20151294767856598 -0.19868312776088715 -0.19853946566581726 -0.19827592372894287 -0.19592303037643433 -0.18889808654785156 -0.18402084708213806 -0.17338807880878448 -0.17509883642196655 -0.17393851280212402 -0.16184981167316437 -0.16556867957115173 -0.16334311664104462 -0.15936383605003357 -0.1552262008190155 -0.15143612027168274 -0.1463036984205246 -0.1370556801557541 -0.1305859386920929 -0.12234127521514893 -0.10932846367359161 -0.08925225585699081 -0.06379176676273346 -0.019566435366868973 0.01702689751982689 0.054832823574543 -0.04126454144716263 -0.24695222079753876 -0.24695222079753876
4.529665470123291 -0.22385954856872559 -0.21606184542179108 -0.2051241397857666 -0.19932805001735687 -0.197326198220253 -0.19841814041137695 -0.19811879098415375 -0.1934708058834076 -0.18914516270160675 -0.18115279078483582 -0.1766214221715927 -0.17757795751094818 -0.17015661299228668 -0.16952146589756012 -0.16513623297214508 -0.16459086537361145 -0.16021288931369781 -0.1571517288684845 -0.15363135933876038 -0.14881081879138947 -0.138675257563591 -0.11859028786420822 -0.11273863911628723 -0.10820169746875763 -0.09490829706192017 -0.06767678260803223 -0.01937035284936428 0.01124286837875843 0.05303022265434265 -0.041715871542692184 -0.24695222079753876
4.528216361999512 -0.22351500391960144 -0.2190474271774292 -0.21076269447803497 -0.20407630503177643 -0.1964949369430542 -0.19604374468326569 -0.1965516060590744 -0.19354012608528137 -0.19338323175907135 -0.18467171490192413 -0.17849238216876984 -0.17698045074939728 -0.17048896849155426 -0.17198775708675385 -0.171966090798378 -0.16819271445274353 -0.1655999720096588 -0.15983988344669342 -0.15478117763996124 -0.15627232193946838 -0.15043944120407104 -0.1389167755842209 -0.13031157851219177 -0.12262082099914551 -0.11489703506231308 -0.09480219334363937 -0.0653594583272934 -0.028993379324674606 0.008497379720211029 0.044466082006692886 -0.042448561638593674
