7.669017791748047 -0.24735216796398163 -0.24735216796398163 -0.24735216796398163 -0.24735216796398163 -0.24735216796398163 -0.24735216796398163 -0.24735216796398163 -0.24735216796398163 -0.24735216796398163 -0.24735216796398163 -0.24735216796398163 -0.24735216796398163 -0.24735216796398163 -0.24735216796398163 -0.24735216796398163 -0.24735216796398163 -0.24735216796398163 -0.24735216796398163 -0.24735216796398163 -0.24735216796398163 -0.24735216796398163 -0.24735216796398163 -0.24735216796398163 -0.24735216796398163 -0.24735216796398163 -0.24735216796398163 -0.24735216796398163 -0.24735216796398163 -0.24735216796398163 -0.24735216796398163 -0.24735216796398163
7.398756980895996 0.02174757979810238 -0.24735216796398163 -0.24735216796398163 -0.24735216796398163 -0.24735216796398163 -0.24735216796398163 -0.24735216796398163 -0.24735216796398163 -0.24735216796398163 -0.24735216796398163 -0.24735216796398163 -0.24735216796398163 -0.24735216796398163 -0.24735216796398163 -0.24735216796398163 -0.24735216796398163 -0.24735216796398163 -0.24735216796398163 -0.24735216796398163 -0.24735216796398163 -0.24735216796398163 -0.24735216796398163 -0.24735216796398163 -0.24735216796398163 -0.24735216796398163 -0.24735216796398163 -0.24735216796398163 -0.24735216796398163 -0.24735216796398163 -0.24735216796398163 -0.24735216796398163
7.058085918426514 0.23399904370307922 -0.11879311501979828 -0.24735216796398163 -0.24735216796398163 -0.24735216796398163 -0.24735216796398163 -0.24735216796398163 -0.24735216796398163 -0.24735216796398163 -0.24735216796398163 -0.24735216796398163 -0.24735216796398163 -0.24735216796398163 -0.24735216796398163 -0.24735216796398163 -0.24735216796398163 -0.24735216796398163 -0.24735216796398163 -0.24735216796398163 -0.24735216796398163 -0.24735216796398163 -0.24735216796398163 -0.24735216796398163 -0.24735216796398163 -0.24735216796398163 -0.24735216796398163 -0.24735216796398163 -0.24735216796398163 -0.24735216796398163 -0.24735216796398163 -0.24735216796398163
6.745621681213379 0.22104652225971222 0.06951947510242462 -0.11030394583940506 -0.24735216796398163 -0.24735216796398163 -0.24735216796398163 -0.24735216796398163 -0.24735216796398163 -0.24735216796398163 -0.24735216796398163 -0.24735216796398163 -0.24735216796398163 -0.24735216796398163 -0.24735216796398163 -0.24735216796398163 -0.24735216796398163 -0.24735216796398163 -0.24735216796398163 -0.24735216796398163 -0.24735216796398163 -0.24735216796398163 -0.24735216796398163 -0.24735216796398163 -0.24735216796398163 -0.24735216796398163 -0.24735216796398163 -0.24735216796398163 -0.24735216796398163 -0.24735216796398163 -0.24735216796398163 -0.24735216796398163
6.403558731079102 0.16300736367702484 0.12408998608589172 0.09347783774137497 -0.1056106761097908 -0.24735216796398163 -0.24735216796398163 -0.24735216796398163 -0.24735216796398163 -0.24735216796398163 -0.24735216796398163 -0.24735216796398163 -0.24735216796398163 -0.24735216796398163 -0.24735216796398163 -0.24735216796398163 -0.24735216796398163 -0.24735216796398163 -0.24735216796398163 -0.24735216796398163 -0.24735216796398163 -0.24735216796398163 -0.24735216796398163 -0.24735216796398163 -0.24735216796398163 -0.24735216796398163 -0.24735216796398163 -0.24735216796398163 -0.24735216796398163 -0.24735216796398163 -0.24735216796398163 -0.24735216796398163
6.103759288787842 0.11290965974330902 0.08826503902673721 0.13920247554779053 0.0928310677409172 -0.10580089688301086 -0.24735216796398163 -0.24735216796398163 -0.24735216796398163 -0.24735216796398163 -0.24735216796398163 -0.24735216796398163 -0.24735216796398163 -0.24735216796398163 -0.24735216796398163 -0.24735216796398163 -0.24735216796398163 -0.24735216796398163 -0.24735216796398163 -0.24735216796398163 -0.24735216796398163 -0.24735216796398163 -0.24735216796398163 -0.24735216796398163 -0.24735216796398163 -0.24735216796398163 -0.24735216796398163 -0.24735216796398163 -0.24735216796398163 -0.24735216796398163 -0.24735216796398163 -0.24735216796398163
5.815728187561035 0.0822300985455513 0.044698458164930344 0.11524101346731186 0.1403048038482666 0.09737210720777512 -0.11171193420886993 -0.24735216796398163 -0.24735216796398163 -0.24735216796398163 -0.24735216796398163 -0.24735216796398163 -0.24735216796398163 -0.24735216796398163 -0.24735216796398163 -0.24735216796398163 -0.24735216796398163 -0.24735216796398163 -0.24735216796398163 -0.24735216796398163 -0.24735216796398163 -0.24735216796398163 -0.24735216796398163 -0.24735216796398163 -0.24735216796398163 -0.24735216796398163 -0.24735216796398163 -0.24735216796398163 -0.24735216796398163 -0.24735216796398163 -0.24735216796398163 -0.24735216796398163
5.53970193862915 0.05310553312301636 0.03057590313255787 0.08939605951309204 0.1169716939330101 0.14811311662197113 0.07868083566427231 -0.12006969749927521 -0.24735216796398163 -0.24735216796398163 -0.24735216796398163 -0.24735216796398163 -0.24735216796398163 -0.24735216796398163 -0.24735216796398163 -0.24735216796398163 -0.24735216796398163 -0.24735216796398163 -0.24735216796398163 -0.24735216796398163 -0.24735216796398163 -0.24735216796398163 -0.24735216796398163 -0.24735216796398163 -0.24735216796398163 -0.24735216796398163 -0.24735216796398163 -0.24735216796398163 -0.24735216796398163 -0.24735216796398163 -0.24735216796398163 -0.24735216796398163
5.3665971755981445 0.039703745394945145 -0.001955463085323572 0.04481416940689087 0.0706271305680275 0.11744008213281631 0.10592745244503021 0.06803406029939651 -0.12200591713190079 -0.24735216796398163 -0.24735216796398163 -0.24735216796398163 -0.24735216796398163 -0.24735216796398163 -0.24735216796398163 -0.24735216796398163 -0.24735216796398163 -0.24735216796398163 -0.24735216796398163 -0.24735216796398163 -0.24735216796398163 -0.24735216796398163 -0.24735216796398163 -0.24735216796398163 -0.24735216796398163 -0.24735216796398163 -0.24735216796398163 -0.24735216796398163 -0.24735216796398163 -0.24735216796398163 -0.24735216796398163 -0.24735216796398163
5.131259441375732 0.002976503688842058 -0.010578728280961514 0.02854074165225029 0.045972757041454315 0.09208834171295166 0.09871065616607666 0.1035001128911972 0.06896740943193436 -0.11960802227258682 -0.24735216796398163 -0.24735216796398163 -0.24735216796398163 -0.24735216796398163 -0.24735216796398163 -0.24735216796398163 -0.24735216796398163 -0.24735216796398163 -0.24735216796398163 -0.24735216796398163 -0.24735216796398163 -0.24735216796398163 -0.24735216796398163 -0.24735216796398163 -0.24735216796398163 -0.24735216796398163 -0.24735216796398163 -0.24735216796398163 -0.24735216796398163 -0.24735216796398163 -0.24735216796398163 -0.24735216796398163
5.037919044494629 -0.016523871570825577 -0.03969955816864967 0.0011688127415254712 0.011345825158059597 0.03817860037088394 0.053177304565906525 0.08425354957580566 0.09335429966449738 0.05616474524140358 -0.12485755980014801 -0.24735216796398163 -0.24735216796398163 -0.24735216796398163 -0.24735216796398163 -0.24735216796398163 -0.24735216796398163 -0.24735216796398163 -0.24735216796398163 -0.24735216796398163 -0.24735216796398163 -0.24735216796398163 -0.24735216796398163 -0.24735216796398163 -0.24735216796398163 -0.24735216796398163 -0.24735216796398163 -0.24735216796398163 -0.24735216796398163 -0.24735216796398163 -0.24735216796398163 -0.24735216796398163
4.867907524108887 -0.029568271711468697 -0.05899908393621445 -0.021267903968691826 -0.008203241042792797 0.006234283559024334 0.02127673663198948 0.04917062819004059 0.08881431818008423 0.09410721808671951 0.06173556670546532 -0.12413197755813599 -0.24735216796398163 -0.24735216796398163 -0.24735216796398163 -0.24735216796398163 -0.24735216796398163 -0.24735216796398163 -0.24735216796398163 -0.24735216796398163 -0.24735216796398163 -0.24735216796398163 -0.24735216796398163 -0.24735216796398163 -0.24735216796398163 -0.24735216796398163 -0.24735216796398163 -0.24735216796398163 -0.24735216796398163 -0.24735216796398163 -0.24735216796398163 -0.24735216796398163
4.718908309936523 -0.05506351217627525 -0.08026939630508423 -0.038436196744441986 -0.016902852803468704 -0.009049885906279087 0.002871771575883031 0.017890242859721184 0.04686950892210007 0.0780990943312645 0.09360899776220322 0.07237065583467484 -0.13116508722305298 -0.24735216796398163 -0.24735216796398163 -0.24735216796398163 -0.24735216796398163 -0.24735216796398163 -0.24735216796398163 -0.24735216796398163 -0.24735216796398163 -0.24735216796398163 -0.24735216796398163 -0.24735216796398163 -0.24735216796398163 -0.24735216796398163 -0.24735216796398163 -0.24735216796398163 -0.24735216796398163 -0.24735216796398163 -0.24735216796398163 -0.24735216796398163
4.591039657592773 -0.0695323795080185 -0.09881408512592316 -0.06478197127580643 -0.040883347392082214 -0.02526787668466568 -0.020977001637220383 -0.0014390444848686457 0.02740362286567688 0.05697142332792282 0.09310637414455414 0.09648554027080536 0.044923264533281326 -0.13583560287952423 -0.24735216796398163 -0.24735216796398163 -0.24735216796398163 -0.24735216796398163 -0.24735216796398163 -0.24735216796398163 -0.24735216796398163 -0.24735216796398163 -0.24735216796398163 -0.24735216796398163 -0.24735216796398163 -0.24735216796398163 -0.24735216796398163 -0.24735216796398163 -0.24735216796398163 -0.24735216796398163 -0.24735216796398163 -0.24735216796398163
4.487949371337891 -0.07094184309244156 -0.10204039514064789 -0.07613052427768707 -0.06336628645658493 -0.04367142170667648 -0.03120865672826767 -0.02066155895590782 -0.0009721769602037966 0.011528600938618183 0.06165505200624466 0.07776179909706116 0.0739692971110344 0.03872400522232056 -0.13756634294986725 -0.24735216796398163 -0.24735216796398163 -0.24735216796398163 -0.24735216796398163 -0.24735216796398163 -0.24735216796398163 -0.24735216796398163 -0.24735216796398163 -0.24735216796398163 -0.24735216796398163 -0.24735216796398163 -0.24735216796398163 -0.24735216796398163 -0.24735216796398163 -0.24735216796398163 -0.24735216796398163 -0.24735216796398163
4.379147052764893 -0.08663471043109894 -0.10973033308982849 -0.08356967568397522 -0.07485103607177734 -0.06195016950368881 -0.04698674753308296 -0.03520108759403229 -0.020068686455488205 -0.0039732628501951694 0.022577764466404915 0.03962437063455582 0.08015385270118713 0.07173900306224823 0.02990606054663658 -0.1425299495458603 -0.24735216796398163 -0.24735216796398163 -0.24735216796398163 -0.24735216796398163 -0.24735216796398163 -0.24735216796398163 -0.24735216796398163 -0.24735216796398163 -0.24735216796398163 -0.24735216796398163 -0.24735216796398163 -0.24735216796398163 -0.24735216796398163 -0.24735216796398163 -0.24735216796398163 -0.24735216796398163
4.294981956481934 -0.09693161398172379 -0.1181129589676857 -0.09244967252016068 -0.08400008082389832 -0.07226338237524033 -0.06320716440677643 -0.048826005309820175 -0.026772137731313705 -0.026069847866892815 0.0013293703086674213 0.007132155355066061 0.036655109375715256 0.05815645679831505 0.06382502615451813 0.02044285461306572 -0.14356842637062073 -0.24735216796398163 -0.24735216796398163 -0.24735216796398163 -0.24735216796398163 -0.24735216796398163 -0.24735216796398163 -0.24735216796398163 -0.24735216796398163 -0.24735216796398163 -0.24735216796398163 -0.24735216796398163 -0.24735216796398163 -0.24735216796398163 -0.24735216796398163 -0.24735216796398163
4.2139081954956055 -0.10446295142173767 -0.12993909418582916 -0.10227786004543304 -0.09113825112581253 -0.08672185987234116 -0.07977919280529022 -0.06893649697303772 -0.053928110748529434 -0.04472110792994499 -0.0295085571706295 -0.008374692872166634 0.0014046423602849245 0.03837783634662628 0.05460873991250992 0.06677914410829544 0.030503682792186737 -0.14282740652561188 -0.24735216796398163 -0.24735216796398163 -0.24735216796398163 -0.24735216796398163 -0.24735216796398163 -0.24735216796398163 -0.24735216796398163 -0.24735216796398163 -0.24735216796398163 -0.24735216796398163 -0.24735216796398163 -0.24735216796398163 -0.24735216796398163 -0.24735216796398163
4.088433742523193 -0.11153672635555267 -0.14091937243938446 -0.10896442085504532 -0.0951002687215805 -0.09121733158826828 -0.08295424282550812 -0.07347161322832108 -0.055833958089351654 -0.053109895437955856 -0.03836105391383171 -0.02919788472354412 -0.014423085376620293 0.017457948997616768 0.02655641920864582 0.05720753222703934 0.04786818102002144 0.018709318712353706 -0.14553166925907135 -0.24735216796398163 -0.24735216796398163 -0.24735216796398163 -0.24735216796398163 -0.24735216796398163 -0.24735216796398163 -0.24735216796398163 -0.24735216796398163 -0.24735216796398163 -0.24735216796398163 -0.24735216796398163 -0.24735216796398163 -0.24735216796398163
4.006494045257568 -0.1126992404460907 -0.14859047532081604 -0.12160839140415192 -0.1051877960562706 -0.0897737517952919 -0.09249238669872284 -0.08301663398742676 -0.07504330575466156 -0.05780128389596939 -0.05217242240905762 -0.04098234325647354 -0.02406107261776924 -0.013022934086620808 -0.0059617310762405396 0.011949226260185242 0.034331128001213074 0.05970829352736473 0.02416563406586647 -0.14598016440868378 -0.24735216796398163 -0.24735216796398163 -0.24735216796398163 -0.24735216796398163 -0.24735216796398163 -0.24735216796398163 -0.24735216796398163 -0.24735216796398163 -0.24735216796398163 -0.24735216796398163 -0.24735216796398163 -0.24735216796398163
3.950571060180664 -0.11362563818693161 -0.15192864835262299 -0.1292513757944107 -0.11656829714775085 -0.1041673868894577 -0.09674277156591415 -0.08914182335138321 -0.08370087295770645 -0.07473516464233398 -0.06450340151786804 -0.05567213520407677 -0.04490405321121216 -0.0315619595348835 -0.02841733582317829 -0.009502356871962547 0.01901928149163723 0.03668811544775963 0.04429405555129051 0.01298649050295353 -0.14825646579265594 -0.24735216796398163 -0.24735216796398163 -0.24735216796398163 -0.24735216796398163 -0.24735216796398163 -0.24735216796398163 -0.24735216796398163 -0.24735216796398163 -0.24735216796398163 -0.24735216796398163 -0.24735216796398163
3.859229564666748 -0.11942653357982635 -0.1537635326385498 -0.134051114320755 -0.12848493456840515 -0.11704973876476288 -0.104704350233078 -0.10043226182460785 -0.09344887733459473 -0.08885437995195389 -0.08028849959373474 -0.06861653923988342 -0.06100306659936905 -0.04037816822528839 -0.045140765607357025 -0.025617076084017754 -0.00914756953716278 0.027517272159457207 0.042197007685899734 0.051613952964544296 0.012714840471744537 -0.1493290364742279 -0.24735216796398163 -0.24735216796398163 -0.24735216796398163 -0.24735216796398163 -0.24735216796398163 -0.24735216796398163 -0.24735216796398163 -0.24735216796398163 -0.24735216796398163 -0.24735216796398163
3.806511878967285 -0.1213315948843956 -0.15645955502986908 -0.1362808495759964 -0.1323784738779068 -0.12600423395633698 -0.1213335394859314 -0.11175937205553055 -0.10146033018827438 -0.09639617055654526 -0.08170706778764725 -0.075954370200634 -0.06086842343211174 -0.055235136300325394 -0.05592111498117447 -0.03899795562028885 -0.03247130662202835 0.003589897183701396 0.012776553630828857 0.03371245041489601 0.030537331476807594 -0.0029498799704015255 -0.15340732038021088 -0.24735216796398163 -0.24735216796398163 -0.24735216796398163 -0.24735216796398163 -0.24735216796398163 -0.24735216796398163 -0.24735216796398163 -0.24735216796398163 -0.24735216796398163
3.7366485595703125 -0.12880057096481323 -0.16455940902233124 -0.14334078133106232 -0.1377386897802353 -0.12878422439098358 -0.12654395401477814 -0.1201481968164444 -0.11089128255844116 -0.10021671652793884 -0.08136574178934097 -0.08325568586587906 -0.07391873002052307 -0.05894523486495018 -0.06934664398431778 -0.05770506337285042 -0.046233683824539185 -0.021276414394378662 -0.009283093735575676 0.009699486196041107 0.020183797925710678 0.024393748492002487 -0.0001947877899510786 -0.14951232075691223 -0.24735216796398163 -0.24735216796398163 -0.24735216796398163 -0.24735216796398163 -0.24735216796398163 -0.24735216796398163 -0.24735216796398163 -0.24735216796398163
3.7521426677703857 -0.129721999168396 -0.16735264658927917 -0.1477036029100418 -0.14196527004241943 -0.13532373309135437 -0.1318110227584839 -0.12801843881607056 -0.11976050585508347 -0.11127164214849472 -0.09896707534790039 -0.08298041671514511 -0.09000865370035172 -0.07740183919668198 -0.07656451314687729 -0.06463400274515152 -0.0626538097858429 -0.057309750467538834 -0.04116958752274513 -0.02512691542506218 -0.006643370259553194 0.01178804598748684 0.02140953205525875 -0.004826697520911694 -0.15262457728385925 -0.24735216796398163 -0.24735216796398163 -0.24735216796398163 -0.24735216796398163 -0.24735216796398163 -0.24735216796398163 -0.24735216796398163
3.6824827194213867 -0.13024169206619263 -0.1692463904619217 -0.15382927656173706 -0.14477631449699402 -0.13878490030765533 -0.13576731085777283 -0.13517698645591736 -0.12759163975715637 -0.11856382340192795 -0.10696863383054733 -0.09566592425107956 -0.09545063972473145 -0.08611173182725906 -0.08905050158500671 -0.07885807007551193 -0.07233147323131561 -0.06705242395401001 -0.04838629812002182 -0.03731577470898628 -0.03025268204510212 -0.010470021516084671 0.011454424820840359 0.02351592481136322 -0.007177022285759449 -0.15458732843399048 -0.24735216796398163 -0.24735216796398163 -0.24735216796398163 -0.24735216796398163 -0.24735216796398163 -0.24735216796398163
3.6234750747680664 -0.13853080570697784 -0.17492397129535675 -0.16304060816764832 -0.15283140540122986 -0.144693523645401 -0.13970160484313965 -0.13446582853794098 -0.13121838867664337 -0.12236848473548889 -0.11326287686824799 -0.10564590245485306 -0.09701203554868698 -0.09410878270864487 -0.09473852068185806 -0.08913129568099976 -0.08317797631025314 -0.0740199163556099 -0.055517226457595825 -0.04954191669821739 -0.046269673854112625 -0.032292336225509644 -0.01036868430674076 0.008382171392440796 0.01928652636706829 -0.01211186870932579 -0.15571345388889313 -0.24735216796398163 -0.24735216796398163 -0.24735216796398163 -0.24735216796398163 -0.24735216796398163
3.53926157951355 -0.14552289247512817 -0.17666305601596832 -0.1673082560300827 -0.16237059235572815 -0.154268279671669 -0.14719687402248383 -0.13689358532428741 -0.13272345066070557 -0.1312510222196579 -0.12386929243803024 -0.11216087639331818 -0.10839048027992249 -0.09275302290916443 -0.08619468659162521 -0.04955534636974335 -0.09548547863960266 -0.08938099443912506 -0.06724018603563309 -0.07076742500066757 -0.06300894170999527 -0.05181344598531723 -0.0207704808562994 -0.006903953850269318 0.006305430084466934 0.010818726383149624 -0.018753692507743835 -0.15604530274868011 -0.24735216796398163 -0.24735216796398163 -0.24735216796398163 -0.24735216796398163
3.4990291595458984 -0.14822793006896973 -0.17942117154598236 -0.16789592802524567 -0.16401273012161255 -0.15803708136081696 -0.15517336130142212 -0.14563243091106415 -0.13685005903244019 -0.13221022486686707 -0.11658051609992981 -0.12101823836565018 -0.1091463565826416 -0.09964301437139511 -0.10221806913614273 -0.10533804446458817 -0.09867291897535324 -0.08919604122638702 -0.07660295814275742 -0.0774068832397461 -0.07330764830112457 -0.06323037296533585 -0.05214620754122734 -0.03691055625677109 -0.006970416288822889 0.005674760323017836 0.014220969751477242 -0.004683717153966427 -0.1566287875175476 -0.24735216796398163 -0.24735216796398163 -0.24735216796398163
3.477574586868286 -0.15118230879306793 -0.18193678557872772 -0.16888193786144257 -0.16599805653095245 -0.1617686152458191 -0.15960276126861572 -0.15312479436397552 -0.14352509379386902 -0.13715484738349915 -0.12741510570049286 -0.125898540019989 -0.12384762614965439 -0.09440819919109344 -0.10746216773986816 -0.10779000073671341 -0.10628893226385117 -0.10315844416618347 -0.09362562745809555 -0.08700906485319138 -0.0856124684214592 -0.07671210914850235 -0.0649179220199585 -0.053536754101514816 -0.03466548025608063 -0.015226238407194614 0.003743900917470455 0.01709190383553505 -0.01841648295521736 -0.15481996536254883 -0.24735216796398163 -0.24735216796398163
3.435678243637085 -0.15121299028396606 -0.18678365647792816 -0.1712079644203186 -0.16580253839492798 -0.16278648376464844 -0.16195084154605865 -0.1585264652967453 -0.14983177185058594 -0.144028902053833 -0.13652831315994263 -0.12936940789222717 -0.1274995058774948 -0.09882590174674988 -0.11621715128421783 -0.1122409999370575 -0.11283086985349655 -0.10912713408470154 -0.10450716316699982 -0.10050410777330399 -0.09823520481586456 -0.0882251039147377 -0.07485765963792801 -0.06525968760251999 -0.054638780653476715 -0.035546571016311646 -0.015294698998332024 0.0009088521474041045 0.012815640307962894 -0.013395083136856556 -0.15715144574642181 -0.24735216796398163
3.402884006500244 -0.14710772037506104 -0.18727289140224457 -0.17628395557403564 -0.16729630529880524 -0.1555619239807129 -0.1584278792142868 -0.15772458910942078 -0.1497105360031128 -0.15130940079689026 -0.14348135888576508 -0.13132916390895844 -0.130746990442276 -0.12712164223194122 -0.12408376485109329 -0.11822737008333206 -0.1176980659365654 -0.11276012659072876 -0.11071033030748367 -0.1046428382396698 -0.1030624657869339 -0.09945246577262878 -0.08647079020738602 -0.0822419747710228 -0.07319099456071854 -0.06329939514398575 -0.044270891696214676 -0.01405304204672575 0.004380565602332354 0.010248974896967411 -0.023936593905091286 -0.15634669363498688
