6.135700702667236 -0.19789741933345795 -0.19789741933345795 -0.19789741933345795 -0.19789741933345795 -0.19789741933345795 -0.19789741933345795 -0.19789741933345795 -0.19789741933345795 -0.19789741933345795 -0.19789741933345795 -0.19789741933345795 -0.19789741933345795 -0.19789741933345795 -0.19789741933345795 -0.19789741933345795 -0.19789741933345795 -0.19789741933345795 -0.19789741933345795 -0.19789741933345795 -0.19789741933345795 -0.19789741933345795 -0.19789741933345795 -0.19789741933345795 -0.19789741933345795 -0.19789741933345795 -0.19789741933345795 -0.19789741933345795 -0.19789741933345795 -0.19789741933345795 -0.19789741933345795 -0.19789741933345795
5.99008846282959 -0.05314890667796135 -0.19789741933345795 -0.19789741933345795 -0.19789741933345795 -0.19789741933345795 -0.19789741933345795 -0.19789741933345795 -0.19789741933345795 -0.19789741933345795 -0.19789741933345795 -0.19789741933345795 -0.19789741933345795 -0.19789741933345795 -0.19789741933345795 -0.19789741933345795 -0.19789741933345795 -0.19789741933345795 -0.19789741933345795 -0.19789741933345795 -0.19789741933345795 -0.19789741933345795 -0.19789741933345795 -0.19789741933345795 -0.19789741933345795 -0.19789741933345795 -0.19789741933345795 -0.19789741933345795 -0.19789741933345795 -0.19789741933345795 -0.19789741933345795 -0.19789741933345795
5.7756757736206055 0.029279513284564018 -0.06588872522115707 -0.19789741933345795 -0.19789741933345795 -0.19789741933345795 -0.19789741933345795 -0.19789741933345795 -0.19789741933345795 -0.19789741933345795 -0.19789741933345795 -0.19789741933345795 -0.19789741933345795 -0.19789741933345795 -0.19789741933345795 -0.19789741933345795 -0.19789741933345795 -0.19789741933345795 -0.19789741933345795 -0.19789741933345795 -0.19789741933345795 -0.19789741933345795 -0.19789741933345795 -0.19789741933345795 -0.19789741933345795 -0.19789741933345795 -0.19789741933345795 -0.19789741933345795 -0.19789741933345795 -0.19789741933345795 -0.19789741933345795 -0.19789741933345795
5.676130294799805 -0.051984239369630814 0.006127046421170235 -0.08903699368238449 -0.19789741933345795 -0.19789741933345795 -0.19789741933345795 -0.19789741933345795 -0.19789741933345795 -0.19789741933345795 -0.19789741933345795 -0.19789741933345795 -0.19789741933345795 -0.19789741933345795 -0.19789741933345795 -0.19789741933345795 -0.19789741933345795 -0.19789741933345795 -0.19789741933345795 -0.19789741933345795 -0.19789741933345795 -0.19789741933345795 -0.19789741933345795 -0.19789741933345795 -0.19789741933345795 -0.19789741933345795 -0.19789741933345795 -0.19789741933345795 -0.19789741933345795 -0.19789741933345795 -0.19789741933345795 -0.19789741933345795
5.527317523956299 -0.0817495808005333 -0.019896378740668297 -0.006196328904479742 -0.07618784159421921 -0.19789741933345795 -0.19789741933345795 -0.19789741933345795 -0.19789741933345795 -0.19789741933345795 -0.19789741933345795 -0.19789741933345795 -0.19789741933345795 -0.19789741933345795 -0.19789741933345795 -0.19789741933345795 -0.19789741933345795 -0.19789741933345795 -0.19789741933345795 -0.19789741933345795 -0.19789741933345795 -0.19789741933345795 -0.19789741933345795 -0.19789741933345795 -0.19789741933345795 -0.19789741933345795 -0.19789741933345795 -0.19789741933345795 -0.19789741933345795 -0.19789741933345795 -0.19789741933345795 -0.19789741933345795
5.4816365242004395 -0.10792693495750427 -0.0938693955540657 -0.05119049921631813 -0.0018348165322095156 -0.0814376175403595 -0.19789741933345795 -0.19789741933345795 -0.19789741933345795 -0.19789741933345795 -0.19789741933345795 -0.19789741933345795 -0.19789741933345795 -0.19789741933345795 -0.19789741933345795 -0.19789741933345795 -0.19789741933345795 -0.19789741933345795 -0.19789741933345795 -0.19789741933345795 -0.19789741933345795 -0.19789741933345795 -0.19789741933345795 -0.19789741933345795 -0.19789741933345795 -0.19789741933345795 -0.19789741933345795 -0.19789741933345795 -0.19789741933345795 -0.19789741933345795 -0.19789741933345795 -0.19789741933345795
5.409973621368408 -0.1213872954249382 -0.11151601374149323 -0.09462884068489075 -0.03559329733252525 -0.000771304767113179 -0.09860191494226456 -0.19789741933345795 -0.19789741933345795 -0.19789741933345795 -0.19789741933345795 -0.19789741933345795 -0.19789741933345795 -0.19789741933345795 -0.19789741933345795 -0.19789741933345795 -0.19789741933345795 -0.19789741933345795 -0.19789741933345795 -0.19789741933345795 -0.19789741933345795 -0.19789741933345795 -0.19789741933345795 -0.19789741933345795 -0.19789741933345795 -0.19789741933345795 -0.19789741933345795 -0.19789741933345795 -0.19789741933345795 -0.19789741933345795 -0.19789741933345795 -0.19789741933345795
5.411802768707275 -0.14059506356716156 -0.1374569684267044 -0.12497743964195251 -0.08965994417667389 -0.03725062683224678 -0.027779607102274895 -0.1044832319021225 -0.19789741933345795 -0.19789741933345795 -0.19789741933345795 -0.19789741933345795 -0.19789741933345795 -0.19789741933345795 -0.19789741933345795 -0.19789741933345795 -0.19789741933345795 -0.19789741933345795 -0.19789741933345795 -0.19789741933345795 -0.19789741933345795 -0.19789741933345795 -0.19789741933345795 -0.19789741933345795 -0.19789741933345795 -0.19789741933345795 -0.19789741933345795 -0.19789741933345795 -0.19789741933345795 -0.19789741933345795 -0.19789741933345795 -0.19789741933345795
5.419867992401123 -0.14764133095741272 -0.14699044823646545 -0.14595375955104828 -0.12293258309364319 -0.09437193721532822 -0.0671832412481308 -0.036677006632089615 -0.10645125806331635 -0.19789741933345795 -0.19789741933345795 -0.19789741933345795 -0.19789741933345795 -0.19789741933345795 -0.19789741933345795 -0.19789741933345795 -0.19789741933345795 -0.19789741933345795 -0.19789741933345795 -0.19789741933345795 -0.19789741933345795 -0.19789741933345795 -0.19789741933345795 -0.19789741933345795 -0.19789741933345795 -0.19789741933345795 -0.19789741933345795 -0.19789741933345795 -0.19789741933345795 -0.19789741933345795 -0.19789741933345795 -0.19789741933345795
5.440024375915527 -0.15739887952804565 -0.1531401127576828 -0.15598851442337036 -0.1456465870141983 -0.1309274435043335 -0.1124010682106018 -0.08098609745502472 -0.03676360100507736 -0.11301591992378235 -0.19789741933345795 -0.19789741933345795 -0.19789741933345795 -0.19789741933345795 -0.19789741933345795 -0.19789741933345795 -0.19789741933345795 -0.19789741933345795 -0.19789741933345795 -0.19789741933345795 -0.19789741933345795 -0.19789741933345795 -0.19789741933345795 -0.19789741933345795 -0.19789741933345795 -0.19789741933345795 -0.19789741933345795 -0.19789741933345795 -0.19789741933345795 -0.19789741933345795 -0.19789741933345795 -0.19789741933345795
5.4432220458984375 -0.16429124772548676 -0.15662598609924316 -0.16158811748027802 -0.15484508872032166 -0.14843204617500305 -0.13490983843803406 -0.1179027184844017 -0.08579665422439575 -0.048830632120370865 -0.11410099267959595 -0.19789741933345795 -0.19789741933345795 -0.19789741933345795 -0.19789741933345795 -0.19789741933345795 -0.19789741933345795 -0.19789741933345795 -0.19789741933345795 -0.19789741933345795 -0.19789741933345795 -0.19789741933345795 -0.19789741933345795 -0.19789741933345795 -0.19789741933345795 -0.19789741933345795 -0.19789741933345795 -0.19789741933345795 -0.19789741933345795 -0.19789741933345795 -0.19789741933345795 -0.19789741933345795
5.45529317855835 -0.1705426126718521 -0.16801024973392487 -0.1678091585636139 -0.16190025210380554 -0.15786820650100708 -0.15172810852527618 -0.14188209176063538 -0.12197818607091904 -0.0913858488202095 -0.04761495813727379 -0.11656548827886581 -0.19789741933345795 -0.19789741933345795 -0.19789741933345795 -0.19789741933345795 -0.19789741933345795 -0.19789741933345795 -0.19789741933345795 -0.19789741933345795 -0.19789741933345795 -0.19789741933345795 -0.19789741933345795 -0.19789741933345795 -0.19789741933345795 -0.19789741933345795 -0.19789741933345795 -0.19789741933345795 -0.19789741933345795 -0.19789741933345795 -0.19789741933345795 -0.19789741933345795
5.445230484008789 -0.174713134765625 -0.17396733164787292 -0.17405544221401215 -0.16766910254955292 -0.16253842413425446 -0.16151545941829681 -0.1553347408771515 -0.1428486555814743 -0.11987346410751343 -0.09175684303045273 -0.04386661946773529 -0.11700531840324402 -0.19789741933345795 -0.19789741933345795 -0.19789741933345795 -0.19789741933345795 -0.19789741933345795 -0.19789741933345795 -0.19789741933345795 -0.19789741933345795 -0.19789741933345795 -0.19789741933345795 -0.19789741933345795 -0.19789741933345795 -0.19789741933345795 -0.19789741933345795 -0.19789741933345795 -0.19789741933345795 -0.19789741933345795 -0.19789741933345795 -0.19789741933345795
5.447296619415283 -0.17697963118553162 -0.17688773572444916 -0.17823894321918488 -0.1735169142484665 -0.1691107153892517 -0.16640524566173553 -0.16304194927215576 -0.15617439150810242 -0.1446048468351364 -0.12353541702032089 -0.09492433071136475 -0.04398130625486374 -0.11766508221626282 -0.19789741933345795 -0.19789741933345795 -0.19789741933345795 -0.19789741933345795 -0.19789741933345795 -0.19789741933345795 -0.19789741933345795 -0.19789741933345795 -0.19789741933345795 -0.19789741933345795 -0.19789741933345795 -0.19789741933345795 -0.19789741933345795 -0.19789741933345795 -0.19789741933345795 -0.19789741933345795 -0.19789741933345795 -0.19789741933345795
5.424593925476074 -0.1800525039434433 -0.17792566120624542 -0.1805085986852646 -0.17691661417484283 -0.17502637207508087 -0.17105215787887573 -0.1664416790008545 -0.162685364484787 -0.15770463645458221 -0.1463666409254074 -0.12174881249666214 -0.0814458578824997 -0.044260259717702866 -0.11819466203451157 -0.19789741933345795 -0.19789741933345795 -0.19789741933345795 -0.19789741933345795 -0.19789741933345795 -0.19789741933345795 -0.19789741933345795 -0.19789741933345795 -0.19789741933345795 -0.19789741933345795 -0.19789741933345795 -0.19789741933345795 -0.19789741933345795 -0.19789741933345795 -0.19789741933345795 -0.19789741933345795 -0.19789741933345795
5.4296135902404785 -0.18267682194709778 -0.17855682969093323 -0.18137229979038239 -0.17936061322689056 -0.17968352138996124 -0.17627665400505066 -0.17276418209075928 -0.16792438924312592 -0.16328361630439758 -0.1578783094882965 -0.14528517425060272 -0.12110164016485214 -0.08579444885253906 -0.04981236159801483 -0.12146317213773727 -0.19789741933345795 -0.19789741933345795 -0.19789741933345795 -0.19789741933345795 -0.19789741933345795 -0.19789741933345795 -0.19789741933345795 -0.19789741933345795 -0.19789741933345795 -0.19789741933345795 -0.19789741933345795 -0.19789741933345795 -0.19789741933345795 -0.19789741933345795 -0.19789741933345795 -0.19789741933345795
5.415154933929443 -0.18546496331691742 -0.18103022873401642 -0.18261168897151947 -0.18151523172855377 -0.18227669596672058 -0.18084874749183655 -0.17705415189266205 -0.17230860888957977 -0.16807125508785248 -0.16279776394367218 -0.15260618925094604 -0.14058834314346313 -0.1208781749010086 -0.09254711866378784 -0.04756288230419159 -0.11848240345716476 -0.19789741933345795 -0.19789741933345795 -0.19789741933345795 -0.19789741933345795 -0.19789741933345795 -0.19789741933345795 -0.19789741933345795 -0.19789741933345795 -0.19789741933345795 -0.19789741933345795 -0.19789741933345795 -0.19789741933345795 -0.19789741933345795 -0.19789741933345795 -0.19789741933345795
5.427852630615234 -0.18801423907279968 -0.18343107402324677 -0.18402497470378876 -0.18314999341964722 -0.18357981741428375 -0.18364329636096954 -0.18211117386817932 -0.1784277856349945 -0.17479728162288666 -0.16819605231285095 -0.16431480646133423 -0.15892910957336426 -0.14383068680763245 -0.12523865699768066 -0.09173233807086945 -0.04368012398481369 -0.12018383294343948 -0.19789741933345795 -0.19789741933345795 -0.19789741933345795 -0.19789741933345795 -0.19789741933345795 -0.19789741933345795 -0.19789741933345795 -0.19789741933345795 -0.19789741933345795 -0.19789741933345795 -0.19789741933345795 -0.19789741933345795 -0.19789741933345795 -0.19789741933345795
5.431179523468018 -0.18870800733566284 -0.18578533828258514 -0.18612343072891235 -0.1841759979724884 -0.18388904631137848 -0.1844063252210617 -0.18421576917171478 -0.18206150829792023 -0.17853598296642303 -0.17319205403327942 -0.1687626987695694 -0.16456471383571625 -0.15729838609695435 -0.14527752995491028 -0.12499317526817322 -0.08850497007369995 -0.05428434908390045 -0.12370065599679947 -0.19789741933345795 -0.19789741933345795 -0.19789741933345795 -0.19789741933345795 -0.19789741933345795 -0.19789741933345795 -0.19789741933345795 -0.19789741933345795 -0.19789741933345795 -0.19789741933345795 -0.19789741933345795 -0.19789741933345795 -0.19789741933345795
5.4258646965026855 -0.18940302729606628 -0.1869720071554184 -0.18802039325237274 -0.18648098409175873 -0.18503588438034058 -0.18459264934062958 -0.1849735528230667 -0.18415644764900208 -0.18115057051181793 -0.1770741045475006 -0.17262525856494904 -0.1693747490644455 -0.16444887220859528 -0.1569092869758606 -0.14579609036445618 -0.12239024043083191 -0.09741250425577164 -0.0567205548286438 -0.11750754714012146 -0.19789741933345795 -0.19789741933345795 -0.19789741933345795 -0.19789741933345795 -0.19789741933345795 -0.19789741933345795 -0.19789741933345795 -0.19789741933345795 -0.19789741933345795 -0.19789741933345795 -0.19789741933345795 -0.19789741933345795
5.414069652557373 -0.18992751836776733 -0.18740998208522797 -0.18888786435127258 -0.18798260390758514 -0.1863356977701187 -0.1856973022222519 -0.18478325009346008 -0.1847020983695984 -0.18407541513442993 -0.18151932954788208 -0.17842918634414673 -0.17374685406684875 -0.17008641362190247 -0.1655440777540207 -0.15974466502666473 -0.14753058552742004 -0.12807728350162506 -0.09671595692634583 -0.04153527319431305 -0.11447294056415558 -0.19789741933345795 -0.19789741933345795 -0.19789741933345795 -0.19789741933345795 -0.19789741933345795 -0.19789741933345795 -0.19789741933345795 -0.19789741933345795 -0.19789741933345795 -0.19789741933345795 -0.19789741933345795
5.38992977142334 -0.1909673660993576 -0.18740995228290558 -0.18926312029361725 -0.1890735775232315 -0.1884411871433258 -0.18777993321418762 -0.18610523641109467 -0.18543694913387299 -0.18524934351444244 -0.18435990810394287 -0.18293797969818115 -0.17925576865673065 -0.17489133775234222 -0.17078249156475067 -0.16635921597480774 -0.1600361168384552 -0.15011066198349 -0.12795184552669525 -0.09371854364871979 -0.019266115501523018 -0.11151199787855148 -0.19789741933345795 -0.19789741933345795 -0.19789741933345795 -0.19789741933345795 -0.19789741933345795 -0.19789741933345795 -0.19789741933345795 -0.19789741933345795 -0.19789741933345795 -0.19789741933345795
5.386825084686279 -0.1915949434041977 -0.18736283481121063 -0.1892404556274414 -0.18921886384487152 -0.18907518684864044 -0.18887406587600708 -0.18758627772331238 -0.1860165148973465 -0.1850247085094452 -0.18481038510799408 -0.1839485615491867 -0.18191127479076385 -0.17918893694877625 -0.17461717128753662 -0.16981536149978638 -0.16387760639190674 -0.15993832051753998 -0.1458796262741089 -0.12399998307228088 -0.07932635396718979 -0.04382665082812309 -0.12059193849563599 -0.19789741933345795 -0.19789741933345795 -0.19789741933345795 -0.19789741933345795 -0.19789741933345795 -0.19789741933345795 -0.19789741933345795 -0.19789741933345795 -0.19789741933345795
5.373202323913574 -0.19175708293914795 -0.1888461410999298 -0.18990717828273773 -0.18909648060798645 -0.18911828100681305 -0.18988052010536194 -0.1894480437040329 -0.18791186809539795 -0.18480980396270752 -0.18444202840328217 -0.18050198256969452 -0.1843981146812439 -0.18242216110229492 -0.1788301318883896 -0.17493408918380737 -0.1701662540435791 -0.16661973297595978 -0.15857714414596558 -0.1485539972782135 -0.11140260100364685 -0.07598612457513809 -0.05116388574242592 -0.12121256440877914 -0.19789741933345795 -0.19789741933345795 -0.19789741933345795 -0.19789741933345795 -0.19789741933345795 -0.19789741933345795 -0.19789741933345795 -0.19789741933345795
5.411624431610107 -0.19044463336467743 -0.19010955095291138 -0.19072435796260834 -0.18866582214832306 -0.18885335326194763 -0.18943649530410767 -0.18960368633270264 -0.1885773092508316 -0.1871597021818161 -0.1852392852306366 -0.18508316576480865 -0.18551525473594666 -0.18394720554351807 -0.1827312558889389 -0.17930790781974792 -0.1744019240140915 -0.1714387685060501 -0.16638463735580444 -0.16090765595436096 -0.14792048931121826 -0.12759289145469666 -0.09675706923007965 -0.0540994368493557 -0.12138961255550385 -0.19789741933345795 -0.19789741933345795 -0.19789741933345795 -0.19789741933345795 -0.19789741933345795 -0.19789741933345795 -0.19789741933345795
5.40653133392334 -0.19152329862117767 -0.1910141110420227 -0.19194281101226807 -0.1910935342311859 -0.1901240050792694 -0.19034135341644287 -0.19046802818775177 -0.1902647316455841 -0.18981239199638367 -0.18779627978801727 -0.18695291876792908 -0.18636545538902283 -0.18552519381046295 -0.18532241880893707 -0.1835390031337738 -0.17961278557777405 -0.17588579654693604 -0.1714877039194107 -0.16740038990974426 -0.15925070643424988 -0.14251752197742462 -0.12282702326774597 -0.09382353723049164 -0.051598869264125824 -0.12289563566446304 -0.19789741933345795 -0.19789741933345795 -0.19789741933345795 -0.19789741933345795 -0.19789741933345795 -0.19789741933345795
5.405576705932617 -0.19130204617977142 -0.19074292480945587 -0.19226279854774475 -0.19214825332164764 -0.19150200486183167 -0.19098936021327972 -0.19065973162651062 -0.1905553638935089 -0.19068387150764465 -0.18934959173202515 -0.18859654664993286 -0.18730317056179047 -0.18639206886291504 -0.18572746217250824 -0.18519026041030884 -0.18326415121555328 -0.18018896877765656 -0.1751384437084198 -0.1716291606426239 -0.1667911410331726 -0.15996085107326508 -0.14902444183826447 -0.1260608285665512 -0.09203001856803894 -0.049622341990470886 -0.1191868856549263 -0.19789741933345795 -0.19789741933345795 -0.19789741933345795 -0.19789741933345795 -0.19789741933345795
5.420938014984131 -0.19168893992900848 -0.1902044117450714 -0.1920221894979477 -0.1925172060728073 -0.1923542469739914 -0.1920488327741623 -0.19123022258281708 -0.19088387489318848 -0.19115522503852844 -0.19071216881275177 -0.19006875157356262 -0.18879981338977814 -0.18720495700836182 -0.18645673990249634 -0.18646545708179474 -0.18604332208633423 -0.18407393991947174 -0.1801833063364029 -0.17576751112937927 -0.1718708723783493 -0.16705968976020813 -0.1604863852262497 -0.15007266402244568 -0.12841136753559113 -0.0977327972650528 -0.052674468606710434 -0.12142003327608109 -0.19789741933345795 -0.19789741933345795 -0.19789741933345795 -0.19789741933345795
5.405647277832031 -0.1921232044696808 -0.18968190252780914 -0.19147704541683197 -0.19226107001304626 -0.1929044872522354 -0.1928212195634842 -0.1920585334300995 -0.19144436717033386 -0.19116850197315216 -0.1910233497619629 -0.19080877304077148 -0.19023364782333374 -0.18894942104816437 -0.18766427040100098 -0.18696236610412598 -0.18664535880088806 -0.18569588661193848 -0.18370170891284943 -0.18043895065784454 -0.1757786124944687 -0.1706390529870987 -0.16612878441810608 -0.16022220253944397 -0.14864395558834076 -0.12857826054096222 -0.09170220792293549 -0.05257898569107056 -0.11986231803894043 -0.19789741933345795 -0.19789741933345795 -0.19789741933345795
5.393526554107666 -0.1920073926448822 -0.1899511218070984 -0.19077642261981964 -0.19145506620407104 -0.19252526760101318 -0.19311511516571045 -0.1927536576986313 -0.191910982131958 -0.1914060264825821 -0.1909952461719513 -0.19115525484085083 -0.1908801645040512 -0.19024033844470978 -0.189036563038826 -0.18753112852573395 -0.1867917776107788 -0.18628819286823273 -0.1855926364660263 -0.18370932340621948 -0.1796315610408783 -0.1751103401184082 -0.17095494270324707 -0.16603028774261475 -0.15741373598575592 -0.14857199788093567 -0.12325058877468109 -0.09754004329442978 -0.0496060810983181 -0.12173264473676682 -0.19789741933345795 -0.19789741933345795
5.405573844909668 -0.19206099212169647 -0.19045792520046234 -0.1909715086221695 -0.19117212295532227 -0.19202256202697754 -0.19293113052845 -0.19324171543121338 -0.19293606281280518 -0.19232194125652313 -0.19139143824577332 -0.1912752389907837 -0.19145675003528595 -0.1912614405155182 -0.19053618609905243 -0.18910230696201324 -0.18797419965267181 -0.18696479499340057 -0.18639151751995087 -0.18626396358013153 -0.18354009091854095 -0.18017932772636414 -0.17580462992191315 -0.17107154428958893 -0.16614806652069092 -0.16096295416355133 -0.14760862290859222 -0.13060010969638824 -0.0949162170290947 -0.0535421147942543 -0.12280844897031784 -0.19789741933345795
5.382882595062256 -0.1912262737751007 -0.1906692385673523 -0.19153957068920135 -0.1914428025484085 -0.19141769409179688 -0.19222509860992432 -0.1927676945924759 -0.19277364015579224 -0.1929822713136673 -0.19164696335792542 -0.1912490278482437 -0.19121280312538147 -0.19151711463928223 -0.19129608571529388 -0.1903810352087021 -0.18884755671024323 -0.18796302378177643 -0.18703435361385345 -0.18637317419052124 -0.185482919216156 -0.18382161855697632 -0.18083234131336212 -0.1753593236207962 -0.17139464616775513 -0.16856597363948822 -0.1608668863773346 -0.15032094717025757 -0.13091908395290375 -0.09541650861501694 -0.03420434519648552 -0.12139572203159332
