6.570556640625 -0.21192309260368347 -0.21192309260368347 -0.21192309260368347 -0.21192309260368347 -0.21192309260368347 -0.21192309260368347 -0.21192309260368347 -0.21192309260368347 -0.21192309260368347 -0.21192309260368347 -0.21192309260368347 -0.21192309260368347 -0.21192309260368347 -0.21192309260368347 -0.21192309260368347 -0.21192309260368347 -0.21192309260368347 -0.21192309260368347 -0.21192309260368347 -0.21192309260368347 -0.21192309260368347 -0.21192309260368347 -0.21192309260368347 -0.21192309260368347 -0.21192309260368347 -0.21192309260368347 -0.21192309260368347 -0.21192309260368347 -0.21192309260368347 -0.21192309260368347 -0.21192309260368347
6.482446193695068 -0.12479528039693832 -0.21192309260368347 -0.21192309260368347 -0.21192309260368347 -0.21192309260368347 -0.21192309260368347 -0.21192309260368347 -0.21192309260368347 -0.21192309260368347 -0.21192309260368347 -0.21192309260368347 -0.21192309260368347 -0.21192309260368347 -0.21192309260368347 -0.21192309260368347 -0.21192309260368347 -0.21192309260368347 -0.21192309260368347 -0.21192309260368347 -0.21192309260368347 -0.21192309260368347 -0.21192309260368347 -0.21192309260368347 -0.21192309260368347 -0.21192309260368347 -0.21192309260368347 -0.21192309260368347 -0.21192309260368347 -0.21192309260368347 -0.21192309260368347 -0.21192309260368347
6.451361179351807 -0.1747393161058426 -0.13079018890857697 -0.21192309260368347 -0.21192309260368347 -0.21192309260368347 -0.21192309260368347 -0.21192309260368347 -0.21192309260368347 -0.21192309260368347 -0.21192309260368347 -0.21192309260368347 -0.21192309260368347 -0.21192309260368347 -0.21192309260368347 -0.21192309260368347 -0.21192309260368347 -0.21192309260368347 -0.21192309260368347 -0.21192309260368347 -0.21192309260368347 -0.21192309260368347 -0.21192309260368347 -0.21192309260368347 -0.21192309260368347 -0.21192309260368347 -0.21192309260368347 -0.21192309260368347 -0.21192309260368347 -0.21192309260368347 -0.21192309260368347 -0.21192309260368347
6.424182415008545 -0.1833512783050537 -0.1759823113679886 -0.13102193176746368 -0.21192309260368347 -0.21192309260368347 -0.21192309260368347 -0.21192309260368347 -0.21192309260368347 -0.21192309260368347 -0.21192309260368347 -0.21192309260368347 -0.21192309260368347 -0.21192309260368347 -0.21192309260368347 -0.21192309260368347 -0.21192309260368347 -0.21192309260368347 -0.21192309260368347 -0.21192309260368347 -0.21192309260368347 -0.21192309260368347 -0.21192309260368347 -0.21192309260368347 -0.21192309260368347 -0.21192309260368347 -0.21192309260368347 -0.21192309260368347 -0.21192309260368347 -0.21192309260368347 -0.21192309260368347 -0.21192309260368347
6.407127857208252 -0.18729138374328613 -0.18332436680793762 -0.1790090948343277 -0.13554498553276062 -0.21192309260368347 -0.21192309260368347 -0.21192309260368347 -0.21192309260368347 -0.21192309260368347 -0.21192309260368347 -0.21192309260368347 -0.21192309260368347 -0.21192309260368347 -0.21192309260368347 -0.21192309260368347 -0.21192309260368347 -0.21192309260368347 -0.21192309260368347 -0.21192309260368347 -0.21192309260368347 -0.21192309260368347 -0.21192309260368347 -0.21192309260368347 -0.21192309260368347 -0.21192309260368347 -0.21192309260368347 -0.21192309260368347 -0.21192309260368347 -0.21192309260368347 -0.21192309260368347 -0.21192309260368347
6.378056526184082 -0.18906033039093018 -0.1859704554080963 -0.18475915491580963 -0.1764838546514511 -0.13174554705619812 -0.21192309260368347 -0.21192309260368347 -0.21192309260368347 -0.21192309260368347 -0.21192309260368347 -0.21192309260368347 -0.21192309260368347 -0.21192309260368347 -0.21192309260368347 -0.21192309260368347 -0.21192309260368347 -0.21192309260368347 -0.21192309260368347 -0.21192309260368347 -0.21192309260368347 -0.21192309260368347 -0.21192309260368347 -0.21192309260368347 -0.21192309260368347 -0.21192309260368347 -0.21192309260368347 -0.21192309260368347 -0.21192309260368347 -0.21192309260368347 -0.21192309260368347 -0.21192309260368347
6.384065628051758 -0.19296719133853912 -0.19079384207725525 -0.1916688233613968 -0.1869698017835617 -0.17770560085773468 -0.14584417641162872 -0.21192309260368347 -0.21192309260368347 -0.21192309260368347 -0.21192309260368347 -0.21192309260368347 -0.21192309260368347 -0.21192309260368347 -0.21192309260368347 -0.21192309260368347 -0.21192309260368347 -0.21192309260368347 -0.21192309260368347 -0.21192309260368347 -0.21192309260368347 -0.21192309260368347 -0.21192309260368347 -0.21192309260368347 -0.21192309260368347 -0.21192309260368347 -0.21192309260368347 -0.21192309260368347 -0.21192309260368347 -0.21192309260368347 -0.21192309260368347 -0.21192309260368347
6.376267433166504 -0.19510744512081146 -0.19480635225772858 -0.19598916172981262 -0.19084563851356506 -0.18718385696411133 -0.1817280650138855 -0.1444256603717804 -0.21192309260368347 -0.21192309260368347 -0.21192309260368347 -0.21192309260368347 -0.21192309260368347 -0.21192309260368347 -0.21192309260368347 -0.21192309260368347 -0.21192309260368347 -0.21192309260368347 -0.21192309260368347 -0.21192309260368347 -0.21192309260368347 -0.21192309260368347 -0.21192309260368347 -0.21192309260368347 -0.21192309260368347 -0.21192309260368347 -0.21192309260368347 -0.21192309260368347 -0.21192309260368347 -0.21192309260368347 -0.21192309260368347 -0.21192309260368347
6.369615077972412 -0.19552236795425415 -0.1947685331106186 -0.19646503031253815 -0.19367088377475739 -0.19189101457595825 -0.19113072752952576 -0.18213143944740295 -0.1497991979122162 -0.21192309260368347 -0.21192309260368347 -0.21192309260368347 -0.21192309260368347 -0.21192309260368347 -0.21192309260368347 -0.21192309260368347 -0.21192309260368347 -0.21192309260368347 -0.21192309260368347 -0.21192309260368347 -0.21192309260368347 -0.21192309260368347 -0.21192309260368347 -0.21192309260368347 -0.21192309260368347 -0.21192309260368347 -0.21192309260368347 -0.21192309260368347 -0.21192309260368347 -0.21192309260368347 -0.21192309260368347 -0.21192309260368347
6.369760990142822 -0.1963616907596588 -0.19267907738685608 -0.19848167896270752 -0.19696050882339478 -0.1960522085428238 -0.19528506696224213 -0.19122406840324402 -0.18455994129180908 -0.15578538179397583 -0.21192309260368347 -0.21192309260368347 -0.21192309260368347 -0.21192309260368347 -0.21192309260368347 -0.21192309260368347 -0.21192309260368347 -0.21192309260368347 -0.21192309260368347 -0.21192309260368347 -0.21192309260368347 -0.21192309260368347 -0.21192309260368347 -0.21192309260368347 -0.21192309260368347 -0.21192309260368347 -0.21192309260368347 -0.21192309260368347 -0.21192309260368347 -0.21192309260368347 -0.21192309260368347 -0.21192309260368347
6.369605541229248 -0.19739431142807007 -0.19538569450378418 -0.19981122016906738 -0.19834589958190918 -0.1981385201215744 -0.19800646603107452 -0.1958666443824768 -0.19344906508922577 -0.18861709535121918 -0.15418529510498047 -0.21192309260368347 -0.21192309260368347 -0.21192309260368347 -0.21192309260368347 -0.21192309260368347 -0.21192309260368347 -0.21192309260368347 -0.21192309260368347 -0.21192309260368347 -0.21192309260368347 -0.21192309260368347 -0.21192309260368347 -0.21192309260368347 -0.21192309260368347 -0.21192309260368347 -0.21192309260368347 -0.21192309260368347 -0.21192309260368347 -0.21192309260368347 -0.21192309260368347 -0.21192309260368347
6.36799430847168 -0.1991463154554367 -0.198780357837677 -0.20025195181369781 -0.19923797249794006 -0.19913649559020996 -0.19907161593437195 -0.19784876704216003 -0.19572922587394714 -0.19455136358737946 -0.18856005370616913 -0.15719342231750488 -0.21192309260368347 -0.21192309260368347 -0.21192309260368347 -0.21192309260368347 -0.21192309260368347 -0.21192309260368347 -0.21192309260368347 -0.21192309260368347 -0.21192309260368347 -0.21192309260368347 -0.21192309260368347 -0.21192309260368347 -0.21192309260368347 -0.21192309260368347 -0.21192309260368347 -0.21192309260368347 -0.21192309260368347 -0.21192309260368347 -0.21192309260368347 -0.21192309260368347
6.361106872558594 -0.1995847225189209 -0.19871361553668976 -0.20091816782951355 -0.20047329366207123 -0.1996792107820511 -0.19992129504680634 -0.19841520488262177 -0.1978069692850113 -0.19652695953845978 -0.19412736594676971 -0.19048967957496643 -0.15789051353931427 -0.21192309260368347 -0.21192309260368347 -0.21192309260368347 -0.21192309260368347 -0.21192309260368347 -0.21192309260368347 -0.21192309260368347 -0.21192309260368347 -0.21192309260368347 -0.21192309260368347 -0.21192309260368347 -0.21192309260368347 -0.21192309260368347 -0.21192309260368347 -0.21192309260368347 -0.21192309260368347 -0.21192309260368347 -0.21192309260368347 -0.21192309260368347
6.365503787994385 -0.20044606924057007 -0.19950388371944427 -0.20160171389579773 -0.20146968960762024 -0.20038767158985138 -0.2007061392068863 -0.20019084215164185 -0.19896262884140015 -0.1994180530309677 -0.19802631437778473 -0.19622129201889038 -0.19133678078651428 -0.16256803274154663 -0.21192309260368347 -0.21192309260368347 -0.21192309260368347 -0.21192309260368347 -0.21192309260368347 -0.21192309260368347 -0.21192309260368347 -0.21192309260368347 -0.21192309260368347 -0.21192309260368347 -0.21192309260368347 -0.21192309260368347 -0.21192309260368347 -0.21192309260368347 -0.21192309260368347 -0.21192309260368347 -0.21192309260368347 -0.21192309260368347
6.357860088348389 -0.20065127313137054 -0.2006554901599884 -0.20194274187088013 -0.20184218883514404 -0.2008720487356186 -0.20137275755405426 -0.20059911906719208 -0.20023052394390106 -0.20014899969100952 -0.1997445672750473 -0.1985165774822235 -0.19549892842769623 -0.1911230981349945 -0.1619299054145813 -0.21192309260368347 -0.21192309260368347 -0.21192309260368347 -0.21192309260368347 -0.21192309260368347 -0.21192309260368347 -0.21192309260368347 -0.21192309260368347 -0.21192309260368347 -0.21192309260368347 -0.21192309260368347 -0.21192309260368347 -0.21192309260368347 -0.21192309260368347 -0.21192309260368347 -0.21192309260368347 -0.21192309260368347
6.347670555114746 -0.20005881786346436 -0.20142923295497894 -0.20222841203212738 -0.20092779397964478 -0.20172692835330963 -0.2017107605934143 -0.20168980956077576 -0.20082689821720123 -0.20040179789066315 -0.2000664323568344 -0.19986099004745483 -0.19726312160491943 -0.19457758963108063 -0.19012752175331116 -0.16392982006072998 -0.21192309260368347 -0.21192309260368347 -0.21192309260368347 -0.21192309260368347 -0.21192309260368347 -0.21192309260368347 -0.21192309260368347 -0.21192309260368347 -0.21192309260368347 -0.21192309260368347 -0.21192309260368347 -0.21192309260368347 -0.21192309260368347 -0.21192309260368347 -0.21192309260368347 -0.21192309260368347
6.3425374031066895 -0.2004610300064087 -0.20267517864704132 -0.20253030955791473 -0.20181283354759216 -0.20176638662815094 -0.20222245156764984 -0.2022295445203781 -0.20140346884727478 -0.20051343739032745 -0.20111209154129028 -0.2010372430086136 -0.1991453766822815 -0.1979762762784958 -0.1945791095495224 -0.1917020082473755 -0.16246695816516876 -0.21192309260368347 -0.21192309260368347 -0.21192309260368347 -0.21192309260368347 -0.21192309260368347 -0.21192309260368347 -0.21192309260368347 -0.21192309260368347 -0.21192309260368347 -0.21192309260368347 -0.21192309260368347 -0.21192309260368347 -0.21192309260368347 -0.21192309260368347 -0.21192309260368347
6.337561130523682 -0.20153497159481049 -0.20323525369167328 -0.2027764618396759 -0.20221230387687683 -0.2019410878419876 -0.20228272676467896 -0.20213982462882996 -0.20170769095420837 -0.20161370933055878 -0.2014998346567154 -0.20097298920154572 -0.2001963108778 -0.19913025200366974 -0.19763033092021942 -0.19599927961826324 -0.19186829030513763 -0.16386418044567108 -0.21192309260368347 -0.21192309260368347 -0.21192309260368347 -0.21192309260368347 -0.21192309260368347 -0.21192309260368347 -0.21192309260368347 -0.21192309260368347 -0.21192309260368347 -0.21192309260368347 -0.21192309260368347 -0.21192309260368347 -0.21192309260368347 -0.21192309260368347
6.33036994934082 -0.20119532942771912 -0.20361755788326263 -0.20316492021083832 -0.20299960672855377 -0.20215153694152832 -0.20255008339881897 -0.202935591340065 -0.2022491991519928 -0.20211583375930786 -0.20181579887866974 -0.20166514813899994 -0.20138131082057953 -0.20075781643390656 -0.19922086596488953 -0.19820551574230194 -0.19589659571647644 -0.19180089235305786 -0.16156575083732605 -0.21192309260368347 -0.21192309260368347 -0.21192309260368347 -0.21192309260368347 -0.21192309260368347 -0.21192309260368347 -0.21192309260368347 -0.21192309260368347 -0.21192309260368347 -0.21192309260368347 -0.21192309260368347 -0.21192309260368347 -0.21192309260368347
6.322619438171387 -0.20133578777313232 -0.20384334027767181 -0.20337124168872833 -0.20281843841075897 -0.2026440054178238 -0.20276032388210297 -0.20271331071853638 -0.20226089656352997 -0.2025793343782425 -0.2020372897386551 -0.20182475447654724 -0.201393723487854 -0.20154127478599548 -0.2001243233680725 -0.19986297190189362 -0.1984250396490097 -0.1955966353416443 -0.19049157202243805 -0.16384731233119965 -0.21192309260368347 -0.21192309260368347 -0.21192309260368347 -0.21192309260368347 -0.21192309260368347 -0.21192309260368347 -0.21192309260368347 -0.21192309260368347 -0.21192309260368347 -0.21192309260368347 -0.21192309260368347 -0.21192309260368347
6.31030797958374 -0.20201580226421356 -0.20417024195194244 -0.2037050426006317 -0.20290635526180267 -0.20288048684597015 -0.20332151651382446 -0.20270170271396637 -0.20276996493339539 -0.20220628380775452 -0.1972416192293167 -0.20213298499584198 -0.2019636631011963 -0.20171605050563812 -0.20030491054058075 -0.2011893391609192 -0.20016033947467804 -0.19863848388195038 -0.1948569118976593 -0.18988709151744843 -0.1643724888563156 -0.21192309260368347 -0.21192309260368347 -0.21192309260368347 -0.21192309260368347 -0.21192309260368347 -0.21192309260368347 -0.21192309260368347 -0.21192309260368347 -0.21192309260368347 -0.21192309260368347 -0.21192309260368347
6.303712368011475 -0.202428936958313 -0.20428916811943054 -0.20380593836307526 -0.203556627035141 -0.20315703749656677 -0.20369234681129456 -0.20335990190505981 -0.20278583467006683 -0.20306789875030518 -0.19908569753170013 -0.20195719599723816 -0.20272527635097504 -0.20252294838428497 -0.19978296756744385 -0.2014368623495102 -0.19923970103263855 -0.19996364414691925 -0.1976453810930252 -0.19342170655727386 -0.19200077652931213 -0.16448993980884552 -0.21192309260368347 -0.21192309260368347 -0.21192309260368347 -0.21192309260368347 -0.21192309260368347 -0.21192309260368347 -0.21192309260368347 -0.21192309260368347 -0.21192309260368347 -0.21192309260368347
6.303793907165527 -0.202384352684021 -0.20437684655189514 -0.2041993886232376 -0.20386478304862976 -0.20355963706970215 -0.20391662418842316 -0.20355790853500366 -0.20306119322776794 -0.20344512164592743 -0.20103763043880463 -0.1995844691991806 -0.20300854742527008 -0.20318135619163513 -0.20254194736480713 -0.20245318114757538 -0.2007194459438324 -0.2010842114686966 -0.1991995871067047 -0.19830964505672455 -0.19676072895526886 -0.1909654140472412 -0.1652296781539917 -0.21192309260368347 -0.21192309260368347 -0.21192309260368347 -0.21192309260368347 -0.21192309260368347 -0.21192309260368347 -0.21192309260368347 -0.21192309260368347 -0.21192309260368347
6.3027448654174805 -0.20193669199943542 -0.20445089042186737 -0.2043558657169342 -0.20412197709083557 -0.203472301363945 -0.20398862659931183 -0.2039196938276291 -0.2028910219669342 -0.2041006088256836 -0.2033587098121643 -0.20253123342990875 -0.20255206525325775 -0.20347784459590912 -0.20269982516765594 -0.20325559377670288 -0.2024414986371994 -0.20221225917339325 -0.20125135779380798 -0.20023499429225922 -0.1991422027349472 -0.19644106924533844 -0.1920599639415741 -0.16244901716709137 -0.21192309260368347 -0.21192309260368347 -0.21192309260368347 -0.21192309260368347 -0.21192309260368347 -0.21192309260368347 -0.21192309260368347 -0.21192309260368347
6.298061370849609 -0.2022555023431778 -0.20446503162384033 -0.20437157154083252 -0.20418891310691833 -0.20380456745624542 -0.2041817158460617 -0.2042899876832962 -0.20364782214164734 -0.20369018614292145 -0.20348186790943146 -0.20347854495048523 -0.2038377821445465 -0.20327343046665192 -0.20284748077392578 -0.20311321318149567 -0.20286338031291962 -0.202642023563385 -0.20213566720485687 -0.20169176161289215 -0.20076978206634521 -0.19881026446819305 -0.19674257934093475 -0.19132716953754425 -0.162640780210495 -0.21192309260368347 -0.21192309260368347 -0.21192309260368347 -0.21192309260368347 -0.21192309260368347 -0.21192309260368347 -0.21192309260368347
6.281418800354004 -0.20207813382148743 -0.20451799035072327 -0.2042473703622818 -0.20429609715938568 -0.20409546792507172 -0.20417344570159912 -0.2044060230255127 -0.2040998637676239 -0.2038838416337967 -0.2035818248987198 -0.20363737642765045 -0.20356342196464539 -0.20341292023658752 -0.2024799883365631 -0.20387552678585052 -0.2027738243341446 -0.20336949825286865 -0.20251251757144928 -0.20134226977825165 -0.20179566740989685 -0.2004048079252243 -0.19923169910907745 -0.19679540395736694 -0.1873524785041809 -0.1582038849592209 -0.21192309260368347 -0.21192309260368347 -0.21192309260368347 -0.21192309260368347 -0.21192309260368347 -0.21192309260368347
6.280489444732666 -0.20186340808868408 -0.2045859843492508 -0.20441922545433044 -0.2041512131690979 -0.2039857804775238 -0.20455342531204224 -0.2045065015554428 -0.20412972569465637 -0.20386508107185364 -0.20412249863147736 -0.20412372052669525 -0.20376595854759216 -0.2041274756193161 -0.20331616699695587 -0.20407679677009583 -0.2038712054491043 -0.20347903668880463 -0.2031078338623047 -0.20300547778606415 -0.20254628360271454 -0.20192639529705048 -0.20040591061115265 -0.19922888278961182 -0.194668710231781 -0.18836194276809692 -0.16094021499156952 -0.21192309260368347 -0.21192309260368347 -0.21192309260368347 -0.21192309260368347 -0.21192309260368347
6.278192520141602 -0.20232297480106354 -0.2045191079378128 -0.20436178147792816 -0.2042509913444519 -0.20413263142108917 -0.20466794073581696 -0.2046455442905426 -0.20445752143859863 -0.20399188995361328 -0.20389071106910706 -0.20357319712638855 -0.20391598343849182 -0.20362292230129242 -0.20347271859645844 -0.2044544368982315 -0.204177588224411 -0.20379914343357086 -0.20299461483955383 -0.20329537987709045 -0.20292723178863525 -0.20247423648834229 -0.20178236067295074 -0.20029482245445251 -0.1991964429616928 -0.19391649961471558 -0.18914763629436493 -0.1664753258228302 -0.21192309260368347 -0.21192309260368347 -0.21192309260368347 -0.21192309260368347
6.277254581451416 -0.20308202505111694 -0.2048989087343216 -0.20467494428157806 -0.2042645961046219 -0.20399808883666992 -0.20479272305965424 -0.20480933785438538 -0.20446179807186127 -0.2042355239391327 -0.2039228081703186 -0.2042434960603714 -0.20358288288116455 -0.20386908948421478 -0.20342408120632172 -0.20435498654842377 -0.20377832651138306 -0.20410074293613434 -0.20369257032871246 -0.20328684151172638 -0.20377615094184875 -0.20286327600479126 -0.20209524035453796 -0.20144347846508026 -0.2004387378692627 -0.1985335797071457 -0.19654065370559692 -0.1916644275188446 -0.16692118346691132 -0.21192309260368347 -0.21192309260368347 -0.21192309260368347
6.265046119689941 -0.20299991965293884 -0.20486979186534882 -0.20462831854820251 -0.20442365109920502 -0.2040785253047943 -0.20462600886821747 -0.20453250408172607 -0.20453192293643951 -0.20498932898044586 -0.20461693406105042 -0.20416361093521118 -0.20392532646656036 -0.20384572446346283 -0.2037445604801178 -0.2038305401802063 -0.20434843003749847 -0.2042587846517563 -0.20361067354679108 -0.2035401612520218 -0.20348021388053894 -0.20308390259742737 -0.20260216295719147 -0.2020399421453476 -0.1993369609117508 -0.19851090013980865 -0.19800493121147156 -0.19693851470947266 -0.191101536154747 -0.1667901873588562 -0.21192309260368347 -0.21192309260368347
6.267578601837158 -0.2030903846025467 -0.2052474319934845 -0.20491863787174225 -0.2046276479959488 -0.20425669848918915 -0.20469482243061066 -0.20498177409172058 -0.2046595960855484 -0.20512740314006805 -0.20453289151191711 -0.20477713644504547 -0.20425903797149658 -0.20449477434158325 -0.20336830615997314 -0.20439013838768005 -0.20284952223300934 -0.20446895062923431 -0.20414404571056366 -0.20360806584358215 -0.20403563976287842 -0.20359934866428375 -0.20290373265743256 -0.20299868285655975 -0.20105557143688202 -0.20120927691459656 -0.19968001544475555 -0.1996067762374878 -0.1967250108718872 -0.19310662150382996 -0.16847987473011017 -0.21192309260368347
6.2603888511657715 -0.2022196501493454 -0.20509696006774902 -0.20506149530410767 -0.20476709306240082 -0.2043272703886032 -0.2045370638370514 -0.204813614487648 -0.20407836139202118 -0.205102801322937 -0.2046179175376892 -0.20495152473449707 -0.20455700159072876 -0.20432117581367493 -0.20345568656921387 -0.20460431277751923 -0.20110632479190826 -0.20433659851551056 -0.2042352259159088 -0.20451758801937103 -0.20418548583984375 -0.20306526124477386 -0.20363597571849823 -0.20304156839847565 -0.20213744044303894 -0.20198306441307068 -0.20161236822605133 -0.20093801617622375 -0.199344202876091 -0.1977733075618744 -0.19320209324359894 -0.16900816559791565
