6.318609237670898 -0.2037968784570694 -0.2037968784570694 -0.2037968784570694 -0.2037968784570694 -0.2037968784570694 -0.2037968784570694 -0.2037968784570694 -0.2037968784570694 -0.2037968784570694 -0.2037968784570694 -0.2037968784570694 -0.2037968784570694 -0.2037968784570694 -0.2037968784570694 -0.2037968784570694 -0.2037968784570694 -0.2037968784570694 -0.2037968784570694 -0.2037968784570694 -0.2037968784570694 -0.2037968784570694 -0.2037968784570694 -0.2037968784570694 -0.2037968784570694 -0.2037968784570694 -0.2037968784570694 -0.2037968784570694 -0.2037968784570694 -0.2037968784570694 -0.2037968784570694 -0.2037968784570694
5.961640357971191 0.15248827636241913 -0.2037968784570694 -0.2037968784570694 -0.2037968784570694 -0.2037968784570694 -0.2037968784570694 -0.2037968784570694 -0.2037968784570694 -0.2037968784570694 -0.2037968784570694 -0.2037968784570694 -0.2037968784570694 -0.2037968784570694 -0.2037968784570694 -0.2037968784570694 -0.2037968784570694 -0.2037968784570694 -0.2037968784570694 -0.2037968784570694 -0.2037968784570694 -0.2037968784570694 -0.2037968784570694 -0.2037968784570694 -0.2037968784570694 -0.2037968784570694 -0.2037968784570694 -0.2037968784570694 -0.2037968784570694 -0.2037968784570694 -0.2037968784570694 -0.2037968784570694
5.927013397216797 -0.06385456770658493 0.046960871666669846 -0.2037968784570694 -0.2037968784570694 -0.2037968784570694 -0.2037968784570694 -0.2037968784570694 -0.2037968784570694 -0.2037968784570694 -0.2037968784570694 -0.2037968784570694 -0.2037968784570694 -0.2037968784570694 -0.2037968784570694 -0.2037968784570694 -0.2037968784570694 -0.2037968784570694 -0.2037968784570694 -0.2037968784570694 -0.2037968784570694 -0.2037968784570694 -0.2037968784570694 -0.2037968784570694 -0.2037968784570694 -0.2037968784570694 -0.2037968784570694 -0.2037968784570694 -0.2037968784570694 -0.2037968784570694 -0.2037968784570694 -0.2037968784570694
5.8449907302856445 -0.09021467715501785 -0.07334211468696594 0.02492990344762802 -0.2037968784570694 -0.2037968784570694 -0.2037968784570694 -0.2037968784570694 -0.2037968784570694 -0.2037968784570694 -0.2037968784570694 -0.2037968784570694 -0.2037968784570694 -0.2037968784570694 -0.2037968784570694 -0.2037968784570694 -0.2037968784570694 -0.2037968784570694 -0.2037968784570694 -0.2037968784570694 -0.2037968784570694 -0.2037968784570694 -0.2037968784570694 -0.2037968784570694 -0.2037968784570694 -0.2037968784570694 -0.2037968784570694 -0.2037968784570694 -0.2037968784570694 -0.2037968784570694 -0.2037968784570694 -0.2037968784570694
5.800052165985107 -0.12016472965478897 -0.10804826766252518 -0.09206777065992355 0.022778846323490143 -0.2037968784570694 -0.2037968784570694 -0.2037968784570694 -0.2037968784570694 -0.2037968784570694 -0.2037968784570694 -0.2037968784570694 -0.2037968784570694 -0.2037968784570694 -0.2037968784570694 -0.2037968784570694 -0.2037968784570694 -0.2037968784570694 -0.2037968784570694 -0.2037968784570694 -0.2037968784570694 -0.2037968784570694 -0.2037968784570694 -0.2037968784570694 -0.2037968784570694 -0.2037968784570694 -0.2037968784570694 -0.2037968784570694 -0.2037968784570694 -0.2037968784570694 -0.2037968784570694 -0.2037968784570694
5.726765155792236 -0.12955120205879211 -0.11257629096508026 -0.12011127173900604 -0.08327260613441467 0.017475241795182228 -0.2037968784570694 -0.2037968784570694 -0.2037968784570694 -0.2037968784570694 -0.2037968784570694 -0.2037968784570694 -0.2037968784570694 -0.2037968784570694 -0.2037968784570694 -0.2037968784570694 -0.2037968784570694 -0.2037968784570694 -0.2037968784570694 -0.2037968784570694 -0.2037968784570694 -0.2037968784570694 -0.2037968784570694 -0.2037968784570694 -0.2037968784570694 -0.2037968784570694 -0.2037968784570694 -0.2037968784570694 -0.2037968784570694 -0.2037968784570694 -0.2037968784570694 -0.2037968784570694
5.707839488983154 -0.14022880792617798 -0.13603562116622925 -0.13067008554935455 -0.12297053635120392 -0.09036611765623093 0.007416827604174614 -0.2037968784570694 -0.2037968784570694 -0.2037968784570694 -0.2037968784570694 -0.2037968784570694 -0.2037968784570694 -0.2037968784570694 -0.2037968784570694 -0.2037968784570694 -0.2037968784570694 -0.2037968784570694 -0.2037968784570694 -0.2037968784570694 -0.2037968784570694 -0.2037968784570694 -0.2037968784570694 -0.2037968784570694 -0.2037968784570694 -0.2037968784570694 -0.2037968784570694 -0.2037968784570694 -0.2037968784570694 -0.2037968784570694 -0.2037968784570694 -0.2037968784570694
5.657407760620117 -0.14482691884040833 -0.13853859901428223 -0.13968294858932495 -0.12987586855888367 -0.12522228062152863 -0.09566428512334824 0.007580980658531189 -0.2037968784570694 -0.2037968784570694 -0.2037968784570694 -0.2037968784570694 -0.2037968784570694 -0.2037968784570694 -0.2037968784570694 -0.2037968784570694 -0.2037968784570694 -0.2037968784570694 -0.2037968784570694 -0.2037968784570694 -0.2037968784570694 -0.2037968784570694 -0.2037968784570694 -0.2037968784570694 -0.2037968784570694 -0.2037968784570694 -0.2037968784570694 -0.2037968784570694 -0.2037968784570694 -0.2037968784570694 -0.2037968784570694 -0.2037968784570694
5.5900797843933105 -0.15066182613372803 -0.13117294013500214 -0.14332735538482666 -0.14146140217781067 -0.13767153024673462 -0.12072653323411942 -0.07842973619699478 0.0007472578436136246 -0.2037968784570694 -0.2037968784570694 -0.2037968784570694 -0.2037968784570694 -0.2037968784570694 -0.2037968784570694 -0.2037968784570694 -0.2037968784570694 -0.2037968784570694 -0.2037968784570694 -0.2037968784570694 -0.2037968784570694 -0.2037968784570694 -0.2037968784570694 -0.2037968784570694 -0.2037968784570694 -0.2037968784570694 -0.2037968784570694 -0.2037968784570694 -0.2037968784570694 -0.2037968784570694 -0.2037968784570694 -0.2037968784570694
5.610570430755615 -0.15876662731170654 -0.15503853559494019 -0.1540008783340454 -0.14971047639846802 -0.147504523396492 -0.13620655238628387 -0.12571637332439423 -0.10021437704563141 0.0001950645964825526 -0.2037968784570694 -0.2037968784570694 -0.2037968784570694 -0.2037968784570694 -0.2037968784570694 -0.2037968784570694 -0.2037968784570694 -0.2037968784570694 -0.2037968784570694 -0.2037968784570694 -0.2037968784570694 -0.2037968784570694 -0.2037968784570694 -0.2037968784570694 -0.2037968784570694 -0.2037968784570694 -0.2037968784570694 -0.2037968784570694 -0.2037968784570694 -0.2037968784570694 -0.2037968784570694 -0.2037968784570694
5.569626331329346 -0.1624915897846222 -0.1589098423719406 -0.157191202044487 -0.15526416897773743 -0.1527014821767807 -0.1496441662311554 -0.14017696678638458 -0.12865427136421204 -0.09763868153095245 0.012785796076059341 -0.2037968784570694 -0.2037968784570694 -0.2037968784570694 -0.2037968784570694 -0.2037968784570694 -0.2037968784570694 -0.2037968784570694 -0.2037968784570694 -0.2037968784570694 -0.2037968784570694 -0.2037968784570694 -0.2037968784570694 -0.2037968784570694 -0.2037968784570694 -0.2037968784570694 -0.2037968784570694 -0.2037968784570694 -0.2037968784570694 -0.2037968784570694 -0.2037968784570694 -0.2037968784570694
5.566324234008789 -0.16732150316238403 -0.1633116453886032 -0.15999341011047363 -0.16100044548511505 -0.1570565402507782 -0.15363530814647675 -0.1498759537935257 -0.14508165419101715 -0.1330811083316803 -0.0850830227136612 -0.014882766641676426 -0.2037968784570694 -0.2037968784570694 -0.2037968784570694 -0.2037968784570694 -0.2037968784570694 -0.2037968784570694 -0.2037968784570694 -0.2037968784570694 -0.2037968784570694 -0.2037968784570694 -0.2037968784570694 -0.2037968784570694 -0.2037968784570694 -0.2037968784570694 -0.2037968784570694 -0.2037968784570694 -0.2037968784570694 -0.2037968784570694 -0.2037968784570694 -0.2037968784570694
5.544487953186035 -0.16883303225040436 -0.1671047806739807 -0.16528953611850739 -0.16359907388687134 -0.16176293790340424 -0.1571238934993744 -0.15431348979473114 -0.14814577996730804 -0.14413054287433624 -0.12418222427368164 -0.1031627506017685 -0.014646167866885662 -0.2037968784570694 -0.2037968784570694 -0.2037968784570694 -0.2037968784570694 -0.2037968784570694 -0.2037968784570694 -0.2037968784570694 -0.2037968784570694 -0.2037968784570694 -0.2037968784570694 -0.2037968784570694 -0.2037968784570694 -0.2037968784570694 -0.2037968784570694 -0.2037968784570694 -0.2037968784570694 -0.2037968784570694 -0.2037968784570694 -0.2037968784570694
5.540490627288818 -0.1715131253004074 -0.1685974895954132 -0.1657705307006836 -0.16783170402050018 -0.16564537584781647 -0.16207794845104218 -0.15959832072257996 -0.15711066126823425 -0.15224826335906982 -0.14412756264209747 -0.13763153553009033 -0.1102745532989502 -0.009686591103672981 -0.2037968784570694 -0.2037968784570694 -0.2037968784570694 -0.2037968784570694 -0.2037968784570694 -0.2037968784570694 -0.2037968784570694 -0.2037968784570694 -0.2037968784570694 -0.2037968784570694 -0.2037968784570694 -0.2037968784570694 -0.2037968784570694 -0.2037968784570694 -0.2037968784570694 -0.2037968784570694 -0.2037968784570694 -0.2037968784570694
5.476853847503662 -0.1723482459783554 -0.17082053422927856 -0.16786031424999237 -0.16971272230148315 -0.16671116650104523 -0.1659267544746399 -0.16303351521492004 -0.16136933863162994 -0.15503156185150146 -0.14327453076839447 -0.14409011602401733 -0.13553017377853394 -0.0859469324350357 -0.010624700225889683 -0.2037968784570694 -0.2037968784570694 -0.2037968784570694 -0.2037968784570694 -0.2037968784570694 -0.2037968784570694 -0.2037968784570694 -0.2037968784570694 -0.2037968784570694 -0.2037968784570694 -0.2037968784570694 -0.2037968784570694 -0.2037968784570694 -0.2037968784570694 -0.2037968784570694 -0.2037968784570694 -0.2037968784570694
5.503824710845947 -0.17322519421577454 -0.17247243225574493 -0.17174497246742249 -0.17209981381893158 -0.17013488709926605 -0.1682087481021881 -0.16635297238826752 -0.16295088827610016 -0.15861138701438904 -0.15841393172740936 -0.1529218852519989 -0.14586395025253296 -0.13590429723262787 -0.11323292553424835 -0.02089632675051689 -0.2037968784570694 -0.2037968784570694 -0.2037968784570694 -0.2037968784570694 -0.2037968784570694 -0.2037968784570694 -0.2037968784570694 -0.2037968784570694 -0.2037968784570694 -0.2037968784570694 -0.2037968784570694 -0.2037968784570694 -0.2037968784570694 -0.2037968784570694 -0.2037968784570694 -0.2037968784570694
5.451669216156006 -0.1740603893995285 -0.1740071326494217 -0.17181219160556793 -0.17396347224712372 -0.1721647083759308 -0.17048199474811554 -0.1690908521413803 -0.165944904088974 -0.16213716566562653 -0.1475704461336136 -0.1569361686706543 -0.15154416859149933 -0.14485390484333038 -0.13867171108722687 -0.10229786485433578 -0.019157245755195618 -0.2037968784570694 -0.2037968784570694 -0.2037968784570694 -0.2037968784570694 -0.2037968784570694 -0.2037968784570694 -0.2037968784570694 -0.2037968784570694 -0.2037968784570694 -0.2037968784570694 -0.2037968784570694 -0.2037968784570694 -0.2037968784570694 -0.2037968784570694 -0.2037968784570694
5.417407512664795 -0.17433089017868042 -0.17469392716884613 -0.17388376593589783 -0.1738027036190033 -0.17383559048175812 -0.17381414771080017 -0.1708548367023468 -0.16848227381706238 -0.16542299091815948 -0.1474696397781372 -0.15859366953372955 -0.1579407900571823 -0.1471608430147171 -0.15011830627918243 -0.1250629872083664 -0.10908637195825577 -0.019640127196907997 -0.2037968784570694 -0.2037968784570694 -0.2037968784570694 -0.2037968784570694 -0.2037968784570694 -0.2037968784570694 -0.2037968784570694 -0.2037968784570694 -0.2037968784570694 -0.2037968784570694 -0.2037968784570694 -0.2037968784570694 -0.2037968784570694 -0.2037968784570694
5.413330078125 -0.17786896228790283 -0.17624565958976746 -0.17521262168884277 -0.17577891051769257 -0.17458871006965637 -0.1753292977809906 -0.1719392091035843 -0.17251355946063995 -0.1684654951095581 -0.15802079439163208 -0.1599385142326355 -0.1603260636329651 -0.15680699050426483 -0.15404801070690155 -0.1356666386127472 -0.136254221200943 -0.11167635023593903 -0.023233188316226006 -0.2037968784570694 -0.2037968784570694 -0.2037968784570694 -0.2037968784570694 -0.2037968784570694 -0.2037968784570694 -0.2037968784570694 -0.2037968784570694 -0.2037968784570694 -0.2037968784570694 -0.2037968784570694 -0.2037968784570694 -0.2037968784570694
5.413694858551025 -0.17683842778205872 -0.177263543009758 -0.17676427960395813 -0.17565922439098358 -0.175028994679451 -0.17594420909881592 -0.17489290237426758 -0.17429079115390778 -0.16878700256347656 -0.16560319066047668 -0.16686397790908813 -0.16397809982299805 -0.15403981506824493 -0.16148477792739868 -0.1521400511264801 -0.14861971139907837 -0.14210067689418793 -0.10938236862421036 -0.028428850695490837 -0.2037968784570694 -0.2037968784570694 -0.2037968784570694 -0.2037968784570694 -0.2037968784570694 -0.2037968784570694 -0.2037968784570694 -0.2037968784570694 -0.2037968784570694 -0.2037968784570694 -0.2037968784570694 -0.2037968784570694
5.426210880279541 -0.17928940057754517 -0.17846696078777313 -0.17821665108203888 -0.17746613919734955 -0.1770065575838089 -0.1763104796409607 -0.17493751645088196 -0.1748310774564743 -0.172203928232193 -0.16902220249176025 -0.17045098543167114 -0.1688290536403656 -0.16627565026283264 -0.16561950743198395 -0.1626151204109192 -0.1576933115720749 -0.15139974653720856 -0.1409039944410324 -0.1122668907046318 -0.030580315738916397 -0.2037968784570694 -0.2037968784570694 -0.2037968784570694 -0.2037968784570694 -0.2037968784570694 -0.2037968784570694 -0.2037968784570694 -0.2037968784570694 -0.2037968784570694 -0.2037968784570694 -0.2037968784570694
5.410221576690674 -0.18011601269245148 -0.17861981689929962 -0.178901806473732 -0.17831595242023468 -0.17831957340240479 -0.17776629328727722 -0.17549394071102142 -0.17666268348693848 -0.17494240403175354 -0.1674400269985199 -0.17325158417224884 -0.17137901484966278 -0.1692066788673401 -0.16814596951007843 -0.16465580463409424 -0.1633385717868805 -0.15759284794330597 -0.152178093791008 -0.1422610878944397 -0.11568006873130798 -0.027932336553931236 -0.2037968784570694 -0.2037968784570694 -0.2037968784570694 -0.2037968784570694 -0.2037968784570694 -0.2037968784570694 -0.2037968784570694 -0.2037968784570694 -0.2037968784570694 -0.2037968784570694
5.385781288146973 -0.18055322766304016 -0.17888864874839783 -0.17789694666862488 -0.1787288635969162 -0.1791810393333435 -0.17850178480148315 -0.17799293994903564 -0.17726972699165344 -0.17580075562000275 -0.1637861132621765 -0.1734611839056015 -0.1726575642824173 -0.17068953812122345 -0.16977015137672424 -0.16859228909015656 -0.16643671691417694 -0.16301198303699493 -0.15789896249771118 -0.15198422968387604 -0.14334404468536377 -0.11473651230335236 -0.030378293246030807 -0.2037968784570694 -0.2037968784570694 -0.2037968784570694 -0.2037968784570694 -0.2037968784570694 -0.2037968784570694 -0.2037968784570694 -0.2037968784570694 -0.2037968784570694
5.377411842346191 -0.18097364902496338 -0.17988969385623932 -0.179509699344635 -0.18037211894989014 -0.18022489547729492 -0.18042077124118805 -0.1786981225013733 -0.1777149736881256 -0.17672672867774963 -0.17133118212223053 -0.17503754794597626 -0.17514362931251526 -0.17279614508152008 -0.1718210130929947 -0.17163556814193726 -0.16778689622879028 -0.16691605746746063 -0.16407038271427155 -0.15770672261714935 -0.15407302975654602 -0.14006498456001282 -0.11215498298406601 -0.03193344548344612 -0.2037968784570694 -0.2037968784570694 -0.2037968784570694 -0.2037968784570694 -0.2037968784570694 -0.2037968784570694 -0.2037968784570694 -0.2037968784570694
5.357024669647217 -0.18113799393177032 -0.17997080087661743 -0.1800183653831482 -0.18060900270938873 -0.1808297336101532 -0.18053221702575684 -0.179042249917984 -0.17906427383422852 -0.17744678258895874 -0.17522643506526947 -0.1768219769001007 -0.17579996585845947 -0.1742643564939499 -0.17416580021381378 -0.1729886382818222 -0.16946570575237274 -0.16917650401592255 -0.1662432998418808 -0.1635347455739975 -0.1575971096754074 -0.150217205286026 -0.13992203772068024 -0.11476349830627441 -0.031588975340127945 -0.2037968784570694 -0.2037968784570694 -0.2037968784570694 -0.2037968784570694 -0.2037968784570694 -0.2037968784570694 -0.2037968784570694
5.353808403015137 -0.18268205225467682 -0.18079783022403717 -0.1814260482788086 -0.18186284601688385 -0.18109238147735596 -0.18194283545017242 -0.18045692145824432 -0.17980575561523438 -0.17892293632030487 -0.17732790112495422 -0.17888903617858887 -0.1774040162563324 -0.1759791523218155 -0.1754225492477417 -0.1760605424642563 -0.1735559105873108 -0.17218343913555145 -0.1692802906036377 -0.1648523509502411 -0.16364096105098724 -0.15859805047512054 -0.15319715440273285 -0.14318247139453888 -0.11777298152446747 -0.024948688223958015 -0.2037968784570694 -0.2037968784570694 -0.2037968784570694 -0.2037968784570694 -0.2037968784570694 -0.2037968784570694
5.31516170501709 -0.1830650120973587 -0.18182386457920074 -0.18067897856235504 -0.1817222684621811 -0.18210400640964508 -0.18296457827091217 -0.18268883228302002 -0.18131723999977112 -0.18000441789627075 -0.17820845544338226 -0.17906080186367035 -0.17764490842819214 -0.17697064578533173 -0.17813798785209656 -0.17668326199054718 -0.17567583918571472 -0.174008309841156 -0.17189665138721466 -0.16893695294857025 -0.1664627641439438 -0.16545283794403076 -0.16017693281173706 -0.15488788485527039 -0.1427854597568512 -0.07073070853948593 -0.04233755171298981 -0.2037968784570694 -0.2037968784570694 -0.2037968784570694 -0.2037968784570694 -0.2037968784570694
5.31064510345459 -0.183612659573555 -0.1819067895412445 -0.18205268681049347 -0.1826038956642151 -0.182907834649086 -0.18245910108089447 -0.18222510814666748 -0.18249864876270294 -0.18177391588687897 -0.1770918220281601 -0.17802701890468597 -0.17821934819221497 -0.17393240332603455 -0.17877595126628876 -0.17923064529895782 -0.1769556701183319 -0.17519713938236237 -0.17252205312252045 -0.17081107199192047 -0.17067784070968628 -0.16701684892177582 -0.1628221869468689 -0.15834112465381622 -0.1506081223487854 -0.12795637547969818 -0.12026248127222061 -0.03523274138569832 -0.2037968784570694 -0.2037968784570694 -0.2037968784570694 -0.2037968784570694
5.3055572509765625 -0.1846899688243866 -0.18220920860767365 -0.18182401359081268 -0.18274489045143127 -0.1830948144197464 -0.18217961490154266 -0.18239405751228333 -0.1827673316001892 -0.1818908452987671 -0.18068711459636688 -0.1765575259923935 -0.1797667294740677 -0.17915427684783936 -0.17935384809970856 -0.17961695790290833 -0.178077831864357 -0.17696250975131989 -0.17389021813869476 -0.1695610135793686 -0.17329397797584534 -0.16999243199825287 -0.1654665321111679 -0.16362981498241425 -0.15910394489765167 -0.14958757162094116 -0.14325998723506927 -0.11465422064065933 -0.037994928658008575 -0.2037968784570694 -0.2037968784570694 -0.2037968784570694
5.268636226654053 -0.18408235907554626 -0.18215017020702362 -0.1826305091381073 -0.18377861380577087 -0.18397563695907593 -0.18328583240509033 -0.18223200738430023 -0.18343916535377502 -0.18232469260692596 -0.18067282438278198 -0.17769074440002441 -0.1799263060092926 -0.1779516339302063 -0.17923720180988312 -0.180120050907135 -0.17838621139526367 -0.17904049158096313 -0.17581960558891296 -0.17190523445606232 -0.17417393624782562 -0.16875171661376953 -0.16905006766319275 -0.167827308177948 -0.16176792979240417 -0.15063367784023285 -0.1538834273815155 -0.13908104598522186 -0.11225108802318573 -0.03523129224777222 -0.2037968784570694 -0.2037968784570694
5.302858352661133 -0.18475641310214996 -0.1827870011329651 -0.18338702619075775 -0.18463534116744995 -0.18407772481441498 -0.18445679545402527 -0.18378517031669617 -0.1839490830898285 -0.18310046195983887 -0.1804773211479187 -0.18140138685703278 -0.18133533000946045 -0.18165194988250732 -0.18082647025585175 -0.18128851056098938 -0.1804792881011963 -0.17919009923934937 -0.17835117876529694 -0.1756567806005478 -0.1780325323343277 -0.17522363364696503 -0.17292438447475433 -0.17177435755729675 -0.1698552668094635 -0.15652474761009216 -0.16234871745109558 -0.15398602187633514 -0.1423559933900833 -0.12322438508272171 -0.037480324506759644 -0.2037968784570694
5.2927632331848145 -0.18483209609985352 -0.1829662024974823 -0.18262550234794617 -0.18450702726840973 -0.18498145043849945 -0.1846378892660141 -0.18435020744800568 -0.18422266840934753 -0.18337175250053406 -0.1810297966003418 -0.18295636773109436 -0.18299973011016846 -0.18221473693847656 -0.1820162981748581 -0.18239182233810425 -0.18183349072933197 -0.18093901872634888 -0.17713965475559235 -0.17802204191684723 -0.17883484065532684 -0.17493237555027008 -0.1756916344165802 -0.17349930107593536 -0.1721334457397461 -0.16512423753738403 -0.16581766307353973 -0.16278323531150818 -0.15267477929592133 -0.1466105431318283 -0.1124357134103775 -0.044438064098358154
