7.369509696960449 -0.23769201338291168 -0.23769201338291168 -0.23769201338291168 -0.23769201338291168 -0.23769201338291168 -0.23769201338291168 -0.23769201338291168 -0.23769201338291168 -0.23769201338291168 -0.23769201338291168 -0.23769201338291168 -0.23769201338291168 -0.23769201338291168 -0.23769201338291168 -0.23769201338291168 -0.23769201338291168 -0.23769201338291168 -0.23769201338291168 -0.23769201338291168 -0.23769201338291168 -0.23769201338291168 -0.23769201338291168 -0.23769201338291168 -0.23769201338291168 -0.23769201338291168 -0.23769201338291168 -0.23769201338291168 -0.23769201338291168 -0.23769201338291168 -0.23769201338291168 -0.23769201338291168
7.316360950469971 -0.18541041016578674 -0.23769201338291168 -0.23769201338291168 -0.23769201338291168 -0.23769201338291168 -0.23769201338291168 -0.23769201338291168 -0.23769201338291168 -0.23769201338291168 -0.23769201338291168 -0.23769201338291168 -0.23769201338291168 -0.23769201338291168 -0.23769201338291168 -0.23769201338291168 -0.23769201338291168 -0.23769201338291168 -0.23769201338291168 -0.23769201338291168 -0.23769201338291168 -0.23769201338291168 -0.23769201338291168 -0.23769201338291168 -0.23769201338291168 -0.23769201338291168 -0.23769201338291168 -0.23769201338291168 -0.23769201338291168 -0.23769201338291168 -0.23769201338291168 -0.23769201338291168
7.1714301109313965 -0.13200411200523376 -0.1463303416967392 -0.23769201338291168 -0.23769201338291168 -0.23769201338291168 -0.23769201338291168 -0.23769201338291168 -0.23769201338291168 -0.23769201338291168 -0.23769201338291168 -0.23769201338291168 -0.23769201338291168 -0.23769201338291168 -0.23769201338291168 -0.23769201338291168 -0.23769201338291168 -0.23769201338291168 -0.23769201338291168 -0.23769201338291168 -0.23769201338291168 -0.23769201338291168 -0.23769201338291168 -0.23769201338291168 -0.23769201338291168 -0.23769201338291168 -0.23769201338291168 -0.23769201338291168 -0.23769201338291168 -0.23769201338291168 -0.23769201338291168 -0.23769201338291168
6.976870536804199 -0.13862982392311096 -0.06284895539283752 -0.11993597447872162 -0.23769201338291168 -0.23769201338291168 -0.23769201338291168 -0.23769201338291168 -0.23769201338291168 -0.23769201338291168 -0.23769201338291168 -0.23769201338291168 -0.23769201338291168 -0.23769201338291168 -0.23769201338291168 -0.23769201338291168 -0.23769201338291168 -0.23769201338291168 -0.23769201338291168 -0.23769201338291168 -0.23769201338291168 -0.23769201338291168 -0.23769201338291168 -0.23769201338291168 -0.23769201338291168 -0.23769201338291168 -0.23769201338291168 -0.23769201338291168 -0.23769201338291168 -0.23769201338291168 -0.23769201338291168 -0.23769201338291168
6.782695770263672 -0.14923395216464996 -0.0740116611123085 -0.04067840054631233 -0.10102692991495132 -0.23769201338291168 -0.23769201338291168 -0.23769201338291168 -0.23769201338291168 -0.23769201338291168 -0.23769201338291168 -0.23769201338291168 -0.23769201338291168 -0.23769201338291168 -0.23769201338291168 -0.23769201338291168 -0.23769201338291168 -0.23769201338291168 -0.23769201338291168 -0.23769201338291168 -0.23769201338291168 -0.23769201338291168 -0.23769201338291168 -0.23769201338291168 -0.23769201338291168 -0.23769201338291168 -0.23769201338291168 -0.23769201338291168 -0.23769201338291168 -0.23769201338291168 -0.23769201338291168 -0.23769201338291168
6.6280412673950195 -0.15679240226745605 -0.09819888323545456 -0.05369482561945915 -0.04727419465780258 -0.09205809980630875 -0.23769201338291168 -0.23769201338291168 -0.23769201338291168 -0.23769201338291168 -0.23769201338291168 -0.23769201338291168 -0.23769201338291168 -0.23769201338291168 -0.23769201338291168 -0.23769201338291168 -0.23769201338291168 -0.23769201338291168 -0.23769201338291168 -0.23769201338291168 -0.23769201338291168 -0.23769201338291168 -0.23769201338291168 -0.23769201338291168 -0.23769201338291168 -0.23769201338291168 -0.23769201338291168 -0.23769201338291168 -0.23769201338291168 -0.23769201338291168 -0.23769201338291168 -0.23769201338291168
6.528172492980957 -0.1629524976015091 -0.12505003809928894 -0.0915951356291771 -0.07032510638237 -0.04929880052804947 -0.0866359993815422 -0.23769201338291168 -0.23769201338291168 -0.23769201338291168 -0.23769201338291168 -0.23769201338291168 -0.23769201338291168 -0.23769201338291168 -0.23769201338291168 -0.23769201338291168 -0.23769201338291168 -0.23769201338291168 -0.23769201338291168 -0.23769201338291168 -0.23769201338291168 -0.23769201338291168 -0.23769201338291168 -0.23769201338291168 -0.23769201338291168 -0.23769201338291168 -0.23769201338291168 -0.23769201338291168 -0.23769201338291168 -0.23769201338291168 -0.23769201338291168 -0.23769201338291168
6.402634143829346 -0.16277655959129333 -0.13143780827522278 -0.11370114237070084 -0.1009238064289093 -0.06044242903590202 -0.05219744145870209 -0.07644558697938919 -0.23769201338291168 -0.23769201338291168 -0.23769201338291168 -0.23769201338291168 -0.23769201338291168 -0.23769201338291168 -0.23769201338291168 -0.23769201338291168 -0.23769201338291168 -0.23769201338291168 -0.23769201338291168 -0.23769201338291168 -0.23769201338291168 -0.23769201338291168 -0.23769201338291168 -0.23769201338291168 -0.23769201338291168 -0.23769201338291168 -0.23769201338291168 -0.23769201338291168 -0.23769201338291168 -0.23769201338291168 -0.23769201338291168 -0.23769201338291168
6.304693698883057 -0.16979025304317474 -0.1429755538702011 -0.12796364724636078 -0.1182388886809349 -0.09074343740940094 -0.08203522115945816 -0.03845895081758499 -0.06747645139694214 -0.23769201338291168 -0.23769201338291168 -0.23769201338291168 -0.23769201338291168 -0.23769201338291168 -0.23769201338291168 -0.23769201338291168 -0.23769201338291168 -0.23769201338291168 -0.23769201338291168 -0.23769201338291168 -0.23769201338291168 -0.23769201338291168 -0.23769201338291168 -0.23769201338291168 -0.23769201338291168 -0.23769201338291168 -0.23769201338291168 -0.23769201338291168 -0.23769201338291168 -0.23769201338291168 -0.23769201338291168 -0.23769201338291168
6.235307693481445 -0.17625923454761505 -0.1533919721841812 -0.1289922147989273 -0.1318298727273941 -0.1206011176109314 -0.11263829469680786 -0.07929561287164688 -0.04059074446558952 -0.062441304326057434 -0.23769201338291168 -0.23769201338291168 -0.23769201338291168 -0.23769201338291168 -0.23769201338291168 -0.23769201338291168 -0.23769201338291168 -0.23769201338291168 -0.23769201338291168 -0.23769201338291168 -0.23769201338291168 -0.23769201338291168 -0.23769201338291168 -0.23769201338291168 -0.23769201338291168 -0.23769201338291168 -0.23769201338291168 -0.23769201338291168 -0.23769201338291168 -0.23769201338291168 -0.23769201338291168 -0.23769201338291168
6.169252395629883 -0.17911027371883392 -0.16129855811595917 -0.1443236619234085 -0.1436278373003006 -0.13574977219104767 -0.1312897801399231 -0.10723012685775757 -0.07660746574401855 -0.04157387092709541 -0.056881871074438095 -0.23769201338291168 -0.23769201338291168 -0.23769201338291168 -0.23769201338291168 -0.23769201338291168 -0.23769201338291168 -0.23769201338291168 -0.23769201338291168 -0.23769201338291168 -0.23769201338291168 -0.23769201338291168 -0.23769201338291168 -0.23769201338291168 -0.23769201338291168 -0.23769201338291168 -0.23769201338291168 -0.23769201338291168 -0.23769201338291168 -0.23769201338291168 -0.23769201338291168 -0.23769201338291168
6.076460838317871 -0.1797666996717453 -0.16376546025276184 -0.13811102509498596 -0.14485123753547668 -0.14772287011146545 -0.14595849812030792 -0.12899188697338104 -0.10252447426319122 -0.08127321302890778 -0.03859366476535797 -0.051019247621297836 -0.23769201338291168 -0.23769201338291168 -0.23769201338291168 -0.23769201338291168 -0.23769201338291168 -0.23769201338291168 -0.23769201338291168 -0.23769201338291168 -0.23769201338291168 -0.23769201338291168 -0.23769201338291168 -0.23769201338291168 -0.23769201338291168 -0.23769201338291168 -0.23769201338291168 -0.23769201338291168 -0.23769201338291168 -0.23769201338291168 -0.23769201338291168 -0.23769201338291168
5.986513614654541 -0.17365963757038116 -0.16332463920116425 -0.15368440747261047 -0.1490885317325592 -0.14368513226509094 -0.1510162502527237 -0.1411929726600647 -0.11712167412042618 -0.11293698847293854 -0.08321066200733185 -0.03051312454044819 -0.05091497302055359 -0.23769201338291168 -0.23769201338291168 -0.23769201338291168 -0.23769201338291168 -0.23769201338291168 -0.23769201338291168 -0.23769201338291168 -0.23769201338291168 -0.23769201338291168 -0.23769201338291168 -0.23769201338291168 -0.23769201338291168 -0.23769201338291168 -0.23769201338291168 -0.23769201338291168 -0.23769201338291168 -0.23769201338291168 -0.23769201338291168 -0.23769201338291168
5.9676194190979 -0.18047116696834564 -0.17133252322673798 -0.15686726570129395 -0.1590847671031952 -0.15560033917427063 -0.1556740403175354 -0.15151828527450562 -0.14219710230827332 -0.1317339986562729 -0.11298919469118118 -0.07987784594297409 -0.04567761346697807 -0.04608404263854027 -0.23769201338291168 -0.23769201338291168 -0.23769201338291168 -0.23769201338291168 -0.23769201338291168 -0.23769201338291168 -0.23769201338291168 -0.23769201338291168 -0.23769201338291168 -0.23769201338291168 -0.23769201338291168 -0.23769201338291168 -0.23769201338291168 -0.23769201338291168 -0.23769201338291168 -0.23769201338291168 -0.23769201338291168 -0.23769201338291168
5.855503082275391 -0.18457825481891632 -0.17411060631275177 -0.1586873084306717 -0.16300666332244873 -0.16246560215950012 -0.1597178429365158 -0.15530963242053986 -0.14772740006446838 -0.1329716444015503 -0.11784467846155167 -0.1035035029053688 -0.08348211646080017 -0.024613460525870323 -0.04665931686758995 -0.23769201338291168 -0.23769201338291168 -0.23769201338291168 -0.23769201338291168 -0.23769201338291168 -0.23769201338291168 -0.23769201338291168 -0.23769201338291168 -0.23769201338291168 -0.23769201338291168 -0.23769201338291168 -0.23769201338291168 -0.23769201338291168 -0.23769201338291168 -0.23769201338291168 -0.23769201338291168 -0.23769201338291168
5.832864284515381 -0.18800532817840576 -0.17574040591716766 -0.1652155965566635 -0.16231825947761536 -0.16670508682727814 -0.16494247317314148 -0.15869876742362976 -0.14526239037513733 -0.1477331966161728 -0.14377619326114655 -0.12400194257497787 -0.11293048411607742 -0.08686354011297226 -0.04483017325401306 -0.04274192824959755 -0.23769201338291168 -0.23769201338291168 -0.23769201338291168 -0.23769201338291168 -0.23769201338291168 -0.23769201338291168 -0.23769201338291168 -0.23769201338291168 -0.23769201338291168 -0.23769201338291168 -0.23769201338291168 -0.23769201338291168 -0.23769201338291168 -0.23769201338291168 -0.23769201338291168 -0.23769201338291168
5.715656757354736 -0.192875936627388 -0.17702576518058777 -0.16476799547672272 -0.1662212759256363 -0.1689368486404419 -0.16327491402626038 -0.1599416583776474 -0.15566684305667877 -0.14551375806331635 -0.1347673386335373 -0.13931527733802795 -0.12740570306777954 -0.10099182277917862 -0.08140632510185242 -0.037783924490213394 -0.03438056632876396 -0.23769201338291168 -0.23769201338291168 -0.23769201338291168 -0.23769201338291168 -0.23769201338291168 -0.23769201338291168 -0.23769201338291168 -0.23769201338291168 -0.23769201338291168 -0.23769201338291168 -0.23769201338291168 -0.23769201338291168 -0.23769201338291168 -0.23769201338291168 -0.23769201338291168
5.713852882385254 -0.19529297947883606 -0.18298417329788208 -0.16581842303276062 -0.1650417596101761 -0.1704125702381134 -0.1691116988658905 -0.16406220197677612 -0.15985283255577087 -0.1566239893436432 -0.15295906364917755 -0.15037888288497925 -0.1409783959388733 -0.12986235320568085 -0.11606515198945999 -0.09288709610700607 -0.043293267488479614 -0.03047506883740425 -0.23769201338291168 -0.23769201338291168 -0.23769201338291168 -0.23769201338291168 -0.23769201338291168 -0.23769201338291168 -0.23769201338291168 -0.23769201338291168 -0.23769201338291168 -0.23769201338291168 -0.23769201338291168 -0.23769201338291168 -0.23769201338291168 -0.23769201338291168
5.638948440551758 -0.19704720377922058 -0.18491284549236298 -0.16904376447200775 -0.16777805984020233 -0.17029936611652374 -0.17089442908763885 -0.16392643749713898 -0.16785404086112976 -0.16304805874824524 -0.15216727554798126 -0.1554868221282959 -0.1502525955438614 -0.1433192491531372 -0.13325828313827515 -0.11400751024484634 -0.08699256926774979 -0.020250698551535606 -0.03839884325861931 -0.23769201338291168 -0.23769201338291168 -0.23769201338291168 -0.23769201338291168 -0.23769201338291168 -0.23769201338291168 -0.23769201338291168 -0.23769201338291168 -0.23769201338291168 -0.23769201338291168 -0.23769201338291168 -0.23769201338291168 -0.23769201338291168
5.532733917236328 -0.19687770307064056 -0.18817250430583954 -0.167942613363266 -0.1667877435684204 -0.16827532649040222 -0.17191535234451294 -0.1633252054452896 -0.16941218078136444 -0.1596735566854477 -0.15030847489833832 -0.14879558980464935 -0.1531328409910202 -0.14858804643154144 -0.14355655014514923 -0.11989027261734009 -0.1114664152264595 -0.07963558286428452 -0.03294040262699127 -0.03968238830566406 -0.23769201338291168 -0.23769201338291168 -0.23769201338291168 -0.23769201338291168 -0.23769201338291168 -0.23769201338291168 -0.23769201338291168 -0.23769201338291168 -0.23769201338291168 -0.23769201338291168 -0.23769201338291168 -0.23769201338291168
5.5433759689331055 -0.1974513977766037 -0.18969883024692535 -0.17687998712062836 -0.1743614822626114 -0.17320147156715393 -0.17366395890712738 -0.17055338621139526 -0.17191515862941742 -0.16917477548122406 -0.15927791595458984 -0.15858204662799835 -0.15923206508159637 -0.15460434556007385 -0.1500682532787323 -0.1414669007062912 -0.13152973353862762 -0.0922674611210823 -0.09299226850271225 -0.054062724113464355 -0.037725262343883514 -0.23769201338291168 -0.23769201338291168 -0.23769201338291168 -0.23769201338291168 -0.23769201338291168 -0.23769201338291168 -0.23769201338291168 -0.23769201338291168 -0.23769201338291168 -0.23769201338291168 -0.23769201338291168
5.517702579498291 -0.1998070776462555 -0.18821750581264496 -0.17386393249034882 -0.17784760892391205 -0.17539672553539276 -0.1736164391040802 -0.1712464541196823 -0.17080803215503693 -0.17125722765922546 -0.16582940518856049 -0.16162416338920593 -0.1647356003522873 -0.15898872911930084 -0.1530853509902954 -0.1482359915971756 -0.14954644441604614 -0.12598197162151337 -0.11753050982952118 -0.09751413017511368 -0.05608012154698372 -0.039516620337963104 -0.23769201338291168 -0.23769201338291168 -0.23769201338291168 -0.23769201338291168 -0.23769201338291168 -0.23769201338291168 -0.23769201338291168 -0.23769201338291168 -0.23769201338291168 -0.23769201338291168
5.456445693969727 -0.19996561110019684 -0.1872943639755249 -0.17388854920864105 -0.17830397188663483 -0.17498904466629028 -0.1788729876279831 -0.1721784472465515 -0.16507893800735474 -0.16733859479427338 -0.164150208234787 -0.1651611328125 -0.16464006900787354 -0.15926587581634521 -0.15695667266845703 -0.15651120245456696 -0.15561853349208832 -0.1463991403579712 -0.13131792843341827 -0.1252966821193695 -0.09771975129842758 -0.05579060688614845 -0.04039590433239937 -0.23769201338291168 -0.23769201338291168 -0.23769201338291168 -0.23769201338291168 -0.23769201338291168 -0.23769201338291168 -0.23769201338291168 -0.23769201338291168 -0.23769201338291168
5.408491134643555 -0.1993992030620575 -0.18670545518398285 -0.17487584054470062 -0.18048496544361115 -0.17615239322185516 -0.1828976571559906 -0.17721030116081238 -0.16732072830200195 -0.1695110946893692 -0.16821472346782684 -0.16530492901802063 -0.16715319454669952 -0.16107258200645447 -0.16196905076503754 -0.15990225970745087 -0.16056397557258606 -0.15342117846012115 -0.14663928747177124 -0.13373565673828125 -0.12290244549512863 -0.09659925103187561 -0.05106440931558609 -0.043848615139722824 -0.23769201338291168 -0.23769201338291168 -0.23769201338291168 -0.23769201338291168 -0.23769201338291168 -0.23769201338291168 -0.23769201338291168 -0.23769201338291168
5.3838958740234375 -0.1981034278869629 -0.19033518433570862 -0.17699122428894043 -0.17994144558906555 -0.18170779943466187 -0.1847415268421173 -0.18055927753448486 -0.17025126516819 -0.17186366021633148 -0.16628947854042053 -0.168342724442482 -0.16649429500102997 -0.1606483906507492 -0.1679246425628662 -0.16443780064582825 -0.16204503178596497 -0.15792320668697357 -0.15657779574394226 -0.15198394656181335 -0.13765093684196472 -0.12220890820026398 -0.09583543986082077 -0.06311197578907013 -0.044039200991392136 -0.23769201338291168 -0.23769201338291168 -0.23769201338291168 -0.23769201338291168 -0.23769201338291168 -0.23769201338291168 -0.23769201338291168
5.365817546844482 -0.19833572208881378 -0.19034238159656525 -0.18034204840660095 -0.18110136687755585 -0.18077117204666138 -0.18510591983795166 -0.1822720319032669 -0.17472189664840698 -0.17555464804172516 -0.171366348862648 -0.167621910572052 -0.16853241622447968 -0.168596550822258 -0.16671758890151978 -0.16845563054084778 -0.1656017303466797 -0.16477453708648682 -0.15786930918693542 -0.15758468210697174 -0.15178675949573517 -0.14071807265281677 -0.12499185651540756 -0.10913026332855225 -0.06790577620267868 -0.03975967690348625 -0.23769201338291168 -0.23769201338291168 -0.23769201338291168 -0.23769201338291168 -0.23769201338291168 -0.23769201338291168
5.240577220916748 -0.20099401473999023 -0.191884845495224 -0.18159125745296478 -0.18131347000598907 -0.1835494339466095 -0.18342918157577515 -0.18290771543979645 -0.17086230218410492 -0.17895224690437317 -0.16585439443588257 -0.17106778919696808 -0.16327819228172302 -0.15789468586444855 -0.1648791879415512 -0.16854479908943176 -0.16187287867069244 -0.16044321656227112 -0.14873680472373962 -0.1637197583913803 -0.1561402827501297 -0.15236347913742065 -0.14338529109954834 -0.1272825449705124 -0.10090725123882294 -0.047423481941223145 -0.043104931712150574 -0.23769201338291168 -0.23769201338291168 -0.23769201338291168 -0.23769201338291168 -0.23769201338291168
5.246561050415039 -0.20400674641132355 -0.19246715307235718 -0.18415606021881104 -0.1849120855331421 -0.1858925074338913 -0.18381142616271973 -0.1836998164653778 -0.17648190259933472 -0.1835215836763382 -0.17479366064071655 -0.17186634242534637 -0.16432492434978485 -0.16623499989509583 -0.1685212254524231 -0.16675396263599396 -0.17093870043754578 -0.1423587054014206 -0.15184400975704193 -0.1653609424829483 -0.1644025593996048 -0.16301074624061584 -0.15607787668704987 -0.14308246970176697 -0.13407035171985626 -0.10598208010196686 -0.06847578287124634 -0.03902468457818031 -0.23769201338291168 -0.23769201338291168 -0.23769201338291168 -0.23769201338291168
5.2125725746154785 -0.20779502391815186 -0.19350242614746094 -0.18309514224529266 -0.18539506196975708 -0.18616920709609985 -0.18306301534175873 -0.18423673510551453 -0.17989370226860046 -0.1848713755607605 -0.1748744696378708 -0.17429661750793457 -0.17047880589962006 -0.16651813685894012 -0.16639560461044312 -0.1674230992794037 -0.1726212203502655 -0.16805949807167053 -0.15702524781227112 -0.16882464289665222 -0.16428443789482117 -0.16415289044380188 -0.16026292741298676 -0.1530642956495285 -0.14397050440311432 -0.12998446822166443 -0.10897581279277802 -0.05454010143876076 -0.046016957610845566 -0.23769201338291168 -0.23769201338291168 -0.23769201338291168
5.167724609375 -0.20959104597568512 -0.19561168551445007 -0.182335764169693 -0.1853099912405014 -0.18777132034301758 -0.183946430683136 -0.18334005773067474 -0.18189148604869843 -0.18408337235450745 -0.17840906977653503 -0.17366917431354523 -0.1726309359073639 -0.17261457443237305 -0.1694936901330948 -0.16261039674282074 -0.1733846664428711 -0.17049914598464966 -0.16880571842193604 -0.1696515530347824 -0.1692308634519577 -0.16774706542491913 -0.16199059784412384 -0.1595764458179474 -0.14788801968097687 -0.134431853890419 -0.12848038971424103 -0.10190334171056747 -0.07184852659702301 -0.0439024455845356 -0.23769201338291168 -0.23769201338291168
5.152866840362549 -0.20871864259243011 -0.19864563643932343 -0.18221573531627655 -0.1873684972524643 -0.18902692198753357 -0.18724016845226288 -0.1839585304260254 -0.1830069124698639 -0.18254812061786652 -0.17875325679779053 -0.17244933545589447 -0.17591068148612976 -0.1760982722043991 -0.167438343167305 -0.16076485812664032 -0.17265547811985016 -0.1701609492301941 -0.1624007672071457 -0.17276781797409058 -0.17166051268577576 -0.1728498339653015 -0.1639302521944046 -0.1642000824213028 -0.1622297614812851 -0.15796738862991333 -0.1453559696674347 -0.12486214935779572 -0.11754173040390015 -0.07551851868629456 -0.04720332846045494 -0.23769201338291168
5.090452671051025 -0.20709307491779327 -0.19908936321735382 -0.18951435387134552 -0.18623898923397064 -0.1869484782218933 -0.18773253262043 -0.18531624972820282 -0.1826988011598587 -0.18098346889019012 -0.17436380684375763 -0.17749038338661194 -0.1778102070093155 -0.17373216152191162 -0.1745658665895462 -0.17080456018447876 -0.17302456498146057 -0.17234323918819427 -0.15975603461265564 -0.1762070208787918 -0.17244179546833038 -0.17103615403175354 -0.1540732979774475 -0.1491045504808426 -0.16632108390331268 -0.163765087723732 -0.1578153669834137 -0.14427968859672546 -0.1360158622264862 -0.11656270176172256 -0.07576053589582443 -0.04782307893037796
