6.318809986114502 -0.20380331575870514 -0.20380331575870514 -0.20380331575870514 -0.20380331575870514 -0.20380331575870514 -0.20380331575870514 -0.20380331575870514 -0.20380331575870514 -0.20380331575870514 -0.20380331575870514 -0.20380331575870514 -0.20380331575870514 -0.20380331575870514 -0.20380331575870514 -0.20380331575870514 -0.20380331575870514 -0.20380331575870514 -0.20380331575870514 -0.20380331575870514 -0.20380331575870514 -0.20380331575870514 -0.20380331575870514 -0.20380331575870514 -0.20380331575870514 -0.20380331575870514 -0.20380331575870514 -0.20380331575870514 -0.20380331575870514 -0.20380331575870514 -0.20380331575870514 -0.20380331575870514
6.21065092086792 -0.09639954566955566 -0.20380331575870514 -0.20380331575870514 -0.20380331575870514 -0.20380331575870514 -0.20380331575870514 -0.20380331575870514 -0.20380331575870514 -0.20380331575870514 -0.20380331575870514 -0.20380331575870514 -0.20380331575870514 -0.20380331575870514 -0.20380331575870514 -0.20380331575870514 -0.20380331575870514 -0.20380331575870514 -0.20380331575870514 -0.20380331575870514 -0.20380331575870514 -0.20380331575870514 -0.20380331575870514 -0.20380331575870514 -0.20380331575870514 -0.20380331575870514 -0.20380331575870514 -0.20380331575870514 -0.20380331575870514 -0.20380331575870514 -0.20380331575870514 -0.20380331575870514
6.2318339347839355 -0.17274494469165802 -0.14876674115657806 -0.20380331575870514 -0.20380331575870514 -0.20380331575870514 -0.20380331575870514 -0.20380331575870514 -0.20380331575870514 -0.20380331575870514 -0.20380331575870514 -0.20380331575870514 -0.20380331575870514 -0.20380331575870514 -0.20380331575870514 -0.20380331575870514 -0.20380331575870514 -0.20380331575870514 -0.20380331575870514 -0.20380331575870514 -0.20380331575870514 -0.20380331575870514 -0.20380331575870514 -0.20380331575870514 -0.20380331575870514 -0.20380331575870514 -0.20380331575870514 -0.20380331575870514 -0.20380331575870514 -0.20380331575870514 -0.20380331575870514 -0.20380331575870514
6.197321891784668 -0.17566832900047302 -0.17193903028964996 -0.14315710961818695 -0.20380331575870514 -0.20380331575870514 -0.20380331575870514 -0.20380331575870514 -0.20380331575870514 -0.20380331575870514 -0.20380331575870514 -0.20380331575870514 -0.20380331575870514 -0.20380331575870514 -0.20380331575870514 -0.20380331575870514 -0.20380331575870514 -0.20380331575870514 -0.20380331575870514 -0.20380331575870514 -0.20380331575870514 -0.20380331575870514 -0.20380331575870514 -0.20380331575870514 -0.20380331575870514 -0.20380331575870514 -0.20380331575870514 -0.20380331575870514 -0.20380331575870514 -0.20380331575870514 -0.20380331575870514 -0.20380331575870514
6.1704840660095215 -0.17779722809791565 -0.17741310596466064 -0.16411885619163513 -0.14846988022327423 -0.20380331575870514 -0.20380331575870514 -0.20380331575870514 -0.20380331575870514 -0.20380331575870514 -0.20380331575870514 -0.20380331575870514 -0.20380331575870514 -0.20380331575870514 -0.20380331575870514 -0.20380331575870514 -0.20380331575870514 -0.20380331575870514 -0.20380331575870514 -0.20380331575870514 -0.20380331575870514 -0.20380331575870514 -0.20380331575870514 -0.20380331575870514 -0.20380331575870514 -0.20380331575870514 -0.20380331575870514 -0.20380331575870514 -0.20380331575870514 -0.20380331575870514 -0.20380331575870514 -0.20380331575870514
6.14907693862915 -0.18017037212848663 -0.1788473129272461 -0.17605525255203247 -0.17069141566753387 -0.1443609744310379 -0.20380331575870514 -0.20380331575870514 -0.20380331575870514 -0.20380331575870514 -0.20380331575870514 -0.20380331575870514 -0.20380331575870514 -0.20380331575870514 -0.20380331575870514 -0.20380331575870514 -0.20380331575870514 -0.20380331575870514 -0.20380331575870514 -0.20380331575870514 -0.20380331575870514 -0.20380331575870514 -0.20380331575870514 -0.20380331575870514 -0.20380331575870514 -0.20380331575870514 -0.20380331575870514 -0.20380331575870514 -0.20380331575870514 -0.20380331575870514 -0.20380331575870514 -0.20380331575870514
6.1180830001831055 -0.17984576523303986 -0.18210968375205994 -0.17446167767047882 -0.17652590572834015 -0.16214856505393982 -0.14785780012607574 -0.20380331575870514 -0.20380331575870514 -0.20380331575870514 -0.20380331575870514 -0.20380331575870514 -0.20380331575870514 -0.20380331575870514 -0.20380331575870514 -0.20380331575870514 -0.20380331575870514 -0.20380331575870514 -0.20380331575870514 -0.20380331575870514 -0.20380331575870514 -0.20380331575870514 -0.20380331575870514 -0.20380331575870514 -0.20380331575870514 -0.20380331575870514 -0.20380331575870514 -0.20380331575870514 -0.20380331575870514 -0.20380331575870514 -0.20380331575870514 -0.20380331575870514
6.109829425811768 -0.178911954164505 -0.18411894142627716 -0.17911319434642792 -0.17782196402549744 -0.17493146657943726 -0.17286597192287445 -0.15075178444385529 -0.20380331575870514 -0.20380331575870514 -0.20380331575870514 -0.20380331575870514 -0.20380331575870514 -0.20380331575870514 -0.20380331575870514 -0.20380331575870514 -0.20380331575870514 -0.20380331575870514 -0.20380331575870514 -0.20380331575870514 -0.20380331575870514 -0.20380331575870514 -0.20380331575870514 -0.20380331575870514 -0.20380331575870514 -0.20380331575870514 -0.20380331575870514 -0.20380331575870514 -0.20380331575870514 -0.20380331575870514 -0.20380331575870514 -0.20380331575870514
6.085450172424316 -0.1797899305820465 -0.1823321282863617 -0.17820775508880615 -0.1801888793706894 -0.17614421248435974 -0.17790968716144562 -0.17308565974235535 -0.15026070177555084 -0.20380331575870514 -0.20380331575870514 -0.20380331575870514 -0.20380331575870514 -0.20380331575870514 -0.20380331575870514 -0.20380331575870514 -0.20380331575870514 -0.20380331575870514 -0.20380331575870514 -0.20380331575870514 -0.20380331575870514 -0.20380331575870514 -0.20380331575870514 -0.20380331575870514 -0.20380331575870514 -0.20380331575870514 -0.20380331575870514 -0.20380331575870514 -0.20380331575870514 -0.20380331575870514 -0.20380331575870514 -0.20380331575870514
6.059750556945801 -0.18156877160072327 -0.18433880805969238 -0.1809411346912384 -0.1821575164794922 -0.1637602150440216 -0.17999465763568878 -0.17856545746326447 -0.17360763251781464 -0.15111882984638214 -0.20380331575870514 -0.20380331575870514 -0.20380331575870514 -0.20380331575870514 -0.20380331575870514 -0.20380331575870514 -0.20380331575870514 -0.20380331575870514 -0.20380331575870514 -0.20380331575870514 -0.20380331575870514 -0.20380331575870514 -0.20380331575870514 -0.20380331575870514 -0.20380331575870514 -0.20380331575870514 -0.20380331575870514 -0.20380331575870514 -0.20380331575870514 -0.20380331575870514 -0.20380331575870514 -0.20380331575870514
6.056784152984619 -0.18188782036304474 -0.18634971976280212 -0.18355432152748108 -0.18394136428833008 -0.17769259214401245 -0.18263287842273712 -0.1776425540447235 -0.17866073548793793 -0.17743995785713196 -0.14708614349365234 -0.20380331575870514 -0.20380331575870514 -0.20380331575870514 -0.20380331575870514 -0.20380331575870514 -0.20380331575870514 -0.20380331575870514 -0.20380331575870514 -0.20380331575870514 -0.20380331575870514 -0.20380331575870514 -0.20380331575870514 -0.20380331575870514 -0.20380331575870514 -0.20380331575870514 -0.20380331575870514 -0.20380331575870514 -0.20380331575870514 -0.20380331575870514 -0.20380331575870514 -0.20380331575870514
6.0394463539123535 -0.1826808899641037 -0.18545903265476227 -0.18098808825016022 -0.1827004849910736 -0.18243302404880524 -0.18271410465240479 -0.18255560100078583 -0.180633544921875 -0.17951305210590363 -0.17647439241409302 -0.1471824049949646 -0.20380331575870514 -0.20380331575870514 -0.20380331575870514 -0.20380331575870514 -0.20380331575870514 -0.20380331575870514 -0.20380331575870514 -0.20380331575870514 -0.20380331575870514 -0.20380331575870514 -0.20380331575870514 -0.20380331575870514 -0.20380331575870514 -0.20380331575870514 -0.20380331575870514 -0.20380331575870514 -0.20380331575870514 -0.20380331575870514 -0.20380331575870514 -0.20380331575870514
6.030189037322998 -0.18272079527378082 -0.1863068789243698 -0.18363499641418457 -0.1841260939836502 -0.18280218541622162 -0.1834578812122345 -0.18352563679218292 -0.18249446153640747 -0.18109267950057983 -0.1791573315858841 -0.1768740713596344 -0.15170277655124664 -0.20380331575870514 -0.20380331575870514 -0.20380331575870514 -0.20380331575870514 -0.20380331575870514 -0.20380331575870514 -0.20380331575870514 -0.20380331575870514 -0.20380331575870514 -0.20380331575870514 -0.20380331575870514 -0.20380331575870514 -0.20380331575870514 -0.20380331575870514 -0.20380331575870514 -0.20380331575870514 -0.20380331575870514 -0.20380331575870514 -0.20380331575870514
5.989902019500732 -0.18315385282039642 -0.18608206510543823 -0.18427503108978271 -0.18461281061172485 -0.1656830906867981 -0.18303605914115906 -0.18045753240585327 -0.18097549676895142 -0.18185819685459137 -0.18124674260616302 -0.1784065067768097 -0.17845556139945984 -0.15318059921264648 -0.20380331575870514 -0.20380331575870514 -0.20380331575870514 -0.20380331575870514 -0.20380331575870514 -0.20380331575870514 -0.20380331575870514 -0.20380331575870514 -0.20380331575870514 -0.20380331575870514 -0.20380331575870514 -0.20380331575870514 -0.20380331575870514 -0.20380331575870514 -0.20380331575870514 -0.20380331575870514 -0.20380331575870514 -0.20380331575870514
5.987872123718262 -0.18349801003932953 -0.1878499984741211 -0.18394595384597778 -0.18514375388622284 -0.18144658207893372 -0.1830090880393982 -0.18279975652694702 -0.18191230297088623 -0.18347454071044922 -0.18148154020309448 -0.18023666739463806 -0.17838722467422485 -0.1788434386253357 -0.15114979445934296 -0.20380331575870514 -0.20380331575870514 -0.20380331575870514 -0.20380331575870514 -0.20380331575870514 -0.20380331575870514 -0.20380331575870514 -0.20380331575870514 -0.20380331575870514 -0.20380331575870514 -0.20380331575870514 -0.20380331575870514 -0.20380331575870514 -0.20380331575870514 -0.20380331575870514 -0.20380331575870514 -0.20380331575870514
5.97531795501709 -0.1843419373035431 -0.1873965710401535 -0.18404781818389893 -0.18484096229076385 -0.1847858428955078 -0.18515165150165558 -0.18320554494857788 -0.18290497362613678 -0.1832878738641739 -0.1822325587272644 -0.18040460348129272 -0.17959102988243103 -0.18136726319789886 -0.17783787846565247 -0.1530667394399643 -0.20380331575870514 -0.20380331575870514 -0.20380331575870514 -0.20380331575870514 -0.20380331575870514 -0.20380331575870514 -0.20380331575870514 -0.20380331575870514 -0.20380331575870514 -0.20380331575870514 -0.20380331575870514 -0.20380331575870514 -0.20380331575870514 -0.20380331575870514 -0.20380331575870514 -0.20380331575870514
5.942275047302246 -0.18409959971904755 -0.1874709129333496 -0.18360503017902374 -0.18486177921295166 -0.18157576024532318 -0.18537966907024384 -0.18368524312973022 -0.1822488009929657 -0.18197304010391235 -0.18112391233444214 -0.1815987080335617 -0.1779395490884781 -0.18134981393814087 -0.17939482629299164 -0.17785534262657166 -0.1510448157787323 -0.20380331575870514 -0.20380331575870514 -0.20380331575870514 -0.20380331575870514 -0.20380331575870514 -0.20380331575870514 -0.20380331575870514 -0.20380331575870514 -0.20380331575870514 -0.20380331575870514 -0.20380331575870514 -0.20380331575870514 -0.20380331575870514 -0.20380331575870514 -0.20380331575870514
5.924619197845459 -0.18427664041519165 -0.18780046701431274 -0.18462826311588287 -0.18483443558216095 -0.18423864245414734 -0.18373554944992065 -0.18437904119491577 -0.18123255670070648 -0.1839500516653061 -0.18154911696910858 -0.17637279629707336 -0.18043038249015808 -0.18117655813694 -0.1811840832233429 -0.1805618405342102 -0.17790493369102478 -0.1530870646238327 -0.20380331575870514 -0.20380331575870514 -0.20380331575870514 -0.20380331575870514 -0.20380331575870514 -0.20380331575870514 -0.20380331575870514 -0.20380331575870514 -0.20380331575870514 -0.20380331575870514 -0.20380331575870514 -0.20380331575870514 -0.20380331575870514 -0.20380331575870514
5.900482654571533 -0.184123694896698 -0.18816004693508148 -0.18534547090530396 -0.18644288182258606 -0.1788768619298935 -0.18499626219272614 -0.18182286620140076 -0.18341222405433655 -0.18065187335014343 -0.1824069321155548 -0.17837734520435333 -0.1814473271369934 -0.18362823128700256 -0.1808527708053589 -0.18069177865982056 -0.17991937696933746 -0.17819179594516754 -0.15165339410305023 -0.20380331575870514 -0.20380331575870514 -0.20380331575870514 -0.20380331575870514 -0.20380331575870514 -0.20380331575870514 -0.20380331575870514 -0.20380331575870514 -0.20380331575870514 -0.20380331575870514 -0.20380331575870514 -0.20380331575870514 -0.20380331575870514
5.877344131469727 -0.18339888751506805 -0.18758192658424377 -0.18536090850830078 -0.1843501478433609 -0.18542896211147308 -0.1854146122932434 -0.18225978314876556 -0.181305930018425 -0.1813504844903946 -0.18160180747509003 -0.17736788094043732 -0.18019826710224152 -0.1821390837430954 -0.18150383234024048 -0.18079416453838348 -0.18069542944431305 -0.18036316335201263 -0.1776273101568222 -0.15290676057338715 -0.20380331575870514 -0.20380331575870514 -0.20380331575870514 -0.20380331575870514 -0.20380331575870514 -0.20380331575870514 -0.20380331575870514 -0.20380331575870514 -0.20380331575870514 -0.20380331575870514 -0.20380331575870514 -0.20380331575870514
5.861586570739746 -0.18384355306625366 -0.18812130391597748 -0.1854577213525772 -0.1857491284608841 -0.18580509722232819 -0.18621264398097992 -0.1835034191608429 -0.18310895562171936 -0.18293489515781403 -0.1776997447013855 -0.17990797758102417 -0.18121536076068878 -0.1811758428812027 -0.17904028296470642 -0.1833183616399765 -0.18053831160068512 -0.18206746876239777 -0.17984777688980103 -0.17801931500434875 -0.15210974216461182 -0.20380331575870514 -0.20380331575870514 -0.20380331575870514 -0.20380331575870514 -0.20380331575870514 -0.20380331575870514 -0.20380331575870514 -0.20380331575870514 -0.20380331575870514 -0.20380331575870514 -0.20380331575870514
5.822859764099121 -0.18446490168571472 -0.1878090500831604 -0.18405450880527496 -0.1849168986082077 -0.16872531175613403 -0.18642030656337738 -0.1861756294965744 -0.18398205935955048 -0.1836276799440384 -0.17813804745674133 -0.18041718006134033 -0.18229876458644867 -0.18334387242794037 -0.17123068869113922 -0.1817961186170578 -0.18346688151359558 -0.1826339066028595 -0.18196552991867065 -0.1802075058221817 -0.17835652828216553 -0.1507539600133896 -0.20380331575870514 -0.20380331575870514 -0.20380331575870514 -0.20380331575870514 -0.20380331575870514 -0.20380331575870514 -0.20380331575870514 -0.20380331575870514 -0.20380331575870514 -0.20380331575870514
5.828444480895996 -0.18498316407203674 -0.18873652815818787 -0.18482381105422974 -0.18582341074943542 -0.17800027132034302 -0.18640673160552979 -0.1867275983095169 -0.18504494428634644 -0.18404386937618256 -0.1805122047662735 -0.18005281686782837 -0.17953947186470032 -0.1822015643119812 -0.18309921026229858 -0.18192261457443237 -0.18106697499752045 -0.1840650886297226 -0.18198640644550323 -0.18319833278656006 -0.18007084727287292 -0.17838193476200104 -0.15348774194717407 -0.20380331575870514 -0.20380331575870514 -0.20380331575870514 -0.20380331575870514 -0.20380331575870514 -0.20380331575870514 -0.20380331575870514 -0.20380331575870514 -0.20380331575870514
5.829936981201172 -0.1854087859392166 -0.1884649246931076 -0.18599587678909302 -0.18671458959579468 -0.18356072902679443 -0.18586760759353638 -0.18510720133781433 -0.18582670390605927 -0.1855669766664505 -0.1840546429157257 -0.1812041848897934 -0.17875799536705017 -0.1845463365316391 -0.1846524327993393 -0.18382863700389862 -0.18372303247451782 -0.18521516025066376 -0.1841217577457428 -0.18392717838287354 -0.18200957775115967 -0.18142233788967133 -0.17973586916923523 -0.14978903532028198 -0.20380331575870514 -0.20380331575870514 -0.20380331575870514 -0.20380331575870514 -0.20380331575870514 -0.20380331575870514 -0.20380331575870514 -0.20380331575870514
5.815155029296875 -0.18518590927124023 -0.18822678923606873 -0.18612875044345856 -0.18652857840061188 -0.18643099069595337 -0.1872182935476303 -0.1855759471654892 -0.18558041751384735 -0.18620368838310242 -0.1848924309015274 -0.1817094385623932 -0.18321062624454498 -0.18185345828533173 -0.18360573053359985 -0.1831958144903183 -0.184014692902565 -0.18529309332370758 -0.18526360392570496 -0.18505951762199402 -0.1839160919189453 -0.1832076907157898 -0.18137431144714355 -0.1748160719871521 -0.1500292420387268 -0.20380331575870514 -0.20380331575870514 -0.20380331575870514 -0.20380331575870514 -0.20380331575870514 -0.20380331575870514 -0.20380331575870514
5.768524646759033 -0.18507494032382965 -0.18800121545791626 -0.18574464321136475 -0.18564695119857788 -0.17696911096572876 -0.18748387694358826 -0.18205319344997406 -0.1861242949962616 -0.1856204718351364 -0.18328537046909332 -0.1828380972146988 -0.18268708884716034 -0.18322639167308807 -0.18064835667610168 -0.18282724916934967 -0.17896021902561188 -0.18286316096782684 -0.18584902584552765 -0.18343625962734222 -0.1803029179573059 -0.1835452914237976 -0.18308429419994354 -0.18007634580135345 -0.17614546418190002 -0.15345904231071472 -0.20380331575870514 -0.20380331575870514 -0.20380331575870514 -0.20380331575870514 -0.20380331575870514 -0.20380331575870514
5.768229961395264 -0.18508116900920868 -0.18842752277851105 -0.18632876873016357 -0.18717873096466064 -0.18445299565792084 -0.1872597187757492 -0.18600217998027802 -0.1867324262857437 -0.1859711855649948 -0.18384984135627747 -0.18039679527282715 -0.1829158514738083 -0.1838521510362625 -0.1817920058965683 -0.18217501044273376 -0.18248681724071503 -0.1838568150997162 -0.18477416038513184 -0.18533922731876373 -0.18243469297885895 -0.18565689027309418 -0.18485993146896362 -0.17973542213439941 -0.1779804229736328 -0.1782166063785553 -0.1517314910888672 -0.20380331575870514 -0.20380331575870514 -0.20380331575870514 -0.20380331575870514 -0.20380331575870514
5.763957500457764 -0.18594859540462494 -0.187844917178154 -0.18656674027442932 -0.18780384957790375 -0.18649588525295258 -0.18611803650856018 -0.18756581842899323 -0.18708980083465576 -0.18586064875125885 -0.18490661680698395 -0.18173348903656006 -0.18297554552555084 -0.18314693868160248 -0.18240660429000854 -0.1832161545753479 -0.1828453540802002 -0.18508736789226532 -0.18369565904140472 -0.1857968121767044 -0.18423356115818024 -0.18589568138122559 -0.1860312968492508 -0.18446257710456848 -0.1806250363588333 -0.18102915585041046 -0.17996476590633392 -0.14964666962623596 -0.20380331575870514 -0.20380331575870514 -0.20380331575870514 -0.20380331575870514
5.740773677825928 -0.18642377853393555 -0.18886466324329376 -0.1872355341911316 -0.187759667634964 -0.1874677836894989 -0.1872550994157791 -0.17922626435756683 -0.18654434382915497 -0.18527424335479736 -0.1856416016817093 -0.18231379985809326 -0.18337829411029816 -0.1841321438550949 -0.18326646089553833 -0.18367797136306763 -0.1836237609386444 -0.18440502882003784 -0.1847248375415802 -0.1846155822277069 -0.18405993282794952 -0.18402990698814392 -0.18642374873161316 -0.1812201291322708 -0.1816660314798355 -0.1838475614786148 -0.18116264045238495 -0.1792386770248413 -0.15216051042079926 -0.20380331575870514 -0.20380331575870514 -0.20380331575870514
5.7467360496521 -0.18665330111980438 -0.18869373202323914 -0.18753953278064728 -0.1877179592847824 -0.18724480271339417 -0.187815323472023 -0.1873781681060791 -0.1875569224357605 -0.18740470707416534 -0.18533463776111603 -0.18453197181224823 -0.18494343757629395 -0.18533781170845032 -0.18389342725276947 -0.18361394107341766 -0.18413352966308594 -0.18540474772453308 -0.18519893288612366 -0.18477849662303925 -0.1850663423538208 -0.18541309237480164 -0.1869542896747589 -0.18255005776882172 -0.18312621116638184 -0.18385539948940277 -0.18348591029644012 -0.18176691234111786 -0.17969968914985657 -0.15227128565311432 -0.20380331575870514 -0.20380331575870514
5.674483776092529 -0.18710802495479584 -0.18856631219387054 -0.18712881207466125 -0.186873197555542 -0.15332160890102386 -0.18752428889274597 -0.18803128600120544 -0.18734309077262878 -0.18755094707012177 -0.18530771136283875 -0.18407219648361206 -0.18391786515712738 -0.18485960364341736 -0.18082492053508759 -0.182759627699852 -0.17959001660346985 -0.18276375532150269 -0.18496908247470856 -0.18463777005672455 -0.18267017602920532 -0.18372738361358643 -0.1848512589931488 -0.18339282274246216 -0.18409420549869537 -0.1855446845293045 -0.18375806510448456 -0.18322636187076569 -0.18160702288150787 -0.1799508035182953 -0.15096193552017212 -0.20380331575870514
5.653351306915283 -0.18607686460018158 -0.18880940973758698 -0.18728050589561462 -0.18771043419837952 -0.14517225325107574 -0.18565131723880768 -0.18703874945640564 -0.18540692329406738 -0.18677912652492523 -0.18560120463371277 -0.18275707960128784 -0.18437279760837555 -0.1850162297487259 -0.18307404220104218 -0.18417450785636902 -0.18305429816246033 -0.18184193968772888 -0.18471772968769073 -0.18563023209571838 -0.1837865561246872 -0.18343839049339294 -0.18579556047916412 -0.18351438641548157 -0.18461447954177856 -0.18610920011997223 -0.18484455347061157 -0.18386198580265045 -0.18337669968605042 -0.1823447197675705 -0.18076692521572113 -0.1509590446949005
