7.656617641448975 -0.24695222079753876 -0.24695222079753876 -0.24695222079753876 -0.24695222079753876 -0.24695222079753876 -0.24695222079753876 -0.24695222079753876 -0.24695222079753876 -0.24695222079753876 -0.24695222079753876 -0.24695222079753876 -0.24695222079753876 -0.24695222079753876 -0.24695222079753876 -0.24695222079753876 -0.24695222079753876 -0.24695222079753876 -0.24695222079753876 -0.24695222079753876 -0.24695222079753876 -0.24695222079753876 -0.24695222079753876 -0.24695222079753876 -0.24695222079753876 -0.24695222079753876 -0.24695222079753876 -0.24695222079753876 -0.24695222079753876 -0.24695222079753876 -0.24695222079753876 -0.24695222079753876
6.5294671058654785 0.8791887164115906 -0.24695222079753876 -0.24695222079753876 -0.24695222079753876 -0.24695222079753876 -0.24695222079753876 -0.24695222079753876 -0.24695222079753876 -0.24695222079753876 -0.24695222079753876 -0.24695222079753876 -0.24695222079753876 -0.24695222079753876 -0.24695222079753876 -0.24695222079753876 -0.24695222079753876 -0.24695222079753876 -0.24695222079753876 -0.24695222079753876 -0.24695222079753876 -0.24695222079753876 -0.24695222079753876 -0.24695222079753876 -0.24695222079753876 -0.24695222079753876 -0.24695222079753876 -0.24695222079753876 -0.24695222079753876 -0.24695222079753876 -0.24695222079753876 -0.24695222079753876
6.32236385345459 0.16994662582874298 0.669405460357666 -0.24695222079753876 -0.24695222079753876 -0.24695222079753876 -0.24695222079753876 -0.24695222079753876 -0.24695222079753876 -0.24695222079753876 -0.24695222079753876 -0.24695222079753876 -0.24695222079753876 -0.24695222079753876 -0.24695222079753876 -0.24695222079753876 -0.24695222079753876 -0.24695222079753876 -0.24695222079753876 -0.24695222079753876 -0.24695222079753876 -0.24695222079753876 -0.24695222079753876 -0.24695222079753876 -0.24695222079753876 -0.24695222079753876 -0.24695222079753876 -0.24695222079753876 -0.24695222079753876 -0.24695222079753876 -0.24695222079753876 -0.24695222079753876
6.163676738739014 0.088445283472538 0.09536534547805786 0.5672092437744141 -0.24695222079753876 -0.24695222079753876 -0.24695222079753876 -0.24695222079753876 -0.24695222079753876 -0.24695222079753876 -0.24695222079753876 -0.24695222079753876 -0.24695222079753876 -0.24695222079753876 -0.24695222079753876 -0.24695222079753876 -0.24695222079753876 -0.24695222079753876 -0.24695222079753876 -0.24695222079753876 -0.24695222079753876 -0.24695222079753876 -0.24695222079753876 -0.24695222079753876 -0.24695222079753876 -0.24695222079753876 -0.24695222079753876 -0.24695222079753876 -0.24695222079753876 -0.24695222079753876 -0.24695222079753876 -0.24695222079753876
6.035913944244385 0.04167163744568825 0.0021413895301520824 0.06584533303976059 0.5221515893936157 -0.24695222079753876 -0.24695222079753876 -0.24695222079753876 -0.24695222079753876 -0.24695222079753876 -0.24695222079753876 -0.24695222079753876 -0.24695222079753876 -0.24695222079753876 -0.24695222079753876 -0.24695222079753876 -0.24695222079753876 -0.24695222079753876 -0.24695222079753876 -0.24695222079753876 -0.24695222079753876 -0.24695222079753876 -0.24695222079753876 -0.24695222079753876 -0.24695222079753876 -0.24695222079753876 -0.24695222079753876 -0.24695222079753876 -0.24695222079753876 -0.24695222079753876 -0.24695222079753876 -0.24695222079753876
5.913271903991699 0.01079690083861351 -0.04972648248076439 -0.0037848728243261576 0.06677497923374176 0.48344725370407104 -0.24695222079753876 -0.24695222079753876 -0.24695222079753876 -0.24695222079753876 -0.24695222079753876 -0.24695222079753876 -0.24695222079753876 -0.24695222079753876 -0.24695222079753876 -0.24695222079753876 -0.24695222079753876 -0.24695222079753876 -0.24695222079753876 -0.24695222079753876 -0.24695222079753876 -0.24695222079753876 -0.24695222079753876 -0.24695222079753876 -0.24695222079753876 -0.24695222079753876 -0.24695222079753876 -0.24695222079753876 -0.24695222079753876 -0.24695222079753876 -0.24695222079753876 -0.24695222079753876
5.768471717834473 -0.001879703951999545 -0.08035287261009216 -0.04737574979662895 0.0008274481515400112 0.06093251332640648 0.4732292890548706 -0.24695222079753876 -0.24695222079753876 -0.24695222079753876 -0.24695222079753876 -0.24695222079753876 -0.24695222079753876 -0.24695222079753876 -0.24695222079753876 -0.24695222079753876 -0.24695222079753876 -0.24695222079753876 -0.24695222079753876 -0.24695222079753876 -0.24695222079753876 -0.24695222079753876 -0.24695222079753876 -0.24695222079753876 -0.24695222079753876 -0.24695222079753876 -0.24695222079753876 -0.24695222079753876 -0.24695222079753876 -0.24695222079753876 -0.24695222079753876 -0.24695222079753876
5.637721538543701 -0.026549844071269035 -0.0975499376654625 -0.07323332130908966 -0.041181840002536774 -0.009606036357581615 0.049695976078510284 0.48760753870010376 -0.24695222079753876 -0.24695222079753876 -0.24695222079753876 -0.24695222079753876 -0.24695222079753876 -0.24695222079753876 -0.24695222079753876 -0.24695222079753876 -0.24695222079753876 -0.24695222079753876 -0.24695222079753876 -0.24695222079753876 -0.24695222079753876 -0.24695222079753876 -0.24695222079753876 -0.24695222079753876 -0.24695222079753876 -0.24695222079753876 -0.24695222079753876 -0.24695222079753876 -0.24695222079753876 -0.24695222079753876 -0.24695222079753876 -0.24695222079753876
5.525005340576172 -0.039571329951286316 -0.10637609660625458 -0.09356050193309784 -0.07185870409011841 -0.04003990814089775 -0.013182898983359337 0.053315162658691406 0.46622973680496216 -0.24695222079753876 -0.24695222079753876 -0.24695222079753876 -0.24695222079753876 -0.24695222079753876 -0.24695222079753876 -0.24695222079753876 -0.24695222079753876 -0.24695222079753876 -0.24695222079753876 -0.24695222079753876 -0.24695222079753876 -0.24695222079753876 -0.24695222079753876 -0.24695222079753876 -0.24695222079753876 -0.24695222079753876 -0.24695222079753876 -0.24695222079753876 -0.24695222079753876 -0.24695222079753876 -0.24695222079753876 -0.24695222079753876
5.402356147766113 -0.05447245389223099 -0.11507092416286469 -0.10494152456521988 -0.08586061745882034 -0.06754494458436966 -0.048903536051511765 -0.008336416445672512 0.04559904336929321 0.47014501690864563 -0.24695222079753876 -0.24695222079753876 -0.24695222079753876 -0.24695222079753876 -0.24695222079753876 -0.24695222079753876 -0.24695222079753876 -0.24695222079753876 -0.24695222079753876 -0.24695222079753876 -0.24695222079753876 -0.24695222079753876 -0.24695222079753876 -0.24695222079753876 -0.24695222079753876 -0.24695222079753876 -0.24695222079753876 -0.24695222079753876 -0.24695222079753876 -0.24695222079753876 -0.24695222079753876 -0.24695222079753876
5.335735321044922 -0.06940089911222458 -0.12577950954437256 -0.11501791328191757 -0.10272795706987381 -0.09412998706102371 -0.07785540819168091 -0.04957662895321846 -0.01915140263736248 0.03791896626353264 0.4660499393939972 -0.24695222079753876 -0.24695222079753876 -0.24695222079753876 -0.24695222079753876 -0.24695222079753876 -0.24695222079753876 -0.24695222079753876 -0.24695222079753876 -0.24695222079753876 -0.24695222079753876 -0.24695222079753876 -0.24695222079753876 -0.24695222079753876 -0.24695222079753876 -0.24695222079753876 -0.24695222079753876 -0.24695222079753876 -0.24695222079753876 -0.24695222079753876 -0.24695222079753876 -0.24695222079753876
5.223560810089111 -0.08158593624830246 -0.1378074437379837 -0.12304084748029709 -0.11317919194698334 -0.10261785984039307 -0.0992022156715393 -0.07474128901958466 -0.04612550511956215 -0.02094709500670433 0.04550673067569733 0.4692860245704651 -0.24695222079753876 -0.24695222079753876 -0.24695222079753876 -0.24695222079753876 -0.24695222079753876 -0.24695222079753876 -0.24695222079753876 -0.24695222079753876 -0.24695222079753876 -0.24695222079753876 -0.24695222079753876 -0.24695222079753876 -0.24695222079753876 -0.24695222079753876 -0.24695222079753876 -0.24695222079753876 -0.24695222079753876 -0.24695222079753876 -0.24695222079753876 -0.24695222079753876
5.118949890136719 -0.08936523646116257 -0.14591777324676514 -0.13528120517730713 -0.11979451030492783 -0.11110469698905945 -0.11052946001291275 -0.09716754406690598 -0.0803128108382225 -0.047430455684661865 0.0008900055545382202 0.041724562644958496 0.46744638681411743 -0.24695222079753876 -0.24695222079753876 -0.24695222079753876 -0.24695222079753876 -0.24695222079753876 -0.24695222079753876 -0.24695222079753876 -0.24695222079753876 -0.24695222079753876 -0.24695222079753876 -0.24695222079753876 -0.24695222079753876 -0.24695222079753876 -0.24695222079753876 -0.24695222079753876 -0.24695222079753876 -0.24695222079753876 -0.24695222079753876 -0.24695222079753876
5.017271995544434 -0.0925406888127327 -0.15248170495033264 -0.14284324645996094 -0.13308864831924438 -0.12497580796480179 -0.11651011556386948 -0.11096333712339401 -0.10369494557380676 -0.07682755589485168 -0.03603063523769379 -0.018717104569077492 0.04126537963747978 0.4952945411205292 -0.24695222079753876 -0.24695222079753876 -0.24695222079753876 -0.24695222079753876 -0.24695222079753876 -0.24695222079753876 -0.24695222079753876 -0.24695222079753876 -0.24695222079753876 -0.24695222079753876 -0.24695222079753876 -0.24695222079753876 -0.24695222079753876 -0.24695222079753876 -0.24695222079753876 -0.24695222079753876 -0.24695222079753876 -0.24695222079753876
4.95150899887085 -0.1092553585767746 -0.15779100358486176 -0.15057310461997986 -0.14376503229141235 -0.1329459547996521 -0.1259225457906723 -0.11083044111728668 -0.10841730237007141 -0.09268154203891754 -0.072688028216362 -0.04609184339642525 -0.015163153409957886 0.04257618635892868 0.4702884256839752 -0.24695222079753876 -0.24695222079753876 -0.24695222079753876 -0.24695222079753876 -0.24695222079753876 -0.24695222079753876 -0.24695222079753876 -0.24695222079753876 -0.24695222079753876 -0.24695222079753876 -0.24695222079753876 -0.24695222079753876 -0.24695222079753876 -0.24695222079753876 -0.24695222079753876 -0.24695222079753876 -0.24695222079753876
4.91028356552124 -0.1098872646689415 -0.1612684279680252 -0.15567295253276825 -0.14260812103748322 -0.14452432096004486 -0.13342516124248505 -0.12972378730773926 -0.12395238131284714 -0.10794036835432053 -0.09623968601226807 -0.07773993164300919 -0.05099775269627571 -0.017824117094278336 0.030739281326532364 0.4620649814605713 -0.24695222079753876 -0.24695222079753876 -0.24695222079753876 -0.24695222079753876 -0.24695222079753876 -0.24695222079753876 -0.24695222079753876 -0.24695222079753876 -0.24695222079753876 -0.24695222079753876 -0.24695222079753876 -0.24695222079753876 -0.24695222079753876 -0.24695222079753876 -0.24695222079753876 -0.24695222079753876
4.865081310272217 -0.11342226713895798 -0.16787607967853546 -0.15881210565567017 -0.15494397282600403 -0.14780765771865845 -0.14556172490119934 -0.13756223022937775 -0.12867195904254913 -0.120589978992939 -0.10944127291440964 -0.10247880965471268 -0.08140712976455688 -0.054280128329992294 -0.023746775463223457 0.025601379573345184 0.4602454900741577 -0.24695222079753876 -0.24695222079753876 -0.24695222079753876 -0.24695222079753876 -0.24695222079753876 -0.24695222079753876 -0.24695222079753876 -0.24695222079753876 -0.24695222079753876 -0.24695222079753876 -0.24695222079753876 -0.24695222079753876 -0.24695222079753876 -0.24695222079753876 -0.24695222079753876
4.7464728355407715 -0.11941609531641006 -0.17198830842971802 -0.1631358414888382 -0.1531609743833542 -0.1546875238418579 -0.1528601199388504 -0.14572086930274963 -0.13651783764362335 -0.1231989786028862 -0.11000852286815643 -0.11526954919099808 -0.10085853934288025 -0.07606857270002365 -0.05235161632299423 -0.028731565922498703 0.02427636831998825 0.4905884265899658 -0.24695222079753876 -0.24695222079753876 -0.24695222079753876 -0.24695222079753876 -0.24695222079753876 -0.24695222079753876 -0.24695222079753876 -0.24695222079753876 -0.24695222079753876 -0.24695222079753876 -0.24695222079753876 -0.24695222079753876 -0.24695222079753876 -0.24695222079753876
4.696943759918213 -0.12541843950748444 -0.1765432357788086 -0.16699959337711334 -0.15594063699245453 -0.15509261190891266 -0.15540753304958344 -0.15119668841362 -0.14245450496673584 -0.13433413207530975 -0.12440063059329987 -0.12085919827222824 -0.11362133175134659 -0.10164270550012589 -0.08558757603168488 -0.05538753792643547 -0.02722819335758686 0.0253586582839489 0.48024189472198486 -0.24695222079753876 -0.24695222079753876 -0.24695222079753876 -0.24695222079753876 -0.24695222079753876 -0.24695222079753876 -0.24695222079753876 -0.24695222079753876 -0.24695222079753876 -0.24695222079753876 -0.24695222079753876 -0.24695222079753876 -0.24695222079753876
4.645961761474609 -0.1329912543296814 -0.17724888026714325 -0.1704845279455185 -0.16459447145462036 -0.15919727087020874 -0.1580328643321991 -0.15508152544498444 -0.15079845488071442 -0.13880464434623718 -0.13091953098773956 -0.12582798302173615 -0.12038867920637131 -0.11683984100818634 -0.10615484416484833 -0.08524069935083389 -0.05885516107082367 -0.03129444643855095 0.022609414532780647 0.4776536226272583 -0.24695222079753876 -0.24695222079753876 -0.24695222079753876 -0.24695222079753876 -0.24695222079753876 -0.24695222079753876 -0.24695222079753876 -0.24695222079753876 -0.24695222079753876 -0.24695222079753876 -0.24695222079753876 -0.24695222079753876
4.640044689178467 -0.14262491464614868 -0.179123654961586 -0.17167699337005615 -0.16539862751960754 -0.16586166620254517 -0.164326012134552 -0.16046743094921112 -0.1576397567987442 -0.15403248369693756 -0.14157751202583313 -0.14111782610416412 -0.13350370526313782 -0.1298144906759262 -0.12221868336200714 -0.10944090783596039 -0.08732641488313675 -0.05279496684670448 -0.029966367408633232 0.021133072674274445 0.46427637338638306 -0.24695222079753876 -0.24695222079753876 -0.24695222079753876 -0.24695222079753876 -0.24695222079753876 -0.24695222079753876 -0.24695222079753876 -0.24695222079753876 -0.24695222079753876 -0.24695222079753876 -0.24695222079753876
4.594764709472656 -0.15097489953041077 -0.18168362975120544 -0.17253050208091736 -0.16595463454723358 -0.16960375010967255 -0.16940230131149292 -0.16319739818572998 -0.1607377529144287 -0.1548902690410614 -0.14978350698947906 -0.14677968621253967 -0.1416826844215393 -0.13546165823936462 -0.1296275109052658 -0.11689206212759018 -0.10535290837287903 -0.09143365174531937 -0.0632096379995346 -0.02999865449965 0.019476396963000298 0.4545450508594513 -0.24695222079753876 -0.24695222079753876 -0.24695222079753876 -0.24695222079753876 -0.24695222079753876 -0.24695222079753876 -0.24695222079753876 -0.24695222079753876 -0.24695222079753876 -0.24695222079753876
4.568594455718994 -0.15256637334823608 -0.1884211301803589 -0.17590659856796265 -0.17155802249908447 -0.16440196335315704 -0.1734728217124939 -0.16940948367118835 -0.16540831327438354 -0.15989160537719727 -0.15584588050842285 -0.14784637093544006 -0.1488935649394989 -0.14326684176921844 -0.1375153511762619 -0.13005656003952026 -0.12132424116134644 -0.11566751450300217 -0.08871380239725113 -0.06074346974492073 -0.03786374628543854 0.018379367887973785 0.4444268047809601 -0.24695222079753876 -0.24695222079753876 -0.24695222079753876 -0.24695222079753876 -0.24695222079753876 -0.24695222079753876 -0.24695222079753876 -0.24695222079753876 -0.24695222079753876
4.549321174621582 -0.15388226509094238 -0.1938980668783188 -0.18313291668891907 -0.17515160143375397 -0.17076173424720764 -0.1745258867740631 -0.1727067530155182 -0.17011742293834686 -0.1664237082004547 -0.15783868730068207 -0.152530699968338 -0.15431100130081177 -0.1510731726884842 -0.14530688524246216 -0.13933663070201874 -0.13283298909664154 -0.1262221336364746 -0.11127637326717377 -0.08963007479906082 -0.0656735748052597 -0.03835345432162285 0.013662634417414665 0.43768829107284546 -0.24695222079753876 -0.24695222079753876 -0.24695222079753876 -0.24695222079753876 -0.24695222079753876 -0.24695222079753876 -0.24695222079753876 -0.24695222079753876
4.50385046005249 -0.1510450690984726 -0.19607970118522644 -0.18842041492462158 -0.182091623544693 -0.17540839314460754 -0.1738530546426773 -0.17130351066589355 -0.17246782779693604 -0.16844595968723297 -0.16212697327136993 -0.1611078530550003 -0.15963849425315857 -0.15687349438667297 -0.15391798317432404 -0.1485527604818344 -0.13924318552017212 -0.1342993825674057 -0.12975747883319855 -0.11743788421154022 -0.09807518869638443 -0.06703915446996689 -0.044143833220005035 0.008385737426578999 0.4677910804748535 -0.24695222079753876 -0.24695222079753876 -0.24695222079753876 -0.24695222079753876 -0.24695222079753876 -0.24695222079753876 -0.24695222079753876
4.507863998413086 -0.15073764324188232 -0.19371387362480164 -0.19213388860225677 -0.1887548863887787 -0.18286661803722382 -0.17645804584026337 -0.17403265833854675 -0.17370887100696564 -0.17243055999279022 -0.16873957216739655 -0.16615718603134155 -0.16312377154827118 -0.16113948822021484 -0.15933647751808167 -0.15476980805397034 -0.1504725217819214 -0.14414268732070923 -0.1377003788948059 -0.12803606688976288 -0.11854859441518784 -0.09853371232748032 -0.07351284474134445 -0.048554129898548126 0.006771945394575596 0.4444296360015869 -0.24695222079753876 -0.24695222079753876 -0.24695222079753876 -0.24695222079753876 -0.24695222079753876 -0.24695222079753876
4.461790084838867 -0.15891419351100922 -0.19253991544246674 -0.19210907816886902 -0.19160528481006622 -0.18894925713539124 -0.18360033631324768 -0.17625565826892853 -0.173136904835701 -0.17394746840000153 -0.1714702993631363 -0.16995762288570404 -0.16649174690246582 -0.16471853852272034 -0.16222353279590607 -0.158727765083313 -0.1544841080904007 -0.15045183897018433 -0.14507122337818146 -0.1368943601846695 -0.1307796984910965 -0.1161503791809082 -0.09985160082578659 -0.0759086087346077 -0.043804831802845 0.006558529566973448 0.44415125250816345 -0.24695222079753876 -0.24695222079753876 -0.24695222079753876 -0.24695222079753876 -0.24695222079753876
4.383068084716797 -0.1695178747177124 -0.19171716272830963 -0.18965063989162445 -0.19238729774951935 -0.1914653331041336 -0.18874965608119965 -0.1818496137857437 -0.17801348865032196 -0.17438234388828278 -0.16725891828536987 -0.17263595759868622 -0.1652621626853943 -0.16489113867282867 -0.15621544420719147 -0.1587935835123062 -0.15766017138957977 -0.14803476631641388 -0.139728382229805 -0.14319077134132385 -0.13600167632102966 -0.12942402064800262 -0.11997368931770325 -0.10063982754945755 -0.07385595142841339 -0.04927032068371773 0.009634461253881454 0.43537047505378723 -0.24695222079753876 -0.24695222079753876 -0.24695222079753876 -0.24695222079753876
4.373189926147461 -0.17640718817710876 -0.19690489768981934 -0.18758980929851532 -0.18885329365730286 -0.19127506017684937 -0.19002152979373932 -0.18843720853328705 -0.18181930482387543 -0.1769893318414688 -0.1711922436952591 -0.17498669028282166 -0.17118912935256958 -0.16971896588802338 -0.16783154010772705 -0.16186805069446564 -0.1641034185886383 -0.1620825082063675 -0.1553940623998642 -0.1474485993385315 -0.14394687116146088 -0.1382644921541214 -0.13092447817325592 -0.12037253379821777 -0.1044260710477829 -0.07435131072998047 -0.04385142773389816 0.0030433873180299997 0.4445880353450775 -0.24695222079753876 -0.24695222079753876 -0.24695222079753876
4.315629959106445 -0.1778542399406433 -0.20481671392917633 -0.19226130843162537 -0.1871519386768341 -0.1878851354122162 -0.19151441752910614 -0.19017738103866577 -0.18685729801654816 -0.18040481209754944 -0.17302310466766357 -0.17512916028499603 -0.17213453352451324 -0.17089036107063293 -0.16997580230236053 -0.16490213572978973 -0.16700243949890137 -0.16486218571662903 -0.16034308075904846 -0.15458625555038452 -0.15183931589126587 -0.14686653017997742 -0.14000841975212097 -0.13343435525894165 -0.1215616837143898 -0.09883803129196167 -0.07611318677663803 -0.04832160100340843 0.01396973617374897 0.4527692496776581 -0.24695222079753876 -0.24695222079753876
4.304993629455566 -0.17706702649593353 -0.21021375060081482 -0.19937576353549957 -0.19111962616443634 -0.18715296685695648 -0.18901701271533966 -0.1910395622253418 -0.19105686247348785 -0.18582303822040558 -0.17945174872875214 -0.1743532419204712 -0.17300471663475037 -0.17570392787456512 -0.1753803789615631 -0.16873864829540253 -0.16971096396446228 -0.1671854555606842 -0.1627189964056015 -0.1552683413028717 -0.1594090610742569 -0.15550830960273743 -0.14733055233955383 -0.14062458276748657 -0.13500431180000305 -0.12282636761665344 -0.10470683872699738 -0.07566453516483307 -0.044554274529218674 0.010567995719611645 0.44008201360702515 -0.24695222079753876
4.281888484954834 -0.172051802277565 -0.21047283709049225 -0.204443097114563 -0.19850024580955505 -0.18673357367515564 -0.18587490916252136 -0.18487708270549774 -0.19119299948215485 -0.1881018429994583 -0.18419155478477478 -0.17948287725448608 -0.17399100959300995 -0.17435364425182343 -0.17425498366355896 -0.17381295561790466 -0.1722278892993927 -0.16858941316604614 -0.16834217309951782 -0.1660279631614685 -0.16317801177501678 -0.16231751441955566 -0.157414510846138 -0.1494927704334259 -0.14530450105667114 -0.1378619223833084 -0.12454776465892792 -0.10438566654920578 -0.07467971742153168 -0.05024084076285362 -0.0023080804385244846 0.44700366258621216
