7.369509696960449 -0.23769201338291168 -0.23769201338291168 -0.23769201338291168 -0.23769201338291168 -0.23769201338291168 -0.23769201338291168 -0.23769201338291168 -0.23769201338291168 -0.23769201338291168 -0.23769201338291168 -0.23769201338291168 -0.23769201338291168 -0.23769201338291168 -0.23769201338291168 -0.23769201338291168 -0.23769201338291168 -0.23769201338291168 -0.23769201338291168 -0.23769201338291168 -0.23769201338291168 -0.23769201338291168 -0.23769201338291168 -0.23769201338291168 -0.23769201338291168 -0.23769201338291168 -0.23769201338291168 -0.23769201338291168 -0.23769201338291168 -0.23769201338291168 -0.23769201338291168 -0.23769201338291168
7.20682954788208 -0.07613074779510498 -0.23769201338291168 -0.23769201338291168 -0.23769201338291168 -0.23769201338291168 -0.23769201338291168 -0.23769201338291168 -0.23769201338291168 -0.23769201338291168 -0.23769201338291168 -0.23769201338291168 -0.23769201338291168 -0.23769201338291168 -0.23769201338291168 -0.23769201338291168 -0.23769201338291168 -0.23769201338291168 -0.23769201338291168 -0.23769201338291168 -0.23769201338291168 -0.23769201338291168 -0.23769201338291168 -0.23769201338291168 -0.23769201338291168 -0.23769201338291168 -0.23769201338291168 -0.23769201338291168 -0.23769201338291168 -0.23769201338291168 -0.23769201338291168 -0.23769201338291168
7.209288597106934 -0.1671169251203537 -0.149081289768219 -0.23769201338291168 -0.23769201338291168 -0.23769201338291168 -0.23769201338291168 -0.23769201338291168 -0.23769201338291168 -0.23769201338291168 -0.23769201338291168 -0.23769201338291168 -0.23769201338291168 -0.23769201338291168 -0.23769201338291168 -0.23769201338291168 -0.23769201338291168 -0.23769201338291168 -0.23769201338291168 -0.23769201338291168 -0.23769201338291168 -0.23769201338291168 -0.23769201338291168 -0.23769201338291168 -0.23769201338291168 -0.23769201338291168 -0.23769201338291168 -0.23769201338291168 -0.23769201338291168 -0.23769201338291168 -0.23769201338291168 -0.23769201338291168
7.131068706512451 -0.17002245783805847 -0.17416490614414215 -0.1314769983291626 -0.23769201338291168 -0.23769201338291168 -0.23769201338291168 -0.23769201338291168 -0.23769201338291168 -0.23769201338291168 -0.23769201338291168 -0.23769201338291168 -0.23769201338291168 -0.23769201338291168 -0.23769201338291168 -0.23769201338291168 -0.23769201338291168 -0.23769201338291168 -0.23769201338291168 -0.23769201338291168 -0.23769201338291168 -0.23769201338291168 -0.23769201338291168 -0.23769201338291168 -0.23769201338291168 -0.23769201338291168 -0.23769201338291168 -0.23769201338291168 -0.23769201338291168 -0.23769201338291168 -0.23769201338291168 -0.23769201338291168
7.069641590118408 -0.16792243719100952 -0.18560342490673065 -0.1660439819097519 -0.13237784802913666 -0.23769201338291168 -0.23769201338291168 -0.23769201338291168 -0.23769201338291168 -0.23769201338291168 -0.23769201338291168 -0.23769201338291168 -0.23769201338291168 -0.23769201338291168 -0.23769201338291168 -0.23769201338291168 -0.23769201338291168 -0.23769201338291168 -0.23769201338291168 -0.23769201338291168 -0.23769201338291168 -0.23769201338291168 -0.23769201338291168 -0.23769201338291168 -0.23769201338291168 -0.23769201338291168 -0.23769201338291168 -0.23769201338291168 -0.23769201338291168 -0.23769201338291168 -0.23769201338291168 -0.23769201338291168
6.990771293640137 -0.1640881597995758 -0.18572385609149933 -0.1707734614610672 -0.16566286981105804 -0.12450923025608063 -0.23769201338291168 -0.23769201338291168 -0.23769201338291168 -0.23769201338291168 -0.23769201338291168 -0.23769201338291168 -0.23769201338291168 -0.23769201338291168 -0.23769201338291168 -0.23769201338291168 -0.23769201338291168 -0.23769201338291168 -0.23769201338291168 -0.23769201338291168 -0.23769201338291168 -0.23769201338291168 -0.23769201338291168 -0.23769201338291168 -0.23769201338291168 -0.23769201338291168 -0.23769201338291168 -0.23769201338291168 -0.23769201338291168 -0.23769201338291168 -0.23769201338291168 -0.23769201338291168
6.9391655921936035 -0.164748877286911 -0.18656103312969208 -0.17802177369594574 -0.1758720576763153 -0.164556086063385 -0.12706339359283447 -0.23769201338291168 -0.23769201338291168 -0.23769201338291168 -0.23769201338291168 -0.23769201338291168 -0.23769201338291168 -0.23769201338291168 -0.23769201338291168 -0.23769201338291168 -0.23769201338291168 -0.23769201338291168 -0.23769201338291168 -0.23769201338291168 -0.23769201338291168 -0.23769201338291168 -0.23769201338291168 -0.23769201338291168 -0.23769201338291168 -0.23769201338291168 -0.23769201338291168 -0.23769201338291168 -0.23769201338291168 -0.23769201338291168 -0.23769201338291168 -0.23769201338291168
6.887633323669434 -0.16723671555519104 -0.18409647047519684 -0.1792607605457306 -0.18334123492240906 -0.17751942574977875 -0.1680288463830948 -0.12349051982164383 -0.23769201338291168 -0.23769201338291168 -0.23769201338291168 -0.23769201338291168 -0.23769201338291168 -0.23769201338291168 -0.23769201338291168 -0.23769201338291168 -0.23769201338291168 -0.23769201338291168 -0.23769201338291168 -0.23769201338291168 -0.23769201338291168 -0.23769201338291168 -0.23769201338291168 -0.23769201338291168 -0.23769201338291168 -0.23769201338291168 -0.23769201338291168 -0.23769201338291168 -0.23769201338291168 -0.23769201338291168 -0.23769201338291168 -0.23769201338291168
6.830425262451172 -0.16974468529224396 -0.18471406400203705 -0.18019455671310425 -0.18059119582176208 -0.18321354687213898 -0.18312616646289825 -0.16560380160808563 -0.11627902090549469 -0.23769201338291168 -0.23769201338291168 -0.23769201338291168 -0.23769201338291168 -0.23769201338291168 -0.23769201338291168 -0.23769201338291168 -0.23769201338291168 -0.23769201338291168 -0.23769201338291168 -0.23769201338291168 -0.23769201338291168 -0.23769201338291168 -0.23769201338291168 -0.23769201338291168 -0.23769201338291168 -0.23769201338291168 -0.23769201338291168 -0.23769201338291168 -0.23769201338291168 -0.23769201338291168 -0.23769201338291168 -0.23769201338291168
6.794132232666016 -0.17011906206607819 -0.1870126575231552 -0.18178793787956238 -0.18365275859832764 -0.1862054467201233 -0.1869633048772812 -0.18244126439094543 -0.16457071900367737 -0.12210650742053986 -0.23769201338291168 -0.23769201338291168 -0.23769201338291168 -0.23769201338291168 -0.23769201338291168 -0.23769201338291168 -0.23769201338291168 -0.23769201338291168 -0.23769201338291168 -0.23769201338291168 -0.23769201338291168 -0.23769201338291168 -0.23769201338291168 -0.23769201338291168 -0.23769201338291168 -0.23769201338291168 -0.23769201338291168 -0.23769201338291168 -0.23769201338291168 -0.23769201338291168 -0.23769201338291168 -0.23769201338291168
6.763164520263672 -0.17600534856319427 -0.18860431015491486 -0.18470987677574158 -0.18786105513572693 -0.18748925626277924 -0.18940579891204834 -0.1886659860610962 -0.18257778882980347 -0.1679447591304779 -0.1183425784111023 -0.23769201338291168 -0.23769201338291168 -0.23769201338291168 -0.23769201338291168 -0.23769201338291168 -0.23769201338291168 -0.23769201338291168 -0.23769201338291168 -0.23769201338291168 -0.23769201338291168 -0.23769201338291168 -0.23769201338291168 -0.23769201338291168 -0.23769201338291168 -0.23769201338291168 -0.23769201338291168 -0.23769201338291168 -0.23769201338291168 -0.23769201338291168 -0.23769201338291168 -0.23769201338291168
6.713600158691406 -0.17700199782848358 -0.18462097644805908 -0.18088765442371368 -0.18920181691646576 -0.18781736493110657 -0.18681927025318146 -0.18987810611724854 -0.18970409035682678 -0.18608079850673676 -0.16742287576198578 -0.12029234319925308 -0.23769201338291168 -0.23769201338291168 -0.23769201338291168 -0.23769201338291168 -0.23769201338291168 -0.23769201338291168 -0.23769201338291168 -0.23769201338291168 -0.23769201338291168 -0.23769201338291168 -0.23769201338291168 -0.23769201338291168 -0.23769201338291168 -0.23769201338291168 -0.23769201338291168 -0.23769201338291168 -0.23769201338291168 -0.23769201338291168 -0.23769201338291168 -0.23769201338291168
6.643609046936035 -0.1713697612285614 -0.18381507694721222 -0.17708870768547058 -0.18792180716991425 -0.1844898909330368 -0.18766099214553833 -0.19014863669872284 -0.18688800930976868 -0.1909916251897812 -0.1843273788690567 -0.16478808224201202 -0.11791634559631348 -0.23769201338291168 -0.23769201338291168 -0.23769201338291168 -0.23769201338291168 -0.23769201338291168 -0.23769201338291168 -0.23769201338291168 -0.23769201338291168 -0.23769201338291168 -0.23769201338291168 -0.23769201338291168 -0.23769201338291168 -0.23769201338291168 -0.23769201338291168 -0.23769201338291168 -0.23769201338291168 -0.23769201338291168 -0.23769201338291168 -0.23769201338291168
6.636099338531494 -0.17309993505477905 -0.19136552512645721 -0.18734917044639587 -0.1876899152994156 -0.19046981632709503 -0.1927320808172226 -0.19213184714317322 -0.19075071811676025 -0.1918494999408722 -0.19039461016654968 -0.1847502887248993 -0.1673058271408081 -0.1177380234003067 -0.23769201338291168 -0.23769201338291168 -0.23769201338291168 -0.23769201338291168 -0.23769201338291168 -0.23769201338291168 -0.23769201338291168 -0.23769201338291168 -0.23769201338291168 -0.23769201338291168 -0.23769201338291168 -0.23769201338291168 -0.23769201338291168 -0.23769201338291168 -0.23769201338291168 -0.23769201338291168 -0.23769201338291168 -0.23769201338291168
6.607759475708008 -0.1836501806974411 -0.19404035806655884 -0.18830294907093048 -0.19139127433300018 -0.1922118365764618 -0.19463306665420532 -0.19223277270793915 -0.19133146107196808 -0.1918693631887436 -0.18970128893852234 -0.1887580156326294 -0.18553516268730164 -0.1636710911989212 -0.11960785835981369 -0.23769201338291168 -0.23769201338291168 -0.23769201338291168 -0.23769201338291168 -0.23769201338291168 -0.23769201338291168 -0.23769201338291168 -0.23769201338291168 -0.23769201338291168 -0.23769201338291168 -0.23769201338291168 -0.23769201338291168 -0.23769201338291168 -0.23769201338291168 -0.23769201338291168 -0.23769201338291168 -0.23769201338291168
6.56297492980957 -0.18598265945911407 -0.19543218612670898 -0.19156931340694427 -0.18885675072669983 -0.1910240352153778 -0.19451162219047546 -0.19196762144565582 -0.19239486753940582 -0.19255559146404266 -0.19128000736236572 -0.1882985234260559 -0.18941988050937653 -0.183438241481781 -0.16764870285987854 -0.1154760867357254 -0.23769201338291168 -0.23769201338291168 -0.23769201338291168 -0.23769201338291168 -0.23769201338291168 -0.23769201338291168 -0.23769201338291168 -0.23769201338291168 -0.23769201338291168 -0.23769201338291168 -0.23769201338291168 -0.23769201338291168 -0.23769201338291168 -0.23769201338291168 -0.23769201338291168 -0.23769201338291168
6.51975679397583 -0.1862589418888092 -0.19622385501861572 -0.19255848228931427 -0.19202493131160736 -0.19328664243221283 -0.1943650245666504 -0.1924854815006256 -0.19254809617996216 -0.193661630153656 -0.1923101842403412 -0.1899101287126541 -0.1897660791873932 -0.18325775861740112 -0.18343254923820496 -0.16444627940654755 -0.11781634390354156 -0.23769201338291168 -0.23769201338291168 -0.23769201338291168 -0.23769201338291168 -0.23769201338291168 -0.23769201338291168 -0.23769201338291168 -0.23769201338291168 -0.23769201338291168 -0.23769201338291168 -0.23769201338291168 -0.23769201338291168 -0.23769201338291168 -0.23769201338291168 -0.23769201338291168
6.487630367279053 -0.18745999038219452 -0.19701670110225677 -0.19323159754276276 -0.19415397942066193 -0.19398650527000427 -0.1951313316822052 -0.19300125539302826 -0.1930599808692932 -0.19350627064704895 -0.19321736693382263 -0.19013871252536774 -0.1911928653717041 -0.1865522414445877 -0.18885637819766998 -0.18225041031837463 -0.16968505084514618 -0.11745469272136688 -0.23769201338291168 -0.23769201338291168 -0.23769201338291168 -0.23769201338291168 -0.23769201338291168 -0.23769201338291168 -0.23769201338291168 -0.23769201338291168 -0.23769201338291168 -0.23769201338291168 -0.23769201338291168 -0.23769201338291168 -0.23769201338291168 -0.23769201338291168
6.448337078094482 -0.18987742066383362 -0.1988150030374527 -0.19366082549095154 -0.19640298187732697 -0.19624009728431702 -0.196628600358963 -0.19432060420513153 -0.19348080456256866 -0.1937258392572403 -0.1926935315132141 -0.18790844082832336 -0.1925378441810608 -0.18717122077941895 -0.1881071925163269 -0.1837388128042221 -0.18689042329788208 -0.16757236421108246 -0.11856945604085922 -0.23769201338291168 -0.23769201338291168 -0.23769201338291168 -0.23769201338291168 -0.23769201338291168 -0.23769201338291168 -0.23769201338291168 -0.23769201338291168 -0.23769201338291168 -0.23769201338291168 -0.23769201338291168 -0.23769201338291168 -0.23769201338291168
6.399126052856445 -0.18994830548763275 -0.19973096251487732 -0.19362834095954895 -0.19700470566749573 -0.19692230224609375 -0.19741053879261017 -0.1949043720960617 -0.19312269985675812 -0.19296270608901978 -0.191925048828125 -0.189123272895813 -0.1928708553314209 -0.18830883502960205 -0.18833744525909424 -0.18151628971099854 -0.19063939154148102 -0.1862766593694687 -0.16416403651237488 -0.11797471344470978 -0.23769201338291168 -0.23769201338291168 -0.23769201338291168 -0.23769201338291168 -0.23769201338291168 -0.23769201338291168 -0.23769201338291168 -0.23769201338291168 -0.23769201338291168 -0.23769201338291168 -0.23769201338291168 -0.23769201338291168
6.395207405090332 -0.19167642295360565 -0.20085673034191132 -0.19601528346538544 -0.19648894667625427 -0.19806797802448273 -0.19828347861766815 -0.19611302018165588 -0.1952156275510788 -0.194587841629982 -0.19240981340408325 -0.19337238371372223 -0.1941714882850647 -0.192378431558609 -0.19257725775241852 -0.18923890590667725 -0.1924794465303421 -0.1911773532629013 -0.18654561042785645 -0.1695987433195114 -0.11930415779352188 -0.23769201338291168 -0.23769201338291168 -0.23769201338291168 -0.23769201338291168 -0.23769201338291168 -0.23769201338291168 -0.23769201338291168 -0.23769201338291168 -0.23769201338291168 -0.23769201338291168 -0.23769201338291168
6.348162651062012 -0.19367118179798126 -0.20051449537277222 -0.19585664570331573 -0.19731196761131287 -0.19847244024276733 -0.19612786173820496 -0.19725628197193146 -0.19721990823745728 -0.19536831974983215 -0.19240985810756683 -0.19149036705493927 -0.1944887489080429 -0.19198763370513916 -0.1954738348722458 -0.19311432540416718 -0.19516521692276 -0.19074535369873047 -0.19153115153312683 -0.18849226832389832 -0.16752313077449799 -0.10694098472595215 -0.23769201338291168 -0.23769201338291168 -0.23769201338291168 -0.23769201338291168 -0.23769201338291168 -0.23769201338291168 -0.23769201338291168 -0.23769201338291168 -0.23769201338291168 -0.23769201338291168
6.321626663208008 -0.19347208738327026 -0.19873417913913727 -0.19552919268608093 -0.19750025868415833 -0.19807319343090057 -0.19807811081409454 -0.1959552764892578 -0.195931538939476 -0.19566205143928528 -0.19350886344909668 -0.19204239547252655 -0.1916266679763794 -0.18986238539218903 -0.1951363980770111 -0.19515849649906158 -0.19512659311294556 -0.19433793425559998 -0.19256073236465454 -0.19354307651519775 -0.18948806822299957 -0.1712334305047989 -0.11976669728755951 -0.23769201338291168 -0.23769201338291168 -0.23769201338291168 -0.23769201338291168 -0.23769201338291168 -0.23769201338291168 -0.23769201338291168 -0.23769201338291168 -0.23769201338291168
6.28361701965332 -0.19311071932315826 -0.1979648321866989 -0.19510342180728912 -0.19718462228775024 -0.19477424025535583 -0.19741950929164886 -0.19774603843688965 -0.19675248861312866 -0.19642522931098938 -0.1945701241493225 -0.19394132494926453 -0.1929399073123932 -0.19194942712783813 -0.1953958123922348 -0.19447001814842224 -0.19676978886127472 -0.19597628712654114 -0.19503574073314667 -0.19384516775608063 -0.19383205473423004 -0.1876918524503708 -0.17045746743679047 -0.11868342012166977 -0.23769201338291168 -0.23769201338291168 -0.23769201338291168 -0.23769201338291168 -0.23769201338291168 -0.23769201338291168 -0.23769201338291168 -0.23769201338291168
6.255168914794922 -0.19393743574619293 -0.199523463845253 -0.1952037662267685 -0.19782626628875732 -0.19932657480239868 -0.19992931187152863 -0.1979093700647354 -0.19573934376239777 -0.19625383615493774 -0.1956365704536438 -0.19331684708595276 -0.19281093776226044 -0.19048333168029785 -0.19532248377799988 -0.19455263018608093 -0.19765809178352356 -0.1965022087097168 -0.19706332683563232 -0.19566190242767334 -0.1959502398967743 -0.19129741191864014 -0.18730971217155457 -0.17242299020290375 -0.11961227655410767 -0.23769201338291168 -0.23769201338291168 -0.23769201338291168 -0.23769201338291168 -0.23769201338291168 -0.23769201338291168 -0.23769201338291168
6.228650093078613 -0.19394215941429138 -0.20046600699424744 -0.19622470438480377 -0.19804786145687103 -0.200444757938385 -0.1995769590139389 -0.1973997801542282 -0.19628748297691345 -0.19619649648666382 -0.19543685019016266 -0.19391094148159027 -0.19440072774887085 -0.19425255060195923 -0.19485408067703247 -0.19690826535224915 -0.19779114425182343 -0.19721277058124542 -0.19768670201301575 -0.19677624106407166 -0.19627578556537628 -0.19474898278713226 -0.19294726848602295 -0.1904403418302536 -0.1702730655670166 -0.1202939823269844 -0.23769201338291168 -0.23769201338291168 -0.23769201338291168 -0.23769201338291168 -0.23769201338291168 -0.23769201338291168
6.179306983947754 -0.19576521217823029 -0.20277860760688782 -0.19761689007282257 -0.19866420328617096 -0.20013730227947235 -0.19940400123596191 -0.19830113649368286 -0.1971333771944046 -0.1970621943473816 -0.1945047527551651 -0.1941276639699936 -0.19223785400390625 -0.188840851187706 -0.1930554360151291 -0.19619663059711456 -0.19752830266952515 -0.19526375830173492 -0.19668780267238617 -0.19765330851078033 -0.19796468317508698 -0.19275230169296265 -0.19119073450565338 -0.19493523240089417 -0.18896691501140594 -0.17070889472961426 -0.12166070938110352 -0.23769201338291168 -0.23769201338291168 -0.23769201338291168 -0.23769201338291168 -0.23769201338291168
6.15231990814209 -0.19650976359844208 -0.203108549118042 -0.19860979914665222 -0.19948641955852509 -0.20008039474487305 -0.19857922196388245 -0.19771456718444824 -0.19750110805034637 -0.19869999587535858 -0.1977890580892563 -0.1931302547454834 -0.1932821422815323 -0.18236100673675537 -0.19162236154079437 -0.1957530528306961 -0.19805727899074554 -0.19384455680847168 -0.1974133849143982 -0.19985055923461914 -0.20022518932819366 -0.19735907018184662 -0.19602832198143005 -0.19701313972473145 -0.19402146339416504 -0.18876515328884125 -0.17462009191513062 -0.12038623541593552 -0.23769201338291168 -0.23769201338291168 -0.23769201338291168 -0.23769201338291168
6.123172283172607 -0.19873453676700592 -0.20471037924289703 -0.20035657286643982 -0.201308473944664 -0.20101946592330933 -0.19929836690425873 -0.19834573566913605 -0.19828709959983826 -0.19866380095481873 -0.19776873290538788 -0.19421149790287018 -0.19472776353359222 -0.1919141262769699 -0.19501684606075287 -0.19526508450508118 -0.19753366708755493 -0.197820782661438 -0.19614623486995697 -0.19964656233787537 -0.20029307901859283 -0.19216516613960266 -0.1900457739830017 -0.19681748747825623 -0.1947995126247406 -0.19266793131828308 -0.19245649874210358 -0.1737975776195526 -0.11653318256139755 -0.23769201338291168 -0.23769201338291168 -0.23769201338291168
6.088906764984131 -0.19926027953624725 -0.20311479270458221 -0.19983147084712982 -0.2020491659641266 -0.20169878005981445 -0.20033390820026398 -0.19846954941749573 -0.19767524302005768 -0.19795268774032593 -0.1957610547542572 -0.1915033459663391 -0.19468945264816284 -0.19357407093048096 -0.19485390186309814 -0.1939801722764969 -0.19743674993515015 -0.19471900165081024 -0.1963827908039093 -0.19851018488407135 -0.20099855959415436 -0.19790485501289368 -0.1967746615409851 -0.19935335218906403 -0.19475334882736206 -0.19467417895793915 -0.1967790573835373 -0.19154934585094452 -0.1724362075328827 -0.11680716276168823 -0.23769201338291168 -0.23769201338291168
6.069947719573975 -0.19997073709964752 -0.203536719083786 -0.1997668296098709 -0.20286491513252258 -0.20317625999450684 -0.20082232356071472 -0.19955295324325562 -0.19967176020145416 -0.19867084920406342 -0.19621196389198303 -0.19258607923984528 -0.19609665870666504 -0.1946159303188324 -0.19467896223068237 -0.19038332998752594 -0.19878169894218445 -0.196640282869339 -0.19605125486850739 -0.1990218162536621 -0.20021846890449524 -0.19669222831726074 -0.1962498426437378 -0.19803111255168915 -0.1996030956506729 -0.1976909637451172 -0.19800031185150146 -0.19623664021492004 -0.19194604456424713 -0.17569495737552643 -0.11910699307918549 -0.23769201338291168
6.038016319274902 -0.19911855459213257 -0.20434246957302094 -0.20111452043056488 -0.20135252177715302 -0.20134411752223969 -0.2019035518169403 -0.1997980922460556 -0.1981934756040573 -0.1977458894252777 -0.19652025401592255 -0.19430813193321228 -0.19707150757312775 -0.1925046741962433 -0.19685515761375427 -0.19573260843753815 -0.19765862822532654 -0.1979288011789322 -0.19638779759407043 -0.19792690873146057 -0.20048744976520538 -0.18613998591899872 -0.193398579955101 -0.2002953290939331 -0.20233774185180664 -0.20123590528964996 -0.19907428324222565 -0.1972171515226364 -0.19783346354961395 -0.1952151656150818 -0.17335829138755798 -0.12390664219856262
