7.6187520027160645 -0.24573099613189697 -0.24573099613189697 -0.24573099613189697 -0.24573099613189697 -0.24573099613189697 -0.24573099613189697 -0.24573099613189697 -0.24573099613189697 -0.24573099613189697 -0.24573099613189697 -0.24573099613189697 -0.24573099613189697 -0.24573099613189697 -0.24573099613189697 -0.24573099613189697 -0.24573099613189697 -0.24573099613189697 -0.24573099613189697 -0.24573099613189697 -0.24573099613189697 -0.24573099613189697 -0.24573099613189697 -0.24573099613189697 -0.24573099613189697 -0.24573099613189697 -0.24573099613189697 -0.24573099613189697 -0.24573099613189697 -0.24573099613189697 -0.24573099613189697 -0.24573099613189697
6.6281962394714355 0.7437815070152283 -0.24573099613189697 -0.24573099613189697 -0.24573099613189697 -0.24573099613189697 -0.24573099613189697 -0.24573099613189697 -0.24573099613189697 -0.24573099613189697 -0.24573099613189697 -0.24573099613189697 -0.24573099613189697 -0.24573099613189697 -0.24573099613189697 -0.24573099613189697 -0.24573099613189697 -0.24573099613189697 -0.24573099613189697 -0.24573099613189697 -0.24573099613189697 -0.24573099613189697 -0.24573099613189697 -0.24573099613189697 -0.24573099613189697 -0.24573099613189697 -0.24573099613189697 -0.24573099613189697 -0.24573099613189697 -0.24573099613189697 -0.24573099613189697 -0.24573099613189697
5.522703647613525 0.38953718543052673 1.214123010635376 -0.24573099613189697 -0.24573099613189697 -0.24573099613189697 -0.24573099613189697 -0.24573099613189697 -0.24573099613189697 -0.24573099613189697 -0.24573099613189697 -0.24573099613189697 -0.24573099613189697 -0.24573099613189697 -0.24573099613189697 -0.24573099613189697 -0.24573099613189697 -0.24573099613189697 -0.24573099613189697 -0.24573099613189697 -0.24573099613189697 -0.24573099613189697 -0.24573099613189697 -0.24573099613189697 -0.24573099613189697 -0.24573099613189697 -0.24573099613189697 -0.24573099613189697 -0.24573099613189697 -0.24573099613189697 -0.24573099613189697 -0.24573099613189697
4.949506759643555 0.21315816044807434 0.5654640197753906 1.1523654460906982 -0.24573099613189697 -0.24573099613189697 -0.24573099613189697 -0.24573099613189697 -0.24573099613189697 -0.24573099613189697 -0.24573099613189697 -0.24573099613189697 -0.24573099613189697 -0.24573099613189697 -0.24573099613189697 -0.24573099613189697 -0.24573099613189697 -0.24573099613189697 -0.24573099613189697 -0.24573099613189697 -0.24573099613189697 -0.24573099613189697 -0.24573099613189697 -0.24573099613189697 -0.24573099613189697 -0.24573099613189697 -0.24573099613189697 -0.24573099613189697 -0.24573099613189697 -0.24573099613189697 -0.24573099613189697 -0.24573099613189697
4.601860523223877 0.12875394523143768 0.29607853293418884 0.5819723606109619 1.026100993156433 -0.24573099613189697 -0.24573099613189697 -0.24573099613189697 -0.24573099613189697 -0.24573099613189697 -0.24573099613189697 -0.24573099613189697 -0.24573099613189697 -0.24573099613189697 -0.24573099613189697 -0.24573099613189697 -0.24573099613189697 -0.24573099613189697 -0.24573099613189697 -0.24573099613189697 -0.24573099613189697 -0.24573099613189697 -0.24573099613189697 -0.24573099613189697 -0.24573099613189697 -0.24573099613189697 -0.24573099613189697 -0.24573099613189697 -0.24573099613189697 -0.24573099613189697 -0.24573099613189697 -0.24573099613189697
4.385124683380127 0.09099958091974258 0.17648345232009888 0.3100735545158386 0.5400943756103516 0.8862423896789551 -0.24573099613189697 -0.24573099613189697 -0.24573099613189697 -0.24573099613189697 -0.24573099613189697 -0.24573099613189697 -0.24573099613189697 -0.24573099613189697 -0.24573099613189697 -0.24573099613189697 -0.24573099613189697 -0.24573099613189697 -0.24573099613189697 -0.24573099613189697 -0.24573099613189697 -0.24573099613189697 -0.24573099613189697 -0.24573099613189697 -0.24573099613189697 -0.24573099613189697 -0.24573099613189697 -0.24573099613189697 -0.24573099613189697 -0.24573099613189697 -0.24573099613189697 -0.24573099613189697
4.219348907470703 0.07493545114994049 0.13972000777721405 0.20008838176727295 0.285897433757782 0.46959733963012695 0.753703773021698 -0.24573099613189697 -0.24573099613189697 -0.24573099613189697 -0.24573099613189697 -0.24573099613189697 -0.24573099613189697 -0.24573099613189697 -0.24573099613189697 -0.24573099613189697 -0.24573099613189697 -0.24573099613189697 -0.24573099613189697 -0.24573099613189697 -0.24573099613189697 -0.24573099613189697 -0.24573099613189697 -0.24573099613189697 -0.24573099613189697 -0.24573099613189697 -0.24573099613189697 -0.24573099613189697 -0.24573099613189697 -0.24573099613189697 -0.24573099613189697 -0.24573099613189697
4.060352802276611 0.05285685136914253 0.12010633945465088 0.16115489602088928 0.18072566390037537 0.253387451171875 0.4090181589126587 0.659970760345459 -0.24573099613189697 -0.24573099613189697 -0.24573099613189697 -0.24573099613189697 -0.24573099613189697 -0.24573099613189697 -0.24573099613189697 -0.24573099613189697 -0.24573099613189697 -0.24573099613189697 -0.24573099613189697 -0.24573099613189697 -0.24573099613189697 -0.24573099613189697 -0.24573099613189697 -0.24573099613189697 -0.24573099613189697 -0.24573099613189697 -0.24573099613189697 -0.24573099613189697 -0.24573099613189697 -0.24573099613189697 -0.24573099613189697 -0.24573099613189697
3.9513049125671387 0.03340363875031471 0.08183150738477707 0.13569630682468414 0.14136523008346558 0.1514761745929718 0.20961177349090576 0.352102130651474 0.5950755476951599 -0.24573099613189697 -0.24573099613189697 -0.24573099613189697 -0.24573099613189697 -0.24573099613189697 -0.24573099613189697 -0.24573099613189697 -0.24573099613189697 -0.24573099613189697 -0.24573099613189697 -0.24573099613189697 -0.24573099613189697 -0.24573099613189697 -0.24573099613189697 -0.24573099613189697 -0.24573099613189697 -0.24573099613189697 -0.24573099613189697 -0.24573099613189697 -0.24573099613189697 -0.24573099613189697 -0.24573099613189697 -0.24573099613189697
3.8342196941375732 0.008914210833609104 0.045328278094530106 0.10695257782936096 0.1258002370595932 0.11397051066160202 0.12034524977207184 0.17677824199199677 0.33046025037765503 0.5433467626571655 -0.24573099613189697 -0.24573099613189697 -0.24573099613189697 -0.24573099613189697 -0.24573099613189697 -0.24573099613189697 -0.24573099613189697 -0.24573099613189697 -0.24573099613189697 -0.24573099613189697 -0.24573099613189697 -0.24573099613189697 -0.24573099613189697 -0.24573099613189697 -0.24573099613189697 -0.24573099613189697 -0.24573099613189697 -0.24573099613189697 -0.24573099613189697 -0.24573099613189697 -0.24573099613189697 -0.24573099613189697
3.7878143787384033 0.0020935700740665197 0.013830587267875671 0.06855157017707825 0.0902392640709877 0.09426907449960709 0.08423113077878952 0.09301924705505371 0.16397731006145477 0.2858823835849762 0.4765130281448364 -0.24573099613189697 -0.24573099613189697 -0.24573099613189697 -0.24573099613189697 -0.24573099613189697 -0.24573099613189697 -0.24573099613189697 -0.24573099613189697 -0.24573099613189697 -0.24573099613189697 -0.24573099613189697 -0.24573099613189697 -0.24573099613189697 -0.24573099613189697 -0.24573099613189697 -0.24573099613189697 -0.24573099613189697 -0.24573099613189697 -0.24573099613189697 -0.24573099613189697 -0.24573099613189697
3.7227020263671875 -0.0019936016760766506 -0.002475298009812832 0.036318518221378326 0.05515800043940544 0.07411634176969528 0.07124412059783936 0.05871012806892395 0.07914088666439056 0.1300421953201294 0.25242581963539124 0.43927299976348877 -0.24573099613189697 -0.24573099613189697 -0.24573099613189697 -0.24573099613189697 -0.24573099613189697 -0.24573099613189697 -0.24573099613189697 -0.24573099613189697 -0.24573099613189697 -0.24573099613189697 -0.24573099613189697 -0.24573099613189697 -0.24573099613189697 -0.24573099613189697 -0.24573099613189697 -0.24573099613189697 -0.24573099613189697 -0.24573099613189697 -0.24573099613189697 -0.24573099613189697
3.6413793563842773 -0.004873490426689386 -0.009795203804969788 0.01795225590467453 0.02831072360277176 0.04448626562952995 0.0491664782166481 0.04621676355600357 0.050794363021850586 0.05926171690225601 0.11395488679409027 0.23725399374961853 0.39484310150146484 -0.24573099613189697 -0.24573099613189697 -0.24573099613189697 -0.24573099613189697 -0.24573099613189697 -0.24573099613189697 -0.24573099613189697 -0.24573099613189697 -0.24573099613189697 -0.24573099613189697 -0.24573099613189697 -0.24573099613189697 -0.24573099613189697 -0.24573099613189697 -0.24573099613189697 -0.24573099613189697 -0.24573099613189697 -0.24573099613189697 -0.24573099613189697
3.582041025161743 -0.013602771796286106 -0.01797097735106945 0.011793886311352253 0.010458670556545258 0.020479833707213402 0.0272172000259161 0.030541064217686653 0.039507489651441574 0.032613541930913925 0.046634119004011154 0.1055837869644165 0.20055708289146423 0.3473326563835144 -0.24573099613189697 -0.24573099613189697 -0.24573099613189697 -0.24573099613189697 -0.24573099613189697 -0.24573099613189697 -0.24573099613189697 -0.24573099613189697 -0.24573099613189697 -0.24573099613189697 -0.24573099613189697 -0.24573099613189697 -0.24573099613189697 -0.24573099613189697 -0.24573099613189697 -0.24573099613189697 -0.24573099613189697 -0.24573099613189697
3.52468204498291 -0.018691398203372955 -0.03105996921658516 0.0017726169899106026 0.0010597106302157044 0.0029791099950671196 0.0025460636243224144 0.010511099360883236 0.02446979098021984 0.02183658815920353 0.018319234251976013 0.0397428423166275 0.07848887890577316 0.1849503219127655 0.31586411595344543 -0.24573099613189697 -0.24573099613189697 -0.24573099613189697 -0.24573099613189697 -0.24573099613189697 -0.24573099613189697 -0.24573099613189697 -0.24573099613189697 -0.24573099613189697 -0.24573099613189697 -0.24573099613189697 -0.24573099613189697 -0.24573099613189697 -0.24573099613189697 -0.24573099613189697 -0.24573099613189697 -0.24573099613189697
3.455935478210449 -0.021484041586518288 -0.046400219202041626 -0.01068616658449173 -0.00314102740958333 -0.00233018072322011 -0.010270432569086552 -0.009683366864919662 0.0047764042392373085 0.013456160202622414 0.008048032410442829 0.009539701044559479 0.018091311678290367 0.07680290937423706 0.1556280106306076 0.2934648394584656 -0.24573099613189697 -0.24573099613189697 -0.24573099613189697 -0.24573099613189697 -0.24573099613189697 -0.24573099613189697 -0.24573099613189697 -0.24573099613189697 -0.24573099613189697 -0.24573099613189697 -0.24573099613189697 -0.24573099613189697 -0.24573099613189697 -0.24573099613189697 -0.24573099613189697 -0.24573099613189697
3.446059465408325 -0.027002491056919098 -0.055728692561388016 -0.025096796452999115 -0.014997460879385471 -0.012057074345648289 -0.019297270104289055 -0.028556277975440025 -0.018479593098163605 -0.009288232773542404 -0.004678015597164631 -0.00367803405970335 -0.006780828814953566 0.011615253984928131 0.04996537044644356 0.1416321098804474 0.2623463571071625 -0.24573099613189697 -0.24573099613189697 -0.24573099613189697 -0.24573099613189697 -0.24573099613189697 -0.24573099613189697 -0.24573099613189697 -0.24573099613189697 -0.24573099613189697 -0.24573099613189697 -0.24573099613189697 -0.24573099613189697 -0.24573099613189697 -0.24573099613189697 -0.24573099613189697
3.4346752166748047 -0.03671962767839432 -0.062413908541202545 -0.03858429566025734 -0.030268995091319084 -0.022578932344913483 -0.027240104973316193 -0.03606414422392845 -0.030794858932495117 -0.02880038321018219 -0.021413147449493408 -0.01502830721437931 -0.018155992031097412 -0.011696159839630127 -0.0031443361658602953 0.036876872181892395 0.12394658476114273 0.22767722606658936 -0.24573099613189697 -0.24573099613189697 -0.24573099613189697 -0.24573099613189697 -0.24573099613189697 -0.24573099613189697 -0.24573099613189697 -0.24573099613189697 -0.24573099613189697 -0.24573099613189697 -0.24573099613189697 -0.24573099613189697 -0.24573099613189697 -0.24573099613189697
3.410094976425171 -0.046812836080789566 -0.06514634937047958 -0.04592364653944969 -0.042060788720846176 -0.03442556783556938 -0.03718162328004837 -0.0430251844227314 -0.03998429700732231 -0.04065562039613724 -0.040691740810871124 -0.030499864369630814 -0.02919502556324005 -0.02397148683667183 -0.026952922344207764 -0.010626628994941711 0.027688734233379364 0.10121186077594757 0.212722510099411 -0.24573099613189697 -0.24573099613189697 -0.24573099613189697 -0.24573099613189697 -0.24573099613189697 -0.24573099613189697 -0.24573099613189697 -0.24573099613189697 -0.24573099613189697 -0.24573099613189697 -0.24573099613189697 -0.24573099613189697 -0.24573099613189697
3.380908966064453 -0.05218397080898285 -0.07309520989656448 -0.0499606728553772 -0.05267879366874695 -0.04863382503390312 -0.04569613188505173 -0.050675202161073685 -0.04818758741021156 -0.049289800226688385 -0.05335681885480881 -0.04733338579535484 -0.04213716834783554 -0.03642687574028969 -0.037219662219285965 -0.03620004281401634 -0.01790238916873932 0.012892127968370914 0.0920112207531929 0.2040034383535385 -0.24573099613189697 -0.24573099613189697 -0.24573099613189697 -0.24573099613189697 -0.24573099613189697 -0.24573099613189697 -0.24573099613189697 -0.24573099613189697 -0.24573099613189697 -0.24573099613189697 -0.24573099613189697 -0.24573099613189697
3.355684757232666 -0.05989249795675278 -0.08006546646356583 -0.05760879069566727 -0.056001145392656326 -0.05537228286266327 -0.05673401057720184 -0.058896999806165695 -0.05527882277965546 -0.05552435666322708 -0.059892307966947556 -0.06017118692398071 -0.058069419115781784 -0.04644020274281502 -0.043738968670368195 -0.04421641677618027 -0.039707619696855545 -0.031402140855789185 0.008623741567134857 0.08300858736038208 0.17479634284973145 -0.24573099613189697 -0.24573099613189697 -0.24573099613189697 -0.24573099613189697 -0.24573099613189697 -0.24573099613189697 -0.24573099613189697 -0.24573099613189697 -0.24573099613189697 -0.24573099613189697 -0.24573099613189697
3.3507800102233887 -0.05562402680516243 -0.0870249941945076 -0.06563163548707962 -0.062630794942379 -0.06316982954740524 -0.06824466586112976 -0.07149533182382584 -0.06571730226278305 -0.060986217111349106 -0.06498432904481888 -0.0685221329331398 -0.06936086714267731 -0.05992904677987099 -0.058168958872556686 -0.05310731753706932 -0.04907139763236046 -0.05061144009232521 -0.03211252763867378 0.00040529522811993957 0.06375567615032196 0.14881159365177155 -0.24573099613189697 -0.24573099613189697 -0.24573099613189697 -0.24573099613189697 -0.24573099613189697 -0.24573099613189697 -0.24573099613189697 -0.24573099613189697 -0.24573099613189697 -0.24573099613189697
3.359107732772827 -0.054343950003385544 -0.0903908982872963 -0.07599703967571259 -0.07388464361429214 -0.06798701733350754 -0.07548382133245468 -0.08212948590517044 -0.07814837247133255 -0.07684946060180664 -0.07319232821464539 -0.072240449488163 -0.07792827486991882 -0.07414311170578003 -0.07122017443180084 -0.06495802849531174 -0.05704789608716965 -0.06033527851104736 -0.05410155653953552 -0.04257696121931076 -0.013356533832848072 0.048969145864248276 0.13984929025173187 -0.24573099613189697 -0.24573099613189697 -0.24573099613189697 -0.24573099613189697 -0.24573099613189697 -0.24573099613189697 -0.24573099613189697 -0.24573099613189697 -0.24573099613189697
3.3340024948120117 -0.04594586789608002 -0.08633255213499069 -0.08050989359617233 -0.08234262466430664 -0.07539769262075424 -0.07817345857620239 -0.08803407102823257 -0.08602351695299149 -0.08589915186166763 -0.08136937767267227 -0.0805080235004425 -0.08369603753089905 -0.08085904270410538 -0.08225933462381363 -0.07784812897443771 -0.06966300308704376 -0.06927070766687393 -0.0650482177734375 -0.05881917104125023 -0.051650337874889374 -0.023617936298251152 0.038425471633672714 0.1267319917678833 -0.24573099613189697 -0.24573099613189697 -0.24573099613189697 -0.24573099613189697 -0.24573099613189697 -0.24573099613189697 -0.24573099613189697 -0.24573099613189697
3.305016040802002 -0.05495789274573326 -0.08221246302127838 -0.077928327023983 -0.08728994429111481 -0.0776980072259903 -0.08850377053022385 -0.09314175695180893 -0.09313561767339706 -0.09473494440317154 -0.09191463142633438 -0.08738812804222107 -0.08983426541090012 -0.08452042192220688 -0.08866996318101883 -0.08793381601572037 -0.08298055827617645 -0.07964323461055756 -0.07214172929525375 -0.06742967665195465 -0.06937040388584137 -0.06010628864169121 -0.031003504991531372 0.03232288360595703 0.12540049850940704 -0.24573099613189697 -0.24573099613189697 -0.24573099613189697 -0.24573099613189697 -0.24573099613189697 -0.24573099613189697 -0.24573099613189697
3.278395652770996 -0.0680476501584053 -0.08231396228075027 -0.07177989929914474 -0.0868302434682846 -0.08945176005363464 -0.09622599184513092 -0.09913117438554764 -0.09871388226747513 -0.10112182050943375 -0.09921427816152573 -0.09457691013813019 -0.09685693681240082 -0.09144993871450424 -0.09356926381587982 -0.09396152943372726 -0.09215835481882095 -0.09004801511764526 -0.08053311705589294 -0.07078662514686584 -0.07783643156290054 -0.07653387635946274 -0.06389082223176956 -0.029220471158623695 0.029582219198346138 0.11033517122268677 -0.24573099613189697 -0.24573099613189697 -0.24573099613189697 -0.24573099613189697 -0.24573099613189697 -0.24573099613189697
3.2595162391662598 -0.07548119127750397 -0.0925201028585434 -0.07399480044841766 -0.0818295031785965 -0.08813930302858353 -0.09825601428747177 -0.10369499772787094 -0.10302899032831192 -0.10359706729650497 -0.1035754457116127 -0.10284728556871414 -0.10487184673547745 -0.0990409404039383 -0.09819956868886948 -0.09879729896783829 -0.0960335060954094 -0.09924418479204178 -0.09157543629407883 -0.08119253069162369 -0.08469885587692261 -0.08420760184526443 -0.0812256783246994 -0.06357153505086899 -0.030987152829766273 0.02046990767121315 0.08897476643323898 -0.24573099613189697 -0.24573099613189697 -0.24573099613189697 -0.24573099613189697 -0.24573099613189697
3.2423930168151855 -0.08196444064378738 -0.10618892312049866 -0.08219744265079498 -0.08190417289733887 -0.08397619426250458 -0.09547757357358932 -0.10542642325162888 -0.1080959364771843 -0.10814600437879562 -0.10769239068031311 -0.1066521629691124 -0.11152304708957672 -0.10502421110868454 -0.10526686906814575 -0.10352960973978043 -0.1003594771027565 -0.10494210571050644 -0.099799744784832 -0.09237488359212875 -0.09220462292432785 -0.09045156091451645 -0.08792171627283096 -0.07952336966991425 -0.060492437332868576 -0.03915872052311897 0.005358879920095205 0.07517880946397781 -0.24573099613189697 -0.24573099613189697 -0.24573099613189697 -0.24573099613189697
3.2265939712524414 -0.0757289007306099 -0.11660746484994888 -0.0973549336194992 -0.08938703685998917 -0.08232204616069794 -0.09180891513824463 -0.10534913837909698 -0.11049100011587143 -0.11225102841854095 -0.11182478070259094 -0.11070681363344193 -0.11556442826986313 -0.11205943673849106 -0.11333389580249786 -0.11031047254800797 -0.10623546689748764 -0.10986775159835815 -0.10530823469161987 -0.09912718832492828 -0.10098442435264587 -0.09758976846933365 -0.09393520653247833 -0.08705758303403854 -0.07359068095684052 -0.07244569808244705 -0.051631465554237366 -0.0025586795527487993 0.0657096579670906 -0.24573099613189697 -0.24573099613189697 -0.24573099613189697
3.2096102237701416 -0.0732007697224617 -0.12089419364929199 -0.11009502410888672 -0.10442084819078445 -0.09255223721265793 -0.09455844759941101 -0.10170654207468033 -0.10851119458675385 -0.11408090591430664 -0.114641934633255 -0.11465448141098022 -0.11956217139959335 -0.11731529235839844 -0.11788898706436157 -0.11645450443029404 -0.11219384521245956 -0.11284356564283371 -0.10744095593690872 -0.10544577240943909 -0.10896215587854385 -0.10564545542001724 -0.10135497152805328 -0.09169674664735794 -0.08258175104856491 -0.08647724241018295 -0.078199103474617 -0.05721993371844292 -0.008658045902848244 0.06080233305692673 -0.24573099613189697 -0.24573099613189697
3.1833865642547607 -0.061788223683834076 -0.11598031222820282 -0.11358331888914108 -0.11481000483036041 -0.10418614745140076 -0.10407572984695435 -0.10345418006181717 -0.10621532797813416 -0.11275029927492142 -0.1172906905412674 -0.11857713013887405 -0.12231817096471786 -0.11914639174938202 -0.12107163667678833 -0.12173998355865479 -0.11841386556625366 -0.11863141506910324 -0.11328291893005371 -0.10821393132209778 -0.11346044391393661 -0.11380469799041748 -0.11035040766000748 -0.09860784560441971 -0.09036044776439667 -0.09316953271627426 -0.0911126434803009 -0.08317533135414124 -0.06318099051713943 -0.014914313331246376 0.04970632493495941 -0.24573099613189697
3.1920018196105957 -0.0679660215973854 -0.10886180400848389 -0.11051909625530243 -0.11931704729795456 -0.10784915834665298 -0.11430750787258148 -0.11294784396886826 -0.11003037542104721 -0.11028160899877548 -0.11850765347480774 -0.12242721021175385 -0.1274544894695282 -0.12655574083328247 -0.12642988562583923 -0.12755870819091797 -0.1256348341703415 -0.12653814256191254 -0.12076573818922043 -0.11082034558057785 -0.11884470283985138 -0.1196586862206459 -0.11708983778953552 -0.10752514004707336 -0.10193555802106857 -0.10044924169778824 -0.09763188660144806 -0.0993504524230957 -0.08752958476543427 -0.06678427755832672 -0.021388577297329903 0.04063822329044342
