7.369509696960449 -0.23769201338291168 -0.23769201338291168 -0.23769201338291168 -0.23769201338291168 -0.23769201338291168 -0.23769201338291168 -0.23769201338291168 -0.23769201338291168 -0.23769201338291168 -0.23769201338291168 -0.23769201338291168 -0.23769201338291168 -0.23769201338291168 -0.23769201338291168 -0.23769201338291168 -0.23769201338291168 -0.23769201338291168 -0.23769201338291168 -0.23769201338291168 -0.23769201338291168 -0.23769201338291168 -0.23769201338291168 -0.23769201338291168 -0.23769201338291168 -0.23769201338291168 -0.23769201338291168 -0.23769201338291168 -0.23769201338291168 -0.23769201338291168 -0.23769201338291168 -0.23769201338291168
6.941947937011719 0.18899373710155487 -0.23769201338291168 -0.23769201338291168 -0.23769201338291168 -0.23769201338291168 -0.23769201338291168 -0.23769201338291168 -0.23769201338291168 -0.23769201338291168 -0.23769201338291168 -0.23769201338291168 -0.23769201338291168 -0.23769201338291168 -0.23769201338291168 -0.23769201338291168 -0.23769201338291168 -0.23769201338291168 -0.23769201338291168 -0.23769201338291168 -0.23769201338291168 -0.23769201338291168 -0.23769201338291168 -0.23769201338291168 -0.23769201338291168 -0.23769201338291168 -0.23769201338291168 -0.23769201338291168 -0.23769201338291168 -0.23769201338291168 -0.23769201338291168 -0.23769201338291168
6.748812675476074 0.1217806413769722 0.02251231111586094 -0.23769201338291168 -0.23769201338291168 -0.23769201338291168 -0.23769201338291168 -0.23769201338291168 -0.23769201338291168 -0.23769201338291168 -0.23769201338291168 -0.23769201338291168 -0.23769201338291168 -0.23769201338291168 -0.23769201338291168 -0.23769201338291168 -0.23769201338291168 -0.23769201338291168 -0.23769201338291168 -0.23769201338291168 -0.23769201338291168 -0.23769201338291168 -0.23769201338291168 -0.23769201338291168 -0.23769201338291168 -0.23769201338291168 -0.23769201338291168 -0.23769201338291168 -0.23769201338291168 -0.23769201338291168 -0.23769201338291168 -0.23769201338291168
6.527338981628418 0.09844913333654404 0.030268004164099693 -0.0006334196077659726 -0.23769201338291168 -0.23769201338291168 -0.23769201338291168 -0.23769201338291168 -0.23769201338291168 -0.23769201338291168 -0.23769201338291168 -0.23769201338291168 -0.23769201338291168 -0.23769201338291168 -0.23769201338291168 -0.23769201338291168 -0.23769201338291168 -0.23769201338291168 -0.23769201338291168 -0.23769201338291168 -0.23769201338291168 -0.23769201338291168 -0.23769201338291168 -0.23769201338291168 -0.23769201338291168 -0.23769201338291168 -0.23769201338291168 -0.23769201338291168 -0.23769201338291168 -0.23769201338291168 -0.23769201338291168 -0.23769201338291168
6.315850734710693 0.07470712810754776 0.04051050543785095 0.0029021338559687138 -0.016239337623119354 -0.23769201338291168 -0.23769201338291168 -0.23769201338291168 -0.23769201338291168 -0.23769201338291168 -0.23769201338291168 -0.23769201338291168 -0.23769201338291168 -0.23769201338291168 -0.23769201338291168 -0.23769201338291168 -0.23769201338291168 -0.23769201338291168 -0.23769201338291168 -0.23769201338291168 -0.23769201338291168 -0.23769201338291168 -0.23769201338291168 -0.23769201338291168 -0.23769201338291168 -0.23769201338291168 -0.23769201338291168 -0.23769201338291168 -0.23769201338291168 -0.23769201338291168 -0.23769201338291168 -0.23769201338291168
6.15629768371582 0.041705239564180374 0.009734314866364002 0.008748524822294712 -0.01505990419536829 -0.021393418312072754 -0.23769201338291168 -0.23769201338291168 -0.23769201338291168 -0.23769201338291168 -0.23769201338291168 -0.23769201338291168 -0.23769201338291168 -0.23769201338291168 -0.23769201338291168 -0.23769201338291168 -0.23769201338291168 -0.23769201338291168 -0.23769201338291168 -0.23769201338291168 -0.23769201338291168 -0.23769201338291168 -0.23769201338291168 -0.23769201338291168 -0.23769201338291168 -0.23769201338291168 -0.23769201338291168 -0.23769201338291168 -0.23769201338291168 -0.23769201338291168 -0.23769201338291168 -0.23769201338291168
6.0105977058410645 0.01758635602891445 -0.02923542447388172 -0.0049076806753873825 -0.005618966184556484 -0.018083762377500534 -0.028010254725813866 -0.23769201338291168 -0.23769201338291168 -0.23769201338291168 -0.23769201338291168 -0.23769201338291168 -0.23769201338291168 -0.23769201338291168 -0.23769201338291168 -0.23769201338291168 -0.23769201338291168 -0.23769201338291168 -0.23769201338291168 -0.23769201338291168 -0.23769201338291168 -0.23769201338291168 -0.23769201338291168 -0.23769201338291168 -0.23769201338291168 -0.23769201338291168 -0.23769201338291168 -0.23769201338291168 -0.23769201338291168 -0.23769201338291168 -0.23769201338291168 -0.23769201338291168
5.874985694885254 0.002020661486312747 -0.05362207815051079 -0.028854496777057648 -0.021028349176049232 -0.012861767783761024 -0.02735443040728569 -0.028638223186135292 -0.23769201338291168 -0.23769201338291168 -0.23769201338291168 -0.23769201338291168 -0.23769201338291168 -0.23769201338291168 -0.23769201338291168 -0.23769201338291168 -0.23769201338291168 -0.23769201338291168 -0.23769201338291168 -0.23769201338291168 -0.23769201338291168 -0.23769201338291168 -0.23769201338291168 -0.23769201338291168 -0.23769201338291168 -0.23769201338291168 -0.23769201338291168 -0.23769201338291168 -0.23769201338291168 -0.23769201338291168 -0.23769201338291168 -0.23769201338291168
5.724573135375977 -0.008643567562103271 -0.07364065945148468 -0.05875018611550331 -0.04264529049396515 -0.02199367620050907 -0.011553197167813778 -0.011765941046178341 -0.028642207384109497 -0.23769201338291168 -0.23769201338291168 -0.23769201338291168 -0.23769201338291168 -0.23769201338291168 -0.23769201338291168 -0.23769201338291168 -0.23769201338291168 -0.23769201338291168 -0.23769201338291168 -0.23769201338291168 -0.23769201338291168 -0.23769201338291168 -0.23769201338291168 -0.23769201338291168 -0.23769201338291168 -0.23769201338291168 -0.23769201338291168 -0.23769201338291168 -0.23769201338291168 -0.23769201338291168 -0.23769201338291168 -0.23769201338291168
5.619177341461182 -0.024968411773443222 -0.08403458446264267 -0.08076878637075424 -0.0679977759718895 -0.04831523820757866 -0.028569236397743225 -0.0062868488021194935 -0.0196536835283041 -0.02930876985192299 -0.23769201338291168 -0.23769201338291168 -0.23769201338291168 -0.23769201338291168 -0.23769201338291168 -0.23769201338291168 -0.23769201338291168 -0.23769201338291168 -0.23769201338291168 -0.23769201338291168 -0.23769201338291168 -0.23769201338291168 -0.23769201338291168 -0.23769201338291168 -0.23769201338291168 -0.23769201338291168 -0.23769201338291168 -0.23769201338291168 -0.23769201338291168 -0.23769201338291168 -0.23769201338291168 -0.23769201338291168
5.563647270202637 -0.042010899633169174 -0.09828300774097443 -0.0971311703324318 -0.0926462709903717 -0.0761188492178917 -0.0551825650036335 -0.029492873698472977 -0.020704949274659157 -0.0303351953625679 -0.03015902079641819 -0.23769201338291168 -0.23769201338291168 -0.23769201338291168 -0.23769201338291168 -0.23769201338291168 -0.23769201338291168 -0.23769201338291168 -0.23769201338291168 -0.23769201338291168 -0.23769201338291168 -0.23769201338291168 -0.23769201338291168 -0.23769201338291168 -0.23769201338291168 -0.23769201338291168 -0.23769201338291168 -0.23769201338291168 -0.23769201338291168 -0.23769201338291168 -0.23769201338291168 -0.23769201338291168
5.458379745483398 -0.05031399428844452 -0.10655803233385086 -0.10440057516098022 -0.10448917001485825 -0.09176154434680939 -0.07788971811532974 -0.047051165252923965 -0.031607918441295624 -0.02458888851106167 -0.032625921070575714 -0.03321616351604462 -0.23769201338291168 -0.23769201338291168 -0.23769201338291168 -0.23769201338291168 -0.23769201338291168 -0.23769201338291168 -0.23769201338291168 -0.23769201338291168 -0.23769201338291168 -0.23769201338291168 -0.23769201338291168 -0.23769201338291168 -0.23769201338291168 -0.23769201338291168 -0.23769201338291168 -0.23769201338291168 -0.23769201338291168 -0.23769201338291168 -0.23769201338291168 -0.23769201338291168
5.377498626708984 -0.06182993948459625 -0.118952676653862 -0.11163380742073059 -0.10997847467660904 -0.10337477177381516 -0.09442535042762756 -0.07224637269973755 -0.05698936805129051 -0.04037868231534958 -0.024003662168979645 -0.032058846205472946 -0.03543955460190773 -0.23769201338291168 -0.23769201338291168 -0.23769201338291168 -0.23769201338291168 -0.23769201338291168 -0.23769201338291168 -0.23769201338291168 -0.23769201338291168 -0.23769201338291168 -0.23769201338291168 -0.23769201338291168 -0.23769201338291168 -0.23769201338291168 -0.23769201338291168 -0.23769201338291168 -0.23769201338291168 -0.23769201338291168 -0.23769201338291168 -0.23769201338291168
5.306390762329102 -0.07102607935667038 -0.1314520537853241 -0.12423740327358246 -0.12064770609140396 -0.11531712114810944 -0.10800421983003616 -0.09243237972259521 -0.08008959889411926 -0.06230960786342621 -0.03301091492176056 -0.024036969989538193 -0.032346028834581375 -0.03297372907400131 -0.23769201338291168 -0.23769201338291168 -0.23769201338291168 -0.23769201338291168 -0.23769201338291168 -0.23769201338291168 -0.23769201338291168 -0.23769201338291168 -0.23769201338291168 -0.23769201338291168 -0.23769201338291168 -0.23769201338291168 -0.23769201338291168 -0.23769201338291168 -0.23769201338291168 -0.23769201338291168 -0.23769201338291168 -0.23769201338291168
5.199404716491699 -0.0761461928486824 -0.13962486386299133 -0.1342928558588028 -0.13080918788909912 -0.12401162087917328 -0.11431203782558441 -0.10321340709924698 -0.0939670130610466 -0.08169130980968475 -0.05396261811256409 -0.035344239324331284 -0.02253684028983116 -0.01432518195360899 -0.03432547301054001 -0.23769201338291168 -0.23769201338291168 -0.23769201338291168 -0.23769201338291168 -0.23769201338291168 -0.23769201338291168 -0.23769201338291168 -0.23769201338291168 -0.23769201338291168 -0.23769201338291168 -0.23769201338291168 -0.23769201338291168 -0.23769201338291168 -0.23769201338291168 -0.23769201338291168 -0.23769201338291168 -0.23769201338291168
5.119269371032715 -0.08417030423879623 -0.14385564625263214 -0.14034225046634674 -0.13598188757896423 -0.1305333524942398 -0.12231212854385376 -0.11276789754629135 -0.09238416701555252 -0.08632300794124603 -0.0775165855884552 -0.05622222647070885 -0.03035198338329792 -0.021390032023191452 -0.03872307017445564 -0.043293289840221405 -0.23769201338291168 -0.23769201338291168 -0.23769201338291168 -0.23769201338291168 -0.23769201338291168 -0.23769201338291168 -0.23769201338291168 -0.23769201338291168 -0.23769201338291168 -0.23769201338291168 -0.23769201338291168 -0.23769201338291168 -0.23769201338291168 -0.23769201338291168 -0.23769201338291168 -0.23769201338291168
5.021704196929932 -0.09190846234560013 -0.1463993489742279 -0.14581497013568878 -0.14502179622650146 -0.1394362449645996 -0.12926016747951508 -0.11813292652368546 -0.09239942580461502 -0.10252374410629272 -0.08985359221696854 -0.08350399136543274 -0.05838009715080261 -0.030355101451277733 -0.02649286389350891 -0.023020226508378983 -0.0337991788983345 -0.23769201338291168 -0.23769201338291168 -0.23769201338291168 -0.23769201338291168 -0.23769201338291168 -0.23769201338291168 -0.23769201338291168 -0.23769201338291168 -0.23769201338291168 -0.23769201338291168 -0.23769201338291168 -0.23769201338291168 -0.23769201338291168 -0.23769201338291168 -0.23769201338291168
4.995246887207031 -0.09892694652080536 -0.1514025628566742 -0.14877566695213318 -0.14699022471904755 -0.14619441330432892 -0.139348566532135 -0.1296098381280899 -0.11665839701890945 -0.11164814233779907 -0.10258221626281738 -0.09720232337713242 -0.08040649443864822 -0.054918672889471054 -0.04255080223083496 -0.02509498782455921 -0.03500783070921898 -0.0401940643787384 -0.23769201338291168 -0.23769201338291168 -0.23769201338291168 -0.23769201338291168 -0.23769201338291168 -0.23769201338291168 -0.23769201338291168 -0.23769201338291168 -0.23769201338291168 -0.23769201338291168 -0.23769201338291168 -0.23769201338291168 -0.23769201338291168 -0.23769201338291168
4.9126715660095215 -0.10453623533248901 -0.15641003847122192 -0.1529311090707779 -0.14879341423511505 -0.14937297999858856 -0.14524374902248383 -0.1347399652004242 -0.12425033003091812 -0.11744357645511627 -0.11049696058034897 -0.10394416749477386 -0.09217677265405655 -0.07100049406290054 -0.059247590601444244 -0.03518076613545418 -0.027141770347952843 -0.0465024895966053 -0.04322828724980354 -0.23769201338291168 -0.23769201338291168 -0.23769201338291168 -0.23769201338291168 -0.23769201338291168 -0.23769201338291168 -0.23769201338291168 -0.23769201338291168 -0.23769201338291168 -0.23769201338291168 -0.23769201338291168 -0.23769201338291168 -0.23769201338291168
4.820502281188965 -0.10631300508975983 -0.16058029234409332 -0.15501978993415833 -0.14902575314044952 -0.14896494150161743 -0.14434468746185303 -0.13964267075061798 -0.12653975188732147 -0.1196412518620491 -0.11563471704721451 -0.11251525580883026 -0.10307735204696655 -0.09137143194675446 -0.08025291562080383 -0.061926305294036865 -0.04060441628098488 -0.038296014070510864 -0.033936306834220886 -0.040489960461854935 -0.23769201338291168 -0.23769201338291168 -0.23769201338291168 -0.23769201338291168 -0.23769201338291168 -0.23769201338291168 -0.23769201338291168 -0.23769201338291168 -0.23769201338291168 -0.23769201338291168 -0.23769201338291168 -0.23769201338291168
4.788071632385254 -0.11330238729715347 -0.16452303528785706 -0.16037298738956451 -0.15821199119091034 -0.15495313704013824 -0.1491798758506775 -0.1434815675020218 -0.1386823058128357 -0.13190467655658722 -0.1253124326467514 -0.12287051975727081 -0.1141585260629654 -0.10603711009025574 -0.09728299826383591 -0.0694037601351738 -0.047503042966127396 -0.05554536357522011 -0.03217092528939247 -0.04208213835954666 -0.04644551873207092 -0.23769201338291168 -0.23769201338291168 -0.23769201338291168 -0.23769201338291168 -0.23769201338291168 -0.23769201338291168 -0.23769201338291168 -0.23769201338291168 -0.23769201338291168 -0.23769201338291168 -0.23769201338291168
4.735404968261719 -0.11839571595191956 -0.16386979818344116 -0.16393806040287018 -0.16081450879573822 -0.15654681622982025 -0.15293127298355103 -0.14898563921451569 -0.14544743299484253 -0.14128558337688446 -0.13192538917064667 -0.12632904946804047 -0.11613886803388596 -0.1072918176651001 -0.11079231649637222 -0.09370814263820648 -0.08248000591993332 -0.06687331944704056 -0.04371722787618637 -0.030930517241358757 -0.04977169632911682 -0.04624549672007561 -0.23769201338291168 -0.23769201338291168 -0.23769201338291168 -0.23769201338291168 -0.23769201338291168 -0.23769201338291168 -0.23769201338291168 -0.23769201338291168 -0.23769201338291168 -0.23769201338291168
4.689777851104736 -0.12061909586191177 -0.16381388902664185 -0.16375768184661865 -0.1620292216539383 -0.16012173891067505 -0.15529854595661163 -0.15279993414878845 -0.14737090468406677 -0.14390897750854492 -0.1358424723148346 -0.12808869779109955 -0.12226280570030212 -0.11427930742502213 -0.11579743772745132 -0.10936061292886734 -0.09776466339826584 -0.08989793807268143 -0.07377395778894424 -0.04683097079396248 -0.048014141619205475 -0.049275074154138565 -0.049609892070293427 -0.23769201338291168 -0.23769201338291168 -0.23769201338291168 -0.23769201338291168 -0.23769201338291168 -0.23769201338291168 -0.23769201338291168 -0.23769201338291168 -0.23769201338291168
4.650644302368164 -0.1256958246231079 -0.1677493155002594 -0.16446995735168457 -0.1634569764137268 -0.15863850712776184 -0.1581401824951172 -0.15702514350414276 -0.15207117795944214 -0.14834679663181305 -0.13662387430667877 -0.1385733187198639 -0.13194355368614197 -0.12042880058288574 -0.1247946247458458 -0.11763761192560196 -0.10583546757698059 -0.10257741808891296 -0.09072942286729813 -0.07121790200471878 -0.06208055093884468 -0.0492125079035759 -0.05584503710269928 -0.045955173671245575 -0.23769201338291168 -0.23769201338291168 -0.23769201338291168 -0.23769201338291168 -0.23769201338291168 -0.23769201338291168 -0.23769201338291168 -0.23769201338291168
4.627970218658447 -0.12529051303863525 -0.16918519139289856 -0.16578590869903564 -0.1662990152835846 -0.16438807547092438 -0.16392865777015686 -0.16206690669059753 -0.15794801712036133 -0.15329596400260925 -0.14304232597351074 -0.14484058320522308 -0.13920071721076965 -0.12492387741804123 -0.13230296969413757 -0.12293895334005356 -0.1171027198433876 -0.11468423157930374 -0.10818920284509659 -0.09184163063764572 -0.07893810421228409 -0.06308271735906601 -0.05213411524891853 -0.05407281965017319 -0.04857431724667549 -0.23769201338291168 -0.23769201338291168 -0.23769201338291168 -0.23769201338291168 -0.23769201338291168 -0.23769201338291168 -0.23769201338291168
4.623134136199951 -0.12895892560482025 -0.1753111034631729 -0.1710633486509323 -0.16880707442760468 -0.16598094999790192 -0.16581352055072784 -0.16681182384490967 -0.16354651749134064 -0.15793399512767792 -0.15146861970424652 -0.14769019186496735 -0.14449700713157654 -0.13568681478500366 -0.14004459977149963 -0.13323315978050232 -0.12839128077030182 -0.12539508938789368 -0.11715136468410492 -0.10856582969427109 -0.09828829765319824 -0.08246637880802155 -0.06515216082334518 -0.052622828632593155 -0.052340395748615265 -0.050019584596157074 -0.23769201338291168 -0.23769201338291168 -0.23769201338291168 -0.23769201338291168 -0.23769201338291168 -0.23769201338291168
4.54669713973999 -0.13251695036888123 -0.17910286784172058 -0.17610597610473633 -0.1746707409620285 -0.16993381083011627 -0.16824954748153687 -0.16531145572662354 -0.16448922455310822 -0.1609114110469818 -0.1549552083015442 -0.15300187468528748 -0.14403407275676727 -0.1413666009902954 -0.14140981435775757 -0.13922126591205597 -0.13000744581222534 -0.11910723894834518 -0.11448051780462265 -0.1195119246840477 -0.11202125996351242 -0.10007661581039429 -0.08300331234931946 -0.06812495738267899 -0.04738295078277588 -0.04889604449272156 -0.050654612481594086 -0.23769201338291168 -0.23769201338291168 -0.23769201338291168 -0.23769201338291168 -0.23769201338291168
4.531567096710205 -0.13610221445560455 -0.17907831072807312 -0.1802559494972229 -0.18022514879703522 -0.17573478817939758 -0.1724599450826645 -0.1682189702987671 -0.16544577479362488 -0.1659911870956421 -0.16403284668922424 -0.15763342380523682 -0.15044111013412476 -0.1402846723794937 -0.14393921196460724 -0.14346522092819214 -0.14223770797252655 -0.13477739691734314 -0.11769253760576248 -0.12640619277954102 -0.12298773974180222 -0.11271046102046967 -0.09779173880815506 -0.08415238559246063 -0.06731285899877548 -0.04039563611149788 -0.058294735848903656 -0.05300751328468323 -0.23769201338291168 -0.23769201338291168 -0.23769201338291168 -0.23769201338291168
4.494467735290527 -0.13601505756378174 -0.18022705614566803 -0.18028084933757782 -0.18218353390693665 -0.1786089837551117 -0.17538981139659882 -0.1722773015499115 -0.16813398897647858 -0.16507157683372498 -0.16308987140655518 -0.15992236137390137 -0.15286701917648315 -0.146082803606987 -0.1476966142654419 -0.14561046659946442 -0.1460219770669937 -0.14251378178596497 -0.13258805871009827 -0.12929563224315643 -0.12789158523082733 -0.12223135679960251 -0.11414970457553864 -0.10199269652366638 -0.07534484565258026 -0.06341644376516342 -0.0552750900387764 -0.06212147697806358 -0.05536528304219246 -0.23769201338291168 -0.23769201338291168 -0.23769201338291168
4.445777893066406 -0.13924723863601685 -0.18195532262325287 -0.1813730001449585 -0.18344293534755707 -0.1815940886735916 -0.17920267581939697 -0.1750480830669403 -0.17023397982120514 -0.16754184663295746 -0.16613231599330902 -0.16192913055419922 -0.15926794707775116 -0.14121608436107635 -0.15141354501247406 -0.14519566297531128 -0.1479571908712387 -0.14651064574718475 -0.14060242474079132 -0.13266733288764954 -0.13418857753276825 -0.12814921140670776 -0.12223062664270401 -0.11497005820274353 -0.09196311980485916 -0.08048434555530548 -0.07031627744436264 -0.05601338669657707 -0.06200198456645012 -0.05786534771323204 -0.23769201338291168 -0.23769201338291168
4.402238845825195 -0.13811157643795013 -0.1858246624469757 -0.18156903982162476 -0.1810898333787918 -0.18302370607852936 -0.18098965287208557 -0.1785632073879242 -0.17287759482860565 -0.167337104678154 -0.16524994373321533 -0.16369086503982544 -0.16080987453460693 -0.15594474971294403 -0.15281859040260315 -0.15443652868270874 -0.1538187563419342 -0.15194684267044067 -0.14768213033676147 -0.14240096509456635 -0.13904543220996857 -0.13491758704185486 -0.1279001235961914 -0.12263087928295135 -0.11367809772491455 -0.09699837863445282 -0.07747683674097061 -0.06404509395360947 -0.049253638833761215 -0.0648033544421196 -0.05590115860104561 -0.23769201338291168
4.438205242156982 -0.14160636067390442 -0.18913674354553223 -0.18582271039485931 -0.18399712443351746 -0.18322284519672394 -0.18105286359786987 -0.17981478571891785 -0.17649036645889282 -0.17320607602596283 -0.1704452931880951 -0.16561394929885864 -0.16331058740615845 -0.16246147453784943 -0.16031193733215332 -0.16014690697193146 -0.15886907279491425 -0.15460260212421417 -0.1532570868730545 -0.14781607687473297 -0.14683467149734497 -0.14449957013130188 -0.13693751394748688 -0.13487683236598969 -0.13010498881340027 -0.12127228826284409 -0.10582417249679565 -0.0821983590722084 -0.06965884566307068 -0.06290373206138611 -0.05380166321992874 -0.058389123529195786
