6.318609237670898 -0.2037968784570694 -0.2037968784570694 -0.2037968784570694 -0.2037968784570694 -0.2037968784570694 -0.2037968784570694 -0.2037968784570694 -0.2037968784570694 -0.2037968784570694 -0.2037968784570694 -0.2037968784570694 -0.2037968784570694 -0.2037968784570694 -0.2037968784570694 -0.2037968784570694 -0.2037968784570694 -0.2037968784570694 -0.2037968784570694 -0.2037968784570694 -0.2037968784570694 -0.2037968784570694 -0.2037968784570694 -0.2037968784570694 -0.2037968784570694 -0.2037968784570694 -0.2037968784570694 -0.2037968784570694 -0.2037968784570694 -0.2037968784570694 -0.2037968784570694 -0.2037968784570694
5.906515598297119 0.20729990303516388 -0.2037968784570694 -0.2037968784570694 -0.2037968784570694 -0.2037968784570694 -0.2037968784570694 -0.2037968784570694 -0.2037968784570694 -0.2037968784570694 -0.2037968784570694 -0.2037968784570694 -0.2037968784570694 -0.2037968784570694 -0.2037968784570694 -0.2037968784570694 -0.2037968784570694 -0.2037968784570694 -0.2037968784570694 -0.2037968784570694 -0.2037968784570694 -0.2037968784570694 -0.2037968784570694 -0.2037968784570694 -0.2037968784570694 -0.2037968784570694 -0.2037968784570694 -0.2037968784570694 -0.2037968784570694 -0.2037968784570694 -0.2037968784570694 -0.2037968784570694
5.902692794799805 -0.07683933526277542 0.08424174040555954 -0.2037968784570694 -0.2037968784570694 -0.2037968784570694 -0.2037968784570694 -0.2037968784570694 -0.2037968784570694 -0.2037968784570694 -0.2037968784570694 -0.2037968784570694 -0.2037968784570694 -0.2037968784570694 -0.2037968784570694 -0.2037968784570694 -0.2037968784570694 -0.2037968784570694 -0.2037968784570694 -0.2037968784570694 -0.2037968784570694 -0.2037968784570694 -0.2037968784570694 -0.2037968784570694 -0.2037968784570694 -0.2037968784570694 -0.2037968784570694 -0.2037968784570694 -0.2037968784570694 -0.2037968784570694 -0.2037968784570694 -0.2037968784570694
5.806116580963135 -0.135531485080719 -0.06703854352235794 0.1028347909450531 -0.2037968784570694 -0.2037968784570694 -0.2037968784570694 -0.2037968784570694 -0.2037968784570694 -0.2037968784570694 -0.2037968784570694 -0.2037968784570694 -0.2037968784570694 -0.2037968784570694 -0.2037968784570694 -0.2037968784570694 -0.2037968784570694 -0.2037968784570694 -0.2037968784570694 -0.2037968784570694 -0.2037968784570694 -0.2037968784570694 -0.2037968784570694 -0.2037968784570694 -0.2037968784570694 -0.2037968784570694 -0.2037968784570694 -0.2037968784570694 -0.2037968784570694 -0.2037968784570694 -0.2037968784570694 -0.2037968784570694
5.728674411773682 -0.15325941145420074 -0.12118291854858398 -0.07418601959943771 0.12254488468170166 -0.2037968784570694 -0.2037968784570694 -0.2037968784570694 -0.2037968784570694 -0.2037968784570694 -0.2037968784570694 -0.2037968784570694 -0.2037968784570694 -0.2037968784570694 -0.2037968784570694 -0.2037968784570694 -0.2037968784570694 -0.2037968784570694 -0.2037968784570694 -0.2037968784570694 -0.2037968784570694 -0.2037968784570694 -0.2037968784570694 -0.2037968784570694 -0.2037968784570694 -0.2037968784570694 -0.2037968784570694 -0.2037968784570694 -0.2037968784570694 -0.2037968784570694 -0.2037968784570694 -0.2037968784570694
5.5957231521606445 -0.1554536521434784 -0.13272230327129364 -0.11599049717187881 -0.06583515554666519 0.17303404211997986 -0.2037968784570694 -0.2037968784570694 -0.2037968784570694 -0.2037968784570694 -0.2037968784570694 -0.2037968784570694 -0.2037968784570694 -0.2037968784570694 -0.2037968784570694 -0.2037968784570694 -0.2037968784570694 -0.2037968784570694 -0.2037968784570694 -0.2037968784570694 -0.2037968784570694 -0.2037968784570694 -0.2037968784570694 -0.2037968784570694 -0.2037968784570694 -0.2037968784570694 -0.2037968784570694 -0.2037968784570694 -0.2037968784570694 -0.2037968784570694 -0.2037968784570694 -0.2037968784570694
5.570249557495117 -0.16245339810848236 -0.1477854996919632 -0.13620774447917938 -0.11790923029184341 -0.06180627644062042 0.15085630118846893 -0.2037968784570694 -0.2037968784570694 -0.2037968784570694 -0.2037968784570694 -0.2037968784570694 -0.2037968784570694 -0.2037968784570694 -0.2037968784570694 -0.2037968784570694 -0.2037968784570694 -0.2037968784570694 -0.2037968784570694 -0.2037968784570694 -0.2037968784570694 -0.2037968784570694 -0.2037968784570694 -0.2037968784570694 -0.2037968784570694 -0.2037968784570694 -0.2037968784570694 -0.2037968784570694 -0.2037968784570694 -0.2037968784570694 -0.2037968784570694 -0.2037968784570694
5.5116071701049805 -0.16661597788333893 -0.15089374780654907 -0.14555954933166504 -0.13853338360786438 -0.1167706847190857 -0.06693121790885925 0.16482850909233093 -0.2037968784570694 -0.2037968784570694 -0.2037968784570694 -0.2037968784570694 -0.2037968784570694 -0.2037968784570694 -0.2037968784570694 -0.2037968784570694 -0.2037968784570694 -0.2037968784570694 -0.2037968784570694 -0.2037968784570694 -0.2037968784570694 -0.2037968784570694 -0.2037968784570694 -0.2037968784570694 -0.2037968784570694 -0.2037968784570694 -0.2037968784570694 -0.2037968784570694 -0.2037968784570694 -0.2037968784570694 -0.2037968784570694 -0.2037968784570694
5.452522277832031 -0.1723584681749344 -0.15703584253787994 -0.15237544476985931 -0.14849425852298737 -0.13956837356090546 -0.11915705353021622 -0.05942307040095329 0.1832609921693802 -0.2037968784570694 -0.2037968784570694 -0.2037968784570694 -0.2037968784570694 -0.2037968784570694 -0.2037968784570694 -0.2037968784570694 -0.2037968784570694 -0.2037968784570694 -0.2037968784570694 -0.2037968784570694 -0.2037968784570694 -0.2037968784570694 -0.2037968784570694 -0.2037968784570694 -0.2037968784570694 -0.2037968784570694 -0.2037968784570694 -0.2037968784570694 -0.2037968784570694 -0.2037968784570694 -0.2037968784570694 -0.2037968784570694
5.411063194274902 -0.17629185318946838 -0.1612006276845932 -0.15671072900295258 -0.1543608009815216 -0.14882050454616547 -0.14168143272399902 -0.11639468371868134 -0.05758517608046532 0.1855497509241104 -0.2037968784570694 -0.2037968784570694 -0.2037968784570694 -0.2037968784570694 -0.2037968784570694 -0.2037968784570694 -0.2037968784570694 -0.2037968784570694 -0.2037968784570694 -0.2037968784570694 -0.2037968784570694 -0.2037968784570694 -0.2037968784570694 -0.2037968784570694 -0.2037968784570694 -0.2037968784570694 -0.2037968784570694 -0.2037968784570694 -0.2037968784570694 -0.2037968784570694 -0.2037968784570694 -0.2037968784570694
5.378148078918457 -0.17996057868003845 -0.16773048043251038 -0.16231001913547516 -0.16022437810897827 -0.15693488717079163 -0.15283067524433136 -0.14022809267044067 -0.11850493401288986 -0.0600600503385067 0.20041343569755554 -0.2037968784570694 -0.2037968784570694 -0.2037968784570694 -0.2037968784570694 -0.2037968784570694 -0.2037968784570694 -0.2037968784570694 -0.2037968784570694 -0.2037968784570694 -0.2037968784570694 -0.2037968784570694 -0.2037968784570694 -0.2037968784570694 -0.2037968784570694 -0.2037968784570694 -0.2037968784570694 -0.2037968784570694 -0.2037968784570694 -0.2037968784570694 -0.2037968784570694 -0.2037968784570694
5.329645156860352 -0.18171189725399017 -0.16986019909381866 -0.16491927206516266 -0.16453395783901215 -0.159755140542984 -0.15755020081996918 -0.1507115364074707 -0.13934002816677094 -0.11864639073610306 -0.0485001802444458 0.20186741650104523 -0.2037968784570694 -0.2037968784570694 -0.2037968784570694 -0.2037968784570694 -0.2037968784570694 -0.2037968784570694 -0.2037968784570694 -0.2037968784570694 -0.2037968784570694 -0.2037968784570694 -0.2037968784570694 -0.2037968784570694 -0.2037968784570694 -0.2037968784570694 -0.2037968784570694 -0.2037968784570694 -0.2037968784570694 -0.2037968784570694 -0.2037968784570694 -0.2037968784570694
5.314373016357422 -0.18199191987514496 -0.1716010570526123 -0.16838672757148743 -0.16834039986133575 -0.164242222905159 -0.1603446751832962 -0.15500597655773163 -0.14974723756313324 -0.14435115456581116 -0.11025817692279816 -0.05965165048837662 0.19171331822872162 -0.2037968784570694 -0.2037968784570694 -0.2037968784570694 -0.2037968784570694 -0.2037968784570694 -0.2037968784570694 -0.2037968784570694 -0.2037968784570694 -0.2037968784570694 -0.2037968784570694 -0.2037968784570694 -0.2037968784570694 -0.2037968784570694 -0.2037968784570694 -0.2037968784570694 -0.2037968784570694 -0.2037968784570694 -0.2037968784570694 -0.2037968784570694
5.304754257202148 -0.18336091935634613 -0.17320168018341064 -0.17069534957408905 -0.1718227118253708 -0.1681966334581375 -0.1654604971408844 -0.16060633957386017 -0.1585208773612976 -0.15407699346542358 -0.14212386310100555 -0.11877390742301941 -0.06270679831504822 0.1931534856557846 -0.2037968784570694 -0.2037968784570694 -0.2037968784570694 -0.2037968784570694 -0.2037968784570694 -0.2037968784570694 -0.2037968784570694 -0.2037968784570694 -0.2037968784570694 -0.2037968784570694 -0.2037968784570694 -0.2037968784570694 -0.2037968784570694 -0.2037968784570694 -0.2037968784570694 -0.2037968784570694 -0.2037968784570694 -0.2037968784570694
5.275238037109375 -0.1846190243959427 -0.17453408241271973 -0.17168979346752167 -0.17367032170295715 -0.17106138169765472 -0.16902317106723785 -0.16531825065612793 -0.16251583397388458 -0.15856903791427612 -0.15119971334934235 -0.1422998607158661 -0.11859672516584396 -0.0612044557929039 0.19365143775939941 -0.2037968784570694 -0.2037968784570694 -0.2037968784570694 -0.2037968784570694 -0.2037968784570694 -0.2037968784570694 -0.2037968784570694 -0.2037968784570694 -0.2037968784570694 -0.2037968784570694 -0.2037968784570694 -0.2037968784570694 -0.2037968784570694 -0.2037968784570694 -0.2037968784570694 -0.2037968784570694 -0.2037968784570694
5.2644782066345215 -0.18667933344841003 -0.1759674847126007 -0.1731744110584259 -0.1746681034564972 -0.1730828881263733 -0.1723121553659439 -0.17014408111572266 -0.165737122297287 -0.1637292504310608 -0.1600145697593689 -0.15284954011440277 -0.14405938982963562 -0.1206837072968483 -0.06378322839736938 0.19320794939994812 -0.2037968784570694 -0.2037968784570694 -0.2037968784570694 -0.2037968784570694 -0.2037968784570694 -0.2037968784570694 -0.2037968784570694 -0.2037968784570694 -0.2037968784570694 -0.2037968784570694 -0.2037968784570694 -0.2037968784570694 -0.2037968784570694 -0.2037968784570694 -0.2037968784570694 -0.2037968784570694
5.229672908782959 -0.18801148235797882 -0.17789290845394135 -0.17467696964740753 -0.1748824417591095 -0.17382967472076416 -0.17421966791152954 -0.17227980494499207 -0.1700720638036728 -0.16680358350276947 -0.15814824402332306 -0.1583203673362732 -0.15473343431949615 -0.14436061680316925 -0.11954370886087418 -0.06471983343362808 0.19980905950069427 -0.2037968784570694 -0.2037968784570694 -0.2037968784570694 -0.2037968784570694 -0.2037968784570694 -0.2037968784570694 -0.2037968784570694 -0.2037968784570694 -0.2037968784570694 -0.2037968784570694 -0.2037968784570694 -0.2037968784570694 -0.2037968784570694 -0.2037968784570694 -0.2037968784570694
5.235323429107666 -0.18864022195339203 -0.17873558402061462 -0.17686447501182556 -0.1764150857925415 -0.17581290006637573 -0.17545056343078613 -0.17450594902038574 -0.17325681447982788 -0.1713242381811142 -0.163317009806633 -0.1630363017320633 -0.16142229735851288 -0.1552685648202896 -0.1447177529335022 -0.12218990176916122 -0.06426703184843063 0.18304751813411713 -0.2037968784570694 -0.2037968784570694 -0.2037968784570694 -0.2037968784570694 -0.2037968784570694 -0.2037968784570694 -0.2037968784570694 -0.2037968784570694 -0.2037968784570694 -0.2037968784570694 -0.2037968784570694 -0.2037968784570694 -0.2037968784570694 -0.2037968784570694
5.208045959472656 -0.18885886669158936 -0.17952872812747955 -0.17738905549049377 -0.17766641080379486 -0.17611151933670044 -0.17621544003486633 -0.17500826716423035 -0.1751210242509842 -0.17376476526260376 -0.16663134098052979 -0.1671580821275711 -0.1648620218038559 -0.16094893217086792 -0.1522773802280426 -0.1448574960231781 -0.11820372939109802 -0.06995537132024765 0.18592260777950287 -0.2037968784570694 -0.2037968784570694 -0.2037968784570694 -0.2037968784570694 -0.2037968784570694 -0.2037968784570694 -0.2037968784570694 -0.2037968784570694 -0.2037968784570694 -0.2037968784570694 -0.2037968784570694 -0.2037968784570694 -0.2037968784570694
5.2058024406433105 -0.18946191668510437 -0.18019196391105652 -0.17861990630626678 -0.1798052340745926 -0.17837205529212952 -0.17779257893562317 -0.17575432360172272 -0.17567914724349976 -0.17589698731899261 -0.1720869541168213 -0.17099715769290924 -0.16879767179489136 -0.16330190002918243 -0.16048704087734222 -0.1559826135635376 -0.146670401096344 -0.1244671419262886 -0.0668385922908783 0.18098898231983185 -0.2037968784570694 -0.2037968784570694 -0.2037968784570694 -0.2037968784570694 -0.2037968784570694 -0.2037968784570694 -0.2037968784570694 -0.2037968784570694 -0.2037968784570694 -0.2037968784570694 -0.2037968784570694 -0.2037968784570694
5.174270153045654 -0.19107873737812042 -0.18054160475730896 -0.1787121593952179 -0.18028713762760162 -0.17953673005104065 -0.1782766878604889 -0.17756961286067963 -0.17654842138290405 -0.17307734489440918 -0.1741347461938858 -0.17332936823368073 -0.17169484496116638 -0.16748322546482086 -0.16454026103019714 -0.16028811037540436 -0.15659235417842865 -0.1469726860523224 -0.12178551405668259 -0.07123347371816635 0.19123542308807373 -0.2037968784570694 -0.2037968784570694 -0.2037968784570694 -0.2037968784570694 -0.2037968784570694 -0.2037968784570694 -0.2037968784570694 -0.2037968784570694 -0.2037968784570694 -0.2037968784570694 -0.2037968784570694
5.173857688903809 -0.19266164302825928 -0.18153993785381317 -0.1796654909849167 -0.18104222416877747 -0.1801741123199463 -0.18040518462657928 -0.17915575206279755 -0.1785116046667099 -0.1758793592453003 -0.17425762116909027 -0.17551225423812866 -0.17483451962471008 -0.17068123817443848 -0.16754387319087982 -0.16528281569480896 -0.1627505123615265 -0.15758630633354187 -0.14568915963172913 -0.12674865126609802 -0.07154238224029541 0.18560071289539337 -0.2037968784570694 -0.2037968784570694 -0.2037968784570694 -0.2037968784570694 -0.2037968784570694 -0.2037968784570694 -0.2037968784570694 -0.2037968784570694 -0.2037968784570694 -0.2037968784570694
5.170843601226807 -0.19320392608642578 -0.1834334284067154 -0.18020206689834595 -0.1820828914642334 -0.18122155964374542 -0.18110699951648712 -0.1803705394268036 -0.1792047619819641 -0.17746034264564514 -0.17488430440425873 -0.1755497306585312 -0.1762971431016922 -0.17423459887504578 -0.170991912484169 -0.16963070631027222 -0.16669243574142456 -0.16383181512355804 -0.15697449445724487 -0.14903418719768524 -0.12471029907464981 -0.07237595319747925 0.1768796741962433 -0.2037968784570694 -0.2037968784570694 -0.2037968784570694 -0.2037968784570694 -0.2037968784570694 -0.2037968784570694 -0.2037968784570694 -0.2037968784570694 -0.2037968784570694
5.148063659667969 -0.19284693896770477 -0.1849851757287979 -0.18280169367790222 -0.1832095980644226 -0.18300366401672363 -0.18247917294502258 -0.18114113807678223 -0.18118084967136383 -0.1796766072511673 -0.17781545221805573 -0.17738112807273865 -0.17743512988090515 -0.1746923178434372 -0.17441050708293915 -0.17331171035766602 -0.17055945098400116 -0.1679750233888626 -0.16205956041812897 -0.15894977748394012 -0.1498245745897293 -0.12578153610229492 -0.07556784898042679 0.19942979514598846 -0.2037968784570694 -0.2037968784570694 -0.2037968784570694 -0.2037968784570694 -0.2037968784570694 -0.2037968784570694 -0.2037968784570694 -0.2037968784570694
5.177769184112549 -0.19289527833461761 -0.18482257425785065 -0.18397383391857147 -0.18495547771453857 -0.18395189940929413 -0.18315409123897552 -0.1823698729276657 -0.182330921292305 -0.18194974958896637 -0.18062131106853485 -0.1793304979801178 -0.17845967411994934 -0.17684420943260193 -0.17647549510002136 -0.17630425095558167 -0.1749148815870285 -0.17138072848320007 -0.16737109422683716 -0.16441920399665833 -0.15959127247333527 -0.1494116634130478 -0.1281450241804123 -0.08023187518119812 0.17274227738380432 -0.2037968784570694 -0.2037968784570694 -0.2037968784570694 -0.2037968784570694 -0.2037968784570694 -0.2037968784570694 -0.2037968784570694
5.160403251647949 -0.19285991787910461 -0.18456082046031952 -0.18439921736717224 -0.18584789335727692 -0.18518051505088806 -0.18447035551071167 -0.18230462074279785 -0.1823253333568573 -0.1825442761182785 -0.1811436265707016 -0.18084461987018585 -0.17942844331264496 -0.177001953125 -0.17654195427894592 -0.1771034151315689 -0.17577455937862396 -0.17426809668540955 -0.17010550200939178 -0.16747160255908966 -0.16441132128238678 -0.15960219502449036 -0.14944732189178467 -0.12902024388313293 -0.07804855704307556 0.16684894263744354 -0.2037968784570694 -0.2037968784570694 -0.2037968784570694 -0.2037968784570694 -0.2037968784570694 -0.2037968784570694
5.157607078552246 -0.19361788034439087 -0.18410682678222656 -0.18307121098041534 -0.1854933798313141 -0.18650782108306885 -0.18604007363319397 -0.1847076416015625 -0.18325209617614746 -0.1829979419708252 -0.18291497230529785 -0.1821179986000061 -0.1813296675682068 -0.17893552780151367 -0.1778908669948578 -0.17791125178337097 -0.1774185299873352 -0.17694373428821564 -0.1739637702703476 -0.17200836539268494 -0.16832110285758972 -0.16579312086105347 -0.1603986918926239 -0.1507560908794403 -0.13002640008926392 -0.08220189064741135 0.1698293387889862 -0.2037968784570694 -0.2037968784570694 -0.2037968784570694 -0.2037968784570694 -0.2037968784570694
5.1414642333984375 -0.1950375884771347 -0.18582561612129211 -0.18405373394489288 -0.18600229918956757 -0.18590879440307617 -0.18669657409191132 -0.1858929991722107 -0.18472927808761597 -0.1838432103395462 -0.18232202529907227 -0.18274818360805511 -0.18300239741802216 -0.1809842437505722 -0.17889700829982758 -0.17920175194740295 -0.17893338203430176 -0.17816545069217682 -0.17654669284820557 -0.17491357028484344 -0.17145223915576935 -0.16787739098072052 -0.16494378447532654 -0.1606092005968094 -0.15131689608097076 -0.13078957796096802 -0.0824083760380745 0.17655539512634277 -0.2037968784570694 -0.2037968784570694 -0.2037968784570694 -0.2037968784570694
5.130362510681152 -0.19530093669891357 -0.18607866764068604 -0.1843646615743637 -0.18569406867027283 -0.18576760590076447 -0.18577106297016144 -0.18650124967098236 -0.18612423539161682 -0.18478688597679138 -0.183172807097435 -0.18332357704639435 -0.1831352561712265 -0.18159058690071106 -0.1809939593076706 -0.18017543852329254 -0.17956045269966125 -0.17915146052837372 -0.1767529547214508 -0.1770019829273224 -0.17454302310943604 -0.1712750792503357 -0.16684482991695404 -0.16417215764522552 -0.16024507582187653 -0.1509012132883072 -0.13187070190906525 -0.0849161222577095 0.17077292501926422 -0.2037968784570694 -0.2037968784570694 -0.2037968784570694
5.135347843170166 -0.19499178230762482 -0.1865142285823822 -0.18571561574935913 -0.18690434098243713 -0.18554212152957916 -0.18526022136211395 -0.1866789311170578 -0.18682780861854553 -0.1872067153453827 -0.18537236750125885 -0.18441623449325562 -0.18377909064292908 -0.18384121358394623 -0.18215782940387726 -0.18198564648628235 -0.18072347342967987 -0.1798403561115265 -0.17917971312999725 -0.17857201397418976 -0.17736685276031494 -0.17486129701137543 -0.17201153934001923 -0.1670064777135849 -0.16547676920890808 -0.1618785709142685 -0.1539914458990097 -0.134165421128273 -0.085678331553936 0.16995751857757568 -0.2037968784570694 -0.2037968784570694
5.126470565795898 -0.19424127042293549 -0.18658959865570068 -0.1855066418647766 -0.18710169196128845 -0.18633392453193665 -0.18532775342464447 -0.1859416961669922 -0.187457874417305 -0.18780235946178436 -0.18652616441249847 -0.18615561723709106 -0.1847962886095047 -0.18310239911079407 -0.18244870007038116 -0.18317623436450958 -0.18203505873680115 -0.18110141158103943 -0.1796596348285675 -0.17957131564617157 -0.17937609553337097 -0.1767730712890625 -0.17488689720630646 -0.1715407818555832 -0.1697588413953781 -0.16666889190673828 -0.1622392237186432 -0.1542607545852661 -0.1332578808069229 -0.08675172179937363 0.16744263470172882 -0.2037968784570694
5.120034217834473 -0.1940840482711792 -0.18571805953979492 -0.1850709468126297 -0.18676602840423584 -0.18675151467323303 -0.18605606257915497 -0.18631625175476074 -0.18707962334156036 -0.1877976506948471 -0.18698367476463318 -0.18730874359607697 -0.18651169538497925 -0.18437042832374573 -0.18422813713550568 -0.1843758076429367 -0.18356037139892578 -0.18341679871082306 -0.1808663308620453 -0.1809474527835846 -0.18017148971557617 -0.17843088507652283 -0.17801792919635773 -0.17531569302082062 -0.17361517250537872 -0.16972996294498444 -0.1671297550201416 -0.16291241347789764 -0.15402337908744812 -0.133864164352417 -0.08931311964988708 0.17042674124240875
