6.34184455871582 -0.204546257853508 -0.204546257853508 -0.204546257853508 -0.204546257853508 -0.204546257853508 -0.204546257853508 -0.204546257853508 -0.204546257853508 -0.204546257853508 -0.204546257853508 -0.204546257853508 -0.204546257853508 -0.204546257853508 -0.204546257853508 -0.204546257853508 -0.204546257853508 -0.204546257853508 -0.204546257853508 -0.204546257853508 -0.204546257853508 -0.204546257853508 -0.204546257853508 -0.204546257853508 -0.204546257853508 -0.204546257853508 -0.204546257853508 -0.204546257853508 -0.204546257853508 -0.204546257853508 -0.204546257853508 -0.204546257853508
6.235157489776611 -0.09880206733942032 -0.204546257853508 -0.204546257853508 -0.204546257853508 -0.204546257853508 -0.204546257853508 -0.204546257853508 -0.204546257853508 -0.204546257853508 -0.204546257853508 -0.204546257853508 -0.204546257853508 -0.204546257853508 -0.204546257853508 -0.204546257853508 -0.204546257853508 -0.204546257853508 -0.204546257853508 -0.204546257853508 -0.204546257853508 -0.204546257853508 -0.204546257853508 -0.204546257853508 -0.204546257853508 -0.204546257853508 -0.204546257853508 -0.204546257853508 -0.204546257853508 -0.204546257853508 -0.204546257853508 -0.204546257853508
6.100007057189941 -0.15662044286727905 -0.011530519463121891 -0.204546257853508 -0.204546257853508 -0.204546257853508 -0.204546257853508 -0.204546257853508 -0.204546257853508 -0.204546257853508 -0.204546257853508 -0.204546257853508 -0.204546257853508 -0.204546257853508 -0.204546257853508 -0.204546257853508 -0.204546257853508 -0.204546257853508 -0.204546257853508 -0.204546257853508 -0.204546257853508 -0.204546257853508 -0.204546257853508 -0.204546257853508 -0.204546257853508 -0.204546257853508 -0.204546257853508 -0.204546257853508 -0.204546257853508 -0.204546257853508 -0.204546257853508 -0.204546257853508
6.0032196044921875 -0.1713538020849228 -0.06397004425525665 -0.04054851457476616 -0.204546257853508 -0.204546257853508 -0.204546257853508 -0.204546257853508 -0.204546257853508 -0.204546257853508 -0.204546257853508 -0.204546257853508 -0.204546257853508 -0.204546257853508 -0.204546257853508 -0.204546257853508 -0.204546257853508 -0.204546257853508 -0.204546257853508 -0.204546257853508 -0.204546257853508 -0.204546257853508 -0.204546257853508 -0.204546257853508 -0.204546257853508 -0.204546257853508 -0.204546257853508 -0.204546257853508 -0.204546257853508 -0.204546257853508 -0.204546257853508 -0.204546257853508
6.029773235321045 -0.18165580928325653 -0.14416469633579254 -0.12534305453300476 -0.055846165865659714 -0.204546257853508 -0.204546257853508 -0.204546257853508 -0.204546257853508 -0.204546257853508 -0.204546257853508 -0.204546257853508 -0.204546257853508 -0.204546257853508 -0.204546257853508 -0.204546257853508 -0.204546257853508 -0.204546257853508 -0.204546257853508 -0.204546257853508 -0.204546257853508 -0.204546257853508 -0.204546257853508 -0.204546257853508 -0.204546257853508 -0.204546257853508 -0.204546257853508 -0.204546257853508 -0.204546257853508 -0.204546257853508 -0.204546257853508 -0.204546257853508
5.987926006317139 -0.18732331693172455 -0.1644267439842224 -0.15425331890583038 -0.142024427652359 -0.021673668175935745 -0.204546257853508 -0.204546257853508 -0.204546257853508 -0.204546257853508 -0.204546257853508 -0.204546257853508 -0.204546257853508 -0.204546257853508 -0.204546257853508 -0.204546257853508 -0.204546257853508 -0.204546257853508 -0.204546257853508 -0.204546257853508 -0.204546257853508 -0.204546257853508 -0.204546257853508 -0.204546257853508 -0.204546257853508 -0.204546257853508 -0.204546257853508 -0.204546257853508 -0.204546257853508 -0.204546257853508 -0.204546257853508 -0.204546257853508
6.036177635192871 -0.18834926187992096 -0.17478807270526886 -0.16352595388889313 -0.16274169087409973 -0.15273112058639526 -0.08033189922571182 -0.204546257853508 -0.204546257853508 -0.204546257853508 -0.204546257853508 -0.204546257853508 -0.204546257853508 -0.204546257853508 -0.204546257853508 -0.204546257853508 -0.204546257853508 -0.204546257853508 -0.204546257853508 -0.204546257853508 -0.204546257853508 -0.204546257853508 -0.204546257853508 -0.204546257853508 -0.204546257853508 -0.204546257853508 -0.204546257853508 -0.204546257853508 -0.204546257853508 -0.204546257853508 -0.204546257853508 -0.204546257853508
6.011747360229492 -0.1899215430021286 -0.17840903997421265 -0.1735343188047409 -0.17308691143989563 -0.16608503460884094 -0.15068507194519043 -0.0708509311079979 -0.204546257853508 -0.204546257853508 -0.204546257853508 -0.204546257853508 -0.204546257853508 -0.204546257853508 -0.204546257853508 -0.204546257853508 -0.204546257853508 -0.204546257853508 -0.204546257853508 -0.204546257853508 -0.204546257853508 -0.204546257853508 -0.204546257853508 -0.204546257853508 -0.204546257853508 -0.204546257853508 -0.204546257853508 -0.204546257853508 -0.204546257853508 -0.204546257853508 -0.204546257853508 -0.204546257853508
5.98781681060791 -0.19183628261089325 -0.18192122876644135 -0.1806960552930832 -0.17872221767902374 -0.1769019067287445 -0.16848714649677277 -0.1460345983505249 -0.058578625321388245 -0.204546257853508 -0.204546257853508 -0.204546257853508 -0.204546257853508 -0.204546257853508 -0.204546257853508 -0.204546257853508 -0.204546257853508 -0.204546257853508 -0.204546257853508 -0.204546257853508 -0.204546257853508 -0.204546257853508 -0.204546257853508 -0.204546257853508 -0.204546257853508 -0.204546257853508 -0.204546257853508 -0.204546257853508 -0.204546257853508 -0.204546257853508 -0.204546257853508 -0.204546257853508
5.990657329559326 -0.1921759843826294 -0.1826714128255844 -0.18244367837905884 -0.18406151235103607 -0.18337303400039673 -0.17948181927204132 -0.16884511709213257 -0.1521463841199875 -0.06538746505975723 -0.204546257853508 -0.204546257853508 -0.204546257853508 -0.204546257853508 -0.204546257853508 -0.204546257853508 -0.204546257853508 -0.204546257853508 -0.204546257853508 -0.204546257853508 -0.204546257853508 -0.204546257853508 -0.204546257853508 -0.204546257853508 -0.204546257853508 -0.204546257853508 -0.204546257853508 -0.204546257853508 -0.204546257853508 -0.204546257853508 -0.204546257853508 -0.204546257853508
5.969052791595459 -0.19305822253227234 -0.1844092607498169 -0.18388134241104126 -0.18638081848621368 -0.18671320378780365 -0.18465694785118103 -0.17865347862243652 -0.17154017090797424 -0.15656593441963196 -0.04765983298420906 -0.204546257853508 -0.204546257853508 -0.204546257853508 -0.204546257853508 -0.204546257853508 -0.204546257853508 -0.204546257853508 -0.204546257853508 -0.204546257853508 -0.204546257853508 -0.204546257853508 -0.204546257853508 -0.204546257853508 -0.204546257853508 -0.204546257853508 -0.204546257853508 -0.204546257853508 -0.204546257853508 -0.204546257853508 -0.204546257853508 -0.204546257853508
5.965752601623535 -0.19274315237998962 -0.18403463065624237 -0.18506120145320892 -0.18631839752197266 -0.18829214572906494 -0.18779917061328888 -0.18449446558952332 -0.18057939410209656 -0.17245155572891235 -0.15612506866455078 -0.056868378072977066 -0.204546257853508 -0.204546257853508 -0.204546257853508 -0.204546257853508 -0.204546257853508 -0.204546257853508 -0.204546257853508 -0.204546257853508 -0.204546257853508 -0.204546257853508 -0.204546257853508 -0.204546257853508 -0.204546257853508 -0.204546257853508 -0.204546257853508 -0.204546257853508 -0.204546257853508 -0.204546257853508 -0.204546257853508 -0.204546257853508
5.965847015380859 -0.19446438550949097 -0.18690593540668488 -0.1847420632839203 -0.1870909333229065 -0.1880614012479782 -0.188235342502594 -0.1863461136817932 -0.183439701795578 -0.1818426549434662 -0.17248840630054474 -0.1589600294828415 -0.06685592979192734 -0.204546257853508 -0.204546257853508 -0.204546257853508 -0.204546257853508 -0.204546257853508 -0.204546257853508 -0.204546257853508 -0.204546257853508 -0.204546257853508 -0.204546257853508 -0.204546257853508 -0.204546257853508 -0.204546257853508 -0.204546257853508 -0.204546257853508 -0.204546257853508 -0.204546257853508 -0.204546257853508 -0.204546257853508
5.969831943511963 -0.19543485343456268 -0.187954381108284 -0.18762657046318054 -0.18887390196323395 -0.18946883082389832 -0.1900794506072998 -0.18954132497310638 -0.18762333691120148 -0.18626458942890167 -0.1801477074623108 -0.17313946783542633 -0.15908576548099518 -0.07272253930568695 -0.204546257853508 -0.204546257853508 -0.204546257853508 -0.204546257853508 -0.204546257853508 -0.204546257853508 -0.204546257853508 -0.204546257853508 -0.204546257853508 -0.204546257853508 -0.204546257853508 -0.204546257853508 -0.204546257853508 -0.204546257853508 -0.204546257853508 -0.204546257853508 -0.204546257853508 -0.204546257853508
5.9496989250183105 -0.1959449052810669 -0.18946945667266846 -0.18982625007629395 -0.19023999571800232 -0.1908760517835617 -0.1909158080816269 -0.1910674273967743 -0.18878649175167084 -0.18874788284301758 -0.18283113837242126 -0.1802917867898941 -0.1735464185476303 -0.15583688020706177 -0.06396924704313278 -0.204546257853508 -0.204546257853508 -0.204546257853508 -0.204546257853508 -0.204546257853508 -0.204546257853508 -0.204546257853508 -0.204546257853508 -0.204546257853508 -0.204546257853508 -0.204546257853508 -0.204546257853508 -0.204546257853508 -0.204546257853508 -0.204546257853508 -0.204546257853508 -0.204546257853508
5.9520745277404785 -0.19606558978557587 -0.18909139931201935 -0.18953274190425873 -0.19182263314723969 -0.19178315997123718 -0.1917879581451416 -0.19083411991596222 -0.18913601338863373 -0.1910533308982849 -0.18985749781131744 -0.18609197437763214 -0.1811748445034027 -0.172170951962471 -0.15851496160030365 -0.07036299258470535 -0.204546257853508 -0.204546257853508 -0.204546257853508 -0.204546257853508 -0.204546257853508 -0.204546257853508 -0.204546257853508 -0.204546257853508 -0.204546257853508 -0.204546257853508 -0.204546257853508 -0.204546257853508 -0.204546257853508 -0.204546257853508 -0.204546257853508 -0.204546257853508
5.9228925704956055 -0.19703884422779083 -0.19018836319446564 -0.19037413597106934 -0.19171930849552155 -0.1906270682811737 -0.19322699308395386 -0.19170285761356354 -0.1898924559354782 -0.19171230494976044 -0.1896045207977295 -0.1894913911819458 -0.18616333603858948 -0.18013423681259155 -0.17346329987049103 -0.15878821909427643 -0.050516437739133835 -0.204546257853508 -0.204546257853508 -0.204546257853508 -0.204546257853508 -0.204546257853508 -0.204546257853508 -0.204546257853508 -0.204546257853508 -0.204546257853508 -0.204546257853508 -0.204546257853508 -0.204546257853508 -0.204546257853508 -0.204546257853508 -0.204546257853508
5.941369533538818 -0.19755466282367706 -0.19009597599506378 -0.19103026390075684 -0.19222167134284973 -0.19239746034145355 -0.19358468055725098 -0.19256353378295898 -0.19208092987537384 -0.19186264276504517 -0.19115662574768066 -0.18980857729911804 -0.18992814421653748 -0.18603815138339996 -0.18181413412094116 -0.17376886308193207 -0.16111934185028076 -0.07068382203578949 -0.204546257853508 -0.204546257853508 -0.204546257853508 -0.204546257853508 -0.204546257853508 -0.204546257853508 -0.204546257853508 -0.204546257853508 -0.204546257853508 -0.204546257853508 -0.204546257853508 -0.204546257853508 -0.204546257853508 -0.204546257853508
5.922687530517578 -0.19824883341789246 -0.19078804552555084 -0.18902280926704407 -0.19217707216739655 -0.19279682636260986 -0.1938156634569168 -0.19291390478610992 -0.19272524118423462 -0.19176796078681946 -0.1912143975496292 -0.19143778085708618 -0.1913045346736908 -0.18915463984012604 -0.18610717356204987 -0.18205341696739197 -0.17382203042507172 -0.15932787954807281 -0.0648503378033638 -0.204546257853508 -0.204546257853508 -0.204546257853508 -0.204546257853508 -0.204546257853508 -0.204546257853508 -0.204546257853508 -0.204546257853508 -0.204546257853508 -0.204546257853508 -0.204546257853508 -0.204546257853508 -0.204546257853508
5.91508150100708 -0.19825665652751923 -0.19167473912239075 -0.19043605029582977 -0.19266943633556366 -0.1936190277338028 -0.19422104954719543 -0.19357380270957947 -0.19214394688606262 -0.1918785274028778 -0.192050501704216 -0.19180312752723694 -0.19126766920089722 -0.19023869931697845 -0.18860918283462524 -0.18598641455173492 -0.18207690119743347 -0.17468491196632385 -0.1583269089460373 -0.06695874035358429 -0.204546257853508 -0.204546257853508 -0.204546257853508 -0.204546257853508 -0.204546257853508 -0.204546257853508 -0.204546257853508 -0.204546257853508 -0.204546257853508 -0.204546257853508 -0.204546257853508 -0.204546257853508
5.899860858917236 -0.19823817908763885 -0.19181235134601593 -0.19064058363437653 -0.1928066611289978 -0.19322393834590912 -0.19407126307487488 -0.1934327483177185 -0.19385963678359985 -0.189777210354805 -0.1921430379152298 -0.19267505407333374 -0.19175972044467926 -0.19144003093242645 -0.1904883235692978 -0.18938635289669037 -0.1867547631263733 -0.18151354789733887 -0.17346106469631195 -0.1617550253868103 -0.06056812033057213 -0.204546257853508 -0.204546257853508 -0.204546257853508 -0.204546257853508 -0.204546257853508 -0.204546257853508 -0.204546257853508 -0.204546257853508 -0.204546257853508 -0.204546257853508 -0.204546257853508
5.8866472244262695 -0.19841374456882477 -0.191208615899086 -0.189928337931633 -0.19300542771816254 -0.19408978521823883 -0.1947176605463028 -0.19389572739601135 -0.19406642019748688 -0.19245199859142303 -0.19391052424907684 -0.19270676374435425 -0.19158709049224854 -0.19234547019004822 -0.19137796759605408 -0.19074521958827972 -0.1896425038576126 -0.18638202548027039 -0.1826309859752655 -0.17498643696308136 -0.15733006596565247 -0.05574934184551239 -0.204546257853508 -0.204546257853508 -0.204546257853508 -0.204546257853508 -0.204546257853508 -0.204546257853508 -0.204546257853508 -0.204546257853508 -0.204546257853508 -0.204546257853508
5.8875412940979 -0.19838473200798035 -0.19175541400909424 -0.19006021320819855 -0.19327352941036224 -0.19466929137706757 -0.19512006640434265 -0.19388553500175476 -0.19450119137763977 -0.19293677806854248 -0.19390811026096344 -0.1922551840543747 -0.19187450408935547 -0.19240136444568634 -0.1919577568769455 -0.19253545999526978 -0.19096209108829498 -0.1900835484266281 -0.1877080798149109 -0.18228480219841003 -0.17264413833618164 -0.15682053565979004 -0.06656976789236069 -0.204546257853508 -0.204546257853508 -0.204546257853508 -0.204546257853508 -0.204546257853508 -0.204546257853508 -0.204546257853508 -0.204546257853508 -0.204546257853508
5.848576068878174 -0.1982513815164566 -0.19036023318767548 -0.19071076810359955 -0.1937108039855957 -0.19162099063396454 -0.19525349140167236 -0.19407352805137634 -0.19495175778865814 -0.19442974030971527 -0.19408808648586273 -0.19319035112857819 -0.19354161620140076 -0.193121075630188 -0.1927116960287094 -0.1924910843372345 -0.19186468422412872 -0.19130617380142212 -0.1889108568429947 -0.1871919333934784 -0.1818588376045227 -0.1730513870716095 -0.1618146002292633 -0.03363020718097687 -0.204546257853508 -0.204546257853508 -0.204546257853508 -0.204546257853508 -0.204546257853508 -0.204546257853508 -0.204546257853508 -0.204546257853508
5.861305236816406 -0.1980728954076767 -0.18980367481708527 -0.19074812531471252 -0.19417332112789154 -0.19504310190677643 -0.19558633863925934 -0.1953251212835312 -0.19562794268131256 -0.19463513791561127 -0.19348804652690887 -0.1930137276649475 -0.1934816688299179 -0.19317710399627686 -0.19164255261421204 -0.19244518876075745 -0.19209124147891998 -0.1910526007413864 -0.1915835738182068 -0.18977364897727966 -0.187063530087471 -0.18177752196788788 -0.17491689324378967 -0.15973372757434845 -0.05519759654998779 -0.204546257853508 -0.204546257853508 -0.204546257853508 -0.204546257853508 -0.204546257853508 -0.204546257853508 -0.204546257853508
5.879728317260742 -0.19831201434135437 -0.19113528728485107 -0.19048455357551575 -0.19366462528705597 -0.19424477219581604 -0.19539453089237213 -0.19551321864128113 -0.19478033483028412 -0.19546422362327576 -0.19418282806873322 -0.1942214071750641 -0.19441308081150055 -0.19371527433395386 -0.19210055470466614 -0.19382713735103607 -0.19317908585071564 -0.19367897510528564 -0.19254326820373535 -0.19233496487140656 -0.19104860723018646 -0.187575101852417 -0.18317215144634247 -0.17626020312309265 -0.16273736953735352 -0.06869584321975708 -0.204546257853508 -0.204546257853508 -0.204546257853508 -0.204546257853508 -0.204546257853508 -0.204546257853508
5.85910701751709 -0.19801779091358185 -0.19124336540699005 -0.1896563023328781 -0.193584144115448 -0.19474563002586365 -0.1950889676809311 -0.19571180641651154 -0.19478833675384521 -0.1959109604358673 -0.1950015127658844 -0.1947859823703766 -0.19379402697086334 -0.19389969110488892 -0.19239506125450134 -0.19365403056144714 -0.19388453662395477 -0.1937570720911026 -0.1937110871076584 -0.19306345283985138 -0.19199654459953308 -0.19073961675167084 -0.1879899799823761 -0.1817922592163086 -0.17571967840194702 -0.16349327564239502 -0.0582086518406868 -0.204546257853508 -0.204546257853508 -0.204546257853508 -0.204546257853508 -0.204546257853508
5.851739406585693 -0.19800762832164764 -0.1914461851119995 -0.1912400722503662 -0.19363702833652496 -0.1949344277381897 -0.1952514946460724 -0.1960289627313614 -0.1959296315908432 -0.1959410458803177 -0.195691779255867 -0.19466570019721985 -0.1938973218202591 -0.1941443532705307 -0.19437023997306824 -0.19336967170238495 -0.19505126774311066 -0.19437339901924133 -0.19277796149253845 -0.19361090660095215 -0.1929541975259781 -0.19266575574874878 -0.1917135864496231 -0.18806427717208862 -0.18428392708301544 -0.17647317051887512 -0.16351960599422455 -0.049762967973947525 -0.204546257853508 -0.204546257853508 -0.204546257853508 -0.204546257853508
5.850016117095947 -0.19869999587535858 -0.1918107122182846 -0.19131869077682495 -0.19383658468723297 -0.19504624605178833 -0.1957024186849594 -0.1957552284002304 -0.19579215347766876 -0.19558806717395782 -0.1955767124891281 -0.19530640542507172 -0.1949542611837387 -0.19352297484874725 -0.19402630627155304 -0.19487787783145905 -0.19546595215797424 -0.19447098672389984 -0.19422458112239838 -0.19441871345043182 -0.19403180480003357 -0.19358040392398834 -0.19299288094043732 -0.19135160744190216 -0.18788683414459229 -0.18312545120716095 -0.17631573975086212 -0.16267091035842896 -0.054288286715745926 -0.204546257853508 -0.204546257853508 -0.204546257853508
5.832053184509277 -0.19896796345710754 -0.19152572751045227 -0.1915392428636551 -0.1944035142660141 -0.19559459388256073 -0.19492685794830322 -0.19568093121051788 -0.195532888174057 -0.194756418466568 -0.19499172270298004 -0.1957399994134903 -0.1954570710659027 -0.1949603259563446 -0.19458703696727753 -0.19401627779006958 -0.19506891071796417 -0.1941642165184021 -0.1942310631275177 -0.19441023468971252 -0.19385679066181183 -0.1937902867794037 -0.19373281300067902 -0.19185777008533478 -0.19150497019290924 -0.1867659091949463 -0.18379946053028107 -0.17651638388633728 -0.16380725800991058 -0.047041017562150955 -0.204546257853508 -0.204546257853508
5.803290843963623 -0.19908830523490906 -0.19136358797550201 -0.19136503338813782 -0.19425740838050842 -0.19545434415340424 -0.1960180401802063 -0.19585104286670685 -0.19374941289424896 -0.19539204239845276 -0.19557490944862366 -0.19547420740127563 -0.1956939399242401 -0.19587863981723785 -0.1950521320104599 -0.19338010251522064 -0.19416528940200806 -0.19403985142707825 -0.17966033518314362 -0.19483809173107147 -0.1934983879327774 -0.19422315061092377 -0.19400686025619507 -0.1920642852783203 -0.19310840964317322 -0.19093124568462372 -0.1880967617034912 -0.18266554176807404 -0.17638294398784637 -0.16507038474082947 -0.04262888804078102 -0.204546257853508
5.803919315338135 -0.1991136223077774 -0.19310076534748077 -0.19195212423801422 -0.19400548934936523 -0.1952221691608429 -0.19574092328548431 -0.1956149786710739 -0.1934594213962555 -0.19536538422107697 -0.19451306760311127 -0.19534920156002045 -0.1957412213087082 -0.19465042650699615 -0.1949586719274521 -0.19534587860107422 -0.19499550759792328 -0.1944618970155716 -0.1862935721874237 -0.19546018540859222 -0.19431135058403015 -0.19458258152008057 -0.19437706470489502 -0.19369111955165863 -0.1940990388393402 -0.19296827912330627 -0.1915494054555893 -0.18740712106227875 -0.18394187092781067 -0.17846961319446564 -0.16470365226268768 -0.038725439459085464
