7.482057094573975 -0.24132205545902252 -0.24132205545902252 -0.24132205545902252 -0.24132205545902252 -0.24132205545902252 -0.24132205545902252 -0.24132205545902252 -0.24132205545902252 -0.24132205545902252 -0.24132205545902252 -0.24132205545902252 -0.24132205545902252 -0.24132205545902252 -0.24132205545902252 -0.24132205545902252 -0.24132205545902252 -0.24132205545902252 -0.24132205545902252 -0.24132205545902252 -0.24132205545902252 -0.24132205545902252 -0.24132205545902252 -0.24132205545902252 -0.24132205545902252 -0.24132205545902252 -0.24132205545902252 -0.24132205545902252 -0.24132205545902252 -0.24132205545902252 -0.24132205545902252 -0.24132205545902252
7.237293720245361 0.0024031931534409523 -0.24132205545902252 -0.24132205545902252 -0.24132205545902252 -0.24132205545902252 -0.24132205545902252 -0.24132205545902252 -0.24132205545902252 -0.24132205545902252 -0.24132205545902252 -0.24132205545902252 -0.24132205545902252 -0.24132205545902252 -0.24132205545902252 -0.24132205545902252 -0.24132205545902252 -0.24132205545902252 -0.24132205545902252 -0.24132205545902252 -0.24132205545902252 -0.24132205545902252 -0.24132205545902252 -0.24132205545902252 -0.24132205545902252 -0.24132205545902252 -0.24132205545902252 -0.24132205545902252 -0.24132205545902252 -0.24132205545902252 -0.24132205545902252 -0.24132205545902252
6.663832664489746 0.002460257150232792 0.3321416676044464 -0.24132205545902252 -0.24132205545902252 -0.24132205545902252 -0.24132205545902252 -0.24132205545902252 -0.24132205545902252 -0.24132205545902252 -0.24132205545902252 -0.24132205545902252 -0.24132205545902252 -0.24132205545902252 -0.24132205545902252 -0.24132205545902252 -0.24132205545902252 -0.24132205545902252 -0.24132205545902252 -0.24132205545902252 -0.24132205545902252 -0.24132205545902252 -0.24132205545902252 -0.24132205545902252 -0.24132205545902252 -0.24132205545902252 -0.24132205545902252 -0.24132205545902252 -0.24132205545902252 -0.24132205545902252 -0.24132205545902252 -0.24132205545902252
6.248810768127441 -0.08734574168920517 0.25260037183761597 0.3429732918739319 -0.24132205545902252 -0.24132205545902252 -0.24132205545902252 -0.24132205545902252 -0.24132205545902252 -0.24132205545902252 -0.24132205545902252 -0.24132205545902252 -0.24132205545902252 -0.24132205545902252 -0.24132205545902252 -0.24132205545902252 -0.24132205545902252 -0.24132205545902252 -0.24132205545902252 -0.24132205545902252 -0.24132205545902252 -0.24132205545902252 -0.24132205545902252 -0.24132205545902252 -0.24132205545902252 -0.24132205545902252 -0.24132205545902252 -0.24132205545902252 -0.24132205545902252 -0.24132205545902252 -0.24132205545902252 -0.24132205545902252
6.1832427978515625 -0.13230204582214355 0.042441848665475845 0.18632492423057556 0.23599378764629364 -0.24132205545902252 -0.24132205545902252 -0.24132205545902252 -0.24132205545902252 -0.24132205545902252 -0.24132205545902252 -0.24132205545902252 -0.24132205545902252 -0.24132205545902252 -0.24132205545902252 -0.24132205545902252 -0.24132205545902252 -0.24132205545902252 -0.24132205545902252 -0.24132205545902252 -0.24132205545902252 -0.24132205545902252 -0.24132205545902252 -0.24132205545902252 -0.24132205545902252 -0.24132205545902252 -0.24132205545902252 -0.24132205545902252 -0.24132205545902252 -0.24132205545902252 -0.24132205545902252 -0.24132205545902252
6.17742919921875 -0.15254326164722443 -0.04848387464880943 0.0038032771553844213 0.08825748413801193 0.20595796406269073 -0.24132205545902252 -0.24132205545902252 -0.24132205545902252 -0.24132205545902252 -0.24132205545902252 -0.24132205545902252 -0.24132205545902252 -0.24132205545902252 -0.24132205545902252 -0.24132205545902252 -0.24132205545902252 -0.24132205545902252 -0.24132205545902252 -0.24132205545902252 -0.24132205545902252 -0.24132205545902252 -0.24132205545902252 -0.24132205545902252 -0.24132205545902252 -0.24132205545902252 -0.24132205545902252 -0.24132205545902252 -0.24132205545902252 -0.24132205545902252 -0.24132205545902252 -0.24132205545902252
6.087561130523682 -0.15754079818725586 -0.0772266685962677 -0.04207221046090126 -0.04349694773554802 0.07179099321365356 0.19407209753990173 -0.24132205545902252 -0.24132205545902252 -0.24132205545902252 -0.24132205545902252 -0.24132205545902252 -0.24132205545902252 -0.24132205545902252 -0.24132205545902252 -0.24132205545902252 -0.24132205545902252 -0.24132205545902252 -0.24132205545902252 -0.24132205545902252 -0.24132205545902252 -0.24132205545902252 -0.24132205545902252 -0.24132205545902252 -0.24132205545902252 -0.24132205545902252 -0.24132205545902252 -0.24132205545902252 -0.24132205545902252 -0.24132205545902252 -0.24132205545902252 -0.24132205545902252
5.986729145050049 -0.1519990712404251 -0.08576451987028122 -0.06666451692581177 -0.09651752561330795 -0.04889969900250435 0.046568915247917175 0.20829977095127106 -0.24132205545902252 -0.24132205545902252 -0.24132205545902252 -0.24132205545902252 -0.24132205545902252 -0.24132205545902252 -0.24132205545902252 -0.24132205545902252 -0.24132205545902252 -0.24132205545902252 -0.24132205545902252 -0.24132205545902252 -0.24132205545902252 -0.24132205545902252 -0.24132205545902252 -0.24132205545902252 -0.24132205545902252 -0.24132205545902252 -0.24132205545902252 -0.24132205545902252 -0.24132205545902252 -0.24132205545902252 -0.24132205545902252 -0.24132205545902252
5.917474746704102 -0.16177776455879211 -0.09984893351793289 -0.08985836803913116 -0.10624593496322632 -0.09434559941291809 -0.06664849072694778 0.04892934113740921 0.20279909670352936 -0.24132205545902252 -0.24132205545902252 -0.24132205545902252 -0.24132205545902252 -0.24132205545902252 -0.24132205545902252 -0.24132205545902252 -0.24132205545902252 -0.24132205545902252 -0.24132205545902252 -0.24132205545902252 -0.24132205545902252 -0.24132205545902252 -0.24132205545902252 -0.24132205545902252 -0.24132205545902252 -0.24132205545902252 -0.24132205545902252 -0.24132205545902252 -0.24132205545902252 -0.24132205545902252 -0.24132205545902252 -0.24132205545902252
5.858429908752441 -0.1706172525882721 -0.1109989807009697 -0.09476606547832489 -0.12159847468137741 -0.1154872477054596 -0.1054685041308403 -0.07238924503326416 0.04527929052710533 0.1967698484659195 -0.24132205545902252 -0.24132205545902252 -0.24132205545902252 -0.24132205545902252 -0.24132205545902252 -0.24132205545902252 -0.24132205545902252 -0.24132205545902252 -0.24132205545902252 -0.24132205545902252 -0.24132205545902252 -0.24132205545902252 -0.24132205545902252 -0.24132205545902252 -0.24132205545902252 -0.24132205545902252 -0.24132205545902252 -0.24132205545902252 -0.24132205545902252 -0.24132205545902252 -0.24132205545902252 -0.24132205545902252
5.84313440322876 -0.18516452610492706 -0.1336975395679474 -0.12560901045799255 -0.13407950103282928 -0.13452446460723877 -0.12954238057136536 -0.10723593086004257 -0.06839177757501602 0.03590508922934532 0.20699292421340942 -0.24132205545902252 -0.24132205545902252 -0.24132205545902252 -0.24132205545902252 -0.24132205545902252 -0.24132205545902252 -0.24132205545902252 -0.24132205545902252 -0.24132205545902252 -0.24132205545902252 -0.24132205545902252 -0.24132205545902252 -0.24132205545902252 -0.24132205545902252 -0.24132205545902252 -0.24132205545902252 -0.24132205545902252 -0.24132205545902252 -0.24132205545902252 -0.24132205545902252 -0.24132205545902252
5.7451395988464355 -0.16869017481803894 -0.1394871175289154 -0.12665073573589325 -0.1456000655889511 -0.14318154752254486 -0.1404566764831543 -0.12978500127792358 -0.11903982609510422 -0.07995788007974625 0.0417666994035244 0.2324589639902115 -0.24132205545902252 -0.24132205545902252 -0.24132205545902252 -0.24132205545902252 -0.24132205545902252 -0.24132205545902252 -0.24132205545902252 -0.24132205545902252 -0.24132205545902252 -0.24132205545902252 -0.24132205545902252 -0.24132205545902252 -0.24132205545902252 -0.24132205545902252 -0.24132205545902252 -0.24132205545902252 -0.24132205545902252 -0.24132205545902252 -0.24132205545902252 -0.24132205545902252
5.651659965515137 -0.16200290620326996 -0.14090122282505035 -0.13680772483348846 -0.15464432537555695 -0.15151070058345795 -0.1465388983488083 -0.13871894776821136 -0.12295665591955185 -0.12398695200681686 -0.053125422447919846 0.05347822606563568 0.21120035648345947 -0.24132205545902252 -0.24132205545902252 -0.24132205545902252 -0.24132205545902252 -0.24132205545902252 -0.24132205545902252 -0.24132205545902252 -0.24132205545902252 -0.24132205545902252 -0.24132205545902252 -0.24132205545902252 -0.24132205545902252 -0.24132205545902252 -0.24132205545902252 -0.24132205545902252 -0.24132205545902252 -0.24132205545902252 -0.24132205545902252 -0.24132205545902252
5.651278495788574 -0.19431795179843903 -0.14891473948955536 -0.14682947099208832 -0.16408705711364746 -0.1618718057870865 -0.15820816159248352 -0.14820139110088348 -0.14393815398216248 -0.14303669333457947 -0.1216183751821518 -0.06294745951890945 0.0349719375371933 0.2516166567802429 -0.24132205545902252 -0.24132205545902252 -0.24132205545902252 -0.24132205545902252 -0.24132205545902252 -0.24132205545902252 -0.24132205545902252 -0.24132205545902252 -0.24132205545902252 -0.24132205545902252 -0.24132205545902252 -0.24132205545902252 -0.24132205545902252 -0.24132205545902252 -0.24132205545902252 -0.24132205545902252 -0.24132205545902252 -0.24132205545902252
5.591943740844727 -0.19769111275672913 -0.1521473079919815 -0.15196138620376587 -0.1694789081811905 -0.16593772172927856 -0.16286112368106842 -0.15896394848823547 -0.15204167366027832 -0.145912766456604 -0.13050580024719238 -0.1026649922132492 -0.08258512616157532 0.06531593203544617 0.21803121268749237 -0.24132205545902252 -0.24132205545902252 -0.24132205545902252 -0.24132205545902252 -0.24132205545902252 -0.24132205545902252 -0.24132205545902252 -0.24132205545902252 -0.24132205545902252 -0.24132205545902252 -0.24132205545902252 -0.24132205545902252 -0.24132205545902252 -0.24132205545902252 -0.24132205545902252 -0.24132205545902252 -0.24132205545902252
5.596936225891113 -0.19672812521457672 -0.15633922815322876 -0.15727679431438446 -0.17024117708206177 -0.16895194351673126 -0.17113807797431946 -0.1662139594554901 -0.15851779282093048 -0.1574767380952835 -0.15042202174663544 -0.13111388683319092 -0.12602956593036652 -0.06486193835735321 0.02869364432990551 0.21088434755802155 -0.24132205545902252 -0.24132205545902252 -0.24132205545902252 -0.24132205545902252 -0.24132205545902252 -0.24132205545902252 -0.24132205545902252 -0.24132205545902252 -0.24132205545902252 -0.24132205545902252 -0.24132205545902252 -0.24132205545902252 -0.24132205545902252 -0.24132205545902252 -0.24132205545902252 -0.24132205545902252
5.497775077819824 -0.2000797688961029 -0.15755006670951843 -0.1602456271648407 -0.16870315372943878 -0.16850681602954865 -0.17366328835487366 -0.1672741174697876 -0.15916961431503296 -0.16066423058509827 -0.14429287612438202 -0.14405977725982666 -0.14015401899814606 -0.07626617699861526 -0.08778349310159683 0.024895545095205307 0.20562627911567688 -0.24132205545902252 -0.24132205545902252 -0.24132205545902252 -0.24132205545902252 -0.24132205545902252 -0.24132205545902252 -0.24132205545902252 -0.24132205545902252 -0.24132205545902252 -0.24132205545902252 -0.24132205545902252 -0.24132205545902252 -0.24132205545902252 -0.24132205545902252 -0.24132205545902252
5.51142692565918 -0.19987346231937408 -0.1633782833814621 -0.16203953325748444 -0.17014293372631073 -0.17583602666854858 -0.1782774180173874 -0.17623937129974365 -0.17178846895694733 -0.1698981523513794 -0.16476303339004517 -0.1540430635213852 -0.1534397304058075 -0.1149187833070755 -0.13130241632461548 -0.090082086622715 0.021244339644908905 0.22184456884860992 -0.24132205545902252 -0.24132205545902252 -0.24132205545902252 -0.24132205545902252 -0.24132205545902252 -0.24132205545902252 -0.24132205545902252 -0.24132205545902252 -0.24132205545902252 -0.24132205545902252 -0.24132205545902252 -0.24132205545902252 -0.24132205545902252 -0.24132205545902252
5.449696063995361 -0.20263893902301788 -0.16449737548828125 -0.15719789266586304 -0.17360833287239075 -0.17490415275096893 -0.17838384211063385 -0.1737719178199768 -0.17645592987537384 -0.17743457853794098 -0.16995346546173096 -0.16314180195331573 -0.16294518113136292 -0.1416258066892624 -0.14749570190906525 -0.12852656841278076 -0.08740290254354477 0.02872668206691742 0.23879781365394592 -0.24132205545902252 -0.24132205545902252 -0.24132205545902252 -0.24132205545902252 -0.24132205545902252 -0.24132205545902252 -0.24132205545902252 -0.24132205545902252 -0.24132205545902252 -0.24132205545902252 -0.24132205545902252 -0.24132205545902252 -0.24132205545902252
5.422059059143066 -0.19945290684700012 -0.16951128840446472 -0.1600022315979004 -0.17726781964302063 -0.17743495106697083 -0.18169307708740234 -0.1778518557548523 -0.17883151769638062 -0.17723287642002106 -0.1726509928703308 -0.1625049114227295 -0.16787883639335632 -0.13885629177093506 -0.15598143637180328 -0.1432451605796814 -0.12982216477394104 -0.0736401304602623 0.02130180224776268 0.19637508690357208 -0.24132205545902252 -0.24132205545902252 -0.24132205545902252 -0.24132205545902252 -0.24132205545902252 -0.24132205545902252 -0.24132205545902252 -0.24132205545902252 -0.24132205545902252 -0.24132205545902252 -0.24132205545902252 -0.24132205545902252
5.433811664581299 -0.20280589163303375 -0.17187127470970154 -0.16899415850639343 -0.17587153613567352 -0.17878875136375427 -0.18051649630069733 -0.17776387929916382 -0.18010613322257996 -0.1769593358039856 -0.17742207646369934 -0.1745022088289261 -0.1790563464164734 -0.15550127625465393 -0.16432231664657593 -0.15867841243743896 -0.14985650777816772 -0.12759965658187866 -0.09189724177122116 0.020214209333062172 0.19311849772930145 -0.24132205545902252 -0.24132205545902252 -0.24132205545902252 -0.24132205545902252 -0.24132205545902252 -0.24132205545902252 -0.24132205545902252 -0.24132205545902252 -0.24132205545902252 -0.24132205545902252 -0.24132205545902252
5.398584842681885 -0.20651812851428986 -0.17326828837394714 -0.16722214221954346 -0.17780721187591553 -0.17947182059288025 -0.18071585893630981 -0.1805330216884613 -0.18082477152347565 -0.18046621978282928 -0.17916026711463928 -0.17619501054286957 -0.1808842122554779 -0.16322588920593262 -0.16742897033691406 -0.16311199963092804 -0.15723642706871033 -0.1459716260433197 -0.12668681144714355 -0.10088635236024857 0.008633457124233246 0.19366028904914856 -0.24132205545902252 -0.24132205545902252 -0.24132205545902252 -0.24132205545902252 -0.24132205545902252 -0.24132205545902252 -0.24132205545902252 -0.24132205545902252 -0.24132205545902252 -0.24132205545902252
5.356407165527344 -0.2059529572725296 -0.17594671249389648 -0.16393472254276276 -0.18294954299926758 -0.18357957899570465 -0.18676885962486267 -0.1821790337562561 -0.1821993589401245 -0.1826564222574234 -0.18087588250637054 -0.17751570045948029 -0.18368780612945557 -0.15048544108867645 -0.1735394299030304 -0.17513909935951233 -0.16557960212230682 -0.15778233110904694 -0.1440868228673935 -0.13285192847251892 -0.09660831093788147 0.010987427085638046 0.18886174261569977 -0.24132205545902252 -0.24132205545902252 -0.24132205545902252 -0.24132205545902252 -0.24132205545902252 -0.24132205545902252 -0.24132205545902252 -0.24132205545902252 -0.24132205545902252
5.336485385894775 -0.20931753516197205 -0.1777556985616684 -0.17552952468395233 -0.1857919543981552 -0.18332329392433167 -0.18626540899276733 -0.18506880104541779 -0.18183556199073792 -0.18227677047252655 -0.180723637342453 -0.17625296115875244 -0.1854555457830429 -0.1523589938879013 -0.1803969442844391 -0.18187135457992554 -0.1718287616968155 -0.1598726361989975 -0.15792728960514069 -0.14585913717746735 -0.1377253383398056 -0.09619945287704468 0.007372364867478609 0.1803995668888092 -0.24132205545902252 -0.24132205545902252 -0.24132205545902252 -0.24132205545902252 -0.24132205545902252 -0.24132205545902252 -0.24132205545902252 -0.24132205545902252
5.3026227951049805 -0.2080777883529663 -0.18032684922218323 -0.17146103084087372 -0.18536333739757538 -0.18667471408843994 -0.1891828328371048 -0.18795044720172882 -0.1857922077178955 -0.18509657680988312 -0.17648956179618835 -0.17882922291755676 -0.18520255386829376 -0.143327534198761 -0.1859186589717865 -0.1873321831226349 -0.1794537603855133 -0.17408059537410736 -0.16738618910312653 -0.16345319151878357 -0.15341737866401672 -0.13300350308418274 -0.09789405763149261 -0.0023602587170898914 0.19476249814033508 -0.24132205545902252 -0.24132205545902252 -0.24132205545902252 -0.24132205545902252 -0.24132205545902252 -0.24132205545902252 -0.24132205545902252
5.332437992095947 -0.21319666504859924 -0.18194052577018738 -0.18196840584278107 -0.18815460801124573 -0.1880130171775818 -0.18918852508068085 -0.19002902507781982 -0.18865570425987244 -0.1879906803369522 -0.1853284239768982 -0.18492449820041656 -0.18592077493667603 -0.17011791467666626 -0.18490031361579895 -0.18753060698509216 -0.18391969799995422 -0.18321087956428528 -0.17499251663684845 -0.17180335521697998 -0.16304710507392883 -0.15247702598571777 -0.13494902849197388 -0.1055414080619812 0.006915893871337175 0.18607725203037262 -0.24132205545902252 -0.24132205545902252 -0.24132205545902252 -0.24132205545902252 -0.24132205545902252 -0.24132205545902252
5.295061111450195 -0.2124527096748352 -0.18572039902210236 -0.17974413931369781 -0.18908756971359253 -0.18913421034812927 -0.19111746549606323 -0.19166941940784454 -0.1876353919506073 -0.18849587440490723 -0.18772007524967194 -0.18710574507713318 -0.18543052673339844 -0.16511298716068268 -0.1845254749059677 -0.18842078745365143 -0.18765348196029663 -0.1856423318386078 -0.17867380380630493 -0.1807859092950821 -0.1716175526380539 -0.16561810672283173 -0.15332379937171936 -0.14252254366874695 -0.0967160239815712 0.005295728798955679 0.1818694770336151 -0.24132205545902252 -0.24132205545902252 -0.24132205545902252 -0.24132205545902252 -0.24132205545902252
5.285089492797852 -0.21168996393680573 -0.18400141596794128 -0.17463599145412445 -0.1912132352590561 -0.19428695738315582 -0.1879989057779312 -0.19464366137981415 -0.19227372109889984 -0.19265608489513397 -0.18589675426483154 -0.18414491415023804 -0.18832401931285858 -0.16732332110404968 -0.18439804017543793 -0.18706455826759338 -0.1889512985944748 -0.18837127089500427 -0.18804389238357544 -0.18638071417808533 -0.18194855749607086 -0.17163614928722382 -0.16382832825183868 -0.15966667234897614 -0.1414046585559845 -0.10767470300197601 -0.005689412821084261 0.1840280145406723 -0.24132205545902252 -0.24132205545902252 -0.24132205545902252 -0.24132205545902252
5.284989356994629 -0.2126128226518631 -0.1870797574520111 -0.18528464436531067 -0.19168876111507416 -0.19357165694236755 -0.19377361238002777 -0.1946132332086563 -0.19298866391181946 -0.19424128532409668 -0.18950709700584412 -0.1910814791917801 -0.18984106183052063 -0.18018509447574615 -0.18625377118587494 -0.1882898062467575 -0.19136883318424225 -0.19073860347270966 -0.18478263914585114 -0.1887495368719101 -0.1859719306230545 -0.1801556646823883 -0.16987650096416473 -0.1702563315629959 -0.15776628255844116 -0.14001542329788208 -0.10554222762584686 0.0014679657761007547 0.17346537113189697 -0.24132205545902252 -0.24132205545902252 -0.24132205545902252
5.237495422363281 -0.20805831253528595 -0.1841132938861847 -0.18173366785049438 -0.19380837678909302 -0.19575941562652588 -0.19685471057891846 -0.194010928273201 -0.1961897611618042 -0.1953846663236618 -0.1932021975517273 -0.17955051362514496 -0.1917208582162857 -0.168460413813591 -0.19205977022647858 -0.1894778460264206 -0.1901831477880478 -0.19274486601352692 -0.18692979216575623 -0.18940232694149017 -0.19148261845111847 -0.18528062105178833 -0.17767783999443054 -0.17279356718063354 -0.16593529284000397 -0.15459713339805603 -0.1419292837381363 -0.10720361769199371 -0.0069034830667078495 0.1682692915201187 -0.24132205545902252 -0.24132205545902252
5.2499895095825195 -0.2087373584508896 -0.1841486394405365 -0.18550825119018555 -0.19591611623764038 -0.19701510667800903 -0.19814062118530273 -0.19616788625717163 -0.19582273066043854 -0.19666506350040436 -0.19418330490589142 -0.19107533991336823 -0.19259744882583618 -0.18415048718452454 -0.19106082618236542 -0.19039683043956757 -0.19206584990024567 -0.19046737253665924 -0.17870469391345978 -0.1947726160287857 -0.1943991780281067 -0.19253884255886078 -0.18765167891979218 -0.18263323605060577 -0.1754245012998581 -0.16842831671237946 -0.159864142537117 -0.13644687831401825 -0.11083700507879257 -0.01376853883266449 0.1706102341413498 -0.24132205545902252
5.188284873962402 -0.20030003786087036 -0.18134728074073792 -0.18285413086414337 -0.19197936356067657 -0.19642841815948486 -0.20056328177452087 -0.19586314260959625 -0.19199372828006744 -0.19827762246131897 -0.19549314677715302 -0.19142204523086548 -0.19533994793891907 -0.17373692989349365 -0.1938626766204834 -0.1935034990310669 -0.1953960508108139 -0.1921401172876358 -0.16024315357208252 -0.19589358568191528 -0.19649043679237366 -0.19502398371696472 -0.19206362962722778 -0.1901705265045166 -0.18393202126026154 -0.17524319887161255 -0.17242170870304108 -0.16205911338329315 -0.1465405821800232 -0.1158512532711029 -0.008906137198209763 0.176776722073555
