7.6187520027160645 -0.24573099613189697 -0.24573099613189697 -0.24573099613189697 -0.24573099613189697 -0.24573099613189697 -0.24573099613189697 -0.24573099613189697 -0.24573099613189697 -0.24573099613189697 -0.24573099613189697 -0.24573099613189697 -0.24573099613189697 -0.24573099613189697 -0.24573099613189697 -0.24573099613189697 -0.24573099613189697 -0.24573099613189697 -0.24573099613189697 -0.24573099613189697 -0.24573099613189697 -0.24573099613189697 -0.24573099613189697 -0.24573099613189697 -0.24573099613189697 -0.24573099613189697 -0.24573099613189697 -0.24573099613189697 -0.24573099613189697 -0.24573099613189697 -0.24573099613189697 -0.24573099613189697
7.238125324249268 0.13380439579486847 -0.24573099613189697 -0.24573099613189697 -0.24573099613189697 -0.24573099613189697 -0.24573099613189697 -0.24573099613189697 -0.24573099613189697 -0.24573099613189697 -0.24573099613189697 -0.24573099613189697 -0.24573099613189697 -0.24573099613189697 -0.24573099613189697 -0.24573099613189697 -0.24573099613189697 -0.24573099613189697 -0.24573099613189697 -0.24573099613189697 -0.24573099613189697 -0.24573099613189697 -0.24573099613189697 -0.24573099613189697 -0.24573099613189697 -0.24573099613189697 -0.24573099613189697 -0.24573099613189697 -0.24573099613189697 -0.24573099613189697 -0.24573099613189697 -0.24573099613189697
6.933332920074463 0.06320133805274963 0.1297762542963028 -0.24573099613189697 -0.24573099613189697 -0.24573099613189697 -0.24573099613189697 -0.24573099613189697 -0.24573099613189697 -0.24573099613189697 -0.24573099613189697 -0.24573099613189697 -0.24573099613189697 -0.24573099613189697 -0.24573099613189697 -0.24573099613189697 -0.24573099613189697 -0.24573099613189697 -0.24573099613189697 -0.24573099613189697 -0.24573099613189697 -0.24573099613189697 -0.24573099613189697 -0.24573099613189697 -0.24573099613189697 -0.24573099613189697 -0.24573099613189697 -0.24573099613189697 -0.24573099613189697 -0.24573099613189697 -0.24573099613189697 -0.24573099613189697
6.792898654937744 0.009251088835299015 -0.0034232353791594505 0.08172465115785599 -0.24573099613189697 -0.24573099613189697 -0.24573099613189697 -0.24573099613189697 -0.24573099613189697 -0.24573099613189697 -0.24573099613189697 -0.24573099613189697 -0.24573099613189697 -0.24573099613189697 -0.24573099613189697 -0.24573099613189697 -0.24573099613189697 -0.24573099613189697 -0.24573099613189697 -0.24573099613189697 -0.24573099613189697 -0.24573099613189697 -0.24573099613189697 -0.24573099613189697 -0.24573099613189697 -0.24573099613189697 -0.24573099613189697 -0.24573099613189697 -0.24573099613189697 -0.24573099613189697 -0.24573099613189697 -0.24573099613189697
6.622283458709717 -0.018283946439623833 -0.03560435026884079 -0.0005405928823165596 0.06690622121095657 -0.24573099613189697 -0.24573099613189697 -0.24573099613189697 -0.24573099613189697 -0.24573099613189697 -0.24573099613189697 -0.24573099613189697 -0.24573099613189697 -0.24573099613189697 -0.24573099613189697 -0.24573099613189697 -0.24573099613189697 -0.24573099613189697 -0.24573099613189697 -0.24573099613189697 -0.24573099613189697 -0.24573099613189697 -0.24573099613189697 -0.24573099613189697 -0.24573099613189697 -0.24573099613189697 -0.24573099613189697 -0.24573099613189697 -0.24573099613189697 -0.24573099613189697 -0.24573099613189697 -0.24573099613189697
6.485976696014404 -0.04409332945942879 -0.05338997393846512 -0.027246039360761642 -0.007454285863786936 0.0352306067943573 -0.24573099613189697 -0.24573099613189697 -0.24573099613189697 -0.24573099613189697 -0.24573099613189697 -0.24573099613189697 -0.24573099613189697 -0.24573099613189697 -0.24573099613189697 -0.24573099613189697 -0.24573099613189697 -0.24573099613189697 -0.24573099613189697 -0.24573099613189697 -0.24573099613189697 -0.24573099613189697 -0.24573099613189697 -0.24573099613189697 -0.24573099613189697 -0.24573099613189697 -0.24573099613189697 -0.24573099613189697 -0.24573099613189697 -0.24573099613189697 -0.24573099613189697 -0.24573099613189697
6.355082035064697 -0.05860164389014244 -0.06866739690303802 -0.05709667503833771 -0.03914913535118103 -0.007639599498361349 0.019389020279049873 -0.24573099613189697 -0.24573099613189697 -0.24573099613189697 -0.24573099613189697 -0.24573099613189697 -0.24573099613189697 -0.24573099613189697 -0.24573099613189697 -0.24573099613189697 -0.24573099613189697 -0.24573099613189697 -0.24573099613189697 -0.24573099613189697 -0.24573099613189697 -0.24573099613189697 -0.24573099613189697 -0.24573099613189697 -0.24573099613189697 -0.24573099613189697 -0.24573099613189697 -0.24573099613189697 -0.24573099613189697 -0.24573099613189697 -0.24573099613189697 -0.24573099613189697
6.248939514160156 -0.0850243866443634 -0.08473437279462814 -0.06997594237327576 -0.05167936906218529 -0.032014671713113785 -0.0289821308106184 0.0010149244917556643 -0.24573099613189697 -0.24573099613189697 -0.24573099613189697 -0.24573099613189697 -0.24573099613189697 -0.24573099613189697 -0.24573099613189697 -0.24573099613189697 -0.24573099613189697 -0.24573099613189697 -0.24573099613189697 -0.24573099613189697 -0.24573099613189697 -0.24573099613189697 -0.24573099613189697 -0.24573099613189697 -0.24573099613189697 -0.24573099613189697 -0.24573099613189697 -0.24573099613189697 -0.24573099613189697 -0.24573099613189697 -0.24573099613189697 -0.24573099613189697
6.109668731689453 -0.09468331187963486 -0.09620700031518936 -0.06929749995470047 -0.06650839745998383 -0.04068262502551079 -0.052491750568151474 -0.03173423558473587 -0.0062141926027834415 -0.24573099613189697 -0.24573099613189697 -0.24573099613189697 -0.24573099613189697 -0.24573099613189697 -0.24573099613189697 -0.24573099613189697 -0.24573099613189697 -0.24573099613189697 -0.24573099613189697 -0.24573099613189697 -0.24573099613189697 -0.24573099613189697 -0.24573099613189697 -0.24573099613189697 -0.24573099613189697 -0.24573099613189697 -0.24573099613189697 -0.24573099613189697 -0.24573099613189697 -0.24573099613189697 -0.24573099613189697 -0.24573099613189697
6.079501152038574 -0.12524470686912537 -0.11948097497224808 -0.1011938825249672 -0.07590793818235397 -0.07140886038541794 -0.07413144409656525 -0.054335176944732666 -0.034831609576940536 -0.0168862696737051 -0.24573099613189697 -0.24573099613189697 -0.24573099613189697 -0.24573099613189697 -0.24573099613189697 -0.24573099613189697 -0.24573099613189697 -0.24573099613189697 -0.24573099613189697 -0.24573099613189697 -0.24573099613189697 -0.24573099613189697 -0.24573099613189697 -0.24573099613189697 -0.24573099613189697 -0.24573099613189697 -0.24573099613189697 -0.24573099613189697 -0.24573099613189697 -0.24573099613189697 -0.24573099613189697 -0.24573099613189697
6.005676746368408 -0.136758953332901 -0.1366882026195526 -0.1143728569149971 -0.09784245491027832 -0.08166410773992538 -0.08291253447532654 -0.07530119270086288 -0.06069489195942879 -0.0392879992723465 -0.019751641899347305 -0.24573099613189697 -0.24573099613189697 -0.24573099613189697 -0.24573099613189697 -0.24573099613189697 -0.24573099613189697 -0.24573099613189697 -0.24573099613189697 -0.24573099613189697 -0.24573099613189697 -0.24573099613189697 -0.24573099613189697 -0.24573099613189697 -0.24573099613189697 -0.24573099613189697 -0.24573099613189697 -0.24573099613189697 -0.24573099613189697 -0.24573099613189697 -0.24573099613189697 -0.24573099613189697
5.9594502449035645 -0.14237633347511292 -0.14550144970417023 -0.12604530155658722 -0.1135232001543045 -0.09195755422115326 -0.10000638663768768 -0.09064847230911255 -0.08252852410078049 -0.07247589528560638 -0.04933095723390579 -0.030376136302947998 -0.24573099613189697 -0.24573099613189697 -0.24573099613189697 -0.24573099613189697 -0.24573099613189697 -0.24573099613189697 -0.24573099613189697 -0.24573099613189697 -0.24573099613189697 -0.24573099613189697 -0.24573099613189697 -0.24573099613189697 -0.24573099613189697 -0.24573099613189697 -0.24573099613189697 -0.24573099613189697 -0.24573099613189697 -0.24573099613189697 -0.24573099613189697 -0.24573099613189697
5.888489723205566 -0.15177446603775024 -0.15478374063968658 -0.13777750730514526 -0.12259785085916519 -0.1134939044713974 -0.11281878501176834 -0.10001195967197418 -0.08914108574390411 -0.08723489940166473 -0.07152704149484634 -0.03974401578307152 -0.038656339049339294 -0.24573099613189697 -0.24573099613189697 -0.24573099613189697 -0.24573099613189697 -0.24573099613189697 -0.24573099613189697 -0.24573099613189697 -0.24573099613189697 -0.24573099613189697 -0.24573099613189697 -0.24573099613189697 -0.24573099613189697 -0.24573099613189697 -0.24573099613189697 -0.24573099613189697 -0.24573099613189697 -0.24573099613189697 -0.24573099613189697 -0.24573099613189697
5.860011577606201 -0.1600225418806076 -0.1625533401966095 -0.14784115552902222 -0.1367669254541397 -0.12956826388835907 -0.12200554460287094 -0.1113395020365715 -0.10342910885810852 -0.0999608114361763 -0.0885460153222084 -0.06917069107294083 -0.05864386633038521 -0.0469948835670948 -0.24573099613189697 -0.24573099613189697 -0.24573099613189697 -0.24573099613189697 -0.24573099613189697 -0.24573099613189697 -0.24573099613189697 -0.24573099613189697 -0.24573099613189697 -0.24573099613189697 -0.24573099613189697 -0.24573099613189697 -0.24573099613189697 -0.24573099613189697 -0.24573099613189697 -0.24573099613189697 -0.24573099613189697 -0.24573099613189697
5.7481184005737305 -0.1571982055902481 -0.1658172458410263 -0.15232957899570465 -0.14231042563915253 -0.1302647441625595 -0.1306476891040802 -0.1166883334517479 -0.10814844816923141 -0.10821782052516937 -0.09683771431446075 -0.0770728588104248 -0.07701487839221954 -0.05318472161889076 -0.054935455322265625 -0.24573099613189697 -0.24573099613189697 -0.24573099613189697 -0.24573099613189697 -0.24573099613189697 -0.24573099613189697 -0.24573099613189697 -0.24573099613189697 -0.24573099613189697 -0.24573099613189697 -0.24573099613189697 -0.24573099613189697 -0.24573099613189697 -0.24573099613189697 -0.24573099613189697 -0.24573099613189697 -0.24573099613189697
5.729332447052002 -0.16595979034900665 -0.17067614197731018 -0.15911951661109924 -0.15270869433879852 -0.146881565451622 -0.14344143867492676 -0.1322363168001175 -0.12341941148042679 -0.11805203557014465 -0.10982459038496017 -0.09333641082048416 -0.08629477769136429 -0.07348408550024033 -0.05983945354819298 -0.06232868880033493 -0.24573099613189697 -0.24573099613189697 -0.24573099613189697 -0.24573099613189697 -0.24573099613189697 -0.24573099613189697 -0.24573099613189697 -0.24573099613189697 -0.24573099613189697 -0.24573099613189697 -0.24573099613189697 -0.24573099613189697 -0.24573099613189697 -0.24573099613189697 -0.24573099613189697 -0.24573099613189697
5.611293792724609 -0.16755352914333344 -0.17244403064250946 -0.16096793115139008 -0.15594913065433502 -0.1420319676399231 -0.14558908343315125 -0.13724394142627716 -0.13008490204811096 -0.12721411883831024 -0.11660579591989517 -0.09273078292608261 -0.10043664276599884 -0.08861802518367767 -0.0680839940905571 -0.054480891674757004 -0.06522990763187408 -0.24573099613189697 -0.24573099613189697 -0.24573099613189697 -0.24573099613189697 -0.24573099613189697 -0.24573099613189697 -0.24573099613189697 -0.24573099613189697 -0.24573099613189697 -0.24573099613189697 -0.24573099613189697 -0.24573099613189697 -0.24573099613189697 -0.24573099613189697 -0.24573099613189697
5.5940022468566895 -0.17382550239562988 -0.17945727705955505 -0.16374322772026062 -0.15862531960010529 -0.15409216284751892 -0.14702531695365906 -0.1455131471157074 -0.1411614865064621 -0.13415473699569702 -0.12146883457899094 -0.1124412938952446 -0.10929974168539047 -0.0945163294672966 -0.09498653560876846 -0.0824919044971466 -0.06601537019014359 -0.07488849014043808 -0.24573099613189697 -0.24573099613189697 -0.24573099613189697 -0.24573099613189697 -0.24573099613189697 -0.24573099613189697 -0.24573099613189697 -0.24573099613189697 -0.24573099613189697 -0.24573099613189697 -0.24573099613189697 -0.24573099613189697 -0.24573099613189697 -0.24573099613189697
5.530403137207031 -0.17800849676132202 -0.18214932084083557 -0.16787736117839813 -0.15737757086753845 -0.15815545618534088 -0.15345925092697144 -0.15196241438388824 -0.14300578832626343 -0.141981840133667 -0.13172215223312378 -0.12000133097171783 -0.11534260213375092 -0.10436339676380157 -0.09956063330173492 -0.09142456948757172 -0.0836588516831398 -0.07655230909585953 -0.07928505539894104 -0.24573099613189697 -0.24573099613189697 -0.24573099613189697 -0.24573099613189697 -0.24573099613189697 -0.24573099613189697 -0.24573099613189697 -0.24573099613189697 -0.24573099613189697 -0.24573099613189697 -0.24573099613189697 -0.24573099613189697 -0.24573099613189697
5.446457386016846 -0.1785719394683838 -0.186836838722229 -0.17245091497898102 -0.16229553520679474 -0.15844804048538208 -0.1569540649652481 -0.15306170284748077 -0.14937779307365417 -0.14063307642936707 -0.1350013166666031 -0.12886223196983337 -0.12874923646450043 -0.11434854567050934 -0.10676226019859314 -0.0942465141415596 -0.09091184288263321 -0.08700009435415268 -0.0719527006149292 -0.08115147799253464 -0.24573099613189697 -0.24573099613189697 -0.24573099613189697 -0.24573099613189697 -0.24573099613189697 -0.24573099613189697 -0.24573099613189697 -0.24573099613189697 -0.24573099613189697 -0.24573099613189697 -0.24573099613189697 -0.24573099613189697
5.4101033210754395 -0.17700642347335815 -0.18804500997066498 -0.1772402673959732 -0.16977505385875702 -0.16492339968681335 -0.16175788640975952 -0.1574113368988037 -0.15536822378635406 -0.1496836543083191 -0.13835947215557098 -0.13738182187080383 -0.13666799664497375 -0.13019748032093048 -0.121773861348629 -0.10265165567398071 -0.09813784807920456 -0.10160648822784424 -0.08240754902362823 -0.0754663273692131 -0.08116817474365234 -0.24573099613189697 -0.24573099613189697 -0.24573099613189697 -0.24573099613189697 -0.24573099613189697 -0.24573099613189697 -0.24573099613189697 -0.24573099613189697 -0.24573099613189697 -0.24573099613189697 -0.24573099613189697
5.420302867889404 -0.17837385833263397 -0.18969927728176117 -0.18263383209705353 -0.1770043522119522 -0.17098848521709442 -0.16702166199684143 -0.1655038744211197 -0.16278812289237976 -0.15742118656635284 -0.1545485407114029 -0.14616507291793823 -0.14564749598503113 -0.1415906846523285 -0.13162751495838165 -0.11143337190151215 -0.11680983006954193 -0.11173468083143234 -0.09922465682029724 -0.08175047487020493 -0.08189352601766586 -0.08910457789897919 -0.24573099613189697 -0.24573099613189697 -0.24573099613189697 -0.24573099613189697 -0.24573099613189697 -0.24573099613189697 -0.24573099613189697 -0.24573099613189697 -0.24573099613189697 -0.24573099613189697
5.359281063079834 -0.17626096308231354 -0.19069892168045044 -0.18118460476398468 -0.17663829028606415 -0.1715160310268402 -0.17249825596809387 -0.16972209513187408 -0.1661660373210907 -0.16125592589378357 -0.15779033303260803 -0.14166371524333954 -0.14952264726161957 -0.1452268362045288 -0.1401246041059494 -0.12210462242364883 -0.12708505988121033 -0.11586391925811768 -0.11141245812177658 -0.09679050743579865 -0.09768609702587128 -0.08566895127296448 -0.090796560049057 -0.24573099613189697 -0.24573099613189697 -0.24573099613189697 -0.24573099613189697 -0.24573099613189697 -0.24573099613189697 -0.24573099613189697 -0.24573099613189697 -0.24573099613189697
5.337388038635254 -0.18306103348731995 -0.1925589144229889 -0.18398654460906982 -0.18160146474838257 -0.17691367864608765 -0.17712007462978363 -0.17404471337795258 -0.16993287205696106 -0.16588781774044037 -0.16221344470977783 -0.15309837460517883 -0.15622621774673462 -0.14849236607551575 -0.14455543458461761 -0.1296864002943039 -0.13486343622207642 -0.13026021420955658 -0.12148536741733551 -0.11012063920497894 -0.10983362793922424 -0.09649194777011871 -0.0840686708688736 -0.08501005917787552 -0.24573099613189697 -0.24573099613189697 -0.24573099613189697 -0.24573099613189697 -0.24573099613189697 -0.24573099613189697 -0.24573099613189697 -0.24573099613189697
5.291436672210693 -0.18437056243419647 -0.19190935790538788 -0.18491056561470032 -0.18168365955352783 -0.17457237839698792 -0.17947931587696075 -0.17677636444568634 -0.17255306243896484 -0.1673908829689026 -0.16450399160385132 -0.15829350054264069 -0.15927650034427643 -0.1516244113445282 -0.15183760225772858 -0.14692376554012299 -0.14260080456733704 -0.1399604231119156 -0.13085873425006866 -0.1188310831785202 -0.11737341433763504 -0.10849898308515549 -0.09566948562860489 -0.07793255895376205 -0.09343791753053665 -0.24573099613189697 -0.24573099613189697 -0.24573099613189697 -0.24573099613189697 -0.24573099613189697 -0.24573099613189697 -0.24573099613189697
5.2755937576293945 -0.18573950231075287 -0.19491034746170044 -0.18794119358062744 -0.18201377987861633 -0.1806044727563858 -0.17929890751838684 -0.1827378123998642 -0.17782877385616302 -0.17196467518806458 -0.16764581203460693 -0.16192950308322906 -0.16107597947120667 -0.16062797605991364 -0.1598559021949768 -0.15320225059986115 -0.15029658377170563 -0.14826877415180206 -0.13802748918533325 -0.12641653418540955 -0.12627266347408295 -0.11959072947502136 -0.10988879948854446 -0.09834478050470352 -0.08687801659107208 -0.09013208746910095 -0.24573099613189697 -0.24573099613189697 -0.24573099613189697 -0.24573099613189697 -0.24573099613189697 -0.24573099613189697
5.22114372253418 -0.18802936375141144 -0.20020504295825958 -0.19107477366924286 -0.18271175026893616 -0.1818777471780777 -0.18200844526290894 -0.18292628228664398 -0.18056252598762512 -0.1702268421649933 -0.16440239548683167 -0.16868728399276733 -0.16087082028388977 -0.16254077851772308 -0.16202758252620697 -0.1608588993549347 -0.1534053087234497 -0.15254664421081543 -0.14460022747516632 -0.13315372169017792 -0.13292983174324036 -0.1271992027759552 -0.12049656361341476 -0.1094401478767395 -0.09246089309453964 -0.09172947704792023 -0.09581291675567627 -0.24573099613189697 -0.24573099613189697 -0.24573099613189697 -0.24573099613189697 -0.24573099613189697
5.217981338500977 -0.18999429047107697 -0.20219625532627106 -0.19436807930469513 -0.1889776885509491 -0.18504683673381805 -0.1856417953968048 -0.184784933924675 -0.18401317298412323 -0.18031351268291473 -0.1765163391828537 -0.17149433493614197 -0.16865533590316772 -0.16455838084220886 -0.1627180576324463 -0.15662594139575958 -0.15750905871391296 -0.15730562806129456 -0.15058296918869019 -0.14819107949733734 -0.14276248216629028 -0.1371343433856964 -0.12225572764873505 -0.11164521425962448 -0.11236542463302612 -0.10180389136075974 -0.09527748078107834 -0.10265101492404938 -0.24573099613189697 -0.24573099613189697 -0.24573099613189697 -0.24573099613189697
5.141805171966553 -0.18635442852973938 -0.20288324356079102 -0.19649574160575867 -0.1913512647151947 -0.1867828518152237 -0.18464913964271545 -0.18670456111431122 -0.18437202274799347 -0.17917844653129578 -0.16377659142017365 -0.1746322512626648 -0.1685112863779068 -0.16897517442703247 -0.16543400287628174 -0.16299085319042206 -0.16252684593200684 -0.15443764626979828 -0.1523069143295288 -0.14680583775043488 -0.14853858947753906 -0.14356867969036102 -0.1352672129869461 -0.12527939677238464 -0.11846528202295303 -0.11094596236944199 -0.10038938373327255 -0.09846116602420807 -0.10488509386777878 -0.24573099613189697 -0.24573099613189697 -0.24573099613189697
5.1334943771362305 -0.18524250388145447 -0.20332734286785126 -0.19750414788722992 -0.19379757344722748 -0.18812939524650574 -0.1870720386505127 -0.18650031089782715 -0.1841006726026535 -0.18253539502620697 -0.1774960458278656 -0.1772889941930771 -0.17488902807235718 -0.17336605489253998 -0.1694359928369522 -0.1639663428068161 -0.16535231471061707 -0.1642032116651535 -0.1596086472272873 -0.15470610558986664 -0.15630050003528595 -0.15211418271064758 -0.14249219000339508 -0.13460518419742584 -0.11985740810632706 -0.11683403700590134 -0.11293274164199829 -0.10740397125482559 -0.10395035147666931 -0.10732825845479965 -0.24573099613189697 -0.24573099613189697
5.126760959625244 -0.18449421226978302 -0.2021845281124115 -0.19825275242328644 -0.1946522295475006 -0.19311438500881195 -0.1915028691291809 -0.18943826854228973 -0.18648676574230194 -0.18499182164669037 -0.183389812707901 -0.1799737811088562 -0.18010397255420685 -0.17870397865772247 -0.1727750152349472 -0.16669994592666626 -0.17244035005569458 -0.17022037506103516 -0.16813644766807556 -0.16013041138648987 -0.1624123901128769 -0.1586119830608368 -0.1509193331003189 -0.1427396833896637 -0.13345684111118317 -0.125006765127182 -0.1212707981467247 -0.11525570601224899 -0.10773885250091553 -0.09947463124990463 -0.10676714777946472 -0.24573099613189697
5.116866111755371 -0.1837383508682251 -0.20163971185684204 -0.19764062762260437 -0.19486577808856964 -0.19032268226146698 -0.19372040033340454 -0.19182105362415314 -0.18941602110862732 -0.1862521767616272 -0.18277937173843384 -0.1820363849401474 -0.18273282051086426 -0.1778007596731186 -0.17510095238685608 -0.1713048666715622 -0.17456230521202087 -0.1726023405790329 -0.17241288721561432 -0.16768674552440643 -0.16557949781417847 -0.16253159940242767 -0.15672384202480316 -0.1499810367822647 -0.14808180928230286 -0.1436830461025238 -0.13273009657859802 -0.12570884823799133 -0.12045366317033768 -0.1099037453532219 -0.10699847340583801 -0.10638806968927383
