7.514975070953369 -0.24238374829292297 -0.24238374829292297 -0.24238374829292297 -0.24238374829292297 -0.24238374829292297 -0.24238374829292297 -0.24238374829292297 -0.24238374829292297 -0.24238374829292297 -0.24238374829292297 -0.24238374829292297 -0.24238374829292297 -0.24238374829292297 -0.24238374829292297 -0.24238374829292297 -0.24238374829292297 -0.24238374829292297 -0.24238374829292297 -0.24238374829292297 -0.24238374829292297 -0.24238374829292297 -0.24238374829292297 -0.24238374829292297 -0.24238374829292297 -0.24238374829292297 -0.24238374829292297 -0.24238374829292297 -0.24238374829292297 -0.24238374829292297 -0.24238374829292297 -0.24238374829292297
7.322221279144287 -0.05059747025370598 -0.24238374829292297 -0.24238374829292297 -0.24238374829292297 -0.24238374829292297 -0.24238374829292297 -0.24238374829292297 -0.24238374829292297 -0.24238374829292297 -0.24238374829292297 -0.24238374829292297 -0.24238374829292297 -0.24238374829292297 -0.24238374829292297 -0.24238374829292297 -0.24238374829292297 -0.24238374829292297 -0.24238374829292297 -0.24238374829292297 -0.24238374829292297 -0.24238374829292297 -0.24238374829292297 -0.24238374829292297 -0.24238374829292297 -0.24238374829292297 -0.24238374829292297 -0.24238374829292297 -0.24238374829292297 -0.24238374829292297 -0.24238374829292297 -0.24238374829292297
7.096445560455322 -0.04121323302388191 -0.026155758649110794 -0.24238374829292297 -0.24238374829292297 -0.24238374829292297 -0.24238374829292297 -0.24238374829292297 -0.24238374829292297 -0.24238374829292297 -0.24238374829292297 -0.24238374829292297 -0.24238374829292297 -0.24238374829292297 -0.24238374829292297 -0.24238374829292297 -0.24238374829292297 -0.24238374829292297 -0.24238374829292297 -0.24238374829292297 -0.24238374829292297 -0.24238374829292297 -0.24238374829292297 -0.24238374829292297 -0.24238374829292297 -0.24238374829292297 -0.24238374829292297 -0.24238374829292297 -0.24238374829292297 -0.24238374829292297 -0.24238374829292297 -0.24238374829292297
6.8617329597473145 -0.08113295584917068 0.012221846729516983 -0.006008852738887072 -0.24238374829292297 -0.24238374829292297 -0.24238374829292297 -0.24238374829292297 -0.24238374829292297 -0.24238374829292297 -0.24238374829292297 -0.24238374829292297 -0.24238374829292297 -0.24238374829292297 -0.24238374829292297 -0.24238374829292297 -0.24238374829292297 -0.24238374829292297 -0.24238374829292297 -0.24238374829292297 -0.24238374829292297 -0.24238374829292297 -0.24238374829292297 -0.24238374829292297 -0.24238374829292297 -0.24238374829292297 -0.24238374829292297 -0.24238374829292297 -0.24238374829292297 -0.24238374829292297 -0.24238374829292297 -0.24238374829292297
6.635369300842285 -0.10379892587661743 -0.034413211047649384 0.04053330421447754 0.006729609332978725 -0.24238374829292297 -0.24238374829292297 -0.24238374829292297 -0.24238374829292297 -0.24238374829292297 -0.24238374829292297 -0.24238374829292297 -0.24238374829292297 -0.24238374829292297 -0.24238374829292297 -0.24238374829292297 -0.24238374829292297 -0.24238374829292297 -0.24238374829292297 -0.24238374829292297 -0.24238374829292297 -0.24238374829292297 -0.24238374829292297 -0.24238374829292297 -0.24238374829292297 -0.24238374829292297 -0.24238374829292297 -0.24238374829292297 -0.24238374829292297 -0.24238374829292297 -0.24238374829292297 -0.24238374829292297
6.516228675842285 -0.11958251148462296 -0.07847004383802414 -0.031258370727300644 0.009310225956141949 0.005750976502895355 -0.24238374829292297 -0.24238374829292297 -0.24238374829292297 -0.24238374829292297 -0.24238374829292297 -0.24238374829292297 -0.24238374829292297 -0.24238374829292297 -0.24238374829292297 -0.24238374829292297 -0.24238374829292297 -0.24238374829292297 -0.24238374829292297 -0.24238374829292297 -0.24238374829292297 -0.24238374829292297 -0.24238374829292297 -0.24238374829292297 -0.24238374829292297 -0.24238374829292297 -0.24238374829292297 -0.24238374829292297 -0.24238374829292297 -0.24238374829292297 -0.24238374829292297 -0.24238374829292297
6.378947734832764 -0.13354836404323578 -0.10005117952823639 -0.0684870034456253 -0.04409710317850113 0.01179257221519947 0.015057981014251709 -0.24238374829292297 -0.24238374829292297 -0.24238374829292297 -0.24238374829292297 -0.24238374829292297 -0.24238374829292297 -0.24238374829292297 -0.24238374829292297 -0.24238374829292297 -0.24238374829292297 -0.24238374829292297 -0.24238374829292297 -0.24238374829292297 -0.24238374829292297 -0.24238374829292297 -0.24238374829292297 -0.24238374829292297 -0.24238374829292297 -0.24238374829292297 -0.24238374829292297 -0.24238374829292297 -0.24238374829292297 -0.24238374829292297 -0.24238374829292297 -0.24238374829292297
6.243290901184082 -0.13692602515220642 -0.11056379228830338 -0.08870437741279602 -0.08527984470129013 -0.045086685568094254 0.01040765829384327 0.03008178621530533 -0.24238374829292297 -0.24238374829292297 -0.24238374829292297 -0.24238374829292297 -0.24238374829292297 -0.24238374829292297 -0.24238374829292297 -0.24238374829292297 -0.24238374829292297 -0.24238374829292297 -0.24238374829292297 -0.24238374829292297 -0.24238374829292297 -0.24238374829292297 -0.24238374829292297 -0.24238374829292297 -0.24238374829292297 -0.24238374829292297 -0.24238374829292297 -0.24238374829292297 -0.24238374829292297 -0.24238374829292297 -0.24238374829292297 -0.24238374829292297
6.117220401763916 -0.1393931806087494 -0.11985757946968079 -0.10503572970628738 -0.09728982299566269 -0.07688184082508087 -0.0504143051803112 0.015579291619360447 0.030982237309217453 -0.24238374829292297 -0.24238374829292297 -0.24238374829292297 -0.24238374829292297 -0.24238374829292297 -0.24238374829292297 -0.24238374829292297 -0.24238374829292297 -0.24238374829292297 -0.24238374829292297 -0.24238374829292297 -0.24238374829292297 -0.24238374829292297 -0.24238374829292297 -0.24238374829292297 -0.24238374829292297 -0.24238374829292297 -0.24238374829292297 -0.24238374829292297 -0.24238374829292297 -0.24238374829292297 -0.24238374829292297 -0.24238374829292297
6.007093906402588 -0.14807632565498352 -0.11978768557310104 -0.11591067910194397 -0.11384575068950653 -0.10548563301563263 -0.08516920357942581 -0.05171922594308853 0.027501696720719337 0.03789231926202774 -0.24238374829292297 -0.24238374829292297 -0.24238374829292297 -0.24238374829292297 -0.24238374829292297 -0.24238374829292297 -0.24238374829292297 -0.24238374829292297 -0.24238374829292297 -0.24238374829292297 -0.24238374829292297 -0.24238374829292297 -0.24238374829292297 -0.24238374829292297 -0.24238374829292297 -0.24238374829292297 -0.24238374829292297 -0.24238374829292297 -0.24238374829292297 -0.24238374829292297 -0.24238374829292297 -0.24238374829292297
5.962563514709473 -0.16149833798408508 -0.14066608250141144 -0.12619054317474365 -0.125337615609169 -0.12079545855522156 -0.10995424538850784 -0.0908961296081543 -0.0506419837474823 0.011022396385669708 0.042456354945898056 -0.24238374829292297 -0.24238374829292297 -0.24238374829292297 -0.24238374829292297 -0.24238374829292297 -0.24238374829292297 -0.24238374829292297 -0.24238374829292297 -0.24238374829292297 -0.24238374829292297 -0.24238374829292297 -0.24238374829292297 -0.24238374829292297 -0.24238374829292297 -0.24238374829292297 -0.24238374829292297 -0.24238374829292297 -0.24238374829292297 -0.24238374829292297 -0.24238374829292297 -0.24238374829292297
5.8337578773498535 -0.14702492952346802 -0.14540863037109375 -0.1289665400981903 -0.1309189796447754 -0.12975762784481049 -0.12117432802915573 -0.11010070145130157 -0.08652670681476593 -0.05770481005311012 0.015763891860842705 0.05577169731259346 -0.24238374829292297 -0.24238374829292297 -0.24238374829292297 -0.24238374829292297 -0.24238374829292297 -0.24238374829292297 -0.24238374829292297 -0.24238374829292297 -0.24238374829292297 -0.24238374829292297 -0.24238374829292297 -0.24238374829292297 -0.24238374829292297 -0.24238374829292297 -0.24238374829292297 -0.24238374829292297 -0.24238374829292297 -0.24238374829292297 -0.24238374829292297 -0.24238374829292297
5.725948333740234 -0.1620306819677353 -0.1512278914451599 -0.13514184951782227 -0.13777047395706177 -0.13589783012866974 -0.126953125 -0.11966747790575027 -0.08743000775575638 -0.0939500629901886 -0.04937427118420601 0.025131434202194214 0.05371788889169693 -0.24238374829292297 -0.24238374829292297 -0.24238374829292297 -0.24238374829292297 -0.24238374829292297 -0.24238374829292297 -0.24238374829292297 -0.24238374829292297 -0.24238374829292297 -0.24238374829292297 -0.24238374829292297 -0.24238374829292297 -0.24238374829292297 -0.24238374829292297 -0.24238374829292297 -0.24238374829292297 -0.24238374829292297 -0.24238374829292297 -0.24238374829292297
5.672305107116699 -0.17469343543052673 -0.15546195209026337 -0.1456099897623062 -0.14678141474723816 -0.14175215363502502 -0.13708434998989105 -0.12957829236984253 -0.12077613919973373 -0.11098786443471909 -0.0874534323811531 -0.04029995948076248 0.020279306918382645 0.06083882600069046 -0.24238374829292297 -0.24238374829292297 -0.24238374829292297 -0.24238374829292297 -0.24238374829292297 -0.24238374829292297 -0.24238374829292297 -0.24238374829292297 -0.24238374829292297 -0.24238374829292297 -0.24238374829292297 -0.24238374829292297 -0.24238374829292297 -0.24238374829292297 -0.24238374829292297 -0.24238374829292297 -0.24238374829292297 -0.24238374829292297
5.559813976287842 -0.17709152400493622 -0.16118402779102325 -0.14898090064525604 -0.14814318716526031 -0.14424797892570496 -0.14108051359653473 -0.13583754003047943 -0.1269615888595581 -0.11986572295427322 -0.10103499889373779 -0.07756221294403076 -0.049660805612802505 0.041800789535045624 0.05061444267630577 -0.24238374829292297 -0.24238374829292297 -0.24238374829292297 -0.24238374829292297 -0.24238374829292297 -0.24238374829292297 -0.24238374829292297 -0.24238374829292297 -0.24238374829292297 -0.24238374829292297 -0.24238374829292297 -0.24238374829292297 -0.24238374829292297 -0.24238374829292297 -0.24238374829292297 -0.24238374829292297 -0.24238374829292297
5.524293899536133 -0.18234555423259735 -0.16461673378944397 -0.15295101702213287 -0.15212494134902954 -0.15189321339130402 -0.14630810916423798 -0.14070327579975128 -0.13701167702674866 -0.13087747991085052 -0.12097392976284027 -0.10101190954446793 -0.08799951523542404 -0.05137234181165695 0.018774351105093956 0.05531740561127663 -0.24238374829292297 -0.24238374829292297 -0.24238374829292297 -0.24238374829292297 -0.24238374829292297 -0.24238374829292297 -0.24238374829292297 -0.24238374829292297 -0.24238374829292297 -0.24238374829292297 -0.24238374829292297 -0.24238374829292297 -0.24238374829292297 -0.24238374829292297 -0.24238374829292297 -0.24238374829292297
5.43283748626709 -0.1841180920600891 -0.16993804275989532 -0.15697573125362396 -0.15339329838752747 -0.1533006876707077 -0.1516297161579132 -0.14525361359119415 -0.13839520514011383 -0.13437776267528534 -0.12277541309595108 -0.11711539328098297 -0.10938941687345505 -0.08054701238870621 -0.054944731295108795 0.01837078668177128 0.05673617869615555 -0.24238374829292297 -0.24238374829292297 -0.24238374829292297 -0.24238374829292297 -0.24238374829292297 -0.24238374829292297 -0.24238374829292297 -0.24238374829292297 -0.24238374829292297 -0.24238374829292297 -0.24238374829292297 -0.24238374829292297 -0.24238374829292297 -0.24238374829292297 -0.24238374829292297
5.392107009887695 -0.18653181195259094 -0.17500922083854675 -0.15999093651771545 -0.16109009087085724 -0.15800322592258453 -0.1563757061958313 -0.15118706226348877 -0.14629817008972168 -0.14366461336612701 -0.13419976830482483 -0.1282334178686142 -0.12055739015340805 -0.10752394050359726 -0.09309040009975433 -0.05428771302103996 0.01468016766011715 0.06274589896202087 -0.24238374829292297 -0.24238374829292297 -0.24238374829292297 -0.24238374829292297 -0.24238374829292297 -0.24238374829292297 -0.24238374829292297 -0.24238374829292297 -0.24238374829292297 -0.24238374829292297 -0.24238374829292297 -0.24238374829292297 -0.24238374829292297 -0.24238374829292297
5.323082447052002 -0.18825137615203857 -0.17702384293079376 -0.16365548968315125 -0.16508828103542328 -0.16183136403560638 -0.1595691293478012 -0.15343283116817474 -0.15384000539779663 -0.14902952313423157 -0.13823513686656952 -0.13485446572303772 -0.13231180608272552 -0.12270384281873703 -0.11316221952438354 -0.08932473510503769 -0.05471115559339523 0.02345985919237137 0.06148481369018555 -0.24238374829292297 -0.24238374829292297 -0.24238374829292297 -0.24238374829292297 -0.24238374829292297 -0.24238374829292297 -0.24238374829292297 -0.24238374829292297 -0.24238374829292297 -0.24238374829292297 -0.24238374829292297 -0.24238374829292297 -0.24238374829292297
5.18212890625 -0.1875700056552887 -0.1805683821439743 -0.16700516641139984 -0.16693119704723358 -0.16471286118030548 -0.16184495389461517 -0.1566312313079834 -0.15380844473838806 -0.1487547904253006 -0.13797257840633392 -0.1362246572971344 -0.13150736689567566 -0.12590058147907257 -0.12358100712299347 -0.10376322269439697 -0.08904161304235458 -0.041232880204916 0.029833786189556122 0.07370828092098236 -0.24238374829292297 -0.24238374829292297 -0.24238374829292297 -0.24238374829292297 -0.24238374829292297 -0.24238374829292297 -0.24238374829292297 -0.24238374829292297 -0.24238374829292297 -0.24238374829292297 -0.24238374829292297 -0.24238374829292297
5.1552510261535645 -0.18748313188552856 -0.1785973608493805 -0.1705273538827896 -0.1692972183227539 -0.16838766634464264 -0.16401050984859467 -0.15746226906776428 -0.1535402238368988 -0.1542944461107254 -0.14552997052669525 -0.1418113261461258 -0.14184030890464783 -0.13180376589298248 -0.12932729721069336 -0.11858845502138138 -0.11327625811100006 -0.07728107273578644 -0.05048779025673866 0.007385218050330877 0.05723508819937706 -0.24238374829292297 -0.24238374829292297 -0.24238374829292297 -0.24238374829292297 -0.24238374829292297 -0.24238374829292297 -0.24238374829292297 -0.24238374829292297 -0.24238374829292297 -0.24238374829292297 -0.24238374829292297
5.105170726776123 -0.19054897129535675 -0.1781117171049118 -0.1712433248758316 -0.17119179666042328 -0.17083875834941864 -0.16612060368061066 -0.16303271055221558 -0.15990698337554932 -0.1577325165271759 -0.15138690173625946 -0.1478050798177719 -0.14591720700263977 -0.13819503784179688 -0.13399992883205414 -0.12970012426376343 -0.12738756835460663 -0.10253631323575974 -0.0866299718618393 -0.05783175677061081 0.011895263567566872 0.05695249140262604 -0.24238374829292297 -0.24238374829292297 -0.24238374829292297 -0.24238374829292297 -0.24238374829292297 -0.24238374829292297 -0.24238374829292297 -0.24238374829292297 -0.24238374829292297 -0.24238374829292297
5.035364627838135 -0.1915271133184433 -0.17887380719184875 -0.16808000206947327 -0.17319178581237793 -0.17167632281780243 -0.1726865917444229 -0.16766268014907837 -0.16314038634300232 -0.1600251942873001 -0.15237869322299957 -0.14673230051994324 -0.1453728973865509 -0.13066424429416656 -0.1381414532661438 -0.13785775005817413 -0.1341421902179718 -0.11990407109260559 -0.1115892082452774 -0.09365980327129364 -0.062138717621564865 0.006295639555901289 0.059289149940013885 -0.24238374829292297 -0.24238374829292297 -0.24238374829292297 -0.24238374829292297 -0.24238374829292297 -0.24238374829292297 -0.24238374829292297 -0.24238374829292297 -0.24238374829292297
4.975940227508545 -0.19345718622207642 -0.1799008995294571 -0.1722981035709381 -0.17398053407669067 -0.17023490369319916 -0.1740938425064087 -0.17333586513996124 -0.16595397889614105 -0.16209980845451355 -0.15512385964393616 -0.15030506253242493 -0.14954976737499237 -0.13358013331890106 -0.14509691298007965 -0.14218154549598694 -0.1397409439086914 -0.12774771451950073 -0.12457184493541718 -0.11112631112337112 -0.09951190650463104 -0.0640551745891571 0.010820213705301285 0.06034091114997864 -0.24238374829292297 -0.24238374829292297 -0.24238374829292297 -0.24238374829292297 -0.24238374829292297 -0.24238374829292297 -0.24238374829292297 -0.24238374829292297
4.969072341918945 -0.1956416219472885 -0.18422287702560425 -0.17510123550891876 -0.17651793360710144 -0.17500798404216766 -0.17640599608421326 -0.17436522245407104 -0.16491994261741638 -0.16594922542572021 -0.1582421213388443 -0.15512701869010925 -0.15346160531044006 -0.14233411848545074 -0.15168604254722595 -0.14679254591464996 -0.1453404724597931 -0.13901959359645844 -0.13650979101657867 -0.12828145921230316 -0.12000584602355957 -0.09897781163454056 -0.0655604675412178 -0.0009518704027868807 0.058095384389162064 -0.24238374829292297 -0.24238374829292297 -0.24238374829292297 -0.24238374829292297 -0.24238374829292297 -0.24238374829292297 -0.24238374829292297
4.911740303039551 -0.19629748165607452 -0.18666408956050873 -0.17755736410617828 -0.17664656043052673 -0.17583949863910675 -0.17715182900428772 -0.1743791401386261 -0.1700247973203659 -0.1687672734260559 -0.1662202626466751 -0.16019916534423828 -0.15450644493103027 -0.1498163938522339 -0.15131381154060364 -0.150782510638237 -0.148793563246727 -0.14538607001304626 -0.13252729177474976 -0.13048841059207916 -0.13278475403785706 -0.12168502807617188 -0.10057123750448227 -0.07167323678731918 0.0019494328880682588 0.0604010671377182 -0.24238374829292297 -0.24238374829292297 -0.24238374829292297 -0.24238374829292297 -0.24238374829292297 -0.24238374829292297
4.850636005401611 -0.19713285565376282 -0.18950650095939636 -0.179416224360466 -0.17984509468078613 -0.17989036440849304 -0.1777905821800232 -0.17602768540382385 -0.16968706250190735 -0.17158351838588715 -0.1650323122739792 -0.16478176414966583 -0.15747955441474915 -0.14383918046951294 -0.15184034407138824 -0.15353375673294067 -0.15337005257606506 -0.14085553586483002 -0.1367461383342743 -0.14421488344669342 -0.14033454656600952 -0.133946493268013 -0.1210995689034462 -0.10132499784231186 -0.0631946474313736 0.003685186617076397 0.04976048320531845 -0.24238374829292297 -0.24238374829292297 -0.24238374829292297 -0.24238374829292297 -0.24238374829292297
4.852963924407959 -0.1981656551361084 -0.19108733534812927 -0.18262742459774017 -0.18421286344528198 -0.18377524614334106 -0.17908699810504913 -0.17957060039043427 -0.17385044693946838 -0.1747465431690216 -0.16845080256462097 -0.16469793021678925 -0.1630089282989502 -0.1531461477279663 -0.15915057063102722 -0.1530945897102356 -0.15863098204135895 -0.13973841071128845 -0.14446091651916504 -0.15122497081756592 -0.1475387066602707 -0.1435031294822693 -0.13491250574588776 -0.12380526959896088 -0.1053856909275055 -0.0694427415728569 -0.007405116222798824 0.05100430175662041 -0.24238374829292297 -0.24238374829292297 -0.24238374829292297 -0.24238374829292297
4.8022260665893555 -0.19977536797523499 -0.19102728366851807 -0.1838417500257492 -0.18436910212039948 -0.18434953689575195 -0.18150563538074493 -0.181028813123703 -0.177226722240448 -0.17411412298679352 -0.16958889365196228 -0.16928164660930634 -0.16599802672863007 -0.1626245528459549 -0.16066516935825348 -0.15791913866996765 -0.15972904860973358 -0.15190479159355164 -0.14031389355659485 -0.1473485231399536 -0.15117758512496948 -0.14854863286018372 -0.14121927320957184 -0.13747522234916687 -0.12322299927473068 -0.10373379290103912 -0.07350444793701172 -0.0031594322063028812 0.04926983267068863 -0.24238374829292297 -0.24238374829292297 -0.24238374829292297
4.755319118499756 -0.19970853626728058 -0.1909388303756714 -0.1855497807264328 -0.18700248003005981 -0.1868312805891037 -0.1842496395111084 -0.18161137402057648 -0.1797616332769394 -0.176944300532341 -0.17097048461437225 -0.1684904545545578 -0.16865113377571106 -0.16656683385372162 -0.16605892777442932 -0.15932075679302216 -0.16219691932201385 -0.15968471765518188 -0.1414092779159546 -0.15121930837631226 -0.15624013543128967 -0.15345460176467896 -0.14682774245738983 -0.1427997499704361 -0.13684791326522827 -0.11973404139280319 -0.10766986012458801 -0.07371057569980621 -0.0033357576467096806 0.056925706565380096 -0.24238374829292297 -0.24238374829292297
4.700343608856201 -0.1999986171722412 -0.19497038424015045 -0.1879006028175354 -0.18899394571781158 -0.18680551648139954 -0.18476009368896484 -0.18240787088871002 -0.18045674264431 -0.17807884514331818 -0.17007693648338318 -0.1678333729505539 -0.16924816370010376 -0.16829726099967957 -0.16800633072853088 -0.15928155183792114 -0.16234557330608368 -0.15898267924785614 -0.12375116348266602 -0.16050665080547333 -0.1591043621301651 -0.15910695493221283 -0.15454599261283875 -0.1489555388689041 -0.14500238001346588 -0.13794565200805664 -0.12846258282661438 -0.10534315556287766 -0.07483505457639694 -0.002651996910572052 0.05041390284895897 -0.24238374829292297
4.669253349304199 -0.1983335167169571 -0.19378554821014404 -0.18927828967571259 -0.18991461396217346 -0.18723073601722717 -0.1866508275270462 -0.18299104273319244 -0.18149520456790924 -0.17917659878730774 -0.17259638011455536 -0.1708955615758896 -0.1706085205078125 -0.15564194321632385 -0.1681240350008011 -0.16895435750484467 -0.16861093044281006 -0.15690556168556213 -0.13795965909957886 -0.16504891216754913 -0.16459493339061737 -0.16374200582504272 -0.15433336794376373 -0.15247544646263123 -0.15147805213928223 -0.14358726143836975 -0.13937143981456757 -0.12864311039447784 -0.11134839802980423 -0.07711907476186752 -0.012099972926080227 0.053467947989702225
