0.8284270763397217 0.0 0.0 0.0 0.0 0.0 0.0 0.0 0.0 0.0 0.0 0.0 0.0 0.0 0.0 0.0 0.0 0.0 0.0 0.0 0.0 0.0 0.0 0.0 0.0 0.0 0.0 0.0 0.0 0.0 0.0 0.0
0.8060896396636963 0.031221866607666016 0.0 0.0 0.0 0.0 0.0 0.0 0.0 0.0 0.0 0.0 0.0 0.0 0.0 0.0 0.0 0.0 0.0 0.0 0.0 0.0 0.0 0.0 0.0 0.0 0.0 0.0 0.0 0.0 0.0 0.0
0.7909629344940186 0.02232980728149414 0.029958248138427734 0.0 0.0 0.0 0.0 0.0 0.0 0.0 0.0 0.0 0.0 0.0 0.0 0.0 0.0 0.0 0.0 0.0 0.0 0.0 0.0 0.0 0.0 0.0 0.0 0.0 0.0 0.0 0.0 0.0
0.7796549797058105 0.01627326011657715 0.027573108673095703 0.024116992950439453 0.0 0.0 0.0 0.0 0.0 0.0 0.0 0.0 0.0 0.0 0.0 0.0 0.0 0.0 0.0 0.0 0.0 0.0 0.0 0.0 0.0 0.0 0.0 0.0 0.0 0.0 0.0 0.0
0.7695674896240234 0.013482809066772461 0.02443718910217285 0.023922204971313477 0.02008795738220215 0.0 0.0 0.0 0.0 0.0 0.0 0.0 0.0 0.0 0.0 0.0 0.0 0.0 0.0 0.0 0.0 0.0 0.0 0.0 0.0 0.0 0.0 0.0 0.0 0.0 0.0 0.0
0.7619442939758301 0.010164022445678711 0.020278215408325195 0.02279829978942871 0.02104783058166504 0.01817941665649414 0.0 0.0 0.0 0.0 0.0 0.0 0.0 0.0 0.0 0.0 0.0 0.0 0.0 0.0 0.0 0.0 0.0 0.0 0.0 0.0 0.0 0.0 0.0 0.0 0.0 0.0
0.755159854888916 0.009252548217773438 0.017148494720458984 0.018706083297729492 0.01993584632873535 0.019927978515625 0.016846418380737305 0.0 0.0 0.0 0.0 0.0 0.0 0.0 0.0 0.0 0.0 0.0 0.0 0.0 0.0 0.0 0.0 0.0 0.0 0.0 0.0 0.0 0.0 0.0 0.0 0.0
0.7462031841278076 0.008303403854370117 0.016724824905395508 0.01648998260498047 0.017321109771728516 0.019330501556396484 0.019028186798095703 0.0169069766998291 0.0 0.0 0.0 0.0 0.0 0.0 0.0 0.0 0.0 0.0 0.0 0.0 0.0 0.0 0.0 0.0 0.0 0.0 0.0 0.0 0.0 0.0 0.0 0.0
0.74141526222229 0.007659912109375 0.01537632942199707 0.014577388763427734 0.014202594757080078 0.01616668701171875 0.017862319946289062 0.01913738250732422 0.0157010555267334 0.0 0.0 0.0 0.0 0.0 0.0 0.0 0.0 0.0 0.0 0.0 0.0 0.0 0.0 0.0 0.0 0.0 0.0 0.0 0.0 0.0 0.0 0.0
0.7348904609680176 0.007955789566040039 0.014424324035644531 0.013699531555175781 0.01315617561340332 0.01366567611694336 0.015017271041870117 0.018156051635742188 0.01831841468811035 0.015211820602416992 0.0 0.0 0.0 0.0 0.0 0.0 0.0 0.0 0.0 0.0 0.0 0.0 0.0 0.0 0.0 0.0 0.0 0.0 0.0 0.0 0.0 0.0
0.7311704158782959 0.006885051727294922 0.013334512710571289 0.012855052947998047 0.01218724250793457 0.011969566345214844 0.01260685920715332 0.014927148818969727 0.01714181900024414 0.017653465270996094 0.01513671875 0.0 0.0 0.0 0.0 0.0 0.0 0.0 0.0 0.0 0.0 0.0 0.0 0.0 0.0 0.0 0.0 0.0 0.0 0.0 0.0 0.0
0.7233483791351318 0.006557941436767578 0.013759374618530273 0.01200246810913086 0.011095046997070312 0.011358022689819336 0.011262178421020508 0.013011455535888672 0.015176773071289062 0.016875267028808594 0.019199371337890625 0.015038013458251953 0.0 0.0 0.0 0.0 0.0 0.0 0.0 0.0 0.0 0.0 0.0 0.0 0.0 0.0 0.0 0.0 0.0 0.0 0.0 0.0
0.7254652976989746 0.0059757232666015625 0.011285781860351562 0.010929584503173828 0.01004171371459961 0.010126590728759766 0.010322093963623047 0.011205673217773438 0.012338638305664062 0.013977527618408203 0.016173362731933594 0.016391754150390625 0.013744354248046875 0.0 0.0 0.0 0.0 0.0 0.0 0.0 0.0 0.0 0.0 0.0 0.0 0.0 0.0 0.0 0.0 0.0 0.0 0.0
0.7179088592529297 0.0054492950439453125 0.01071310043334961 0.010725259780883789 0.00955820083618164 0.009588956832885742 0.00985097885131836 0.01160120964050293 0.011754989624023438 0.01222538948059082 0.014751195907592773 0.016918659210205078 0.016107559204101562 0.013521909713745117 0.0 0.0 0.0 0.0 0.0 0.0 0.0 0.0 0.0 0.0 0.0 0.0 0.0 0.0 0.0 0.0 0.0 0.0
0.7203073501586914 0.004868984222412109 0.009961605072021484 0.009636640548706055 0.008763790130615234 0.008619546890258789 0.008664369583129883 0.009827613830566406 0.00991201400756836 0.010316848754882812 0.011712789535522461 0.013543844223022461 0.015324592590332031 0.015607118606567383 0.012800216674804688 0.0 0.0 0.0 0.0 0.0 0.0 0.0 0.0 0.0 0.0 0.0 0.0 0.0 0.0 0.0 0.0 0.0
0.7115366458892822 0.0050623416900634766 0.009981632232666016 0.010280847549438477 0.009314775466918945 0.00859379768371582 0.008382081985473633 0.008783578872680664 0.009677886962890625 0.010297298431396484 0.011665105819702148 0.012317895889282227 0.013389348983764648 0.015671491622924805 0.015291213989257812 0.012720108032226562 0.0 0.0 0.0 0.0 0.0 0.0 0.0 0.0 0.0 0.0 0.0 0.0 0.0 0.0 0.0 0.0
0.7159404754638672 0.004363298416137695 0.009002923965454102 0.008897542953491211 0.00784158706665039 0.007875204086303711 0.007650136947631836 0.008160829544067383 0.008363723754882812 0.008664608001708984 0.009364843368530273 0.010278701782226562 0.011018753051757812 0.012881278991699219 0.014461755752563477 0.014616966247558594 0.012064933776855469 0.0 0.0 0.0 0.0 0.0 0.0 0.0 0.0 0.0 0.0 0.0 0.0 0.0 0.0 0.0
0.7089066505432129 0.0044689178466796875 0.008682012557983398 0.008439064025878906 0.007895469665527344 0.007689237594604492 0.007326364517211914 0.008510351181030273 0.00823664665222168 0.008301258087158203 0.00896596908569336 0.010446786880493164 0.0101318359375 0.011839151382446289 0.012700557708740234 0.015155553817749023 0.014374017715454102 0.01186513900756836 0.0 0.0 0.0 0.0 0.0 0.0 0.0 0.0 0.0 0.0 0.0 0.0 0.0 0.0
0.7090601921081543 0.004488945007324219 0.008226394653320312 0.00805354118347168 0.0076770782470703125 0.00729060173034668 0.007215738296508789 0.007527351379394531 0.007508754730224609 0.007821798324584961 0.008313655853271484 0.008861541748046875 0.008871078491210938 0.01029062271118164 0.010869503021240234 0.012582778930664062 0.013936996459960938 0.013748645782470703 0.011556386947631836 0.0 0.0 0.0 0.0 0.0 0.0 0.0 0.0 0.0 0.0 0.0 0.0 0.0
0.705676794052124 0.004143714904785156 0.008433818817138672 0.00811314582824707 0.007015705108642578 0.006807088851928711 0.006775379180908203 0.0070569515228271484 0.007076263427734375 0.007203102111816406 0.00931549072265625 0.008739233016967773 0.007998943328857422 0.008652687072753906 0.009172439575195312 0.011346101760864258 0.01199960708618164 0.014787673950195312 0.013828039169311523 0.010953903198242188 0.0 0.0 0.0 0.0 0.0 0.0 0.0 0.0 0.0 0.0 0.0 0.0
0.705883264541626 0.004053592681884766 0.007852792739868164 0.007505655288696289 0.007056236267089844 0.0066754817962646484 0.0063974857330322266 0.007013559341430664 0.0072095394134521484 0.0071866512298583984 0.007578611373901367 0.007481575012207031 0.007391691207885742 0.00813150405883789 0.008355140686035156 0.009298563003540039 0.010115385055541992 0.011798858642578125 0.013939142227172852 0.013068437576293945 0.011052131652832031 0.0 0.0 0.0 0.0 0.0 0.0 0.0 0.0 0.0 0.0 0.0
0.70361328125 0.004263401031494141 0.0076863765716552734 0.007402896881103516 0.006592988967895508 0.006529569625854492 0.006200313568115234 0.006499290466308594 0.006760835647583008 0.006795644760131836 0.0071794986724853516 0.007356405258178711 0.006861209869384766 0.00875091552734375 0.00748753547668457 0.008432149887084961 0.008817672729492188 0.010179519653320312 0.01151728630065918 0.01308131217956543 0.013222932815551758 0.010627985000610352 0.0 0.0 0.0 0.0 0.0 0.0 0.0 0.0 0.0 0.0
0.7053887844085693 0.0035724639892578125 0.007261991500854492 0.006977081298828125 0.0062084197998046875 0.006204366683959961 0.005933284759521484 0.00602269172668457 0.0061147212982177734 0.006362438201904297 0.007066011428833008 0.007146596908569336 0.006523609161376953 0.006954669952392578 0.006772279739379883 0.007441520690917969 0.007884979248046875 0.008970975875854492 0.009660720825195312 0.01105356216430664 0.012778282165527344 0.012535810470581055 0.010416030883789062 0.0 0.0 0.0 0.0 0.0 0.0 0.0 0.0 0.0
0.7050209045410156 0.0032846927642822266 0.006852865219116211 0.0066568851470947266 0.00595855712890625 0.005875825881958008 0.00568389892578125 0.00568079948425293 0.005861997604370117 0.006028890609741211 0.006736040115356445 0.006859540939331055 0.006265163421630859 0.0064525604248046875 0.0063745975494384766 0.006865262985229492 0.007241010665893555 0.007825136184692383 0.008394956588745117 0.00934457778930664 0.01090097427368164 0.012609720230102539 0.01241922378540039 0.010198831558227539 0.0 0.0 0.0 0.0 0.0 0.0 0.0 0.0
0.7049756050109863 0.003428220748901367 0.006572723388671875 0.006302356719970703 0.0058269500732421875 0.005743503570556641 0.005554676055908203 0.005713701248168945 0.0056951045989990234 0.005946159362792969 0.006165266036987305 0.006174325942993164 0.00591731071472168 0.006382465362548828 0.006114482879638672 0.00622868537902832 0.006550788879394531 0.006963968276977539 0.00738525390625 0.007903575897216797 0.009244203567504883 0.01080012321472168 0.012130498886108398 0.011942625045776367 0.009757041931152344 0.0 0.0 0.0 0.0 0.0 0.0 0.0
0.7029018402099609 0.0036695003509521484 0.006479501724243164 0.0061113834381103516 0.005554914474487305 0.0055086612701416016 0.0053234100341796875 0.005470752716064453 0.0055637359619140625 0.005689859390258789 0.0058100223541259766 0.005919218063354492 0.0058934688568115234 0.006439208984375 0.005936145782470703 0.005928516387939453 0.006197690963745117 0.006437540054321289 0.006718873977661133 0.006970643997192383 0.008246898651123047 0.009310007095336914 0.010320901870727539 0.012256622314453125 0.01185297966003418 0.009643316268920898 0.0 0.0 0.0 0.0 0.0 0.0
0.7051901817321777 0.003397226333618164 0.006281375885009766 0.005778074264526367 0.005243778228759766 0.005134105682373047 0.004979133605957031 0.005140542984008789 0.0051534175872802734 0.0053043365478515625 0.005558967590332031 0.005524635314941406 0.005394697189331055 0.005576133728027344 0.005648136138916016 0.005654335021972656 0.005899667739868164 0.00594019889831543 0.0060961246490478516 0.006374835968017578 0.007023334503173828 0.007864952087402344 0.008747339248657227 0.010070085525512695 0.011505603790283203 0.011570215225219727 0.009318351745605469 0.0 0.0 0.0 0.0 0.0
0.6999914646148682 0.003458738327026367 0.0062580108642578125 0.0058786869049072266 0.0052967071533203125 0.00516510009765625 0.004812479019165039 0.005449056625366211 0.005537509918212891 0.0053675174713134766 0.005377769470214844 0.00548243522644043 0.005280733108520508 0.0058896541595458984 0.006009578704833984 0.005652427673339844 0.005620241165161133 0.0059092044830322266 0.00630497932434082 0.005896091461181641 0.006723880767822266 0.007115364074707031 0.00760340690612793 0.008521556854248047 0.010156631469726562 0.01176309585571289 0.011240482330322266 0.009424924850463867 0.0 0.0 0.0 0.0
0.7034823894500732 0.0032448768615722656 0.0060346126556396484 0.005789756774902344 0.005227088928222656 0.0049288272857666016 0.00466465950012207 0.004687786102294922 0.004735231399536133 0.005122184753417969 0.00517582893371582 0.00523686408996582 0.005041837692260742 0.005206584930419922 0.005105018615722656 0.005211830139160156 0.005228281021118164 0.00537872314453125 0.0054912567138671875 0.005427360534667969 0.005902290344238281 0.006178379058837891 0.006641864776611328 0.007376194000244141 0.008229970932006836 0.009959936141967773 0.011090755462646484 0.011158943176269531 0.009027719497680664 0.0 0.0 0.0
0.7005801200866699 0.0031881332397460938 0.005884647369384766 0.005728483200073242 0.005154609680175781 0.00484156608581543 0.0045506954193115234 0.00471949577331543 0.004760026931762695 0.004870176315307617 0.005113840103149414 0.005510091781616211 0.00486445426940918 0.005260944366455078 0.005121707916259766 0.0051441192626953125 0.005000591278076172 0.005188941955566406 0.005371570587158203 0.0052487850189208984 0.005677461624145508 0.005839824676513672 0.006125450134277344 0.0065615177154541016 0.00717616081237793 0.008509635925292969 0.009824514389038086 0.011528730392456055 0.010792016983032227 0.008865118026733398 0.0 0.0
0.6957736015319824 0.0032494068145751953 0.006102085113525391 0.005966663360595703 0.005135774612426758 0.004803895950317383 0.004651308059692383 0.004604816436767578 0.004734039306640625 0.004730939865112305 0.005950450897216797 0.00544428825378418 0.004920482635498047 0.005046844482421875 0.004900932312011719 0.0055887699127197266 0.0048520565032958984 0.005804538726806641 0.005246639251708984 0.005115032196044922 0.005402803421020508 0.005616903305053711 0.0061953067779541016 0.00605010986328125 0.006399869918823242 0.0073964595794677734 0.008301734924316406 0.00987863540649414 0.011171817779541016 0.010830879211425781 0.00880122184753418 0.0
0.7010452747344971 0.003081798553466797 0.0055179595947265625 0.005270481109619141 0.00466465950012207 0.0046846866607666016 0.004571676254272461 0.004570960998535156 0.004472970962524414 0.004475831985473633 0.004851818084716797 0.004870891571044922 0.004590749740600586 0.004645347595214844 0.004747867584228516 0.004767656326293945 0.004562854766845703 0.004797458648681641 0.004789829254150391 0.004746437072753906 0.004942893981933594 0.005125761032104492 0.0051915645599365234 0.0054318904876708984 0.005703926086425781 0.006401538848876953 0.0068645477294921875 0.008346319198608398 0.009466171264648438 0.010791540145874023 0.010365486145019531 0.008502721786499023
