0.8284270763397217 0.0 0.0 0.0 0.0 0.0 0.0 0.0 0.0 0.0 0.0 0.0 0.0 0.0 0.0 0.0 0.0 0.0 0.0 0.0 0.0 0.0 0.0 0.0 0.0 0.0 0.0 0.0 0.0 0.0 0.0 0.0
0.7398369312286377 0.11970067024230957 0.0 0.0 0.0 0.0 0.0 0.0 0.0 0.0 0.0 0.0 0.0 0.0 0.0 0.0 0.0 0.0 0.0 0.0 0.0 0.0 0.0 0.0 0.0 0.0 0.0 0.0 0.0 0.0 0.0 0.0
0.7609610557556152 0.024078369140625 0.06886982917785645 0.0 0.0 0.0 0.0 0.0 0.0 0.0 0.0 0.0 0.0 0.0 0.0 0.0 0.0 0.0 0.0 0.0 0.0 0.0 0.0 0.0 0.0 0.0 0.0 0.0 0.0 0.0 0.0 0.0
0.7660732269287109 0.012439489364624023 0.019181013107299805 0.054715871810913086 0.0 0.0 0.0 0.0 0.0 0.0 0.0 0.0 0.0 0.0 0.0 0.0 0.0 0.0 0.0 0.0 0.0 0.0 0.0 0.0 0.0 0.0 0.0 0.0 0.0 0.0 0.0 0.0
0.7620587348937988 0.010115385055541992 0.010865449905395508 0.017813682556152344 0.05312609672546387 0.0 0.0 0.0 0.0 0.0 0.0 0.0 0.0 0.0 0.0 0.0 0.0 0.0 0.0 0.0 0.0 0.0 0.0 0.0 0.0 0.0 0.0 0.0 0.0 0.0 0.0 0.0
0.7527964115142822 0.010239124298095703 0.009894132614135742 0.010724306106567383 0.018175601959228516 0.05556082725524902 0.0 0.0 0.0 0.0 0.0 0.0 0.0 0.0 0.0 0.0 0.0 0.0 0.0 0.0 0.0 0.0 0.0 0.0 0.0 0.0 0.0 0.0 0.0 0.0 0.0 0.0
0.7496886253356934 0.010376930236816406 0.008925676345825195 0.008392810821533203 0.010409116744995117 0.01859426498413086 0.05224442481994629 0.0 0.0 0.0 0.0 0.0 0.0 0.0 0.0 0.0 0.0 0.0 0.0 0.0 0.0 0.0 0.0 0.0 0.0 0.0 0.0 0.0 0.0 0.0 0.0 0.0
0.7494003772735596 0.00936436653137207 0.008294343948364258 0.007509708404541016 0.007720232009887695 0.009985923767089844 0.01682567596435547 0.04971766471862793 0.0 0.0 0.0 0.0 0.0 0.0 0.0 0.0 0.0 0.0 0.0 0.0 0.0 0.0 0.0 0.0 0.0 0.0 0.0 0.0 0.0 0.0 0.0 0.0
0.7473225593566895 0.007797718048095703 0.00791311264038086 0.007367372512817383 0.007185935974121094 0.007780790328979492 0.009867191314697266 0.016368627548217773 0.04803156852722168 0.0 0.0 0.0 0.0 0.0 0.0 0.0 0.0 0.0 0.0 0.0 0.0 0.0 0.0 0.0 0.0 0.0 0.0 0.0 0.0 0.0 0.0 0.0
0.7450556755065918 0.006495237350463867 0.0071811676025390625 0.006937742233276367 0.006966352462768555 0.006927490234375 0.007439613342285156 0.009389638900756836 0.015861034393310547 0.048227787017822266 0.0 0.0 0.0 0.0 0.0 0.0 0.0 0.0 0.0 0.0 0.0 0.0 0.0 0.0 0.0 0.0 0.0 0.0 0.0 0.0 0.0 0.0
0.7437949180603027 0.006060361862182617 0.006307363510131836 0.0064885616302490234 0.006535053253173828 0.006835222244262695 0.006833791732788086 0.007146120071411133 0.009117603302001953 0.016425609588623047 0.04546499252319336 0.0 0.0 0.0 0.0 0.0 0.0 0.0 0.0 0.0 0.0 0.0 0.0 0.0 0.0 0.0 0.0 0.0 0.0 0.0 0.0 0.0
0.7449281215667725 0.005689382553100586 0.005652666091918945 0.005822420120239258 0.005797863006591797 0.006563901901245117 0.0065920352935791016 0.00639796257019043 0.006800174713134766 0.008709907531738281 0.014999628067016602 0.0427095890045166 0.0 0.0 0.0 0.0 0.0 0.0 0.0 0.0 0.0 0.0 0.0 0.0 0.0 0.0 0.0 0.0 0.0 0.0 0.0 0.0
0.741854190826416 0.005791664123535156 0.005395174026489258 0.005281209945678711 0.005231380462646484 0.005873918533325195 0.006247997283935547 0.006457328796386719 0.006387948989868164 0.0068662166595458984 0.008967399597167969 0.014727115631103516 0.04271817207336426 0.0 0.0 0.0 0.0 0.0 0.0 0.0 0.0 0.0 0.0 0.0 0.0 0.0 0.0 0.0 0.0 0.0 0.0 0.0
0.7425932884216309 0.005498170852661133 0.005274534225463867 0.00507807731628418 0.004701137542724609 0.005135536193847656 0.0056705474853515625 0.006086826324462891 0.006096601486206055 0.006006956100463867 0.0067768096923828125 0.008252620697021484 0.013932466506958008 0.040482282638549805 0.0 0.0 0.0 0.0 0.0 0.0 0.0 0.0 0.0 0.0 0.0 0.0 0.0 0.0 0.0 0.0 0.0 0.0
0.7406220436096191 0.005078315734863281 0.005059719085693359 0.004984855651855469 0.004743099212646484 0.004808187484741211 0.004944324493408203 0.005397796630859375 0.0058689117431640625 0.006165027618408203 0.006193637847900391 0.006472110748291016 0.008231878280639648 0.01380777359008789 0.039946556091308594 0.0 0.0 0.0 0.0 0.0 0.0 0.0 0.0 0.0 0.0 0.0 0.0 0.0 0.0 0.0 0.0 0.0
0.7379453182220459 0.0045812129974365234 0.004784584045410156 0.004754066467285156 0.004822254180908203 0.0048215389251708984 0.004814624786376953 0.004914760589599609 0.005646944046020508 0.005804300308227539 0.0058078765869140625 0.005934715270996094 0.006188392639160156 0.008450984954833984 0.013476848602294922 0.04054760932922363 0.0 0.0 0.0 0.0 0.0 0.0 0.0 0.0 0.0 0.0 0.0 0.0 0.0 0.0 0.0 0.0
0.7370853424072266 0.004408121109008789 0.004317760467529297 0.0043714046478271484 0.004524946212768555 0.004709005355834961 0.004660129547119141 0.004564762115478516 0.004953145980834961 0.005277872085571289 0.005674839019775391 0.0058896541595458984 0.005644559860229492 0.006456136703491211 0.007920026779174805 0.013419151306152344 0.03976273536682129 0.0 0.0 0.0 0.0 0.0 0.0 0.0 0.0 0.0 0.0 0.0 0.0 0.0 0.0 0.0
0.7392280101776123 0.004457712173461914 0.00402379035949707 0.0038449764251708984 0.004010438919067383 0.0044553279876708984 0.004563570022583008 0.004347801208496094 0.004438877105712891 0.0045125484466552734 0.0050890445709228516 0.005449056625366211 0.005277872085571289 0.005368709564208984 0.0057468414306640625 0.007521152496337891 0.012786388397216797 0.03777194023132324 0.0 0.0 0.0 0.0 0.0 0.0 0.0 0.0 0.0 0.0 0.0 0.0 0.0 0.0
0.7365379333496094 0.004515886306762695 0.0040972232818603516 0.0037355422973632812 0.0036895275115966797 0.0041599273681640625 0.0044536590576171875 0.004367351531982422 0.004336118698120117 0.004283905029296875 0.0047149658203125 0.005041837692260742 0.005158185958862305 0.0054111480712890625 0.005433082580566406 0.005867719650268555 0.007817268371582031 0.012367010116577148 0.03789806365966797 0.0 0.0 0.0 0.0 0.0 0.0 0.0 0.0 0.0 0.0 0.0 0.0 0.0
0.735260009765625 0.0044939517974853516 0.003996610641479492 0.0036458969116210938 0.003514528274536133 0.0038137435913085938 0.004010915756225586 0.0042383670806884766 0.0043561458587646484 0.004351139068603516 0.004454851150512695 0.0044384002685546875 0.0046844482421875 0.005102396011352539 0.005254507064819336 0.005245208740234375 0.005769491195678711 0.007375001907348633 0.012737512588500977 0.0376126766204834 0.0 0.0 0.0 0.0 0.0 0.0 0.0 0.0 0.0 0.0 0.0 0.0
0.7346212863922119 0.003901958465576172 0.003930807113647461 0.0037500858306884766 0.0034575462341308594 0.003499746322631836 0.0036280155181884766 0.003939628601074219 0.004136800765991211 0.004247903823852539 0.004271745681762695 0.004088401794433594 0.0041043758392333984 0.004567146301269531 0.004933595657348633 0.005051136016845703 0.0052547454833984375 0.00565338134765625 0.007326602935791016 0.012386322021484375 0.03783869743347168 0.0 0.0 0.0 0.0 0.0 0.0 0.0 0.0 0.0 0.0 0.0
0.735407829284668 0.0032088756561279297 0.003678560256958008 0.0036475658416748047 0.0035619735717773438 0.00359344482421875 0.0033626556396484375 0.0033986568450927734 0.003727436065673828 0.004042148590087891 0.004250526428222656 0.003972768783569336 0.0038726329803466797 0.004259586334228516 0.0043964385986328125 0.004782676696777344 0.005029439926147461 0.004932880401611328 0.00552821159362793 0.007007122039794922 0.012094259262084961 0.03657889366149902 0.0 0.0 0.0 0.0 0.0 0.0 0.0 0.0 0.0 0.0
0.7350080013275146 0.0027954578399658203 0.0033915042877197266 0.003559112548828125 0.0035970211029052734 0.0037276744842529297 0.0033898353576660156 0.0033180713653564453 0.003347158432006836 0.0036916732788085938 0.0042514801025390625 0.004053354263305664 0.0037839412689208984 0.0038967132568359375 0.00412440299987793 0.004411458969116211 0.004906177520751953 0.004772663116455078 0.0049092769622802734 0.005337238311767578 0.007004737854003906 0.011783361434936523 0.03544139862060547 0.0 0.0 0.0 0.0 0.0 0.0 0.0 0.0 0.0
0.733771800994873 0.0027916431427001953 0.003015756607055664 0.003086566925048828 0.003251314163208008 0.0035352706909179688 0.003517627716064453 0.0032694339752197266 0.0031502246856689453 0.0032477378845214844 0.0036504268646240234 0.003917217254638672 0.0039098262786865234 0.003922462463378906 0.0038847923278808594 0.003938198089599609 0.00442194938659668 0.0045168399810791016 0.0047397613525390625 0.004777193069458008 0.00524449348449707 0.006988048553466797 0.01175832748413086 0.03663802146911621 0.0 0.0 0.0 0.0 0.0 0.0 0.0 0.0
0.7341086864471436 0.003015756607055664 0.002991914749145508 0.003006458282470703 0.0029172897338867188 0.00328826904296875 0.0034296512603759766 0.0033271312713623047 0.003125429153442383 0.00299072265625 0.003170013427734375 0.003686189651489258 0.0037527084350585938 0.003801584243774414 0.0036993026733398438 0.0035991668701171875 0.003782987594604492 0.004067659378051758 0.004540681838989258 0.004632234573364258 0.004644870758056641 0.005167722702026367 0.006885528564453125 0.011364221572875977 0.03583359718322754 0.0 0.0 0.0 0.0 0.0 0.0 0.0
0.7345213890075684 0.002958059310913086 0.0029103755950927734 0.0027468204498291016 0.002592802047729492 0.003011465072631836 0.003040313720703125 0.0031943321228027344 0.0032024383544921875 0.0030243396759033203 0.0029418468475341797 0.003018617630004883 0.003343343734741211 0.0036089420318603516 0.0036580562591552734 0.003574848175048828 0.003528594970703125 0.0036339759826660156 0.004052877426147461 0.004614830017089844 0.004586935043334961 0.004739284515380859 0.005118131637573242 0.006666898727416992 0.01117706298828125 0.035228729248046875 0.0 0.0 0.0 0.0 0.0 0.0
0.7313985824584961 0.0029172897338867188 0.0029227733612060547 0.002817392349243164 0.0026428699493408203 0.0027811527252197266 0.0027375221252441406 0.002932310104370117 0.0032215118408203125 0.003212451934814453 0.003050565719604492 0.002939939498901367 0.003038167953491211 0.0036165714263916016 0.0036029815673828125 0.003678560256958008 0.0036122798919677734 0.0034525394439697266 0.0038194656372070312 0.004031658172607422 0.0043354034423828125 0.004575014114379883 0.004652738571166992 0.0050449371337890625 0.0067462921142578125 0.012810468673706055 0.035238027572631836 0.0 0.0 0.0 0.0 0.0
0.7334144115447998 0.0025479793548583984 0.002872467041015625 0.0028183460235595703 0.0026640892028808594 0.002643585205078125 0.002477884292602539 0.0026390552520751953 0.0028786659240722656 0.003129720687866211 0.0031549930572509766 0.0030105113983154297 0.0027740001678466797 0.003091096878051758 0.0032634735107421875 0.0034198760986328125 0.003444671630859375 0.0034165382385253906 0.003395557403564453 0.0035524368286132812 0.00386810302734375 0.00430607795715332 0.0043642520904541016 0.004419088363647461 0.0053653717041015625 0.00673222541809082 0.010782003402709961 0.03466987609863281 0.0 0.0 0.0 0.0
0.7326297760009766 0.0023097991943359375 0.002585887908935547 0.002648591995239258 0.00261688232421875 0.0026721954345703125 0.0025196075439453125 0.0024526119232177734 0.0026137828826904297 0.0029134750366210938 0.003146648406982422 0.0030701160430908203 0.002890348434448242 0.0028009414672851562 0.0030019283294677734 0.0031404495239257812 0.0033500194549560547 0.003445148468017578 0.0033600330352783203 0.003474712371826172 0.0035817623138427734 0.003873109817504883 0.004261016845703125 0.004369020462036133 0.004754066467285156 0.005016803741455078 0.0064182281494140625 0.01084756851196289 0.03464150428771973 0.0 0.0 0.0
0.7307860851287842 0.002343416213989258 0.002483367919921875 0.0023882389068603516 0.0024797916412353516 0.002740621566772461 0.0026397705078125 0.002522706985473633 0.002477407455444336 0.002644062042236328 0.0028748512268066406 0.0031175613403320312 0.0029938220977783203 0.0029497146606445312 0.0028448104858398438 0.002875804901123047 0.003069639205932617 0.0033631324768066406 0.003431558609008789 0.003419637680053711 0.0033614635467529297 0.0034766197204589844 0.003925800323486328 0.00435948371887207 0.004648685455322266 0.004505634307861328 0.004739522933959961 0.0064089298248291016 0.010974645614624023 0.0352168083190918 0.0 0.0
0.7319936752319336 0.002462625503540039 0.0023436546325683594 0.0021963119506835938 0.002290010452270508 0.0026924610137939453 0.0026636123657226562 0.002565622329711914 0.002389192581176758 0.0024721622467041016 0.002569913864135742 0.0027532577514648438 0.0029382705688476562 0.002905130386352539 0.0028333663940429688 0.002702951431274414 0.002788066864013672 0.00298309326171875 0.0032596588134765625 0.0035054683685302734 0.0032820701599121094 0.0032668113708496094 0.003478527069091797 0.0038018226623535156 0.0042476654052734375 0.0042612552642822266 0.004243612289428711 0.0046885013580322266 0.0062847137451171875 0.010677099227905273 0.03410482406616211 0.0
0.730720043182373 0.002547740936279297 0.0024521350860595703 0.00220489501953125 0.002104043960571289 0.0023119449615478516 0.0024847984313964844 0.002547025680541992 0.0025370121002197266 0.0023887157440185547 0.002535581588745117 0.002440929412841797 0.002622365951538086 0.002938985824584961 0.002938985824584961 0.0026938915252685547 0.0026235580444335938 0.002688884735107422 0.003307342529296875 0.0032804012298583984 0.0033614635467529297 0.0032508373260498047 0.003267049789428711 0.0033659934997558594 0.0038247108459472656 0.004111528396606445 0.004258155822753906 0.0041637420654296875 0.0047266483306884766 0.0061931610107421875 0.010641336441040039 0.03457522392272949
