0.8284270763397217 0.0 0.0 0.0 0.0 0.0 0.0 0.0 0.0 0.0 0.0 0.0 0.0 0.0 0.0 0.0 0.0 0.0 0.0 0.0 0.0 0.0 0.0 0.0 0.0 0.0 0.0 0.0 0.0 0.0 0.0 0.0
0.8002641201019287 0.039267778396606445 0.0 0.0 0.0 0.0 0.0 0.0 0.0 0.0 0.0 0.0 0.0 0.0 0.0 0.0 0.0 0.0 0.0 0.0 0.0 0.0 0.0 0.0 0.0 0.0 0.0 0.0 0.0 0.0 0.0 0.0
0.7882122993469238 0.026134252548217773 0.02992701530456543 0.0 0.0 0.0 0.0 0.0 0.0 0.0 0.0 0.0 0.0 0.0 0.0 0.0 0.0 0.0 0.0 0.0 0.0 0.0 0.0 0.0 0.0 0.0 0.0 0.0 0.0 0.0 0.0 0.0
0.7856006622314453 0.01736307144165039 0.019127368927001953 0.023316144943237305 0.0 0.0 0.0 0.0 0.0 0.0 0.0 0.0 0.0 0.0 0.0 0.0 0.0 0.0 0.0 0.0 0.0 0.0 0.0 0.0 0.0 0.0 0.0 0.0 0.0 0.0 0.0 0.0
0.7831523418426514 0.012914657592773438 0.012746810913085938 0.016501426696777344 0.02109050750732422 0.0 0.0 0.0 0.0 0.0 0.0 0.0 0.0 0.0 0.0 0.0 0.0 0.0 0.0 0.0 0.0 0.0 0.0 0.0 0.0 0.0 0.0 0.0 0.0 0.0 0.0 0.0
0.7799601554870605 0.010515451431274414 0.009862422943115234 0.01168966293334961 0.015058040618896484 0.020583152770996094 0.0 0.0 0.0 0.0 0.0 0.0 0.0 0.0 0.0 0.0 0.0 0.0 0.0 0.0 0.0 0.0 0.0 0.0 0.0 0.0 0.0 0.0 0.0 0.0 0.0 0.0
0.7779459953308105 0.009226799011230469 0.007788896560668945 0.008995294570922852 0.01077890396118164 0.014910459518432617 0.018819332122802734 0.0 0.0 0.0 0.0 0.0 0.0 0.0 0.0 0.0 0.0 0.0 0.0 0.0 0.0 0.0 0.0 0.0 0.0 0.0 0.0 0.0 0.0 0.0 0.0 0.0
0.7786877155303955 0.007896661758422852 0.006609439849853516 0.007140636444091797 0.008159399032592773 0.010358572006225586 0.012718439102172852 0.01665496826171875 0.0 0.0 0.0 0.0 0.0 0.0 0.0 0.0 0.0 0.0 0.0 0.0 0.0 0.0 0.0 0.0 0.0 0.0 0.0 0.0 0.0 0.0 0.0 0.0
0.7773921489715576 0.006968975067138672 0.005854606628417969 0.005940675735473633 0.0064351558685302734 0.008142709732055664 0.009384632110595703 0.012012958526611328 0.01660299301147461 0.0 0.0 0.0 0.0 0.0 0.0 0.0 0.0 0.0 0.0 0.0 0.0 0.0 0.0 0.0 0.0 0.0 0.0 0.0 0.0 0.0 0.0 0.0
0.7774333953857422 0.005875349044799805 0.0052585601806640625 0.0053255558013916016 0.0055501461029052734 0.006352901458740234 0.007185935974121094 0.008738994598388672 0.011425495147705078 0.015586137771606445 0.0 0.0 0.0 0.0 0.0 0.0 0.0 0.0 0.0 0.0 0.0 0.0 0.0 0.0 0.0 0.0 0.0 0.0 0.0 0.0 0.0 0.0
0.7769677639007568 0.005500078201293945 0.004828691482543945 0.004775285720825195 0.004843473434448242 0.005360603332519531 0.005852222442626953 0.006565570831298828 0.008183002471923828 0.010940074920654297 0.015106201171875 0.0 0.0 0.0 0.0 0.0 0.0 0.0 0.0 0.0 0.0 0.0 0.0 0.0 0.0 0.0 0.0 0.0 0.0 0.0 0.0 0.0
0.7768740653991699 0.004685640335083008 0.004320383071899414 0.0043828487396240234 0.004325389862060547 0.004729032516479492 0.004956722259521484 0.005390167236328125 0.006455421447753906 0.007910013198852539 0.010515689849853516 0.014427661895751953 0.0 0.0 0.0 0.0 0.0 0.0 0.0 0.0 0.0 0.0 0.0 0.0 0.0 0.0 0.0 0.0 0.0 0.0 0.0 0.0
0.7767152786254883 0.004421234130859375 0.003955841064453125 0.003974437713623047 0.0038831233978271484 0.004202842712402344 0.004320621490478516 0.00473332405090332 0.005218505859375 0.006063699722290039 0.007708072662353516 0.010085582733154297 0.013763904571533203 0.0 0.0 0.0 0.0 0.0 0.0 0.0 0.0 0.0 0.0 0.0 0.0 0.0 0.0 0.0 0.0 0.0 0.0 0.0
0.7764341831207275 0.0042231082916259766 0.0037262439727783203 0.003643035888671875 0.0035734176635742188 0.0039052963256835938 0.003984689712524414 0.004199028015136719 0.0044252872467041016 0.0049517154693603516 0.00600886344909668 0.007469654083251953 0.0097198486328125 0.012898683547973633 0.0 0.0 0.0 0.0 0.0 0.0 0.0 0.0 0.0 0.0 0.0 0.0 0.0 0.0 0.0 0.0 0.0 0.0
0.7754578590393066 0.0038764476776123047 0.003551959991455078 0.003520488739013672 0.0033524036407470703 0.0035948753356933594 0.0036857128143310547 0.003776073455810547 0.0040645599365234375 0.0044553279876708984 0.004907369613647461 0.005852222442626953 0.007201194763183594 0.009243249893188477 0.013005971908569336 0.0 0.0 0.0 0.0 0.0 0.0 0.0 0.0 0.0 0.0 0.0 0.0 0.0 0.0 0.0 0.0 0.0
0.7756757736206055 0.003430604934692383 0.0031845569610595703 0.0032918453216552734 0.003239870071411133 0.003304719924926758 0.003333568572998047 0.003371715545654297 0.0036411285400390625 0.0037565231323242188 0.004156589508056641 0.004762887954711914 0.0054836273193359375 0.006829738616943359 0.00906515121459961 0.012935161590576172 0.0 0.0 0.0 0.0 0.0 0.0 0.0 0.0 0.0 0.0 0.0 0.0 0.0 0.0 0.0 0.0
0.77571702003479 0.0031278133392333984 0.0028672218322753906 0.0029587745666503906 0.00298309326171875 0.003259420394897461 0.003163576126098633 0.003143787384033203 0.0032775402069091797 0.003414154052734375 0.003805875778198242 0.00405573844909668 0.0045206546783447266 0.005284547805786133 0.006672382354736328 0.008891582489013672 0.012308359146118164 0.0 0.0 0.0 0.0 0.0 0.0 0.0 0.0 0.0 0.0 0.0 0.0 0.0 0.0 0.0
0.7757911682128906 0.0028624534606933594 0.002644777297973633 0.0027201175689697266 0.0027806758880615234 0.0029921531677246094 0.0029668807983398438 0.0029172897338867188 0.0030007362365722656 0.0029993057250976562 0.0034246444702148438 0.0036287307739257812 0.003854036331176758 0.004270076751708984 0.0052797794342041016 0.006551504135131836 0.008608341217041016 0.01213979721069336 0.0 0.0 0.0 0.0 0.0 0.0 0.0 0.0 0.0 0.0 0.0 0.0 0.0 0.0
0.7755656242370605 0.0028841495513916016 0.0026481151580810547 0.0025551319122314453 0.00247955322265625 0.002821207046508789 0.0028028488159179688 0.002799510955810547 0.0027620792388916016 0.0028352737426757812 0.003078460693359375 0.0032105445861816406 0.0034618377685546875 0.0037283897399902344 0.004385709762573242 0.005149364471435547 0.006304264068603516 0.008357763290405273 0.011687755584716797 0.0 0.0 0.0 0.0 0.0 0.0 0.0 0.0 0.0 0.0 0.0 0.0 0.0
0.7741706371307373 0.0030410289764404297 0.0024690628051757812 0.002322673797607422 0.002213716506958008 0.0025146007537841797 0.0026445388793945312 0.0027382373809814453 0.0027446746826171875 0.0027625560760498047 0.003040313720703125 0.0031762123107910156 0.003186941146850586 0.0035552978515625 0.0038237571716308594 0.004316568374633789 0.0050961971282958984 0.00635838508605957 0.008433818817138672 0.01145792007446289 0.0 0.0 0.0 0.0 0.0 0.0 0.0 0.0 0.0 0.0 0.0 0.0
0.774275541305542 0.0029802322387695312 0.0025632381439208984 0.0023708343505859375 0.0021758079528808594 0.0022783279418945312 0.0023987293243408203 0.0025844573974609375 0.0026297569274902344 0.0026149749755859375 0.0027680397033691406 0.002753734588623047 0.00293731689453125 0.003116130828857422 0.0033388137817382812 0.00374603271484375 0.004100799560546875 0.004948854446411133 0.006237030029296875 0.007930278778076172 0.011281251907348633 0.0 0.0 0.0 0.0 0.0 0.0 0.0 0.0 0.0 0.0 0.0
0.7747924327850342 0.0026521682739257812 0.0026476383209228516 0.0024259090423583984 0.002164602279663086 0.0021393299102783203 0.0021076202392578125 0.002213716506958008 0.0023758411407470703 0.0024623870849609375 0.0025627613067626953 0.002596616744995117 0.0026581287384033203 0.0027785301208496094 0.002989530563354492 0.003247976303100586 0.003587961196899414 0.004040241241455078 0.004897356033325195 0.005845308303833008 0.007740020751953125 0.010909080505371094 0.0 0.0 0.0 0.0 0.0 0.0 0.0 0.0 0.0 0.0
0.774571418762207 0.0023887157440185547 0.0023856163024902344 0.002410888671875 0.002159595489501953 0.0021088123321533203 0.00197601318359375 0.0019550323486328125 0.0021212100982666016 0.002257823944091797 0.002443552017211914 0.002586841583251953 0.0024802684783935547 0.002626657485961914 0.0028624534606933594 0.003069639205932617 0.003168821334838867 0.0033829212188720703 0.003932952880859375 0.004685401916503906 0.0058650970458984375 0.007697582244873047 0.01077890396118164 0.0 0.0 0.0 0.0 0.0 0.0 0.0 0.0 0.0
0.7742300033569336 0.002198934555053711 0.0022118091583251953 0.0021924972534179688 0.0021119117736816406 0.002124786376953125 0.00199127197265625 0.0019109249114990234 0.0019381046295166016 0.0020995140075683594 0.0023081302642822266 0.0024628639221191406 0.0024657249450683594 0.0024530887603759766 0.002637624740600586 0.0027976036071777344 0.0028722286224365234 0.003022432327270508 0.0034351348876953125 0.0039520263671875 0.004598140716552734 0.005816936492919922 0.007453203201293945 0.010761260986328125 0.0 0.0 0.0 0.0 0.0 0.0 0.0 0.0
0.7740917205810547 0.002152681350708008 0.0020635128021240234 0.002114534378051758 0.0019850730895996094 0.002130746841430664 0.002075672149658203 0.0018775463104248047 0.0017879009246826172 0.0018770694732666016 0.002025604248046875 0.00228118896484375 0.002377748489379883 0.002460479736328125 0.0024657249450683594 0.0025482177734375 0.0026061534881591797 0.0027475357055664062 0.0030832290649414062 0.003365039825439453 0.003736734390258789 0.004545688629150391 0.0056455135345458984 0.007317781448364258 0.010749340057373047 0.0 0.0 0.0 0.0 0.0 0.0 0.0
0.7730305194854736 0.0023479461669921875 0.002031087875366211 0.001956939697265625 0.0018544197082519531 0.002055644989013672 0.0020415782928466797 0.001986980438232422 0.001856088638305664 0.0017747879028320312 0.0018455982208251953 0.00201416015625 0.0022575855255126953 0.002345561981201172 0.0024476051330566406 0.002401590347290039 0.0024251937866210938 0.0025606155395507812 0.002895832061767578 0.003049612045288086 0.0033915042877197266 0.003837108612060547 0.004476070404052734 0.005558967590332031 0.007378816604614258 0.01069784164428711 0.0 0.0 0.0 0.0 0.0 0.0
0.7732822895050049 0.0024678707122802734 0.002081632614135742 0.0018801689147949219 0.0016815662384033203 0.0018684864044189453 0.0019135475158691406 0.001916646957397461 0.0018489360809326172 0.0017690658569335938 0.0017244815826416016 0.0018224716186523438 0.0019381046295166016 0.002156496047973633 0.00231170654296875 0.0023293495178222656 0.0022869110107421875 0.0024056434631347656 0.0025835037231445312 0.002674579620361328 0.0029315948486328125 0.0032362937927246094 0.0036051273345947266 0.004352092742919922 0.005702972412109375 0.0073394775390625 0.010319709777832031 0.0 0.0 0.0 0.0 0.0
0.772982120513916 0.0024232864379882812 0.0021593570709228516 0.0019104480743408203 0.0016727447509765625 0.0017037391662597656 0.0017254352569580078 0.0018160343170166016 0.0017750263214111328 0.0017287731170654297 0.00177001953125 0.001726388931274414 0.0016834735870361328 0.0019130706787109375 0.0022079944610595703 0.002240419387817383 0.002203226089477539 0.0022733211517333984 0.0023877620697021484 0.0025072097778320312 0.0027298927307128906 0.0028760433197021484 0.0031991004943847656 0.003650188446044922 0.004767894744873047 0.005470752716064453 0.006981849670410156 0.010050535202026367 0.0 0.0 0.0 0.0
0.7724463939666748 0.002242565155029297 0.002115488052368164 0.0019485950469970703 0.0017781257629394531 0.0016345977783203125 0.0015773773193359375 0.0016198158264160156 0.0016717910766601562 0.001756429672241211 0.001814126968383789 0.0016789436340332031 0.0016705989837646484 0.0018277168273925781 0.0019350051879882812 0.0021181106567382812 0.002164602279663086 0.002166271209716797 0.0022711753845214844 0.0023458003997802734 0.002554178237915039 0.002681255340576172 0.0028705596923828125 0.003133058547973633 0.003932952880859375 0.004450798034667969 0.005357980728149414 0.006949424743652344 0.010034322738647461 0.0 0.0 0.0
0.7723910808563232 0.0020051002502441406 0.002008199691772461 0.0019545555114746094 0.0017979145050048828 0.0017478466033935547 0.0015544891357421875 0.0015516281127929688 0.0015869140625 0.0017156600952148438 0.0017571449279785156 0.001697540283203125 0.0016465187072753906 0.001684427261352539 0.001760244369506836 0.0019006729125976562 0.001973867416381836 0.002075672149658203 0.0021965503692626953 0.0022020339965820312 0.002268552780151367 0.0024285316467285156 0.0026788711547851562 0.002881765365600586 0.0033664703369140625 0.003651142120361328 0.004167795181274414 0.005150556564331055 0.0068149566650390625 0.010158538818359375 0.0 0.0
0.7718651294708252 0.0018122196197509766 0.0017778873443603516 0.0018682479858398438 0.0017895698547363281 0.0018548965454101562 0.0016262531280517578 0.0015320777893066406 0.0016505718231201172 0.0014984607696533203 0.0016622543334960938 0.0017080307006835938 0.0016584396362304688 0.0015764236450195312 0.0016448497772216797 0.0017437934875488281 0.0018384456634521484 0.0019953250885009766 0.002277374267578125 0.0021135807037353516 0.0022935867309570312 0.002282857894897461 0.002428293228149414 0.002562284469604492 0.0028591156005859375 0.0030803680419921875 0.0036067962646484375 0.004143476486206055 0.0052814483642578125 0.007032871246337891 0.009910821914672852 0.0
0.7723498344421387 0.0019283294677734375 0.001768350601196289 0.0017578601837158203 0.0017316341400146484 0.0020270347595214844 0.0017018318176269531 0.0015711784362792969 0.0014195442199707031 0.0014050006866455078 0.001522064208984375 0.0016276836395263672 0.0016241073608398438 0.0016326904296875 0.0015757083892822266 0.0016069412231445312 0.0016002655029296875 0.0017247200012207031 0.0020062923431396484 0.001990079879760742 0.0021271705627441406 0.002115964889526367 0.00223541259765625 0.0023317337036132812 0.002628326416015625 0.0027780532836914062 0.0030069351196289062 0.0033636093139648438 0.004132509231567383 0.005194425582885742 0.0067708492279052734 0.009546518325805664
