0.8284270763397217 0.0 0.0 0.0 0.0 0.0 0.0 0.0 0.0 0.0 0.0 0.0 0.0 0.0 0.0 0.0 0.0 0.0 0.0 0.0 0.0 0.0 0.0 0.0 0.0 0.0 0.0 0.0 0.0 0.0 0.0 0.0
0.8189501762390137 0.013309240341186523 0.0 0.0 0.0 0.0 0.0 0.0 0.0 0.0 0.0 0.0 0.0 0.0 0.0 0.0 0.0 0.0 0.0 0.0 0.0 0.0 0.0 0.0 0.0 0.0 0.0 0.0 0.0 0.0 0.0 0.0
0.7932801246643066 0.032865047454833984 0.01620316505432129 0.0 0.0 0.0 0.0 0.0 0.0 0.0 0.0 0.0 0.0 0.0 0.0 0.0 0.0 0.0 0.0 0.0 0.0 0.0 0.0 0.0 0.0 0.0 0.0 0.0 0.0 0.0 0.0 0.0
0.7769010066986084 0.029031038284301758 0.027530670166015625 0.01518392562866211 0.0 0.0 0.0 0.0 0.0 0.0 0.0 0.0 0.0 0.0 0.0 0.0 0.0 0.0 0.0 0.0 0.0 0.0 0.0 0.0 0.0 0.0 0.0 0.0 0.0 0.0 0.0 0.0
0.7665293216705322 0.016416072845458984 0.023066043853759766 0.02731490135192871 0.01929759979248047 0.0 0.0 0.0 0.0 0.0 0.0 0.0 0.0 0.0 0.0 0.0 0.0 0.0 0.0 0.0 0.0 0.0 0.0 0.0 0.0 0.0 0.0 0.0 0.0 0.0 0.0 0.0
0.7607877254486084 0.009498357772827148 0.012592554092407227 0.01905035972595215 0.03280448913574219 0.020045757293701172 0.0 0.0 0.0 0.0 0.0 0.0 0.0 0.0 0.0 0.0 0.0 0.0 0.0 0.0 0.0 0.0 0.0 0.0 0.0 0.0 0.0 0.0 0.0 0.0 0.0 0.0
0.7572381496429443 0.009808778762817383 0.0068035125732421875 0.010410308837890625 0.021985530853271484 0.031028270721435547 0.01886463165283203 0.0 0.0 0.0 0.0 0.0 0.0 0.0 0.0 0.0 0.0 0.0 0.0 0.0 0.0 0.0 0.0 0.0 0.0 0.0 0.0 0.0 0.0 0.0 0.0 0.0
0.7594878673553467 0.004080295562744141 0.005059480667114258 0.005913257598876953 0.012930154800415039 0.019423961639404297 0.030300378799438477 0.018130064010620117 0.0 0.0 0.0 0.0 0.0 0.0 0.0 0.0 0.0 0.0 0.0 0.0 0.0 0.0 0.0 0.0 0.0 0.0 0.0 0.0 0.0 0.0 0.0 0.0
0.7598052024841309 0.0032618045806884766 0.004150390625 0.003968477249145508 0.007528781890869141 0.011093616485595703 0.018623828887939453 0.028776884078979492 0.01803421974182129 0.0 0.0 0.0 0.0 0.0 0.0 0.0 0.0 0.0 0.0 0.0 0.0 0.0 0.0 0.0 0.0 0.0 0.0 0.0 0.0 0.0 0.0 0.0
0.758918285369873 0.002926349639892578 0.0038444995880126953 0.0030660629272460938 0.005776166915893555 0.005908012390136719 0.010191679000854492 0.017278671264648438 0.029323101043701172 0.018357276916503906 0.0 0.0 0.0 0.0 0.0 0.0 0.0 0.0 0.0 0.0 0.0 0.0 0.0 0.0 0.0 0.0 0.0 0.0 0.0 0.0 0.0 0.0
0.7584216594696045 0.001756906509399414 0.0032219886779785156 0.002669095993041992 0.004130125045776367 0.00395655632019043 0.0055713653564453125 0.009444713592529297 0.017313241958618164 0.029077768325805664 0.020207881927490234 0.0 0.0 0.0 0.0 0.0 0.0 0.0 0.0 0.0 0.0 0.0 0.0 0.0 0.0 0.0 0.0 0.0 0.0 0.0 0.0 0.0
0.759817361831665 0.0013043880462646484 0.0019519329071044922 0.002044677734375 0.0033211708068847656 0.0031871795654296875 0.003721475601196289 0.0051271915435791016 0.00990748405456543 0.017784833908081055 0.028647899627685547 0.0184478759765625 0.0 0.0 0.0 0.0 0.0 0.0 0.0 0.0 0.0 0.0 0.0 0.0 0.0 0.0 0.0 0.0 0.0 0.0 0.0 0.0
0.7573351860046387 0.0009632110595703125 0.0013725757598876953 0.0014190673828125 0.0030438899993896484 0.002665996551513672 0.002998828887939453 0.0034830570220947266 0.005477428436279297 0.010032176971435547 0.017877578735351562 0.03214573860168457 0.017342090606689453 0.0 0.0 0.0 0.0 0.0 0.0 0.0 0.0 0.0 0.0 0.0 0.0 0.0 0.0 0.0 0.0 0.0 0.0 0.0
0.7610187530517578 0.0008866786956787109 0.0009558200836181641 0.0010647773742675781 0.0023140907287597656 0.002074718475341797 0.002483844757080078 0.002821683883666992 0.003509521484375 0.005365610122680664 0.009176254272460938 0.017808198928833008 0.028653383255004883 0.016686439514160156 0.0 0.0 0.0 0.0 0.0 0.0 0.0 0.0 0.0 0.0 0.0 0.0 0.0 0.0 0.0 0.0 0.0 0.0
0.7610173225402832 0.000911712646484375 0.0009131431579589844 0.001008749008178711 0.0013127326965332031 0.0013384819030761719 0.0018968582153320312 0.002315998077392578 0.002994537353515625 0.003765583038330078 0.0054738521575927734 0.009572029113769531 0.016854524612426758 0.028210878372192383 0.01724720001220703 0.0 0.0 0.0 0.0 0.0 0.0 0.0 0.0 0.0 0.0 0.0 0.0 0.0 0.0 0.0 0.0 0.0
0.7602949142456055 0.0008878707885742188 0.0009450912475585938 0.0009219646453857422 0.0011060237884521484 0.0009644031524658203 0.0012977123260498047 0.0017671585083007812 0.002338886260986328 0.00278472900390625 0.0033826828002929688 0.007332801818847656 0.009118318557739258 0.016538619995117188 0.028039216995239258 0.01738762855529785 0.0 0.0 0.0 0.0 0.0 0.0 0.0 0.0 0.0 0.0 0.0 0.0 0.0 0.0 0.0 0.0
0.7609202861785889 0.000820159912109375 0.0009992122650146484 0.0007491111755371094 0.000797271728515625 0.000720977783203125 0.0008649826049804688 0.0012023448944091797 0.001758575439453125 0.002181529998779297 0.003762960433959961 0.0037491321563720703 0.004984855651855469 0.009010791778564453 0.01659083366394043 0.028311967849731445 0.017444133758544922 0.0 0.0 0.0 0.0 0.0 0.0 0.0 0.0 0.0 0.0 0.0 0.0 0.0 0.0 0.0
0.7586021423339844 0.0008883476257324219 0.000997304916381836 0.0007798671722412109 0.0008292198181152344 0.0007805824279785156 0.0007128715515136719 0.0007987022399902344 0.001180887222290039 0.001600027084350586 0.0031244754791259766 0.003186941146850586 0.00331878662109375 0.004922151565551758 0.009090423583984375 0.017073869705200195 0.028160572052001953 0.019677162170410156 0.0 0.0 0.0 0.0 0.0 0.0 0.0 0.0 0.0 0.0 0.0 0.0 0.0 0.0
0.7602486610412598 0.0011060237884521484 0.0009996891021728516 0.00078582763671875 0.0008075237274169922 0.0007507801055908203 0.0006625652313232422 0.0006821155548095703 0.00077056884765625 0.0011324882507324219 0.0017328262329101562 0.002239227294921875 0.0026395320892333984 0.003216266632080078 0.00490117073059082 0.009082794189453125 0.016460180282592773 0.02973175048828125 0.01716160774230957 0.0 0.0 0.0 0.0 0.0 0.0 0.0 0.0 0.0 0.0 0.0 0.0 0.0
0.7615640163421631 0.0014133453369140625 0.001123189926147461 0.0007665157318115234 0.0007753372192382812 0.0008032321929931641 0.0006771087646484375 0.0006215572357177734 0.0006487369537353516 0.0007491111755371094 0.0010788440704345703 0.0018079280853271484 0.002064228057861328 0.0025615692138671875 0.003213167190551758 0.004900693893432617 0.008878946304321289 0.015926361083984375 0.027930259704589844 0.017133235931396484 0.0 0.0 0.0 0.0 0.0 0.0 0.0 0.0 0.0 0.0 0.0 0.0
0.7610690593719482 0.0012176036834716797 0.001184225082397461 0.0008254051208496094 0.0007672309875488281 0.0007290840148925781 0.0006775856018066406 0.0006053447723388672 0.0006146430969238281 0.0006396770477294922 0.0007967948913574219 0.0011544227600097656 0.0015912055969238281 0.0020079612731933594 0.002453327178955078 0.00304412841796875 0.004787445068359375 0.008617401123046875 0.016045808792114258 0.02781534194946289 0.01817774772644043 0.0 0.0 0.0 0.0 0.0 0.0 0.0 0.0 0.0 0.0 0.0
0.7609238624572754 0.0008451938629150391 0.00112152099609375 0.0008909702301025391 0.0008027553558349609 0.0007216930389404297 0.0006785392761230469 0.0006396770477294922 0.000629425048828125 0.0005857944488525391 0.0006153583526611328 0.0008208751678466797 0.0010662078857421875 0.0015316009521484375 0.0020215511322021484 0.002336740493774414 0.0031690597534179688 0.004836320877075195 0.008915185928344727 0.015799283981323242 0.028493642807006836 0.017431974411010742 0.0 0.0 0.0 0.0 0.0 0.0 0.0 0.0 0.0 0.0
0.7617664337158203 0.0005085468292236328 0.0008358955383300781 0.0008192062377929688 0.0008831024169921875 0.0007576942443847656 0.0006830692291259766 0.0006325244903564453 0.0007443428039550781 0.0006029605865478516 0.0006082057952880859 0.0006248950958251953 0.0007758140563964844 0.0009913444519042969 0.0015399456024169922 0.0019526481628417969 0.0025434494018554688 0.0031456947326660156 0.004838228225708008 0.008341312408447266 0.016065359115600586 0.027228593826293945 0.01767420768737793 0.0 0.0 0.0 0.0 0.0 0.0 0.0 0.0 0.0
0.7628688812255859 0.0003025531768798828 0.0005412101745605469 0.0005905628204345703 0.0007543563842773438 0.0007994174957275391 0.0007281303405761719 0.0006279945373535156 0.000812530517578125 0.0006554126739501953 0.0006158351898193359 0.0006680488586425781 0.0006043910980224609 0.0006940364837646484 0.0010447502136230469 0.0015263557434082031 0.001979351043701172 0.002343416213989258 0.0030701160430908203 0.004518747329711914 0.008628606796264648 0.01578211784362793 0.02711772918701172 0.01688408851623535 0.0 0.0 0.0 0.0 0.0 0.0 0.0 0.0
0.76202392578125 0.0002410411834716797 0.00034427642822265625 0.00037789344787597656 0.0005564689636230469 0.0007612705230712891 0.0007624626159667969 0.0006728172302246094 0.0006136894226074219 0.0006055831909179688 0.0009062290191650391 0.0006074905395507812 0.0005588531494140625 0.0005831718444824219 0.0007214546203613281 0.00098419189453125 0.0014579296112060547 0.0019636154174804688 0.0023734569549560547 0.0030438899993896484 0.0048100948333740234 0.008589744567871094 0.0156705379486084 0.02873969078063965 0.016495227813720703 0.0 0.0 0.0 0.0 0.0 0.0 0.0
0.7619545459747314 0.0002586841583251953 0.000278472900390625 0.0002429485321044922 0.0003628730773925781 0.0005550384521484375 0.0006661415100097656 0.0006880760192871094 0.000644683837890625 0.0006074905395507812 0.0007119178771972656 0.0006511211395263672 0.0005900859832763672 0.0005469322204589844 0.0005900859832763672 0.0006892681121826172 0.0009720325469970703 0.0014140605926513672 0.0019295215606689453 0.0023992061614990234 0.0031633377075195312 0.0050013065338134766 0.008595466613769531 0.017078161239624023 0.02733778953552246 0.01656508445739746 0.0 0.0 0.0 0.0 0.0 0.0
0.7615230083465576 0.0003306865692138672 0.00029397010803222656 0.0002048015594482422 0.0002498626708984375 0.00035762786865234375 0.0005033016204833984 0.0006735324859619141 0.0007154941558837891 0.0006353855133056641 0.000751495361328125 0.000606536865234375 0.0005908012390136719 0.0005593299865722656 0.0005517005920410156 0.0005643367767333984 0.0007321834564208984 0.0009906291961669922 0.0014071464538574219 0.001936197280883789 0.0023903846740722656 0.0032575130462646484 0.0047800540924072266 0.009407758712768555 0.015949726104736328 0.027877330780029297 0.016814470291137695 0.0 0.0 0.0 0.0 0.0
0.7636306285858154 0.00033402442932128906 0.00032138824462890625 0.00021696090698242188 0.00021123886108398438 0.00023508071899414062 0.00031113624572753906 0.0004749298095703125 0.0006227493286132812 0.0006389617919921875 0.0006191730499267578 0.0005910396575927734 0.000560760498046875 0.0005834102630615234 0.0005702972412109375 0.0005159378051757812 0.0005633831024169922 0.0007030963897705078 0.0009493827819824219 0.0014119148254394531 0.001961231231689453 0.002378702163696289 0.002959728240966797 0.005048036575317383 0.008558988571166992 0.01592397689819336 0.026764392852783203 0.0162203311920166 0.0 0.0 0.0 0.0
0.7640347480773926 0.0003261566162109375 0.0003170967102050781 0.00024127960205078125 0.000240325927734375 0.00020933151245117188 0.00020837783813476562 0.0002911090850830078 0.0004413127899169922 0.0006170272827148438 0.0006544589996337891 0.000591278076171875 0.0005314350128173828 0.0005533695220947266 0.0006022453308105469 0.0005509853363037109 0.0005178451538085938 0.0005507469177246094 0.0006678104400634766 0.0009210109710693359 0.0013682842254638672 0.0019390583038330078 0.002274751663208008 0.003167390823364258 0.004598140716552734 0.008377552032470703 0.015540599822998047 0.026706457138061523 0.01668691635131836 0.0 0.0 0.0
0.7635321617126465 0.0003008842468261719 0.00028777122497558594 0.0002448558807373047 0.0002639293670654297 0.0002238750457763672 0.00018548965454101562 0.00019812583923339844 0.00028252601623535156 0.00042819976806640625 0.0005841255187988281 0.0006244182586669922 0.0005624294281005859 0.0005321502685546875 0.0005426406860351562 0.0005440711975097656 0.0005381107330322266 0.0004992485046386719 0.0005626678466796875 0.0006785392761230469 0.0009953975677490234 0.0013911724090576172 0.0018775463104248047 0.002434253692626953 0.002933502197265625 0.004584550857543945 0.008408308029174805 0.015741348266601562 0.02706146240234375 0.016865968704223633 0.0 0.0
0.7644107341766357 0.0003821849822998047 0.00029778480529785156 0.0002319812774658203 0.00027441978454589844 0.00027441978454589844 0.00021457672119140625 0.00017952919006347656 0.00019431114196777344 0.0002713203430175781 0.000431060791015625 0.0005652904510498047 0.0005800724029541016 0.0005669593811035156 0.0005242824554443359 0.0005562305450439453 0.0005598068237304688 0.0005338191986083984 0.0005049705505371094 0.0005576610565185547 0.0006611347198486328 0.0009446144104003906 0.001415252685546875 0.0018706321716308594 0.0023376941680908203 0.002928495407104492 0.004459857940673828 0.008581876754760742 0.01549839973449707 0.026305198669433594 0.016472816467285156 0.0
0.7642390727996826 0.0005438327789306641 0.00031828880310058594 0.00019931793212890625 0.00023555755615234375 0.00027871131896972656 0.00025081634521484375 0.00019097328186035156 0.00017786026000976562 0.00018596649169921875 0.000270843505859375 0.0004296302795410156 0.0005266666412353516 0.0005962848663330078 0.0005471706390380859 0.0004980564117431641 0.0005228519439697266 0.0005319118499755859 0.0005242824554443359 0.0004966259002685547 0.0005114078521728516 0.0006456375122070312 0.0008635520935058594 0.0013897418975830078 0.0018360614776611328 0.0022737979888916016 0.002943754196166992 0.0046041011810302734 0.008521556854248047 0.015362262725830078 0.026932239532470703 0.016198396682739258
