0.8284270763397217 0.0 0.0 0.0 0.0 0.0 0.0 0.0 0.0 0.0 0.0 0.0 0.0 0.0 0.0 0.0 0.0 0.0 0.0 0.0 0.0 0.0 0.0 0.0 0.0 0.0 0.0 0.0 0.0 0.0 0.0 0.0
0.8183982372283936 0.014113426208496094 0.0 0.0 0.0 0.0 0.0 0.0 0.0 0.0 0.0 0.0 0.0 0.0 0.0 0.0 0.0 0.0 0.0 0.0 0.0 0.0 0.0 0.0 0.0 0.0 0.0 0.0 0.0 0.0 0.0 0.0
0.7508721351623535 0.07996392250061035 0.02644062042236328 0.0 0.0 0.0 0.0 0.0 0.0 0.0 0.0 0.0 0.0 0.0 0.0 0.0 0.0 0.0 0.0 0.0 0.0 0.0 0.0 0.0 0.0 0.0 0.0 0.0 0.0 0.0 0.0 0.0
0.7012829780578613 0.04184722900390625 0.11013174057006836 0.020214557647705078 0.0 0.0 0.0 0.0 0.0 0.0 0.0 0.0 0.0 0.0 0.0 0.0 0.0 0.0 0.0 0.0 0.0 0.0 0.0 0.0 0.0 0.0 0.0 0.0 0.0 0.0 0.0 0.0
0.7021667957305908 0.016899585723876953 0.05350852012634277 0.0815889835357666 0.020031213760375977 0.0 0.0 0.0 0.0 0.0 0.0 0.0 0.0 0.0 0.0 0.0 0.0 0.0 0.0 0.0 0.0 0.0 0.0 0.0 0.0 0.0 0.0 0.0 0.0 0.0 0.0 0.0
0.7052569389343262 0.008059501647949219 0.021196365356445312 0.04153275489807129 0.07626032829284668 0.021224498748779297 0.0 0.0 0.0 0.0 0.0 0.0 0.0 0.0 0.0 0.0 0.0 0.0 0.0 0.0 0.0 0.0 0.0 0.0 0.0 0.0 0.0 0.0 0.0 0.0 0.0 0.0
0.6980724334716797 0.006894826889038086 0.012010574340820312 0.01649332046508789 0.0412752628326416 0.08113551139831543 0.020011186599731445 0.0 0.0 0.0 0.0 0.0 0.0 0.0 0.0 0.0 0.0 0.0 0.0 0.0 0.0 0.0 0.0 0.0 0.0 0.0 0.0 0.0 0.0 0.0 0.0 0.0
0.6933541297912598 0.006775617599487305 0.009033441543579102 0.008779287338256836 0.016593456268310547 0.0429532527923584 0.07981491088867188 0.020236968994140625 0.0 0.0 0.0 0.0 0.0 0.0 0.0 0.0 0.0 0.0 0.0 0.0 0.0 0.0 0.0 0.0 0.0 0.0 0.0 0.0 0.0 0.0 0.0 0.0
0.6882755756378174 0.006376981735229492 0.008665084838867188 0.006940126419067383 0.008756399154663086 0.017302751541137695 0.04267311096191406 0.0797421932220459 0.0205535888671875 0.0 0.0 0.0 0.0 0.0 0.0 0.0 0.0 0.0 0.0 0.0 0.0 0.0 0.0 0.0 0.0 0.0 0.0 0.0 0.0 0.0 0.0 0.0
0.6876606941223145 0.004762887954711914 0.008015871047973633 0.006833791732788086 0.0073163509368896484 0.008881807327270508 0.01697993278503418 0.03936624526977539 0.0795583724975586 0.0201876163482666 0.0 0.0 0.0 0.0 0.0 0.0 0.0 0.0 0.0 0.0 0.0 0.0 0.0 0.0 0.0 0.0 0.0 0.0 0.0 0.0 0.0 0.0
0.6845958232879639 0.0034508705139160156 0.0063190460205078125 0.006606578826904297 0.0068781375885009766 0.006615877151489258 0.008569002151489258 0.0157930850982666 0.04069924354553223 0.0799875259399414 0.021066904067993164 0.0 0.0 0.0 0.0 0.0 0.0 0.0 0.0 0.0 0.0 0.0 0.0 0.0 0.0 0.0 0.0 0.0 0.0 0.0 0.0 0.0
0.6850874423980713 0.002684354782104492 0.004069805145263672 0.0048253536224365234 0.006102323532104492 0.006326436996459961 0.0064165592193603516 0.00850987434387207 0.01641249656677246 0.03979349136352539 0.07973146438598633 0.020485639572143555 0.0 0.0 0.0 0.0 0.0 0.0 0.0 0.0 0.0 0.0 0.0 0.0 0.0 0.0 0.0 0.0 0.0 0.0 0.0 0.0
0.6858639717102051 0.0028028488159179688 0.0032444000244140625 0.0033266544342041016 0.004626750946044922 0.005859375 0.006221294403076172 0.006400346755981445 0.009183406829833984 0.01595473289489746 0.03979349136352539 0.07677340507507324 0.020248889923095703 0.0 0.0 0.0 0.0 0.0 0.0 0.0 0.0 0.0 0.0 0.0 0.0 0.0 0.0 0.0 0.0 0.0 0.0 0.0
0.6845705509185791 0.0031447410583496094 0.0032122135162353516 0.0026891231536865234 0.0033915042877197266 0.004661083221435547 0.006014108657836914 0.006141185760498047 0.00662684440612793 0.008471012115478516 0.01632857322692871 0.039296627044677734 0.07578873634338379 0.020449161529541016 0.0 0.0 0.0 0.0 0.0 0.0 0.0 0.0 0.0 0.0 0.0 0.0 0.0 0.0 0.0 0.0 0.0 0.0
0.683068037033081 0.0027990341186523438 0.0034685134887695312 0.002599000930786133 0.0026404857635498047 0.0032281875610351562 0.004437923431396484 0.005761384963989258 0.006264448165893555 0.006366252899169922 0.008315801620483398 0.016004562377929688 0.038309574127197266 0.07788491249084473 0.02009129524230957 0.0 0.0 0.0 0.0 0.0 0.0 0.0 0.0 0.0 0.0 0.0 0.0 0.0 0.0 0.0 0.0 0.0
0.680933952331543 0.002062082290649414 0.0034720897674560547 0.0029020309448242188 0.00266265869140625 0.0026416778564453125 0.0033693313598632812 0.004435539245605469 0.006211042404174805 0.006364583969116211 0.007056236267089844 0.00899052619934082 0.016074419021606445 0.03946518898010254 0.07523894309997559 0.020165205001831055 0.0 0.0 0.0 0.0 0.0 0.0 0.0 0.0 0.0 0.0 0.0 0.0 0.0 0.0 0.0 0.0
0.6816067695617676 0.0014944076538085938 0.002657651901245117 0.002746105194091797 0.0028543472290039062 0.002473115921020508 0.002567768096923828 0.00319671630859375 0.0045166015625 0.005701303482055664 0.006212472915649414 0.006610870361328125 0.008476734161376953 0.016707658767700195 0.037955284118652344 0.07560300827026367 0.020442962646484375 0.0 0.0 0.0 0.0 0.0 0.0 0.0 0.0 0.0 0.0 0.0 0.0 0.0 0.0 0.0
0.6821625232696533 0.0014681816101074219 0.002298116683959961 0.002325296401977539 0.002689838409423828 0.0026521682739257812 0.0024161338806152344 0.0025815963745117188 0.0031685829162597656 0.004210948944091797 0.005738496780395508 0.006114006042480469 0.006228446960449219 0.008413553237915039 0.015790700912475586 0.03856086730957031 0.07429909706115723 0.020563602447509766 0.0 0.0 0.0 0.0 0.0 0.0 0.0 0.0 0.0 0.0 0.0 0.0 0.0 0.0
0.682096004486084 0.001920938491821289 0.0022046566009521484 0.001936197280883789 0.0022771358489990234 0.0026581287384033203 0.002652406692504883 0.002455472946166992 0.0025751590728759766 0.003135204315185547 0.004219770431518555 0.005432605743408203 0.0059337615966796875 0.006228446960449219 0.008171558380126953 0.01546931266784668 0.03725862503051758 0.07501435279846191 0.020075321197509766 0.0 0.0 0.0 0.0 0.0 0.0 0.0 0.0 0.0 0.0 0.0 0.0 0.0
0.6801774501800537 0.0028841495513916016 0.0032448768615722656 0.0020170211791992188 0.0020339488983154297 0.0022759437561035156 0.0027620792388916016 0.0026023387908935547 0.0025272369384765625 0.0025331974029541016 0.003337383270263672 0.004316091537475586 0.005521297454833984 0.0059392452239990234 0.006392240524291992 0.008172273635864258 0.015161752700805664 0.03821444511413574 0.07210397720336914 0.020229816436767578 0.0 0.0 0.0 0.0 0.0 0.0 0.0 0.0 0.0 0.0 0.0 0.0
0.6804304122924805 0.002904176712036133 0.003444194793701172 0.002286672592163086 0.001909494400024414 0.0018715858459472656 0.002245187759399414 0.0025238990783691406 0.0026116371154785156 0.0024385452270507812 0.002408742904663086 0.002988100051879883 0.004179239273071289 0.0052187442779541016 0.005722999572753906 0.005944013595581055 0.008057355880737305 0.015148639678955078 0.03657793998718262 0.07261800765991211 0.02084493637084961 0.0 0.0 0.0 0.0 0.0 0.0 0.0 0.0 0.0 0.0 0.0
0.6752676963806152 0.0017251968383789062 0.003075838088989258 0.0026578903198242188 0.0021774768829345703 0.0018262863159179688 0.0018742084503173828 0.002126455307006836 0.002557039260864258 0.0025887489318847656 0.002316713333129883 0.0023033618927001953 0.002923250198364258 0.003978729248046875 0.005059480667114258 0.00557708740234375 0.0060193538665771484 0.007757663726806641 0.015671253204345703 0.03647303581237793 0.07950448989868164 0.020402193069458008 0.0 0.0 0.0 0.0 0.0 0.0 0.0 0.0 0.0 0.0
0.67783522605896 0.0008399486541748047 0.0018811225891113281 0.0024542808532714844 0.0025238990783691406 0.002115964889526367 0.0017960071563720703 0.001851797103881836 0.0022296905517578125 0.0024232864379882812 0.0024602413177490234 0.0024712085723876953 0.002521991729736328 0.002882719039916992 0.004083871841430664 0.005020618438720703 0.005968570709228516 0.00608062744140625 0.008117198944091797 0.015264034271240234 0.03802132606506348 0.07436656951904297 0.019964218139648438 0.0 0.0 0.0 0.0 0.0 0.0 0.0 0.0 0.0
0.6789426803588867 0.0005967617034912109 0.0010449886322021484 0.0015642642974853516 0.0024302005767822266 0.0024564266204833984 0.0020601749420166016 0.0017991065979003906 0.0018830299377441406 0.0020923614501953125 0.0025110244750976562 0.0025069713592529297 0.0023336410522460938 0.0023436546325683594 0.0028510093688964844 0.003977775573730469 0.005223512649536133 0.005547523498535156 0.006053924560546875 0.008008956909179688 0.01592540740966797 0.03714251518249512 0.07359647750854492 0.019943952560424805 0.0 0.0 0.0 0.0 0.0 0.0 0.0 0.0
0.6795973777770996 0.0009186267852783203 0.0008459091186523438 0.0009229183197021484 0.0016477108001708984 0.002241849899291992 0.0024509429931640625 0.002158641815185547 0.00193023681640625 0.001988649368286133 0.0021347999572753906 0.0024063587188720703 0.0026111602783203125 0.002334117889404297 0.0023419857025146484 0.0028362274169921875 0.0041468143463134766 0.0048863887786865234 0.005577564239501953 0.005976676940917969 0.008135080337524414 0.015387773513793945 0.03647017478942871 0.07278037071228027 0.019936800003051758 0.0 0.0 0.0 0.0 0.0 0.0 0.0
0.6798660755157471 0.001125335693359375 0.0010344982147216797 0.0007390975952148438 0.0009775161743164062 0.001476287841796875 0.0022094249725341797 0.0023741722106933594 0.0020356178283691406 0.0018246173858642578 0.0017559528350830078 0.002033233642578125 0.0023903846740722656 0.002388477325439453 0.0021915435791015625 0.0022459030151367188 0.0028228759765625 0.003774404525756836 0.005092620849609375 0.005468606948852539 0.006173610687255859 0.008226156234741211 0.014955759048461914 0.036704063415527344 0.07287311553955078 0.019806385040283203 0.0 0.0 0.0 0.0 0.0 0.0
0.6797707080841064 0.001705169677734375 0.0017452239990234375 0.0009539127349853516 0.0007963180541992188 0.0009253025054931641 0.0015006065368652344 0.0021843910217285156 0.0022995471954345703 0.001977205276489258 0.0017275810241699219 0.0017271041870117188 0.0020155906677246094 0.002315521240234375 0.0023550987243652344 0.0021982192993164062 0.0023221969604492188 0.0027594566345214844 0.003811359405517578 0.004914999008178711 0.005527973175048828 0.005818367004394531 0.007879972457885742 0.015030384063720703 0.035823822021484375 0.07239675521850586 0.020148277282714844 0.0 0.0 0.0 0.0 0.0
0.6735403537750244 0.0014421939849853516 0.002440214157104492 0.0015141963958740234 0.0010249614715576172 0.0007677078247070312 0.0009067058563232422 0.0014226436614990234 0.0021626949310302734 0.002286195755004883 0.0019431114196777344 0.0017938613891601562 0.0017445087432861328 0.002142190933227539 0.002341032028198242 0.0022735595703125 0.0022764205932617188 0.0023577213287353516 0.0028476715087890625 0.003782033920288086 0.005160331726074219 0.005448102951049805 0.005894660949707031 0.0077419281005859375 0.016054868698120117 0.036798954010009766 0.0762796401977539 0.02017974853515625 0.0 0.0 0.0 0.0
0.6776411533355713 0.0007021427154541016 0.0018453598022460938 0.0019943714141845703 0.0014908313751220703 0.000926971435546875 0.0007615089416503906 0.0008840560913085938 0.0013573169708251953 0.0020749568939208984 0.0022573471069335938 0.0019948482513427734 0.0017237663269042969 0.0016772747039794922 0.0019676685333251953 0.0022389888763427734 0.002307415008544922 0.0021207332611083984 0.0022280216217041016 0.0027539730072021484 0.003903627395629883 0.004987478256225586 0.005494832992553711 0.006152153015136719 0.007903099060058594 0.015044450759887695 0.03734254837036133 0.07146501541137695 0.020114898681640625 0.0 0.0 0.0
0.6762654781341553 0.000438690185546875 0.000986337661743164 0.0015647411346435547 0.0020046234130859375 0.0014674663543701172 0.0009682178497314453 0.0007793903350830078 0.0009186267852783203 0.0013973712921142578 0.0021097660064697266 0.0023331642150878906 0.0019297599792480469 0.00167083740234375 0.0017383098602294922 0.001962423324584961 0.0023038387298583984 0.002328634262084961 0.0021724700927734375 0.002355813980102539 0.002919435501098633 0.003927946090698242 0.005090236663818359 0.005841970443725586 0.006110668182373047 0.008046388626098633 0.015539407730102539 0.03596925735473633 0.07220029830932617 0.02046823501586914 0.0 0.0
0.674422025680542 0.0004124641418457031 0.0006468296051025391 0.0008425712585449219 0.0015294551849365234 0.001966238021850586 0.0015375614166259766 0.0009648799896240234 0.0007646083831787109 0.00086212158203125 0.0015101432800292969 0.002196073532104492 0.0022177696228027344 0.0019910335540771484 0.0016858577728271484 0.0018146038055419922 0.001956939697265625 0.0025222301483154297 0.0023458003997802734 0.002422332763671875 0.0023910999298095703 0.002827882766723633 0.003928661346435547 0.005097627639770508 0.005484580993652344 0.006160259246826172 0.007765054702758789 0.015119791030883789 0.03572392463684082 0.07506203651428223 0.02017498016357422 0.0
0.6765766143798828 0.0005974769592285156 0.0007083415985107422 0.0006196498870849609 0.0008108615875244141 0.001535654067993164 0.0019719600677490234 0.0018947124481201172 0.0011363029479980469 0.0007660388946533203 0.0009090900421142578 0.0014882087707519531 0.002072572708129883 0.0022432804107666016 0.002326488494873047 0.0016775131225585938 0.0019593238830566406 0.0019502639770507812 0.0022101402282714844 0.0024843215942382812 0.0022351741790771484 0.002221822738647461 0.0028047561645507812 0.003900289535522461 0.0048563480377197266 0.0053424835205078125 0.005974292755126953 0.007838010787963867 0.014521360397338867 0.03522133827209473 0.07329559326171875 0.01955127716064453
