0.8284270763397217 0.0 0.0 0.0 0.0 0.0 0.0 0.0 0.0 0.0 0.0 0.0 0.0 0.0 0.0 0.0 0.0 0.0 0.0 0.0 0.0 0.0 0.0 0.0 0.0 0.0 0.0 0.0 0.0 0.0 0.0 0.0
0.7406260967254639 0.11870741844177246 0.0 0.0 0.0 0.0 0.0 0.0 0.0 0.0 0.0 0.0 0.0 0.0 0.0 0.0 0.0 0.0 0.0 0.0 0.0 0.0 0.0 0.0 0.0 0.0 0.0 0.0 0.0 0.0 0.0 0.0
0.7494864463806152 0.03641533851623535 0.07204604148864746 0.0 0.0 0.0 0.0 0.0 0.0 0.0 0.0 0.0 0.0 0.0 0.0 0.0 0.0 0.0 0.0 0.0 0.0 0.0 0.0 0.0 0.0 0.0 0.0 0.0 0.0 0.0 0.0 0.0
0.7478814125061035 0.023755788803100586 0.024622440338134766 0.06262969970703125 0.0 0.0 0.0 0.0 0.0 0.0 0.0 0.0 0.0 0.0 0.0 0.0 0.0 0.0 0.0 0.0 0.0 0.0 0.0 0.0 0.0 0.0 0.0 0.0 0.0 0.0 0.0 0.0
0.7517910003662109 0.020708322525024414 0.013186216354370117 0.01834559440612793 0.05371260643005371 0.0 0.0 0.0 0.0 0.0 0.0 0.0 0.0 0.0 0.0 0.0 0.0 0.0 0.0 0.0 0.0 0.0 0.0 0.0 0.0 0.0 0.0 0.0 0.0 0.0 0.0 0.0
0.7495057582855225 0.020205259323120117 0.009834527969360352 0.009792566299438477 0.01652050018310547 0.052782535552978516 0.0 0.0 0.0 0.0 0.0 0.0 0.0 0.0 0.0 0.0 0.0 0.0 0.0 0.0 0.0 0.0 0.0 0.0 0.0 0.0 0.0 0.0 0.0 0.0 0.0 0.0
0.75152587890625 0.019366741180419922 0.008847713470458984 0.007132768630981445 0.008962154388427734 0.01627969741821289 0.04594779014587402 0.0 0.0 0.0 0.0 0.0 0.0 0.0 0.0 0.0 0.0 0.0 0.0 0.0 0.0 0.0 0.0 0.0 0.0 0.0 0.0 0.0 0.0 0.0 0.0 0.0
0.754605770111084 0.018369197845458984 0.008457660675048828 0.0062901973724365234 0.006275177001953125 0.008723974227905273 0.013482332229614258 0.04083108901977539 0.0 0.0 0.0 0.0 0.0 0.0 0.0 0.0 0.0 0.0 0.0 0.0 0.0 0.0 0.0 0.0 0.0 0.0 0.0 0.0 0.0 0.0 0.0 0.0
0.7592484951019287 0.017044544219970703 0.00802159309387207 0.006201982498168945 0.005579233169555664 0.005830526351928711 0.006886482238769531 0.012031793594360352 0.034574031829833984 0.0 0.0 0.0 0.0 0.0 0.0 0.0 0.0 0.0 0.0 0.0 0.0 0.0 0.0 0.0 0.0 0.0 0.0 0.0 0.0 0.0 0.0 0.0
0.762498140335083 0.016178131103515625 0.0068817138671875 0.005685091018676758 0.005357027053833008 0.004998683929443359 0.0050809383392333984 0.006506443023681641 0.010158777236938477 0.03092360496520996 0.0 0.0 0.0 0.0 0.0 0.0 0.0 0.0 0.0 0.0 0.0 0.0 0.0 0.0 0.0 0.0 0.0 0.0 0.0 0.0 0.0 0.0
0.764746904373169 0.01575779914855957 0.005919933319091797 0.005001068115234375 0.005013227462768555 0.0048253536224365234 0.004430055618286133 0.004635810852050781 0.005605936050415039 0.009221076965332031 0.028301715850830078 0.0 0.0 0.0 0.0 0.0 0.0 0.0 0.0 0.0 0.0 0.0 0.0 0.0 0.0 0.0 0.0 0.0 0.0 0.0 0.0 0.0
0.764775276184082 0.015810489654541016 0.005710601806640625 0.0044515132904052734 0.004432201385498047 0.004581451416015625 0.004269838333129883 0.0040988922119140625 0.004092216491699219 0.005295753479003906 0.00970602035522461 0.026254653930664062 0.0 0.0 0.0 0.0 0.0 0.0 0.0 0.0 0.0 0.0 0.0 0.0 0.0 0.0 0.0 0.0 0.0 0.0 0.0 0.0
0.7672147750854492 0.015065670013427734 0.006020545959472656 0.004103660583496094 0.0038251876831054688 0.004021644592285156 0.0041806697845458984 0.004010438919067383 0.0038237571716308594 0.003777027130126953 0.004929065704345703 0.008003711700439453 0.023615121841430664 0.0 0.0 0.0 0.0 0.0 0.0 0.0 0.0 0.0 0.0 0.0 0.0 0.0 0.0 0.0 0.0 0.0 0.0 0.0
0.7681927680969238 0.014073371887207031 0.006290435791015625 0.004286050796508789 0.0034911632537841797 0.003414630889892578 0.0036504268646240234 0.0038301944732666016 0.003717660903930664 0.0034132003784179688 0.0035963058471679688 0.0044574737548828125 0.007417201995849609 0.022403717041015625 0.0 0.0 0.0 0.0 0.0 0.0 0.0 0.0 0.0 0.0 0.0 0.0 0.0 0.0 0.0 0.0 0.0 0.0
0.7629501819610596 0.012619256973266602 0.006031990051269531 0.004652500152587891 0.0036468505859375 0.0032753944396972656 0.003362894058227539 0.0036401748657226562 0.003712892532348633 0.0034639835357666016 0.00520777702331543 0.0034554004669189453 0.004204988479614258 0.007907390594482422 0.026067256927490234 0.0 0.0 0.0 0.0 0.0 0.0 0.0 0.0 0.0 0.0 0.0 0.0 0.0 0.0 0.0 0.0 0.0
0.7692997455596924 0.011631965637207031 0.00509953498840332 0.004505157470703125 0.00401616096496582 0.0034525394439697266 0.0029897689819335938 0.0029098987579345703 0.0033380985260009766 0.0032646656036376953 0.0032868385314941406 0.0030264854431152344 0.0031321048736572266 0.004098415374755859 0.0068094730377197266 0.020992279052734375 0.0 0.0 0.0 0.0 0.0 0.0 0.0 0.0 0.0 0.0 0.0 0.0 0.0 0.0 0.0 0.0
0.7699489593505859 0.010314464569091797 0.0042400360107421875 0.003894329071044922 0.003826141357421875 0.0034940242767333984 0.003045797348022461 0.0027685165405273438 0.002828836441040039 0.003016233444213867 0.003121614456176758 0.002988100051879883 0.002893686294555664 0.0031135082244873047 0.003952980041503906 0.006711244583129883 0.021445035934448242 0.0 0.0 0.0 0.0 0.0 0.0 0.0 0.0 0.0 0.0 0.0 0.0 0.0 0.0 0.0
0.7706761360168457 0.009964227676391602 0.003791332244873047 0.0032269954681396484 0.0033905506134033203 0.003434419631958008 0.0032062530517578125 0.0028476715087890625 0.002616405487060547 0.0026514530181884766 0.0030171871185302734 0.0029299259185791016 0.0028486251831054688 0.002710103988647461 0.0029070377349853516 0.0037713050842285156 0.0067746639251708984 0.020580291748046875 0.0 0.0 0.0 0.0 0.0 0.0 0.0 0.0 0.0 0.0 0.0 0.0 0.0 0.0
0.7687807083129883 0.010201215744018555 0.003869771957397461 0.002992868423461914 0.002905130386352539 0.0032052993774414062 0.003350496292114258 0.003070354461669922 0.002687692642211914 0.002553224563598633 0.002650737762451172 0.0027420520782470703 0.0027904510498046875 0.0027794837951660156 0.0027697086334228516 0.0029144287109375 0.004645109176635742 0.006764650344848633 0.02039504051208496 0.0 0.0 0.0 0.0 0.0 0.0 0.0 0.0 0.0 0.0 0.0 0.0 0.0
0.7688775062561035 0.010942697525024414 0.004071235656738281 0.0029897689819335938 0.0026826858520507812 0.0027828216552734375 0.002927541732788086 0.003070354461669922 0.0028884410858154297 0.0026531219482421875 0.0027048587799072266 0.0024347305297851562 0.0025603771209716797 0.00273895263671875 0.0026450157165527344 0.002606630325317383 0.002889394760131836 0.0036563873291015625 0.006234407424926758 0.019683837890625 0.0 0.0 0.0 0.0 0.0 0.0 0.0 0.0 0.0 0.0 0.0 0.0
0.7695121765136719 0.009769678115844727 0.004019737243652344 0.0030853748321533203 0.0025882720947265625 0.0024213790893554688 0.002382040023803711 0.002659320831298828 0.0027408599853515625 0.0027434825897216797 0.002619028091430664 0.002313852310180664 0.0023245811462402344 0.0025017261505126953 0.0026712417602539062 0.0025451183319091797 0.0027074813842773438 0.0026903152465820312 0.0035965442657470703 0.005997657775878906 0.01990962028503418 0.0 0.0 0.0 0.0 0.0 0.0 0.0 0.0 0.0 0.0 0.0
0.7695190906524658 0.009052276611328125 0.0036933422088623047 0.0031232833862304688 0.0027437210083007812 0.0024080276489257812 0.002160787582397461 0.0022428035736083984 0.0024802684783935547 0.002685546875 0.0027251243591308594 0.0023412704467773438 0.002135038375854492 0.002266407012939453 0.002566814422607422 0.0025441646575927734 0.002749204635620117 0.002386808395385742 0.002669811248779297 0.0033419132232666016 0.005925655364990234 0.020040273666381836 0.0 0.0 0.0 0.0 0.0 0.0 0.0 0.0 0.0 0.0
0.7675995826721191 0.008855819702148438 0.003549814224243164 0.002979278564453125 0.0027670860290527344 0.002527475357055664 0.0022127628326416016 0.0020825862884521484 0.002126932144165039 0.002413511276245117 0.003692626953125 0.002696990966796875 0.0022428035736083984 0.002115964889526367 0.0024313926696777344 0.002382040023803711 0.0026865005493164062 0.0023479461669921875 0.0024261474609375 0.0025794506072998047 0.0033664703369140625 0.006339311599731445 0.020111560821533203 0.0 0.0 0.0 0.0 0.0 0.0 0.0 0.0 0.0
0.7691559791564941 0.009708166122436523 0.003103017807006836 0.0025663375854492188 0.0025587081909179688 0.0025746822357177734 0.0023272037506103516 0.002023458480834961 0.0019228458404541016 0.0020227432250976562 0.002368450164794922 0.0024957656860351562 0.0023658275604248047 0.00225067138671875 0.0020895004272460938 0.0021338462829589844 0.002304553985595703 0.0022878646850585938 0.0022826194763183594 0.0022742748260498047 0.002477407455444336 0.003302335739135742 0.005696296691894531 0.019644737243652344 0.0 0.0 0.0 0.0 0.0 0.0 0.0 0.0
0.7676384449005127 0.011205196380615234 0.003146648406982422 0.002362489700317383 0.002223968505859375 0.0024466514587402344 0.0023534297943115234 0.0021648406982421875 0.0019402503967285156 0.001855611801147461 0.0020470619201660156 0.002286195755004883 0.002335071563720703 0.002405405044555664 0.0021114349365234375 0.002000570297241211 0.0020325183868408203 0.002183198928833008 0.0022971630096435547 0.0022923946380615234 0.0022079944610595703 0.002476930618286133 0.003206968307495117 0.005748748779296875 0.01954364776611328 0.0 0.0 0.0 0.0 0.0 0.0 0.0
0.769503116607666 0.009731769561767578 0.003428936004638672 0.002391338348388672 0.0019767284393310547 0.002096414566040039 0.0021741390228271484 0.002128124237060547 0.001949310302734375 0.0017611980438232422 0.0017206668853759766 0.001865386962890625 0.0020635128021240234 0.002218484878540039 0.002187490463256836 0.0019752979278564453 0.001918792724609375 0.001966238021850586 0.002155303955078125 0.002409696578979492 0.0022232532501220703 0.002180814743041992 0.0023987293243408203 0.003045320510864258 0.005620241165161133 0.01872849464416504 0.0 0.0 0.0 0.0 0.0 0.0
0.7694580554962158 0.009788751602172852 0.0036172866821289062 0.0026526451110839844 0.002080678939819336 0.0018756389617919922 0.0018453598022460938 0.0019855499267578125 0.002019643783569336 0.0018892288208007812 0.0017261505126953125 0.0016677379608154297 0.0017695426940917969 0.001956462860107422 0.002196073532104492 0.002059459686279297 0.001931905746459961 0.0018303394317626953 0.0019390583038330078 0.0020775794982910156 0.002160787582397461 0.0021238327026367188 0.0020918846130371094 0.0023109912872314453 0.0031380653381347656 0.005318880081176758 0.0183258056640625 0.0 0.0 0.0 0.0 0.0
0.769812822341919 0.008436441421508789 0.003347635269165039 0.0027091503143310547 0.0022308826446533203 0.0019028186798095703 0.0017192363739013672 0.0017576217651367188 0.0018763542175292969 0.0019087791442871094 0.0017900466918945312 0.0016663074493408203 0.0016117095947265625 0.0016989707946777344 0.001980304718017578 0.0020720958709716797 0.002024412155151367 0.0018849372863769531 0.001809835433959961 0.0019664764404296875 0.002100706100463867 0.002167224884033203 0.002131938934326172 0.0020956993103027344 0.0023844242095947266 0.0030519962310791016 0.005163669586181641 0.01841282844543457 0.0 0.0 0.0 0.0
0.7693750858306885 0.008303642272949219 0.0029306411743164062 0.0025904178619384766 0.002408742904663086 0.0021233558654785156 0.0017802715301513672 0.0015892982482910156 0.0016427040100097656 0.0017786026000976562 0.0018334388732910156 0.0017309188842773438 0.001584768295288086 0.0014989376068115234 0.0016891956329345703 0.0018525123596191406 0.002020120620727539 0.001970052719116211 0.00183868408203125 0.0017845630645751953 0.001913309097290039 0.0020859241485595703 0.0021746158599853516 0.002165555953979492 0.0021371841430664062 0.0023300647735595703 0.0031011104583740234 0.005131959915161133 0.018515586853027344 0.0 0.0 0.0
0.7701783180236816 0.007961511611938477 0.002597332000732422 0.0021789073944091797 0.0022096633911132812 0.002180814743041992 0.0018768310546875 0.0015707015991210938 0.0014750957489013672 0.0015308856964111328 0.0017254352569580078 0.0017580986022949219 0.0016291141510009766 0.0014960765838623047 0.0014801025390625 0.0015971660614013672 0.0017566680908203125 0.001966714859008789 0.0018808841705322266 0.0018002986907958984 0.0017871856689453125 0.0018520355224609375 0.001974821090698242 0.002160787582397461 0.0020918846130371094 0.002044200897216797 0.0023331642150878906 0.002843141555786133 0.005059003829956055 0.018577098846435547 0.0 0.0
0.7700281143188477 0.008433103561401367 0.0025594234466552734 0.0019176006317138672 0.001955270767211914 0.0020973682403564453 0.002003908157348633 0.0017497539520263672 0.001491546630859375 0.001425027847290039 0.0015268325805664062 0.0016360282897949219 0.0016524791717529297 0.0015842914581298828 0.0015163421630859375 0.0014300346374511719 0.0015797615051269531 0.0017299652099609375 0.0018956661224365234 0.0018429756164550781 0.0017802715301513672 0.0017251968383789062 0.0017914772033691406 0.001983165740966797 0.0020608901977539062 0.0020585060119628906 0.0020287036895751953 0.0021636486053466797 0.0028328895568847656 0.004977226257324219 0.018178701400756836 0.0
0.7687597274780273 0.008815526962280273 0.0027303695678710938 0.0018322467803955078 0.0017750263214111328 0.00212860107421875 0.0019674301147460938 0.0019402503967285156 0.0016553401947021484 0.0014688968658447266 0.0015308856964111328 0.0014519691467285156 0.0015692710876464844 0.001650094985961914 0.0015702247619628906 0.0014045238494873047 0.001447439193725586 0.0014643669128417969 0.0017178058624267578 0.0017826557159423828 0.0017709732055664062 0.0017914772033691406 0.0017323493957519531 0.0017931461334228516 0.0018885135650634766 0.0020520687103271484 0.002033710479736328 0.0019061565399169922 0.0021355152130126953 0.0027790069580078125 0.004962444305419922 0.018605470657348633
