0.8284270763397217 0.0 0.0 0.0 0.0 0.0 0.0 0.0 0.0 0.0 0.0 0.0 0.0 0.0 0.0 0.0 0.0 0.0 0.0 0.0 0.0 0.0 0.0 0.0 0.0 0.0 0.0 0.0 0.0 0.0 0.0 0.0
0.7795250415802002 0.06741142272949219 0.0 0.0 0.0 0.0 0.0 0.0 0.0 0.0 0.0 0.0 0.0 0.0 0.0 0.0 0.0 0.0 0.0 0.0 0.0 0.0 0.0 0.0 0.0 0.0 0.0 0.0 0.0 0.0 0.0 0.0
0.7159345149993896 0.017284870147705078 0.13408398628234863 0.0 0.0 0.0 0.0 0.0 0.0 0.0 0.0 0.0 0.0 0.0 0.0 0.0 0.0 0.0 0.0 0.0 0.0 0.0 0.0 0.0 0.0 0.0 0.0 0.0 0.0 0.0 0.0 0.0
0.6816105842590332 0.008892536163330078 0.03797149658203125 0.14941644668579102 0.0 0.0 0.0 0.0 0.0 0.0 0.0 0.0 0.0 0.0 0.0 0.0 0.0 0.0 0.0 0.0 0.0 0.0 0.0 0.0 0.0 0.0 0.0 0.0 0.0 0.0 0.0 0.0
0.6635499000549316 0.006371736526489258 0.015889406204223633 0.04331541061401367 0.15429997444152832 0.0 0.0 0.0 0.0 0.0 0.0 0.0 0.0 0.0 0.0 0.0 0.0 0.0 0.0 0.0 0.0 0.0 0.0 0.0 0.0 0.0 0.0 0.0 0.0 0.0 0.0 0.0
0.6479508876800537 0.00536036491394043 0.012678384780883789 0.01982259750366211 0.04768061637878418 0.15483951568603516 0.0 0.0 0.0 0.0 0.0 0.0 0.0 0.0 0.0 0.0 0.0 0.0 0.0 0.0 0.0 0.0 0.0 0.0 0.0 0.0 0.0 0.0 0.0 0.0 0.0 0.0
0.6419970989227295 0.0037932395935058594 0.01004338264465332 0.014417648315429688 0.0209195613861084 0.05059456825256348 0.14882755279541016 0.0 0.0 0.0 0.0 0.0 0.0 0.0 0.0 0.0 0.0 0.0 0.0 0.0 0.0 0.0 0.0 0.0 0.0 0.0 0.0 0.0 0.0 0.0 0.0 0.0
0.6322212219238281 0.0033712387084960938 0.008093833923339844 0.011892318725585938 0.01602768898010254 0.02351069450378418 0.045295000076293945 0.15303373336791992 0.0 0.0 0.0 0.0 0.0 0.0 0.0 0.0 0.0 0.0 0.0 0.0 0.0 0.0 0.0 0.0 0.0 0.0 0.0 0.0 0.0 0.0 0.0 0.0
0.6235063076019287 0.0034933090209960938 0.008039712905883789 0.009679079055786133 0.012912988662719727 0.015992164611816406 0.02224421501159668 0.04820108413696289 0.15210533142089844 0.0 0.0 0.0 0.0 0.0 0.0 0.0 0.0 0.0 0.0 0.0 0.0 0.0 0.0 0.0 0.0 0.0 0.0 0.0 0.0 0.0 0.0 0.0
0.6152184009552002 0.0029227733612060547 0.0065860748291015625 0.008394241333007812 0.010720968246459961 0.012237787246704102 0.01566910743713379 0.024199485778808594 0.05025315284729004 0.15242505073547363 0.0 0.0 0.0 0.0 0.0 0.0 0.0 0.0 0.0 0.0 0.0 0.0 0.0 0.0 0.0 0.0 0.0 0.0 0.0 0.0 0.0 0.0
0.6034820079803467 0.0026836395263671875 0.006429433822631836 0.007683515548706055 0.008452177047729492 0.009760618209838867 0.012382745742797852 0.01644730567932129 0.027331829071044922 0.05078005790710449 0.15639519691467285 0.0 0.0 0.0 0.0 0.0 0.0 0.0 0.0 0.0 0.0 0.0 0.0 0.0 0.0 0.0 0.0 0.0 0.0 0.0 0.0 0.0
0.597466230392456 0.002574443817138672 0.005678892135620117 0.0073015689849853516 0.008225679397583008 0.008594751358032227 0.009287834167480469 0.012206792831420898 0.017576217651367188 0.024457454681396484 0.0553126335144043 0.15496420860290527 0.0 0.0 0.0 0.0 0.0 0.0 0.0 0.0 0.0 0.0 0.0 0.0 0.0 0.0 0.0 0.0 0.0 0.0 0.0 0.0
0.591773509979248 0.002375364303588867 0.005505561828613281 0.006958961486816406 0.008140802383422852 0.007891416549682617 0.008272409439086914 0.009916543960571289 0.015697717666625977 0.016750097274780273 0.02750992774963379 0.05317068099975586 0.15162038803100586 0.0 0.0 0.0 0.0 0.0 0.0 0.0 0.0 0.0 0.0 0.0 0.0 0.0 0.0 0.0 0.0 0.0 0.0 0.0
0.5878925323486328 0.0022640228271484375 0.005077838897705078 0.006413459777832031 0.006812334060668945 0.007028102874755859 0.007405519485473633 0.00812077522277832 0.009557723999023438 0.012270689010620117 0.017044782638549805 0.026421785354614258 0.05010175704956055 0.15979242324829102 0.0 0.0 0.0 0.0 0.0 0.0 0.0 0.0 0.0 0.0 0.0 0.0 0.0 0.0 0.0 0.0 0.0 0.0
0.581995964050293 0.00225067138671875 0.005203962326049805 0.0061914920806884766 0.006489753723144531 0.006543397903442383 0.006989717483520508 0.007597923278808594 0.008567333221435547 0.009979724884033203 0.013202667236328125 0.019161224365234375 0.02657318115234375 0.05523943901062012 0.15234756469726562 0.0 0.0 0.0 0.0 0.0 0.0 0.0 0.0 0.0 0.0 0.0 0.0 0.0 0.0 0.0 0.0 0.0
0.5778136253356934 0.002356290817260742 0.005290508270263672 0.005944967269897461 0.005621671676635742 0.006144046783447266 0.006730318069458008 0.007238626480102539 0.008219718933105469 0.008391380310058594 0.01029348373413086 0.013994216918945312 0.01867842674255371 0.027428865432739258 0.05249452590942383 0.15291237831115723 0.0 0.0 0.0 0.0 0.0 0.0 0.0 0.0 0.0 0.0 0.0 0.0 0.0 0.0 0.0 0.0
0.5692214965820312 0.0021212100982666016 0.005095958709716797 0.006126880645751953 0.005872964859008789 0.005556583404541016 0.006104469299316406 0.006636857986450195 0.0074841976165771484 0.008502483367919922 0.008704423904418945 0.010545015335083008 0.013604402542114258 0.01998591423034668 0.02893972396850586 0.053022146224975586 0.1543278694152832 0.0 0.0 0.0 0.0 0.0 0.0 0.0 0.0 0.0 0.0 0.0 0.0 0.0 0.0 0.0
0.5641977787017822 0.0019953250885009766 0.00510716438293457 0.006341695785522461 0.005964040756225586 0.0056340694427490234 0.005430459976196289 0.006050825119018555 0.006402492523193359 0.007014036178588867 0.009832382202148438 0.009215831756591797 0.01108860969543457 0.013528585433959961 0.018322229385375977 0.026151180267333984 0.05347084999084473 0.15732169151306152 0.0 0.0 0.0 0.0 0.0 0.0 0.0 0.0 0.0 0.0 0.0 0.0 0.0 0.0
0.5545728206634521 0.0018358230590820312 0.004551410675048828 0.005945920944213867 0.006110429763793945 0.0059223175048828125 0.005339860916137695 0.0055620670318603516 0.005906343460083008 0.0066564083099365234 0.007998466491699219 0.008022785186767578 0.00923013687133789 0.01122140884399414 0.013782262802124023 0.01880192756652832 0.027265071868896484 0.05829048156738281 0.15848684310913086 0.0 0.0 0.0 0.0 0.0 0.0 0.0 0.0 0.0 0.0 0.0 0.0 0.0
0.5530762672424316 0.001733541488647461 0.0041925907135009766 0.0056629180908203125 0.005726814270019531 0.005764961242675781 0.0055904388427734375 0.005486011505126953 0.006074428558349609 0.006096363067626953 0.006901741027832031 0.0093841552734375 0.008637189865112305 0.009399175643920898 0.010985374450683594 0.01513981819152832 0.01911187171936035 0.028786659240722656 0.05630016326904297 0.1523592472076416 0.0 0.0 0.0 0.0 0.0 0.0 0.0 0.0 0.0 0.0 0.0 0.0
0.5487239360809326 0.0017757415771484375 0.004081010818481445 0.005454301834106445 0.005506277084350586 0.005876302719116211 0.005878925323486328 0.0057718753814697266 0.005600690841674805 0.005865812301635742 0.00610804557800293 0.007028818130493164 0.0076029300689697266 0.008520841598510742 0.009155750274658203 0.010840177536010742 0.014091730117797852 0.019355058670043945 0.027400732040405273 0.053717613220214844 0.15884184837341309 0.0 0.0 0.0 0.0 0.0 0.0 0.0 0.0 0.0 0.0 0.0
0.5447149276733398 0.0018723011016845703 0.004319429397583008 0.005488872528076172 0.0052776336669921875 0.005434751510620117 0.005553245544433594 0.005945444107055664 0.0057070255279541016 0.006045103073120117 0.005975008010864258 0.006522655487060547 0.006694316864013672 0.008697509765625 0.008977890014648438 0.009118795394897461 0.010797739028930664 0.01421046257019043 0.019330978393554688 0.027773618698120117 0.05485892295837402 0.15521502494812012 0.0 0.0 0.0 0.0 0.0 0.0 0.0 0.0 0.0 0.0
0.5379061698913574 0.0019190311431884766 0.004434823989868164 0.005114555358886719 0.005099296569824219 0.005063772201538086 0.005258321762084961 0.005671977996826172 0.0060236454010009766 0.006226062774658203 0.006253242492675781 0.006982564926147461 0.006518125534057617 0.007125377655029297 0.007925271987915039 0.008237600326538086 0.009263038635253906 0.010828733444213867 0.014223575592041016 0.0194704532623291 0.027537107467651367 0.058960914611816406 0.15427851676940918 0.0 0.0 0.0 0.0 0.0 0.0 0.0 0.0 0.0
0.5356957912445068 0.0018329620361328125 0.004248857498168945 0.005242824554443359 0.0051190853118896484 0.0048999786376953125 0.00476527214050293 0.005243539810180664 0.005826473236083984 0.0059337615966796875 0.00623321533203125 0.006287336349487305 0.005941629409790039 0.007153511047363281 0.006823062896728516 0.007506608963012695 0.008223533630371094 0.009735584259033203 0.011382579803466797 0.014863967895507812 0.019978761672973633 0.02945399284362793 0.05601382255554199 0.15267634391784668 0.0 0.0 0.0 0.0 0.0 0.0 0.0 0.0
0.5315120220184326 0.0018148422241210938 0.0044324398040771484 0.005291461944580078 0.004911184310913086 0.004954099655151367 0.004759311676025391 0.005068778991699219 0.0055389404296875 0.005537271499633789 0.006140232086181641 0.0062181949615478516 0.006002902984619141 0.006489753723144531 0.006329774856567383 0.006551027297973633 0.007266044616699219 0.00841665267944336 0.009524822235107422 0.010973215103149414 0.014554500579833984 0.019715547561645508 0.028838634490966797 0.05524158477783203 0.155900239944458 0.0 0.0 0.0 0.0 0.0 0.0 0.0
0.5267331600189209 0.0017902851104736328 0.004145622253417969 0.005250453948974609 0.0051860809326171875 0.004935264587402344 0.0048503875732421875 0.0047795772552490234 0.00532984733581543 0.005566835403442383 0.005995273590087891 0.006290912628173828 0.0061910152435302734 0.0061910152435302734 0.006020784378051758 0.006347179412841797 0.0069925785064697266 0.0077784061431884766 0.008610248565673828 0.009606122970581055 0.011182785034179688 0.014811277389526367 0.02189493179321289 0.029227018356323242 0.05658912658691406 0.15122509002685547 0.0 0.0 0.0 0.0 0.0 0.0
0.5249752998352051 0.0016362667083740234 0.0041811466217041016 0.004976034164428711 0.005053043365478516 0.00478816032409668 0.004667758941650391 0.0048770904541015625 0.005209207534790039 0.005263090133666992 0.006161928176879883 0.006890058517456055 0.0075914859771728516 0.006676912307739258 0.0057947635650634766 0.005753993988037109 0.006238222122192383 0.007088899612426758 0.008067607879638672 0.008085966110229492 0.009319543838500977 0.011174678802490234 0.014905929565429688 0.020034074783325195 0.030360937118530273 0.053812503814697266 0.15052056312561035 0.0 0.0 0.0 0.0 0.0
0.5225467681884766 0.0016527175903320312 0.004019737243652344 0.004845857620239258 0.004347085952758789 0.004667043685913086 0.004685163497924805 0.004728794097900391 0.004786252975463867 0.004698753356933594 0.00566864013671875 0.005738496780395508 0.006667137145996094 0.00693058967590332 0.007271528244018555 0.0057032108306884766 0.0056574344635009766 0.006346702575683594 0.007075786590576172 0.007482767105102539 0.008241891860961914 0.009338855743408203 0.01131129264831543 0.014902114868164062 0.02053999900817871 0.027988433837890625 0.05618929862976074 0.15065979957580566 0.0 0.0 0.0 0.0
0.5191669464111328 0.001458883285522461 0.004365205764770508 0.004908561706542969 0.004664421081542969 0.004292488098144531 0.004748821258544922 0.004822492599487305 0.004972696304321289 0.004998683929443359 0.005750417709350586 0.00547480583190918 0.006365776062011719 0.0063817501068115234 0.0065364837646484375 0.0058596134185791016 0.005753517150878906 0.006511688232421875 0.006674528121948242 0.006762504577636719 0.007782459259033203 0.008249282836914062 0.00970315933227539 0.011297941207885742 0.015414714813232422 0.019667625427246094 0.028228759765625 0.055638790130615234 0.14923858642578125 0.0 0.0 0.0
0.5180485248565674 0.0014116764068603516 0.0040073394775390625 0.0051190853118896484 0.004460334777832031 0.004472494125366211 0.004535675048828125 0.004744291305541992 0.005052804946899414 0.0048754215240478516 0.0052149295806884766 0.005323171615600586 0.0057735443115234375 0.006222963333129883 0.0064198970794677734 0.006345987319946289 0.005902528762817383 0.006258726119995117 0.006928682327270508 0.0061151981353759766 0.006918668746948242 0.00816202163696289 0.008731365203857422 0.00962066650390625 0.011536836624145508 0.014773130416870117 0.01984262466430664 0.028448820114135742 0.05304121971130371 0.14783167839050293 0.0 0.0
0.5129928588867188 0.0012195110321044922 0.0035102367401123047 0.004708290100097656 0.004744291305541992 0.005069732666015625 0.004328250885009766 0.004461050033569336 0.005237102508544922 0.0048601627349853516 0.005030393600463867 0.005578279495239258 0.005267620086669922 0.006575107574462891 0.006674289703369141 0.0070497989654541016 0.00639653205871582 0.006481170654296875 0.009435653686523438 0.005917787551879883 0.006484270095825195 0.007321834564208984 0.007500886917114258 0.008680343627929688 0.009425878524780273 0.010933160781860352 0.014867544174194336 0.019559860229492188 0.02721881866455078 0.05357170104980469 0.14643430709838867 0.0
0.5090367794036865 0.0011532306671142578 0.0032758712768554688 0.004279613494873047 0.0044708251953125 0.005559444427490234 0.004454612731933594 0.004512786865234375 0.004594326019287109 0.004736423492431641 0.005200624465942383 0.005180835723876953 0.00558161735534668 0.005639553070068359 0.005709171295166016 0.005961418151855469 0.006537199020385742 0.006561994552612305 0.0077288150787353516 0.005503177642822266 0.00696253776550293 0.007292747497558594 0.007099151611328125 0.008020401000976562 0.009183645248413086 0.009251832962036133 0.011258840560913086 0.014972209930419922 0.019929885864257812 0.027602672576904297 0.05570721626281738 0.1455821990966797
