0.8284270763397217 0.0 0.0 0.0 0.0 0.0 0.0 0.0 0.0 0.0 0.0 0.0 0.0 0.0 0.0 0.0 0.0 0.0 0.0 0.0 0.0 0.0 0.0 0.0 0.0 0.0 0.0 0.0 0.0 0.0 0.0 0.0
0.8179423809051514 0.01473379135131836 0.0 0.0 0.0 0.0 0.0 0.0 0.0 0.0 0.0 0.0 0.0 0.0 0.0 0.0 0.0 0.0 0.0 0.0 0.0 0.0 0.0 0.0 0.0 0.0 0.0 0.0 0.0 0.0 0.0 0.0
0.7455861568450928 0.09607791900634766 0.016972780227661133 0.0 0.0 0.0 0.0 0.0 0.0 0.0 0.0 0.0 0.0 0.0 0.0 0.0 0.0 0.0 0.0 0.0 0.0 0.0 0.0 0.0 0.0 0.0 0.0 0.0 0.0 0.0 0.0 0.0
0.7013146877288818 0.040836334228515625 0.11417126655578613 0.01697993278503418 0.0 0.0 0.0 0.0 0.0 0.0 0.0 0.0 0.0 0.0 0.0 0.0 0.0 0.0 0.0 0.0 0.0 0.0 0.0 0.0 0.0 0.0 0.0 0.0 0.0 0.0 0.0 0.0
0.7000992298126221 0.006606578826904297 0.044120073318481445 0.10625958442687988 0.016986370086669922 0.0 0.0 0.0 0.0 0.0 0.0 0.0 0.0 0.0 0.0 0.0 0.0 0.0 0.0 0.0 0.0 0.0 0.0 0.0 0.0 0.0 0.0 0.0 0.0 0.0 0.0 0.0
0.7044274806976318 0.0011317729949951172 0.007839441299438477 0.04061269760131836 0.10181427001953125 0.017027854919433594 0.0 0.0 0.0 0.0 0.0 0.0 0.0 0.0 0.0 0.0 0.0 0.0 0.0 0.0 0.0 0.0 0.0 0.0 0.0 0.0 0.0 0.0 0.0 0.0 0.0 0.0
0.70802903175354 0.00038552284240722656 0.0014772415161132812 0.00679326057434082 0.03879261016845703 0.09936261177062988 0.016910791397094727 0.0 0.0 0.0 0.0 0.0 0.0 0.0 0.0 0.0 0.0 0.0 0.0 0.0 0.0 0.0 0.0 0.0 0.0 0.0 0.0 0.0 0.0 0.0 0.0 0.0
0.7090156078338623 0.0004940032958984375 0.0005056858062744141 0.0010724067687988281 0.006467580795288086 0.04026341438293457 0.09693002700805664 0.016736268997192383 0.0 0.0 0.0 0.0 0.0 0.0 0.0 0.0 0.0 0.0 0.0 0.0 0.0 0.0 0.0 0.0 0.0 0.0 0.0 0.0 0.0 0.0 0.0 0.0
0.7085719108581543 0.0013446807861328125 0.0007305145263671875 0.0004336833953857422 0.0011055469512939453 0.006342411041259766 0.03827476501464844 0.0979318618774414 0.016904115676879883 0.0 0.0 0.0 0.0 0.0 0.0 0.0 0.0 0.0 0.0 0.0 0.0 0.0 0.0 0.0 0.0 0.0 0.0 0.0 0.0 0.0 0.0 0.0
0.7087655067443848 0.0011746883392333984 0.0017192363739013672 0.0005393028259277344 0.0003790855407714844 0.0009267330169677734 0.0059239864349365234 0.0366668701171875 0.09862518310546875 0.016843318939208984 0.0 0.0 0.0 0.0 0.0 0.0 0.0 0.0 0.0 0.0 0.0 0.0 0.0 0.0 0.0 0.0 0.0 0.0 0.0 0.0 0.0 0.0
0.7120025157928467 0.0001926422119140625 0.0013082027435302734 0.0013267993927001953 0.0005209445953369141 0.0003387928009033203 0.0009021759033203125 0.005433559417724609 0.037012577056884766 0.09482741355895996 0.016726255416870117 0.0 0.0 0.0 0.0 0.0 0.0 0.0 0.0 0.0 0.0 0.0 0.0 0.0 0.0 0.0 0.0 0.0 0.0 0.0 0.0 0.0
0.7126657962799072 3.361701965332031e-05 0.00022554397583007812 0.0009448528289794922 0.0012328624725341797 0.0005033016204833984 0.00037407875061035156 0.0009262561798095703 0.005654096603393555 0.0355219841003418 0.09551119804382324 0.01676201820373535 0.0 0.0 0.0 0.0 0.0 0.0 0.0 0.0 0.0 0.0 0.0 0.0 0.0 0.0 0.0 0.0 0.0 0.0 0.0 0.0
0.7133781909942627 2.002716064453125e-05 4.363059997558594e-05 0.00015807151794433594 0.0008654594421386719 0.0011861324310302734 0.0005137920379638672 0.0003771781921386719 0.0009005069732666016 0.005492448806762695 0.03567790985107422 0.09481954574584961 0.016694307327270508 0.0 0.0 0.0 0.0 0.0 0.0 0.0 0.0 0.0 0.0 0.0 0.0 0.0 0.0 0.0 0.0 0.0 0.0 0.0
0.7159202098846436 4.4345855712890625e-05 2.8371810913085938e-05 3.123283386230469e-05 0.00014448165893554688 0.0008289813995361328 0.0011625289916992188 0.0004980564117431641 0.0003542900085449219 0.0009152889251708984 0.005707979202270508 0.03570151329040527 0.09128308296203613 0.01675868034362793 0.0 0.0 0.0 0.0 0.0 0.0 0.0 0.0 0.0 0.0 0.0 0.0 0.0 0.0 0.0 0.0 0.0 0.0
0.7120203971862793 0.0001614093780517578 6.413459777832031e-05 2.09808349609375e-05 2.7418136596679688e-05 0.0001347064971923828 0.0007889270782470703 0.001104593276977539 0.0004661083221435547 0.00033855438232421875 0.0008463859558105469 0.005204916000366211 0.03520941734313965 0.09723043441772461 0.01688385009765625 0.0 0.0 0.0 0.0 0.0 0.0 0.0 0.0 0.0 0.0 0.0 0.0 0.0 0.0 0.0 0.0 0.0
0.7141401767730713 0.0003058910369873047 0.0002455711364746094 5.650520324707031e-05 1.8835067749023438e-05 2.6702880859375e-05 0.00013518333435058594 0.0007646083831787109 0.0011110305786132812 0.0004584789276123047 0.0003643035888671875 0.0008854866027832031 0.005440711975097656 0.03537631034851074 0.09407758712768555 0.016492843627929688 0.0 0.0 0.0 0.0 0.0 0.0 0.0 0.0 0.0 0.0 0.0 0.0 0.0 0.0 0.0 0.0
0.7101955413818359 0.0001709461212158203 0.00045013427734375 0.00019693374633789062 4.57763671875e-05 1.7642974853515625e-05 2.5272369384765625e-05 0.00012373924255371094 0.0007159709930419922 0.0010340213775634766 0.0004439353942871094 0.00033855438232421875 0.0009377002716064453 0.0067064762115478516 0.03858017921447754 0.09422945976257324 0.01701498031616211 0.0 0.0 0.0 0.0 0.0 0.0 0.0 0.0 0.0 0.0 0.0 0.0 0.0 0.0 0.0
0.715198278427124 6.127357482910156e-05 0.00026679039001464844 0.0003771781921386719 0.00018715858459472656 4.601478576660156e-05 1.8835067749023438e-05 2.5272369384765625e-05 0.00011444091796875 0.0006897449493408203 0.0010342597961425781 0.00045371055603027344 0.00032973289489746094 0.0008599758148193359 0.005306720733642578 0.03549385070800781 0.09242749214172363 0.016709089279174805 0.0 0.0 0.0 0.0 0.0 0.0 0.0 0.0 0.0 0.0 0.0 0.0 0.0 0.0
0.7160308361053467 4.863739013671875e-05 0.00010466575622558594 0.00020503997802734375 0.00032639503479003906 0.0001766681671142578 4.482269287109375e-05 1.7881393432617188e-05 2.2649765014648438e-05 0.0001125335693359375 0.0006799697875976562 0.0009927749633789062 0.0004324913024902344 0.000339508056640625 0.0008647441864013672 0.0051784515380859375 0.033608436584472656 0.09331202507019043 0.0167844295501709 0.0 0.0 0.0 0.0 0.0 0.0 0.0 0.0 0.0 0.0 0.0 0.0 0.0
0.713585376739502 9.775161743164062e-05 7.081031799316406e-05 7.62939453125e-05 0.0001747608184814453 0.0003058910369873047 0.00016260147094726562 4.291534423828125e-05 1.5974044799804688e-05 2.2649765014648438e-05 0.00010848045349121094 0.000652313232421875 0.0009706020355224609 0.00046253204345703125 0.00032067298889160156 0.0008366107940673828 0.005127429962158203 0.034818410873413086 0.09485292434692383 0.017355918884277344 0.0 0.0 0.0 0.0 0.0 0.0 0.0 0.0 0.0 0.0 0.0 0.0
0.7136402130126953 0.0002684593200683594 0.00011873245239257812 5.221366882324219e-05 6.556510925292969e-05 0.00016736984252929688 0.0002923011779785156 0.0001666545867919922 4.029273986816406e-05 1.5020370483398438e-05 2.0742416381835938e-05 0.00010442733764648438 0.0006279945373535156 0.0009605884552001953 0.0004162788391113281 0.0003116130828857422 0.0008387565612792969 0.005037784576416016 0.03466320037841797 0.09563517570495605 0.01656937599182129 0.0 0.0 0.0 0.0 0.0 0.0 0.0 0.0 0.0 0.0 0.0
0.7152590751647949 0.00028824806213378906 0.0002830028533935547 9.274482727050781e-05 4.553794860839844e-05 6.103515625e-05 0.0001537799835205078 0.0002837181091308594 0.0001552104949951172 3.910064697265625e-05 1.5020370483398438e-05 2.1219253540039062e-05 0.00010037422180175781 0.0006296634674072266 0.0009322166442871094 0.00043320655822753906 0.00033926963806152344 0.0008790493011474609 0.005377292633056641 0.03639626502990723 0.0911397933959961 0.016692161560058594 0.0 0.0 0.0 0.0 0.0 0.0 0.0 0.0 0.0 0.0
0.7152607440948486 9.751319885253906e-05 0.00029087066650390625 0.0002288818359375 8.273124694824219e-05 4.1484832763671875e-05 5.602836608886719e-05 0.0001518726348876953 0.00027108192443847656 0.00014781951904296875 3.886222839355469e-05 1.4543533325195312e-05 1.9550323486328125e-05 9.846687316894531e-05 0.0006046295166015625 0.0009367465972900391 0.0004363059997558594 0.0003287792205810547 0.0008449554443359375 0.005205631256103516 0.03480029106140137 0.09283065795898438 0.016777992248535156 0.0 0.0 0.0 0.0 0.0 0.0 0.0 0.0 0.0
0.714097261428833 2.7894973754882812e-05 0.00011873245239257812 0.0002446174621582031 0.00021123886108398438 8.0108642578125e-05 4.100799560546875e-05 5.7697296142578125e-05 0.00014638900756835938 0.00026154518127441406 0.00014638900756835938 3.719329833984375e-05 1.4066696166992188e-05 1.9550323486328125e-05 9.679794311523438e-05 0.0006003379821777344 0.0009276866912841797 0.00043272972106933594 0.0003287792205810547 0.0008745193481445312 0.005380153656005859 0.0363917350769043 0.09291458129882812 0.016501903533935547 0.0 0.0 0.0 0.0 0.0 0.0 0.0 0.0
0.7110714912414551 1.7404556274414062e-05 4.506111145019531e-05 9.655952453613281e-05 0.00023031234741210938 0.0002052783966064453 7.939338684082031e-05 4.029273986816406e-05 5.412101745605469e-05 0.000141143798828125 0.00025916099548339844 0.00014138221740722656 3.695487976074219e-05 1.430511474609375e-05 2.0265579223632812e-05 9.679794311523438e-05 0.0005860328674316406 0.0008828639984130859 0.00042128562927246094 0.00033593177795410156 0.0008709430694580078 0.005384683609008789 0.04046010971069336 0.09302854537963867 0.01642918586730957 0.0 0.0 0.0 0.0 0.0 0.0 0.0
0.7147538661956787 3.814697265625e-05 3.409385681152344e-05 3.266334533691406e-05 8.845329284667969e-05 0.00022411346435546875 0.00020694732666015625 7.963180541992188e-05 3.790855407714844e-05 5.245208740234375e-05 0.0001437664031982422 0.0002562999725341797 0.0001392364501953125 3.743171691894531e-05 1.5020370483398438e-05 2.002716064453125e-05 9.655952453613281e-05 0.0005698204040527344 0.0008995532989501953 0.0004291534423828125 0.0003516674041748047 0.0008718967437744141 0.005326986312866211 0.03484654426574707 0.09367609024047852 0.016479015350341797 0.0 0.0 0.0 0.0 0.0 0.0
0.7131204605102539 0.00013256072998046875 7.653236389160156e-05 2.574920654296875e-05 3.170967102050781e-05 8.416175842285156e-05 0.0002238750457763672 0.00019598007202148438 7.367134094238281e-05 3.814697265625e-05 5.245208740234375e-05 0.00013971328735351562 0.00023937225341796875 0.0001380443572998047 3.62396240234375e-05 1.3828277587890625e-05 1.9550323486328125e-05 9.34600830078125e-05 0.0005698204040527344 0.0008819103240966797 0.0004413127899169922 0.0003247261047363281 0.0008716583251953125 0.005454540252685547 0.0361330509185791 0.09420919418334961 0.01661396026611328 0.0 0.0 0.0 0.0 0.0
0.713484525680542 0.00019550323486328125 0.00023102760314941406 5.817413330078125e-05 2.4080276489257812e-05 2.8848648071289062e-05 8.296966552734375e-05 0.00021338462829589844 0.00019097328186035156 7.128715515136719e-05 3.6716461181640625e-05 5.030632019042969e-05 0.0001304149627685547 0.0002560615539550781 0.00013566017150878906 3.552436828613281e-05 1.4543533325195312e-05 1.9073486328125e-05 9.369850158691406e-05 0.0005629062652587891 0.0008852481842041016 0.00042724609375 0.00034356117248535156 0.0008783340454101562 0.005265235900878906 0.0345149040222168 0.09502267837524414 0.016854524612426758 0.0 0.0 0.0 0.0
0.7098979949951172 6.437301635742188e-05 0.00027489662170410156 0.00017118453979492188 5.125999450683594e-05 2.09808349609375e-05 2.6702880859375e-05 7.963180541992188e-05 0.00019979476928710938 0.0001780986785888672 6.794929504394531e-05 3.528594970703125e-05 4.7206878662109375e-05 0.00013399124145507812 0.00023603439331054688 0.00013208389282226562 3.4809112548828125e-05 1.3113021850585938e-05 1.8596649169921875e-05 9.059906005859375e-05 0.0005710124969482422 0.0008838176727294922 0.0004146099090576172 0.00032591819763183594 0.0009067058563232422 0.006673097610473633 0.037035226821899414 0.0960988998413086 0.016588926315307617 0.0 0.0 0.0
0.7154760360717773 1.3113021850585938e-05 8.869171142578125e-05 0.00020122528076171875 0.0001571178436279297 4.863739013671875e-05 2.09808349609375e-05 2.7179718017578125e-05 7.62939453125e-05 0.0001933574676513672 0.00017547607421875 6.771087646484375e-05 3.409385681152344e-05 5.555152893066406e-05 0.000133514404296875 0.0002346038818359375 0.0001342296600341797 3.3855438232421875e-05 1.3589859008789062e-05 1.9550323486328125e-05 0.00010061264038085938 0.0005562305450439453 0.0008676052093505859 0.0004372596740722656 0.0004086494445800781 0.0010952949523925781 0.005896329879760742 0.03687429428100586 0.08949899673461914 0.016665220260620117 0.0 0.0
0.7184128761291504 6.4373016357421875e-06 2.0265579223632812e-05 6.008148193359375e-05 0.00017976760864257812 0.00014638900756835938 4.553794860839844e-05 2.002716064453125e-05 2.5272369384765625e-05 7.176399230957031e-05 0.0001823902130126953 0.0001678466796875 6.437301635742188e-05 3.4809112548828125e-05 4.887580871582031e-05 0.00012540817260742188 0.00022673606872558594 0.00012969970703125 3.552436828613281e-05 1.5020370483398438e-05 2.002716064453125e-05 8.821487426757812e-05 0.0005371570587158203 0.0008764266967773438 0.0004687309265136719 0.0003685951232910156 0.0010371208190917969 0.0055751800537109375 0.034368276596069336 0.08803987503051758 0.017258882522583008 0.0
0.717111349105835 1.5735626220703125e-05 1.049041748046875e-05 1.1920928955078125e-05 5.1975250244140625e-05 0.0001659393310546875 0.0001392364501953125 4.57763671875e-05 1.8358230590820312e-05 2.3603439331054688e-05 6.961822509765625e-05 0.00017762184143066406 0.00016379356384277344 6.413459777832031e-05 3.337860107421875e-05 4.601478576660156e-05 0.00012040138244628906 0.00022912025451660156 0.00012826919555664062 3.4332275390625e-05 1.3589859008789062e-05 1.811981201171875e-05 8.606910705566406e-05 0.0005359649658203125 0.0008552074432373047 0.0004382133483886719 0.00035119056701660156 0.0008673667907714844 0.005259990692138672 0.03393888473510742 0.09144949913024902 0.016509532928466797
