0.8284270763397217 0.0 0.0 0.0 0.0 0.0 0.0 0.0 0.0 0.0 0.0 0.0 0.0 0.0 0.0 0.0 0.0 0.0 0.0 0.0 0.0 0.0 0.0 0.0 0.0 0.0 0.0 0.0 0.0 0.0 0.0 0.0
0.7927272319793701 0.04957175254821777 0.0 0.0 0.0 0.0 0.0 0.0 0.0 0.0 0.0 0.0 0.0 0.0 0.0 0.0 0.0 0.0 0.0 0.0 0.0 0.0 0.0 0.0 0.0 0.0 0.0 0.0 0.0 0.0 0.0 0.0
0.7000720500946045 0.11913633346557617 0.05398201942443848 0.0 0.0 0.0 0.0 0.0 0.0 0.0 0.0 0.0 0.0 0.0 0.0 0.0 0.0 0.0 0.0 0.0 0.0 0.0 0.0 0.0 0.0 0.0 0.0 0.0 0.0 0.0 0.0 0.0
0.6838207244873047 0.04795718193054199 0.08957552909851074 0.05832171440124512 0.0 0.0 0.0 0.0 0.0 0.0 0.0 0.0 0.0 0.0 0.0 0.0 0.0 0.0 0.0 0.0 0.0 0.0 0.0 0.0 0.0 0.0 0.0 0.0 0.0 0.0 0.0 0.0
0.6765787601470947 0.01683974266052246 0.03394651412963867 0.09235191345214844 0.062380313873291016 0.0 0.0 0.0 0.0 0.0 0.0 0.0 0.0 0.0 0.0 0.0 0.0 0.0 0.0 0.0 0.0 0.0 0.0 0.0 0.0 0.0 0.0 0.0 0.0 0.0 0.0 0.0
0.6639578342437744 0.008047103881835938 0.013471603393554688 0.03521108627319336 0.09964680671691895 0.06553006172180176 0.0 0.0 0.0 0.0 0.0 0.0 0.0 0.0 0.0 0.0 0.0 0.0 0.0 0.0 0.0 0.0 0.0 0.0 0.0 0.0 0.0 0.0 0.0 0.0 0.0 0.0
0.6580367088317871 0.004335165023803711 0.005728721618652344 0.013687372207641602 0.03784966468811035 0.10226249694824219 0.06573772430419922 0.0 0.0 0.0 0.0 0.0 0.0 0.0 0.0 0.0 0.0 0.0 0.0 0.0 0.0 0.0 0.0 0.0 0.0 0.0 0.0 0.0 0.0 0.0 0.0 0.0
0.6518454551696777 0.003386259078979492 0.00356292724609375 0.006905317306518555 0.015460491180419922 0.039954423904418945 0.10415267944335938 0.0642848014831543 0.0 0.0 0.0 0.0 0.0 0.0 0.0 0.0 0.0 0.0 0.0 0.0 0.0 0.0 0.0 0.0 0.0 0.0 0.0 0.0 0.0 0.0 0.0 0.0
0.6452784538269043 0.0025556087493896484 0.0028085708618164062 0.004196643829345703 0.008453845977783203 0.01605224609375 0.04094076156616211 0.10501980781555176 0.06623625755310059 0.0 0.0 0.0 0.0 0.0 0.0 0.0 0.0 0.0 0.0 0.0 0.0 0.0 0.0 0.0 0.0 0.0 0.0 0.0 0.0 0.0 0.0 0.0
0.6381871700286865 0.0015494823455810547 0.0022881031036376953 0.0030934810638427734 0.004445552825927734 0.008167266845703125 0.016148805618286133 0.04100513458251953 0.11165237426757812 0.06689620018005371 0.0 0.0 0.0 0.0 0.0 0.0 0.0 0.0 0.0 0.0 0.0 0.0 0.0 0.0 0.0 0.0 0.0 0.0 0.0 0.0 0.0 0.0
0.6396746635437012 0.0007882118225097656 0.001520395278930664 0.0023713111877441406 0.0033807754516601562 0.004801273345947266 0.007825374603271484 0.016412734985351562 0.04154610633850098 0.10755014419555664 0.06728839874267578 0.0 0.0 0.0 0.0 0.0 0.0 0.0 0.0 0.0 0.0 0.0 0.0 0.0 0.0 0.0 0.0 0.0 0.0 0.0 0.0 0.0
0.6349942684173584 0.0005395412445068359 0.0007967948913574219 0.001859426498413086 0.003525972366333008 0.0034012794494628906 0.004594326019287109 0.008296728134155273 0.016704559326171875 0.0420076847076416 0.11032485961914062 0.06743097305297852 0.0 0.0 0.0 0.0 0.0 0.0 0.0 0.0 0.0 0.0 0.0 0.0 0.0 0.0 0.0 0.0 0.0 0.0 0.0 0.0
0.6293156147003174 0.0005855560302734375 0.0006778240203857422 0.0013744831085205078 0.003294706344604492 0.0023758411407470703 0.0032265186309814453 0.004872322082519531 0.008672952651977539 0.01714801788330078 0.04285836219787598 0.11213994026184082 0.06953620910644531 0.0 0.0 0.0 0.0 0.0 0.0 0.0 0.0 0.0 0.0 0.0 0.0 0.0 0.0 0.0 0.0 0.0 0.0 0.0
0.6323955059051514 0.0006237030029296875 0.0005068778991699219 0.0007393360137939453 0.0014605522155761719 0.0014758110046386719 0.002188444137573242 0.003365039825439453 0.0052814483642578125 0.008752107620239258 0.01724410057067871 0.044191598892211914 0.11111736297607422 0.06590986251831055 0.0 0.0 0.0 0.0 0.0 0.0 0.0 0.0 0.0 0.0 0.0 0.0 0.0 0.0 0.0 0.0 0.0 0.0
0.63236403465271 0.0005774497985839844 0.0005273818969726562 0.0006093978881835938 0.0008993148803710938 0.0008533000946044922 0.00133514404296875 0.0022652149200439453 0.0037279129028320312 0.0054590702056884766 0.008607149124145508 0.0182950496673584 0.045977115631103516 0.10731148719787598 0.06659412384033203 0.0 0.0 0.0 0.0 0.0 0.0 0.0 0.0 0.0 0.0 0.0 0.0 0.0 0.0 0.0 0.0 0.0
0.6337928771972656 0.00034236907958984375 0.0005035400390625 0.000514984130859375 0.0005745887756347656 0.0005667209625244141 0.0007040500640869141 0.0012996196746826172 0.0023970603942871094 0.0035257339477539062 0.005045890808105469 0.008449316024780273 0.017916202545166016 0.04210948944091797 0.11009359359741211 0.0670323371887207 0.0 0.0 0.0 0.0 0.0 0.0 0.0 0.0 0.0 0.0 0.0 0.0 0.0 0.0 0.0 0.0
0.6316487789154053 0.00019073486328125 0.0004086494445800781 0.0005028247833251953 0.0005280971527099609 0.00048232078552246094 0.0005135536193847656 0.0007433891296386719 0.0015840530395507812 0.002557039260864258 0.003547191619873047 0.004727363586425781 0.00861358642578125 0.018817901611328125 0.047446489334106445 0.10709571838378906 0.06619954109191895 0.0 0.0 0.0 0.0 0.0 0.0 0.0 0.0 0.0 0.0 0.0 0.0 0.0 0.0 0.0
0.62656569480896 0.0001289844512939453 0.0002586841583251953 0.000370025634765625 0.0005004405975341797 0.0005168914794921875 0.000492095947265625 0.0005090236663818359 0.0008406639099121094 0.001585245132446289 0.0027832984924316406 0.003568410873413086 0.00513458251953125 0.008755922317504883 0.01819920539855957 0.04416942596435547 0.11591267585754395 0.06649494171142578 0.0 0.0 0.0 0.0 0.0 0.0 0.0 0.0 0.0 0.0 0.0 0.0 0.0 0.0
0.6337220668792725 0.00014066696166992188 0.00016832351684570312 0.0002434253692626953 0.0003542900085449219 0.0005271434783935547 0.0004870891571044922 0.0004496574401855469 0.0004982948303222656 0.0007476806640625 0.0014221668243408203 0.002371549606323242 0.003470897674560547 0.00496673583984375 0.0086517333984375 0.017318010330200195 0.04348397254943848 0.10873866081237793 0.06717801094055176 0.0 0.0 0.0 0.0 0.0 0.0 0.0 0.0 0.0 0.0 0.0 0.0 0.0
0.6320276260375977 0.0002396106719970703 0.00017523765563964844 0.00016951560974121094 0.0002357959747314453 0.0003662109375 0.0004856586456298828 0.0005040168762207031 0.0004971027374267578 0.0005497932434082031 0.0008392333984375 0.0014421939849853516 0.002248525619506836 0.0032918453216552734 0.004942417144775391 0.008126258850097656 0.01738762855529785 0.04322338104248047 0.11231470108032227 0.06624746322631836 0.0 0.0 0.0 0.0 0.0 0.0 0.0 0.0 0.0 0.0 0.0 0.0
0.6329138278961182 0.0003199577331542969 0.000240325927734375 0.0001800060272216797 0.0001850128173828125 0.0002434253692626953 0.0003535747528076172 0.0004851818084716797 0.0005512237548828125 0.0004830360412597656 0.0005609989166259766 0.0007941722869873047 0.0013422966003417969 0.0024297237396240234 0.003426074981689453 0.004692792892456055 0.008727312088012695 0.0174562931060791 0.04207348823547363 0.1111602783203125 0.06649661064147949 0.0 0.0 0.0 0.0 0.0 0.0 0.0 0.0 0.0 0.0 0.0
0.6330645084381104 0.00026607513427734375 0.0002665519714355469 0.00022840499877929688 0.00018835067749023438 0.0001995563507080078 0.0002446174621582031 0.00035309791564941406 0.0004723072052001953 0.0005238056182861328 0.00048089027404785156 0.0005776882171630859 0.0007789134979248047 0.0013070106506347656 0.0023915767669677734 0.003355264663696289 0.005043745040893555 0.008436441421508789 0.01711750030517578 0.0436701774597168 0.11077880859375 0.06534600257873535 0.0 0.0 0.0 0.0 0.0 0.0 0.0 0.0 0.0 0.0
0.634291410446167 0.0001647472381591797 0.00024008750915527344 0.0002808570861816406 0.00023937225341796875 0.00021147727966308594 0.0002048015594482422 0.00023174285888671875 0.0003695487976074219 0.000453948974609375 0.0005230903625488281 0.0005471706390380859 0.0005779266357421875 0.0008053779602050781 0.0012943744659423828 0.002224445343017578 0.0033380985260009766 0.0047986507415771484 0.008035898208618164 0.01702284812927246 0.04368400573730469 0.10704851150512695 0.0682229995727539 0.0 0.0 0.0 0.0 0.0 0.0 0.0 0.0 0.0
0.6355423927307129 0.00012111663818359375 0.00015997886657714844 0.0002262592315673828 0.00026106834411621094 0.00025463104248046875 0.00019431114196777344 0.00019049644470214844 0.00022840499877929688 0.00036025047302246094 0.00045561790466308594 0.0004956722259521484 0.0004646778106689453 0.0005333423614501953 0.0007092952728271484 0.0013148784637451172 0.0020668506622314453 0.0032629966735839844 0.004768848419189453 0.008313655853271484 0.017240285873413086 0.042047739028930664 0.10860705375671387 0.06658935546875 0.0 0.0 0.0 0.0 0.0 0.0 0.0 0.0
0.6348469257354736 0.00013327598571777344 0.0001285076141357422 0.00015878677368164062 0.00021696090698242188 0.00028204917907714844 0.0002372264862060547 0.00019884109497070312 0.00018453598022460938 0.00021886825561523438 0.0003688335418701172 0.0004506111145019531 0.00048160552978515625 0.00043272972106933594 0.0005025863647460938 0.0007266998291015625 0.0011966228485107422 0.0021643638610839844 0.003322124481201172 0.004771232604980469 0.008298158645629883 0.01704263687133789 0.04347681999206543 0.10819005966186523 0.0666046142578125 0.0 0.0 0.0 0.0 0.0 0.0 0.0
0.6296181678771973 0.00021076202392578125 0.0001480579376220703 0.000133514404296875 0.00015234947204589844 0.00022029876708984375 0.00026345252990722656 0.00022935867309570312 0.00021123886108398438 0.0002052783966064453 0.00024199485778808594 0.0003459453582763672 0.00044345855712890625 0.0004425048828125 0.0004448890686035156 0.0005216598510742188 0.0007047653198242188 0.0013413429260253906 0.0023872852325439453 0.003461122512817383 0.004998683929443359 0.00864720344543457 0.018529891967773438 0.044222116470336914 0.11026287078857422 0.06771421432495117 0.0 0.0 0.0 0.0 0.0 0.0
0.6321275234222412 0.0002777576446533203 0.00020384788513183594 0.00015211105346679688 0.00013136863708496094 0.00015807151794433594 0.00021123886108398438 0.0002460479736328125 0.00024819374084472656 0.00019311904907226562 0.00019669532775878906 0.0002512931823730469 0.00036525726318359375 0.0004296302795410156 0.0004496574401855469 0.00045800209045410156 0.0004892349243164062 0.0007803440093994141 0.001285552978515625 0.0022156238555908203 0.003295421600341797 0.004827976226806641 0.008372068405151367 0.017242908477783203 0.04338479042053223 0.10987091064453125 0.06751012802124023 0.0 0.0 0.0 0.0 0.0
0.6284909248352051 0.0001971721649169922 0.00024366378784179688 0.00022602081298828125 0.0001595020294189453 0.00013399124145507812 0.0001499652862548828 0.0001976490020751953 0.00026488304138183594 0.00023889541625976562 0.00020623207092285156 0.0001990795135498047 0.000225067138671875 0.000316619873046875 0.0004181861877441406 0.0004603862762451172 0.0004413127899169922 0.0005342960357666016 0.0007810592651367188 0.001234292984008789 0.002290010452270508 0.003258228302001953 0.0050470829010009766 0.008693456649780273 0.01758289337158203 0.04321694374084473 0.11438322067260742 0.06670212745666504 0.0 0.0 0.0 0.0
0.6313316822052002 9.393692016601562e-05 0.00017023086547851562 0.00024509429931640625 0.00022220611572265625 0.0001595020294189453 0.00011968612670898438 0.00013780593872070312 0.0002002716064453125 0.0002377033233642578 0.00024008750915527344 0.0001862049102783203 0.00017189979553222656 0.0002052783966064453 0.000301361083984375 0.0004229545593261719 0.0004436969757080078 0.0004711151123046875 0.0005629062652587891 0.0006802082061767578 0.0012927055358886719 0.0021822452545166016 0.0033807754516601562 0.004991769790649414 0.008456945419311523 0.017305374145507812 0.04355812072753906 0.10930991172790527 0.06853199005126953 0.0 0.0 0.0
0.6328370571136475 6.079673767089844e-05 8.487701416015625e-05 0.0001595020294189453 0.0002510547637939453 0.00022745132446289062 0.0001513957977294922 0.0001270771026611328 0.00014138221740722656 0.00019025802612304688 0.00024080276489257812 0.00023293495178222656 0.0001857280731201172 0.0001862049102783203 0.00022339820861816406 0.00032973289489746094 0.0004458427429199219 0.0004394054412841797 0.00046563148498535156 0.0004513263702392578 0.0007176399230957031 0.0013628005981445312 0.0023005008697509766 0.0033550262451171875 0.004807710647583008 0.008630752563476562 0.017481327056884766 0.044995784759521484 0.10797381401062012 0.06619977951049805 0.0 0.0
0.6353087425231934 7.104873657226562e-05 5.8650970458984375e-05 7.867813110351562e-05 0.0001590251922607422 0.0002505779266357422 0.0002162456512451172 0.00015282630920410156 0.0001251697540283203 0.00015044212341308594 0.00018835067749023438 0.00024819374084472656 0.0002219676971435547 0.00018715858459472656 0.00018930435180664062 0.00024366378784179688 0.0003108978271484375 0.00041365623474121094 0.00045371055603027344 0.0004417896270751953 0.0005397796630859375 0.0007312297821044922 0.0012769699096679688 0.0021452903747558594 0.0034570693969726562 0.005029439926147461 0.008890867233276367 0.017575740814208984 0.042394161224365234 0.10704350471496582 0.06603145599365234 0.0
0.6366243362426758 0.00012731552124023438 6.175041198730469e-05 4.839897155761719e-05 7.939338684082031e-05 0.0001704692840576172 0.00024271011352539062 0.00021600723266601562 0.00015425682067871094 0.00012445449829101562 0.0001552104949951172 0.00018739700317382812 0.00022721290588378906 0.00021910667419433594 0.00019407272338867188 0.00019407272338867188 0.00021028518676757812 0.0002803802490234375 0.00039076805114746094 0.00041937828063964844 0.0004429817199707031 0.0004990100860595703 0.0007281303405761719 0.0013015270233154297 0.002286672592163086 0.0032694339752197266 0.004793882369995117 0.008237600326538086 0.017345190048217773 0.04244518280029297 0.10678625106811523 0.06573367118835449
