0.8284270763397217 0.0 0.0 0.0 0.0 0.0 0.0 0.0 0.0 0.0 0.0 0.0 0.0 0.0 0.0 0.0 0.0 0.0 0.0 0.0 0.0 0.0 0.0 0.0 0.0 0.0 0.0 0.0 0.0 0.0 0.0 0.0
0.5229361057281494 0.37375903129577637 0.0 0.0 0.0 0.0 0.0 0.0 0.0 0.0 0.0 0.0 0.0 0.0 0.0 0.0 0.0 0.0 0.0 0.0 0.0 0.0 0.0 0.0 0.0 0.0 0.0 0.0 0.0 0.0 0.0 0.0
0.5284872055053711 0.09799361228942871 0.2814931869506836 0.0 0.0 0.0 0.0 0.0 0.0 0.0 0.0 0.0 0.0 0.0 0.0 0.0 0.0 0.0 0.0 0.0 0.0 0.0 0.0 0.0 0.0 0.0 0.0 0.0 0.0 0.0 0.0 0.0
0.5023226737976074 0.027184247970581055 0.10855436325073242 0.27660489082336426 0.0 0.0 0.0 0.0 0.0 0.0 0.0 0.0 0.0 0.0 0.0 0.0 0.0 0.0 0.0 0.0 0.0 0.0 0.0 0.0 0.0 0.0 0.0 0.0 0.0 0.0 0.0 0.0
0.4857611656188965 0.01128530502319336 0.027457475662231445 0.1094813346862793 0.28368330001831055 0.0 0.0 0.0 0.0 0.0 0.0 0.0 0.0 0.0 0.0 0.0 0.0 0.0 0.0 0.0 0.0 0.0 0.0 0.0 0.0 0.0 0.0 0.0 0.0 0.0 0.0 0.0
0.4723353385925293 0.00861215591430664 0.010320901870727539 0.029231548309326172 0.11826086044311523 0.28184986114501953 0.0 0.0 0.0 0.0 0.0 0.0 0.0 0.0 0.0 0.0 0.0 0.0 0.0 0.0 0.0 0.0 0.0 0.0 0.0 0.0 0.0 0.0 0.0 0.0 0.0 0.0
0.46073365211486816 0.008680582046508789 0.006894111633300781 0.010721683502197266 0.03167271614074707 0.11782550811767578 0.28615283966064453 0.0 0.0 0.0 0.0 0.0 0.0 0.0 0.0 0.0 0.0 0.0 0.0 0.0 0.0 0.0 0.0 0.0 0.0 0.0 0.0 0.0 0.0 0.0 0.0 0.0
0.46031641960144043 0.00825643539428711 0.006911039352416992 0.00762486457824707 0.011694908142089844 0.03437495231628418 0.117950439453125 0.276883602142334 0.0 0.0 0.0 0.0 0.0 0.0 0.0 0.0 0.0 0.0 0.0 0.0 0.0 0.0 0.0 0.0 0.0 0.0 0.0 0.0 0.0 0.0 0.0 0.0
0.45151376724243164 0.005919218063354492 0.0064220428466796875 0.007290840148925781 0.007758617401123047 0.013262510299682617 0.03180646896362305 0.11849665641784668 0.28272056579589844 0.0 0.0 0.0 0.0 0.0 0.0 0.0 0.0 0.0 0.0 0.0 0.0 0.0 0.0 0.0 0.0 0.0 0.0 0.0 0.0 0.0 0.0 0.0
0.4476041793823242 0.004086017608642578 0.004649639129638672 0.006221294403076172 0.007082939147949219 0.008383750915527344 0.012227296829223633 0.033182382583618164 0.12332940101623535 0.27945590019226074 0.0 0.0 0.0 0.0 0.0 0.0 0.0 0.0 0.0 0.0 0.0 0.0 0.0 0.0 0.0 0.0 0.0 0.0 0.0 0.0 0.0 0.0
0.45215487480163574 0.0033338069915771484 0.002900838851928711 0.004383563995361328 0.0062122344970703125 0.007825613021850586 0.0080718994140625 0.01296377182006836 0.03273487091064453 0.11869096755981445 0.27660679817199707 0.0 0.0 0.0 0.0 0.0 0.0 0.0 0.0 0.0 0.0 0.0 0.0 0.0 0.0 0.0 0.0 0.0 0.0 0.0 0.0 0.0
0.4495668411254883 0.0041086673736572266 0.0022606849670410156 0.002826213836669922 0.00445866584777832 0.0069446563720703125 0.0073621273040771484 0.008599042892456055 0.01359415054321289 0.03341412544250488 0.12073659896850586 0.27295541763305664 0.0 0.0 0.0 0.0 0.0 0.0 0.0 0.0 0.0 0.0 0.0 0.0 0.0 0.0 0.0 0.0 0.0 0.0 0.0 0.0
0.4408869743347168 0.0052378177642822266 0.002458333969116211 0.002080678939819336 0.0027189254760742188 0.004556894302368164 0.006391763687133789 0.007718324661254883 0.00867915153503418 0.013432741165161133 0.034354448318481445 0.1211707592010498 0.2782857418060303 0.0 0.0 0.0 0.0 0.0 0.0 0.0 0.0 0.0 0.0 0.0 0.0 0.0 0.0 0.0 0.0 0.0 0.0 0.0
0.4432532787322998 0.00517725944519043 0.0031337738037109375 0.002244710922241211 0.0020699501037597656 0.0028390884399414062 0.004399776458740234 0.0066928863525390625 0.007818222045898438 0.008729696273803711 0.013529539108276367 0.034688711166381836 0.12182402610778809 0.2718772888183594 0.0 0.0 0.0 0.0 0.0 0.0 0.0 0.0 0.0 0.0 0.0 0.0 0.0 0.0 0.0 0.0 0.0 0.0
0.4395787715911865 0.003099203109741211 0.00316619873046875 0.0027773380279541016 0.0021800994873046875 0.0021915435791015625 0.0027992725372314453 0.004542827606201172 0.006806135177612305 0.007695674896240234 0.008955240249633789 0.013843774795532227 0.03518939018249512 0.12388801574707031 0.2721974849700928 0.0 0.0 0.0 0.0 0.0 0.0 0.0 0.0 0.0 0.0 0.0 0.0 0.0 0.0 0.0 0.0 0.0
0.43709826469421387 0.0016067028045654297 0.0021173954010009766 0.0028052330017089844 0.0026912689208984375 0.002268552780151367 0.0021970272064208984 0.0028569698333740234 0.00471043586730957 0.006838321685791016 0.008152484893798828 0.008982181549072266 0.013402700424194336 0.03441596031188965 0.12263226509094238 0.2762179374694824 0.0 0.0 0.0 0.0 0.0 0.0 0.0 0.0 0.0 0.0 0.0 0.0 0.0 0.0 0.0 0.0
0.43886518478393555 0.0011210441589355469 0.0012137889862060547 0.0019044876098632812 0.002666473388671875 0.0027456283569335938 0.002267122268676758 0.0021820068359375 0.002977132797241211 0.004608869552612305 0.0067577362060546875 0.007940292358398438 0.008671283721923828 0.013242721557617188 0.03490281105041504 0.12335968017578125 0.27350640296936035 0.0 0.0 0.0 0.0 0.0 0.0 0.0 0.0 0.0 0.0 0.0 0.0 0.0 0.0 0.0
0.43381500244140625 0.001252889633178711 0.0008122920989990234 0.0010800361633300781 0.0018267631530761719 0.0027272701263427734 0.0028269290924072266 0.0023543834686279297 0.00222015380859375 0.0028533935546875 0.0046732425689697266 0.0068280696868896484 0.008002519607543945 0.008730888366699219 0.013401508331298828 0.03591346740722656 0.12967824935913086 0.2709653377532959 0.0 0.0 0.0 0.0 0.0 0.0 0.0 0.0 0.0 0.0 0.0 0.0 0.0 0.0
0.4349629878997803 0.0019314289093017578 0.0008702278137207031 0.0007612705230712891 0.001041412353515625 0.0018837451934814453 0.002699613571166992 0.0027747154235839844 0.00235748291015625 0.002095460891723633 0.0028541088104248047 0.004591464996337891 0.006655216217041016 0.00788426399230957 0.008907794952392578 0.013837099075317383 0.03523063659667969 0.12334084510803223 0.27490687370300293 0.0 0.0 0.0 0.0 0.0 0.0 0.0 0.0 0.0 0.0 0.0 0.0 0.0
0.43073153495788574 0.002591371536254883 0.0012350082397460938 0.0008077621459960938 0.0007352828979492188 0.0011341571807861328 0.001842498779296875 0.0027093887329101562 0.0028314590454101562 0.0022430419921875 0.0022046566009521484 0.0027942657470703125 0.004467487335205078 0.006628990173339844 0.007906436920166016 0.008839130401611328 0.01365518569946289 0.03609919548034668 0.1263108253479004 0.27457475662231445 0.0 0.0 0.0 0.0 0.0 0.0 0.0 0.0 0.0 0.0 0.0 0.0
0.43357062339782715 0.0022192001342773438 0.001718282699584961 0.0011653900146484375 0.0007853507995605469 0.0007660388946533203 0.0010395050048828125 0.0018172264099121094 0.0026924610137939453 0.002755403518676758 0.0022935867309570312 0.0021402835845947266 0.0027894973754882812 0.004423856735229492 0.0066623687744140625 0.007884502410888672 0.00888204574584961 0.013739824295043945 0.035248756408691406 0.12275981903076172 0.27460360527038574 0.0 0.0 0.0 0.0 0.0 0.0 0.0 0.0 0.0 0.0 0.0
0.43443727493286133 0.0012767314910888672 0.0015256404876708984 0.0015680789947509766 0.0011289119720458984 0.0008482933044433594 0.0007200241088867188 0.0010271072387695312 0.0017862319946289062 0.002638101577758789 0.0027997493743896484 0.002301454544067383 0.0021240711212158203 0.0027036666870117188 0.004392385482788086 0.006592273712158203 0.007891178131103516 0.008961677551269531 0.013774871826171875 0.03542637825012207 0.1245119571685791 0.27163267135620117 0.0 0.0 0.0 0.0 0.0 0.0 0.0 0.0 0.0 0.0
0.427839994430542 0.0008287429809570312 0.0009558200836181641 0.0014998912811279297 0.0015902519226074219 0.0012204647064208984 0.000820159912109375 0.0007662773132324219 0.0011186599731445312 0.0017993450164794922 0.0028128623962402344 0.0029478073120117188 0.002385377883911133 0.002062559127807617 0.002803325653076172 0.0045015811920166016 0.0067331790924072266 0.008102893829345703 0.009077310562133789 0.014207839965820312 0.0367124080657959 0.12676095962524414 0.27352023124694824 0.0 0.0 0.0 0.0 0.0 0.0 0.0 0.0 0.0
0.42774367332458496 0.0008027553558349609 0.0005865097045898438 0.0008947849273681641 0.0013954639434814453 0.0015811920166015625 0.0011467933654785156 0.0007977485656738281 0.0007517337799072266 0.0010380744934082031 0.001863718032836914 0.0027561187744140625 0.002751588821411133 0.002222776412963867 0.0020880699157714844 0.0028035640716552734 0.0044476985931396484 0.0066070556640625 0.00803995132446289 0.009239435195922852 0.014215707778930664 0.036388397216796875 0.12772011756896973 0.27319812774658203 0.0 0.0 0.0 0.0 0.0 0.0 0.0 0.0
0.42640113830566406 0.0012156963348388672 0.0005712509155273438 0.000545501708984375 0.0008597373962402344 0.0014128684997558594 0.0015349388122558594 0.0011420249938964844 0.0008132457733154297 0.0007524490356445312 0.0010874271392822266 0.0019023418426513672 0.0026695728302001953 0.0027506351470947266 0.0022995471954345703 0.002108335494995117 0.002764463424682617 0.004470109939575195 0.006860971450805664 0.00850057601928711 0.009495258331298828 0.01456308364868164 0.036238670349121094 0.12655067443847656 0.2738325595855713 0.0 0.0 0.0 0.0 0.0 0.0 0.0
0.4232478141784668 0.001703500747680664 0.0008132457733154297 0.0004973411560058594 0.0005185604095458984 0.0008716583251953125 0.0014121532440185547 0.0014715194702148438 0.0011284351348876953 0.0007836818695068359 0.0007531642913818359 0.00099945068359375 0.0017321109771728516 0.002610921859741211 0.0027272701263427734 0.0022401809692382812 0.0020787715911865234 0.0026810169219970703 0.004418611526489258 0.007256031036376953 0.008288145065307617 0.009476423263549805 0.014385700225830078 0.03619503974914551 0.1253347396850586 0.2779078483581543 0.0 0.0 0.0 0.0 0.0 0.0
0.42308735847473145 0.0015711784362792969 0.001220703125 0.0006945133209228516 0.0004718303680419922 0.0005140304565429688 0.0008056163787841797 0.0012850761413574219 0.001481771469116211 0.0011038780212402344 0.0008025169372558594 0.0007305145263671875 0.0009839534759521484 0.001697540283203125 0.002599954605102539 0.0027036666870117188 0.002234935760498047 0.0020449161529541016 0.0027337074279785156 0.0047228336334228516 0.006760120391845703 0.008310794830322266 0.009393930435180664 0.014565706253051758 0.036757707595825195 0.12797069549560547 0.2745990753173828 0.0 0.0 0.0 0.0 0.0
0.4230923652648926 0.0009572505950927734 0.0012688636779785156 0.0010712146759033203 0.0006804466247558594 0.0005016326904296875 0.0005159378051757812 0.0007984638214111328 0.0013561248779296875 0.0015168190002441406 0.0011620521545410156 0.0008349418640136719 0.0007023811340332031 0.0009906291961669922 0.0018041133880615234 0.002614736557006836 0.0027565956115722656 0.0022177696228027344 0.0020895004272460938 0.0028395652770996094 0.004560708999633789 0.006779670715332031 0.008289813995361328 0.009450674057006836 0.014800310134887695 0.0373845100402832 0.13040900230407715 0.2707500457763672 0.0 0.0 0.0 0.0
0.42149901390075684 0.0005335807800292969 0.0007867813110351562 0.0011188983917236328 0.0010104179382324219 0.0006687641143798828 0.00046515464782714844 0.0004832744598388672 0.0007970333099365234 0.0013043880462646484 0.0015327930450439453 0.0011601448059082031 0.000782012939453125 0.0007455348968505859 0.0011172294616699219 0.0017533302307128906 0.002641916275024414 0.0026988983154296875 0.0022246837615966797 0.0021533966064453125 0.002758026123046875 0.004445552825927734 0.0067479610443115234 0.008292198181152344 0.009386301040649414 0.01453399658203125 0.037577152252197266 0.125244140625 0.277482271194458 0.0 0.0 0.0
0.4185829162597656 0.00047850608825683594 0.0004286766052246094 0.0007281303405761719 0.0010552406311035156 0.0009949207305908203 0.0006351470947265625 0.00043964385986328125 0.0004763603210449219 0.0007550716400146484 0.0012865066528320312 0.0014672279357910156 0.0010974407196044922 0.0007967948913574219 0.0007596015930175781 0.0009937286376953125 0.0017082691192626953 0.0025763511657714844 0.0027310848236083984 0.0022916793823242188 0.0021314620971679688 0.002713918685913086 0.00442194938659668 0.006732940673828125 0.008291244506835938 0.0093994140625 0.014739990234375 0.03668951988220215 0.1298513412475586 0.27707695960998535 0.0 0.0
0.4189755916595459 0.0007586479187011719 0.00034809112548828125 0.00040721893310546875 0.0007014274597167969 0.0010590553283691406 0.0009541511535644531 0.00063323974609375 0.0004534721374511719 0.000457763671875 0.0007615089416503906 0.0012614727020263672 0.0014221668243408203 0.0011184215545654297 0.00083160400390625 0.0007467269897460938 0.0009834766387939453 0.0017008781433105469 0.0026154518127441406 0.0028221607208251953 0.0022475719451904297 0.002071380615234375 0.0027146339416503906 0.004476785659790039 0.006875038146972656 0.008408308029174805 0.009840011596679688 0.014887332916259766 0.03812360763549805 0.12859845161437988 0.275285005569458 0.0
0.41931819915771484 0.0013561248779296875 0.00046896934509277344 0.0003223419189453125 0.0003924369812011719 0.0006983280181884766 0.0009970664978027344 0.0009219646453857422 0.0006046295166015625 0.0004177093505859375 0.00045013427734375 0.0007295608520507812 0.0012023448944091797 0.0013887882232666016 0.0011374950408935547 0.0007882118225097656 0.0007030963897705078 0.0009546279907226562 0.0016984939575195312 0.002553701400756836 0.002642393112182617 0.0021581649780273438 0.0020203590393066406 0.002685546875 0.004430294036865234 0.006684303283691406 0.008438825607299805 0.009621381759643555 0.01617908477783203 0.03857541084289551 0.13117623329162598 0.27114319801330566
