0.8284270763397217 0.0 0.0 0.0 0.0 0.0 0.0 0.0 0.0 0.0 0.0 0.0 0.0 0.0 0.0 0.0 0.0 0.0 0.0 0.0 0.0 0.0 0.0 0.0 0.0 0.0 0.0 0.0 0.0 0.0 0.0 0.0
0.821925163269043 0.009151458740234375 0.0 0.0 0.0 0.0 0.0 0.0 0.0 0.0 0.0 0.0 0.0 0.0 0.0 0.0 0.0 0.0 0.0 0.0 0.0 0.0 0.0 0.0 0.0 0.0 0.0 0.0 0.0 0.0 0.0 0.0
0.8192973136901855 0.004379749298095703 0.008487224578857422 0.0 0.0 0.0 0.0 0.0 0.0 0.0 0.0 0.0 0.0 0.0 0.0 0.0 0.0 0.0 0.0 0.0 0.0 0.0 0.0 0.0 0.0 0.0 0.0 0.0 0.0 0.0 0.0 0.0
0.8139228820800781 0.004522562026977539 0.007069826126098633 0.00882720947265625 0.0 0.0 0.0 0.0 0.0 0.0 0.0 0.0 0.0 0.0 0.0 0.0 0.0 0.0 0.0 0.0 0.0 0.0 0.0 0.0 0.0 0.0 0.0 0.0 0.0 0.0 0.0 0.0
0.8083558082580566 0.0045850276947021484 0.0077362060546875 0.0074863433837890625 0.008422136306762695 0.0 0.0 0.0 0.0 0.0 0.0 0.0 0.0 0.0 0.0 0.0 0.0 0.0 0.0 0.0 0.0 0.0 0.0 0.0 0.0 0.0 0.0 0.0 0.0 0.0 0.0 0.0
0.8035337924957275 0.005654335021972656 0.007843017578125 0.006514072418212891 0.005947113037109375 0.009030580520629883 0.0 0.0 0.0 0.0 0.0 0.0 0.0 0.0 0.0 0.0 0.0 0.0 0.0 0.0 0.0 0.0 0.0 0.0 0.0 0.0 0.0 0.0 0.0 0.0 0.0 0.0
0.8008708953857422 0.004654407501220703 0.007651805877685547 0.006431102752685547 0.005373477935791016 0.006290435791015625 0.008315563201904297 0.0 0.0 0.0 0.0 0.0 0.0 0.0 0.0 0.0 0.0 0.0 0.0 0.0 0.0 0.0 0.0 0.0 0.0 0.0 0.0 0.0 0.0 0.0 0.0 0.0
0.797048807144165 0.00491023063659668 0.006861209869384766 0.00605320930480957 0.0054531097412109375 0.00644993782043457 0.00572967529296875 0.008606910705566406 0.0 0.0 0.0 0.0 0.0 0.0 0.0 0.0 0.0 0.0 0.0 0.0 0.0 0.0 0.0 0.0 0.0 0.0 0.0 0.0 0.0 0.0 0.0 0.0
0.7936618328094482 0.004810333251953125 0.0074100494384765625 0.005717277526855469 0.005227327346801758 0.005949258804321289 0.0052318572998046875 0.005867958068847656 0.008573293685913086 0.0 0.0 0.0 0.0 0.0 0.0 0.0 0.0 0.0 0.0 0.0 0.0 0.0 0.0 0.0 0.0 0.0 0.0 0.0 0.0 0.0 0.0 0.0
0.7907044887542725 0.004069089889526367 0.0070836544036865234 0.005593061447143555 0.004995584487915039 0.006780385971069336 0.004990577697753906 0.005357027053833008 0.005452156066894531 0.008590459823608398 0.0 0.0 0.0 0.0 0.0 0.0 0.0 0.0 0.0 0.0 0.0 0.0 0.0 0.0 0.0 0.0 0.0 0.0 0.0 0.0 0.0 0.0
0.7877993583679199 0.0039937496185302734 0.0072269439697265625 0.00519251823425293 0.0044214725494384766 0.0067594051361083984 0.004612922668457031 0.005079030990600586 0.005162239074707031 0.00538325309753418 0.009127616882324219 0.0 0.0 0.0 0.0 0.0 0.0 0.0 0.0 0.0 0.0 0.0 0.0 0.0 0.0 0.0 0.0 0.0 0.0 0.0 0.0 0.0
0.7855887413024902 0.0038013458251953125 0.007201433181762695 0.005385637283325195 0.0045778751373291016 0.004816770553588867 0.004467487335205078 0.004666805267333984 0.004851818084716797 0.005055904388427734 0.00557255744934082 0.009644746780395508 0.0 0.0 0.0 0.0 0.0 0.0 0.0 0.0 0.0 0.0 0.0 0.0 0.0 0.0 0.0 0.0 0.0 0.0 0.0 0.0
0.7827177047729492 0.003964662551879883 0.007078886032104492 0.0053708553314208984 0.004548549652099609 0.004542112350463867 0.004317760467529297 0.0045740604400634766 0.00453948974609375 0.0049631595611572266 0.005250692367553711 0.0057220458984375 0.009157180786132812 0.0 0.0 0.0 0.0 0.0 0.0 0.0 0.0 0.0 0.0 0.0 0.0 0.0 0.0 0.0 0.0 0.0 0.0 0.0
0.7796385288238525 0.003563404083251953 0.006521463394165039 0.005351066589355469 0.0046732425689697266 0.005613803863525391 0.004412651062011719 0.004545927047729492 0.004545927047729492 0.00456690788269043 0.004965782165527344 0.005437374114990234 0.005239725112915039 0.008865594863891602 0.0 0.0 0.0 0.0 0.0 0.0 0.0 0.0 0.0 0.0 0.0 0.0 0.0 0.0 0.0 0.0 0.0 0.0
0.7751429080963135 0.003530263900756836 0.006699323654174805 0.005472421646118164 0.004427194595336914 0.004678249359130859 0.004955768585205078 0.0048182010650634766 0.004476785659790039 0.004236698150634766 0.0049076080322265625 0.0053195953369140625 0.005418300628662109 0.006079435348510742 0.00952005386352539 0.0 0.0 0.0 0.0 0.0 0.0 0.0 0.0 0.0 0.0 0.0 0.0 0.0 0.0 0.0 0.0 0.0
0.7704691886901855 0.004006624221801758 0.006887674331665039 0.0053937435150146484 0.004443168640136719 0.006947517395019531 0.004052400588989258 0.004687309265136719 0.00448298454284668 0.004407405853271484 0.004537343978881836 0.0052394866943359375 0.0051076412200927734 0.00553131103515625 0.005720853805541992 0.009561777114868164 0.0 0.0 0.0 0.0 0.0 0.0 0.0 0.0 0.0 0.0 0.0 0.0 0.0 0.0 0.0 0.0
0.768254280090332 0.0033998489379882812 0.006946563720703125 0.0056438446044921875 0.004475116729736328 0.004507303237915039 0.004133701324462891 0.004685163497924805 0.004340410232543945 0.004401206970214844 0.005095005035400391 0.0049076080322265625 0.005190849304199219 0.005040168762207031 0.006073713302612305 0.005815744400024414 0.009418010711669922 0.0 0.0 0.0 0.0 0.0 0.0 0.0 0.0 0.0 0.0 0.0 0.0 0.0 0.0 0.0
0.7656655311584473 0.003415822982788086 0.007866382598876953 0.0055806636810302734 0.00458073616027832 0.004599571228027344 0.004499197006225586 0.004347085952758789 0.004189014434814453 0.0042057037353515625 0.004616260528564453 0.005335330963134766 0.004468202590942383 0.004850625991821289 0.005231618881225586 0.00516057014465332 0.0057523250579833984 0.008951902389526367 0.0 0.0 0.0 0.0 0.0 0.0 0.0 0.0 0.0 0.0 0.0 0.0 0.0 0.0
0.7615056037902832 0.003350496292114258 0.007630348205566406 0.0055999755859375 0.0042760372161865234 0.005237579345703125 0.0041615962982177734 0.004491329193115234 0.004157543182373047 0.00500798225402832 0.004637479782104492 0.005568504333496094 0.004676103591918945 0.004528045654296875 0.0049457550048828125 0.004984617233276367 0.00527501106262207 0.005769014358520508 0.009094953536987305 0.0 0.0 0.0 0.0 0.0 0.0 0.0 0.0 0.0 0.0 0.0 0.0 0.0
0.7557897567749023 0.0032570362091064453 0.007186174392700195 0.00563812255859375 0.004590272903442383 0.00439763069152832 0.004393815994262695 0.00547480583190918 0.004263639450073242 0.004678964614868164 0.004786491394042969 0.005470991134643555 0.004639863967895508 0.006560802459716797 0.005113363265991211 0.004955291748046875 0.005022287368774414 0.0054416656494140625 0.0060994625091552734 0.009292125701904297 0.0 0.0 0.0 0.0 0.0 0.0 0.0 0.0 0.0 0.0 0.0 0.0
0.7541687488555908 0.0032792091369628906 0.008416414260864258 0.0053670406341552734 0.0044820308685302734 0.004587650299072266 0.004261493682861328 0.004552125930786133 0.004136085510253906 0.0044934749603271484 0.004801750183105469 0.005013465881347656 0.004638195037841797 0.0048694610595703125 0.004985332489013672 0.004508018493652344 0.0052051544189453125 0.005238056182861328 0.005432844161987305 0.005607128143310547 0.009621620178222656 0.0 0.0 0.0 0.0 0.0 0.0 0.0 0.0 0.0 0.0 0.0
0.7489588260650635 0.0034685134887695312 0.007130146026611328 0.005854606628417969 0.004900217056274414 0.0058972835540771484 0.0042231082916259766 0.004639387130737305 0.004292964935302734 0.004454612731933594 0.004958629608154297 0.00553441047668457 0.004797697067260742 0.0046575069427490234 0.004993438720703125 0.0046846866607666016 0.0046901702880859375 0.0053942203521728516 0.005059480667114258 0.005138397216796875 0.006524801254272461 0.009354591369628906 0.0 0.0 0.0 0.0 0.0 0.0 0.0 0.0 0.0 0.0
0.7473106384277344 0.003231525421142578 0.007824420928955078 0.005791902542114258 0.004456043243408203 0.0048236846923828125 0.004288911819458008 0.004792213439941406 0.004178285598754883 0.004438877105712891 0.004548072814941406 0.005268573760986328 0.0047032833099365234 0.005785465240478516 0.004748821258544922 0.004540681838989258 0.004683732986450195 0.004574298858642578 0.004572391510009766 0.004883766174316406 0.0056955814361572266 0.006147146224975586 0.008946895599365234 0.0 0.0 0.0 0.0 0.0 0.0 0.0 0.0 0.0
0.7461841106414795 0.0031936168670654297 0.007252693176269531 0.0053882598876953125 0.004398345947265625 0.004530191421508789 0.004045724868774414 0.004581451416015625 0.004147052764892578 0.004305362701416016 0.004479169845581055 0.005212068557739258 0.004975557327270508 0.005227088928222656 0.004443168640136719 0.004488706588745117 0.004524707794189453 0.004609823226928711 0.0045490264892578125 0.004518747329711914 0.005206584930419922 0.0053865909576416016 0.005515098571777344 0.009490966796875 0.0 0.0 0.0 0.0 0.0 0.0 0.0 0.0
0.7425425052642822 0.003476858139038086 0.007029294967651367 0.005408048629760742 0.004334688186645508 0.0041463375091552734 0.004049777984619141 0.005132913589477539 0.0041468143463134766 0.0044019222259521484 0.004349708557128906 0.005277872085571289 0.004709482192993164 0.005619525909423828 0.00464940071105957 0.004556894302368164 0.0045185089111328125 0.004446506500244141 0.004376649856567383 0.004445552825927734 0.004725217819213867 0.005154132843017578 0.005040168762207031 0.0061969757080078125 0.009260416030883789 0.0 0.0 0.0 0.0 0.0 0.0 0.0
0.733405590057373 0.0032761096954345703 0.009218215942382812 0.0062139034271240234 0.00450444221496582 0.004840850830078125 0.004076480865478516 0.004824161529541016 0.004182338714599609 0.004159212112426758 0.0050961971282958984 0.005111217498779297 0.0046842098236083984 0.00678706169128418 0.005086183547973633 0.0044269561767578125 0.004591226577758789 0.005163908004760742 0.0046918392181396484 0.004714250564575195 0.0052487850189208984 0.0050847530364990234 0.0052585601806640625 0.005958080291748047 0.0058901309967041016 0.008847475051879883 0.0 0.0 0.0 0.0 0.0 0.0
0.735882043838501 0.0031766891479492188 0.008010625839233398 0.0053713321685791016 0.004362583160400391 0.004483938217163086 0.004141569137573242 0.0042302608489990234 0.004069805145263672 0.00417637825012207 0.0046193599700927734 0.0056073665618896484 0.004724025726318359 0.005257606506347656 0.0048520565032958984 0.004314899444580078 0.004437685012817383 0.004980325698852539 0.004395723342895508 0.004241466522216797 0.004752397537231445 0.004441261291503906 0.004706621170043945 0.005387783050537109 0.005548000335693359 0.005372762680053711 0.00890493392944336 0.0 0.0 0.0 0.0 0.0
0.7341649532318115 0.0032529830932617188 0.007706403732299805 0.0053288936614990234 0.0043103694915771484 0.004442453384399414 0.004331350326538086 0.0042171478271484375 0.0039441585540771484 0.004205226898193359 0.00447392463684082 0.005391359329223633 0.004549503326416016 0.0053441524505615234 0.004651308059692383 0.004612445831298828 0.004579305648803711 0.004486083984375 0.004466056823730469 0.0041692256927490234 0.00455021858215332 0.004229545593261719 0.00439143180847168 0.004705905914306641 0.005036830902099609 0.0050013065338134766 0.005559444427490234 0.00897526741027832 0.0 0.0 0.0 0.0
0.7315242290496826 0.0032804012298583984 0.008094549179077148 0.005412578582763672 0.004245281219482422 0.004194974899291992 0.004384517669677734 0.004916667938232422 0.004012346267700195 0.00429534912109375 0.0042057037353515625 0.004714488983154297 0.004567384719848633 0.004834175109863281 0.004543304443359375 0.004568338394165039 0.004514217376708984 0.004779338836669922 0.004331827163696289 0.004282474517822266 0.0047833919525146484 0.00428462028503418 0.004181623458862305 0.004880428314208984 0.004698514938354492 0.004472255706787109 0.004935026168823242 0.005463600158691406 0.008647680282592773 0.0 0.0 0.0
0.7290043830871582 0.0035474300384521484 0.007566928863525391 0.005436420440673828 0.004346132278442383 0.004274129867553711 0.004248380661010742 0.004245758056640625 0.003960847854614258 0.003930568695068359 0.004327297210693359 0.004595041275024414 0.004568815231323242 0.005059957504272461 0.004820108413696289 0.004637479782104492 0.004384756088256836 0.0044977664947509766 0.00426030158996582 0.004288673400878906 0.004465579986572266 0.004261493682861328 0.00405120849609375 0.004800558090209961 0.004553556442260742 0.0042536258697509766 0.00483250617980957 0.00523066520690918 0.0056209564208984375 0.008889198303222656 0.0 0.0
0.7228591442108154 0.003626585006713867 0.0077362060546875 0.005792856216430664 0.0044422149658203125 0.0072972774505615234 0.004269838333129883 0.004576206207275391 0.00395965576171875 0.00394129753112793 0.004391193389892578 0.0046651363372802734 0.004364013671875 0.0047893524169921875 0.004785060882568359 0.004601240158081055 0.00467991828918457 0.004759550094604492 0.004351615905761719 0.0042247772216796875 0.004368305206298828 0.004365205764770508 0.0049936771392822266 0.004485130310058594 0.0042645931243896484 0.004142284393310547 0.0044705867767333984 0.004822254180908203 0.004973411560058594 0.005444526672363281 0.00874185562133789 0.0
0.7146799564361572 0.0041751861572265625 0.009011507034301758 0.005785465240478516 0.0043599605560302734 0.008819580078125 0.00436091423034668 0.004622697830200195 0.004048824310302734 0.004212379455566406 0.00439453125 0.004669904708862305 0.0046558380126953125 0.005182027816772461 0.004537820816040039 0.004467964172363281 0.004765033721923828 0.00502777099609375 0.004650592803955078 0.0041599273681640625 0.004584312438964844 0.004758119583129883 0.00490260124206543 0.004575252532958984 0.004398345947265625 0.004122734069824219 0.00462031364440918 0.004955291748046875 0.005010843276977539 0.005169868469238281 0.0054705142974853516 0.008938312530517578
