0.8284270763397217 0.0 0.0 0.0 0.0 0.0 0.0 0.0 0.0 0.0 0.0 0.0 0.0 0.0 0.0 0.0 0.0 0.0 0.0 0.0 0.0 0.0 0.0 0.0 0.0 0.0 0.0 0.0 0.0 0.0 0.0 0.0
0.7535092830657959 0.10196781158447266 0.0 0.0 0.0 0.0 0.0 0.0 0.0 0.0 0.0 0.0 0.0 0.0 0.0 0.0 0.0 0.0 0.0 0.0 0.0 0.0 0.0 0.0 0.0 0.0 0.0 0.0 0.0 0.0 0.0 0.0
0.7327542304992676 0.08255767822265625 0.04816842079162598 0.0 0.0 0.0 0.0 0.0 0.0 0.0 0.0 0.0 0.0 0.0 0.0 0.0 0.0 0.0 0.0 0.0 0.0 0.0 0.0 0.0 0.0 0.0 0.0 0.0 0.0 0.0 0.0 0.0
0.6938374042510986 0.0529937744140625 0.07694292068481445 0.05298328399658203 0.0 0.0 0.0 0.0 0.0 0.0 0.0 0.0 0.0 0.0 0.0 0.0 0.0 0.0 0.0 0.0 0.0 0.0 0.0 0.0 0.0 0.0 0.0 0.0 0.0 0.0 0.0 0.0
0.6654047966003418 0.03515815734863281 0.03917241096496582 0.09220504760742188 0.05382871627807617 0.0 0.0 0.0 0.0 0.0 0.0 0.0 0.0 0.0 0.0 0.0 0.0 0.0 0.0 0.0 0.0 0.0 0.0 0.0 0.0 0.0 0.0 0.0 0.0 0.0 0.0 0.0
0.6439616680145264 0.02806401252746582 0.02080059051513672 0.04231715202331543 0.10298347473144531 0.05406355857849121 0.0 0.0 0.0 0.0 0.0 0.0 0.0 0.0 0.0 0.0 0.0 0.0 0.0 0.0 0.0 0.0 0.0 0.0 0.0 0.0 0.0 0.0 0.0 0.0 0.0 0.0
0.6332905292510986 0.02679610252380371 0.01621079444885254 0.02124786376953125 0.044185638427734375 0.1036229133605957 0.05022454261779785 0.0 0.0 0.0 0.0 0.0 0.0 0.0 0.0 0.0 0.0 0.0 0.0 0.0 0.0 0.0 0.0 0.0 0.0 0.0 0.0 0.0 0.0 0.0 0.0 0.0
0.6231751441955566 0.026976823806762695 0.014546871185302734 0.01631951332092285 0.019889116287231445 0.04339933395385742 0.10819792747497559 0.046082496643066406 0.0 0.0 0.0 0.0 0.0 0.0 0.0 0.0 0.0 0.0 0.0 0.0 0.0 0.0 0.0 0.0 0.0 0.0 0.0 0.0 0.0 0.0 0.0 0.0
0.6129064559936523 0.026723146438598633 0.014186859130859375 0.015423059463500977 0.01585698127746582 0.019831418991088867 0.04107832908630371 0.10787463188171387 0.04785418510437012 0.0 0.0 0.0 0.0 0.0 0.0 0.0 0.0 0.0 0.0 0.0 0.0 0.0 0.0 0.0 0.0 0.0 0.0 0.0 0.0 0.0 0.0 0.0
0.6122403144836426 0.02329730987548828 0.013589859008789062 0.0153045654296875 0.014675617218017578 0.015339374542236328 0.020429611206054688 0.038167715072631836 0.10231375694274902 0.04694080352783203 0.0 0.0 0.0 0.0 0.0 0.0 0.0 0.0 0.0 0.0 0.0 0.0 0.0 0.0 0.0 0.0 0.0 0.0 0.0 0.0 0.0 0.0
0.6018819808959961 0.02048349380493164 0.012068033218383789 0.014720678329467773 0.01490163803100586 0.014677286148071289 0.015964269638061523 0.019252777099609375 0.03826904296875 0.1052086353302002 0.04783987998962402 0.0 0.0 0.0 0.0 0.0 0.0 0.0 0.0 0.0 0.0 0.0 0.0 0.0 0.0 0.0 0.0 0.0 0.0 0.0 0.0 0.0
0.59812331199646 0.019964218139648438 0.01069331169128418 0.013303041458129883 0.014778852462768555 0.014984846115112305 0.015380859375 0.015433549880981445 0.020066261291503906 0.03751564025878906 0.09901762008666992 0.04743647575378418 0.0 0.0 0.0 0.0 0.0 0.0 0.0 0.0 0.0 0.0 0.0 0.0 0.0 0.0 0.0 0.0 0.0 0.0 0.0 0.0
0.5960311889648438 0.020392894744873047 0.010045289993286133 0.011274576187133789 0.012661933898925781 0.014604806900024414 0.015308141708374023 0.014736652374267578 0.015054464340209961 0.019423246383666992 0.03621625900268555 0.09320855140686035 0.048622846603393555 0.0 0.0 0.0 0.0 0.0 0.0 0.0 0.0 0.0 0.0 0.0 0.0 0.0 0.0 0.0 0.0 0.0 0.0 0.0
0.5900349617004395 0.020585060119628906 0.010684490203857422 0.010977983474731445 0.010812520980834961 0.012723207473754883 0.014757633209228516 0.0145721435546875 0.014286041259765625 0.015419244766235352 0.019089221954345703 0.03589487075805664 0.09261608123779297 0.04694843292236328 0.0 0.0 0.0 0.0 0.0 0.0 0.0 0.0 0.0 0.0 0.0 0.0 0.0 0.0 0.0 0.0 0.0 0.0
0.5801498889923096 0.019364595413208008 0.011064291000366211 0.011459112167358398 0.010251045227050781 0.010749578475952148 0.013390779495239258 0.014457941055297852 0.014657735824584961 0.014795303344726562 0.015110492706298828 0.018865346908569336 0.03742384910583496 0.0915672779083252 0.04894280433654785 0.0 0.0 0.0 0.0 0.0 0.0 0.0 0.0 0.0 0.0 0.0 0.0 0.0 0.0 0.0 0.0 0.0
0.5685789585113525 0.016396522521972656 0.009914875030517578 0.011738061904907227 0.01108407974243164 0.010300397872924805 0.011166572570800781 0.012752771377563477 0.01431894302368164 0.015076637268066406 0.014114856719970703 0.015029191970825195 0.020143747329711914 0.03617668151855469 0.10154104232788086 0.046822547912597656 0.0 0.0 0.0 0.0 0.0 0.0 0.0 0.0 0.0 0.0 0.0 0.0 0.0 0.0 0.0 0.0
0.5661818981170654 0.013889551162719727 0.008222103118896484 0.011183500289916992 0.011359214782714844 0.010864019393920898 0.010672569274902344 0.010825395584106445 0.012830257415771484 0.014801502227783203 0.014638423919677734 0.01427006721496582 0.01609492301940918 0.019767284393310547 0.0397951602935791 0.09177589416503906 0.04900383949279785 0.0 0.0 0.0 0.0 0.0 0.0 0.0 0.0 0.0 0.0 0.0 0.0 0.0 0.0 0.0
0.5612320899963379 0.014205694198608398 0.00681614875793457 0.00902867317199707 0.011056184768676758 0.01154184341430664 0.011398553848266602 0.010347366333007812 0.010924577713012695 0.013283967971801758 0.014955520629882812 0.014792919158935547 0.015595674514770508 0.01570725440979004 0.020067214965820312 0.03585100173950195 0.09304189682006836 0.04773855209350586 0.0 0.0 0.0 0.0 0.0 0.0 0.0 0.0 0.0 0.0 0.0 0.0 0.0 0.0
0.5549883842468262 0.015991926193237305 0.0066051483154296875 0.007566928863525391 0.009032726287841797 0.010986089706420898 0.011740684509277344 0.010817527770996094 0.010357141494750977 0.011414289474487305 0.012930631637573242 0.014939069747924805 0.01598644256591797 0.014772653579711914 0.015724897384643555 0.01933765411376953 0.03708958625793457 0.09114551544189453 0.04794049263000488 0.0 0.0 0.0 0.0 0.0 0.0 0.0 0.0 0.0 0.0 0.0 0.0 0.0
0.5433199405670166 0.01865863800048828 0.0074367523193359375 0.007250308990478516 0.00750732421875 0.009212970733642578 0.011446952819824219 0.011323690414428711 0.01054835319519043 0.010827064514160156 0.010657310485839844 0.012543916702270508 0.01612377166748047 0.015069961547851562 0.014799356460571289 0.014887094497680664 0.019849777221679688 0.036402225494384766 0.09672737121582031 0.04770064353942871 0.0 0.0 0.0 0.0 0.0 0.0 0.0 0.0 0.0 0.0 0.0 0.0
0.5394492149353027 0.01929330825805664 0.008874654769897461 0.008142709732055664 0.007088184356689453 0.007344722747802734 0.00950002670288086 0.010816812515258789 0.011395454406738281 0.010835647583007812 0.010258674621582031 0.01084136962890625 0.013979434967041016 0.014754533767700195 0.014951705932617188 0.014246463775634766 0.015598535537719727 0.01947951316833496 0.036643028259277344 0.09295105934143066 0.04706287384033203 0.0 0.0 0.0 0.0 0.0 0.0 0.0 0.0 0.0 0.0 0.0
0.5315375328063965 0.016560077667236328 0.009644031524658203 0.009738922119140625 0.007965326309204102 0.00699162483215332 0.007881641387939453 0.00902557373046875 0.011008024215698242 0.011570930480957031 0.010614395141601562 0.010462045669555664 0.01188206672668457 0.01293802261352539 0.014798641204833984 0.014645576477050781 0.014772415161132812 0.015575408935546875 0.019066572189331055 0.03642845153808594 0.09505248069763184 0.04736518859863281 0.0 0.0 0.0 0.0 0.0 0.0 0.0 0.0 0.0 0.0
0.5217785835266113 0.01280522346496582 0.00844573974609375 0.010288715362548828 0.00975942611694336 0.007727384567260742 0.007542610168457031 0.007436513900756836 0.00944375991821289 0.011358261108398438 0.011397838592529297 0.010577678680419922 0.011708498001098633 0.011116266250610352 0.01408839225769043 0.014310836791992188 0.016336917877197266 0.014592170715332031 0.014767646789550781 0.019287586212158203 0.0372922420501709 0.09721922874450684 0.048651695251464844 0.0 0.0 0.0 0.0 0.0 0.0 0.0 0.0 0.0
0.5198473930358887 0.010684967041015625 0.00624394416809082 0.009000301361083984 0.010026931762695312 0.009265422821044922 0.007812023162841797 0.006866931915283203 0.0072917938232421875 0.009242773056030273 0.010951042175292969 0.01134634017944336 0.01127004623413086 0.010183095932006836 0.010894298553466797 0.012418746948242188 0.015017986297607422 0.014478683471679688 0.013837099075317383 0.01444244384765625 0.018729209899902344 0.03752899169921875 0.1041874885559082 0.046611785888671875 0.0 0.0 0.0 0.0 0.0 0.0 0.0 0.0
0.5218334197998047 0.010355472564697266 0.005021810531616211 0.006795406341552734 0.009413719177246094 0.009770631790161133 0.009391307830810547 0.007627725601196289 0.0066945552825927734 0.007358074188232422 0.008879661560058594 0.010732889175415039 0.01244211196899414 0.01092386245727539 0.010242938995361328 0.010327816009521484 0.013268709182739258 0.014205217361450195 0.014151811599731445 0.013854742050170898 0.014449357986450195 0.01904296875 0.036315202713012695 0.09862160682678223 0.046248674392700195 0.0 0.0 0.0 0.0 0.0 0.0 0.0
0.5176606178283691 0.011479854583740234 0.0049190521240234375 0.00559687614440918 0.006684780120849609 0.008720874786376953 0.01002192497253418 0.008861303329467773 0.007536888122558594 0.00699305534362793 0.007170200347900391 0.008909940719604492 0.011655330657958984 0.011207103729248047 0.010518074035644531 0.009791135787963867 0.011119842529296875 0.012479543685913086 0.013869285583496094 0.014118194580078125 0.013564348220825195 0.01442718505859375 0.018622636795043945 0.03623461723327637 0.10030055046081543 0.04650759696960449 0.0 0.0 0.0 0.0 0.0 0.0
0.51651930809021 0.012485504150390625 0.005312681198120117 0.005408525466918945 0.0053751468658447266 0.006471395492553711 0.008930444717407227 0.009626150131225586 0.008852720260620117 0.007618427276611328 0.0066111087799072266 0.007058382034301758 0.00939798355102539 0.010926008224487305 0.011147260665893555 0.010252237319946289 0.010080814361572266 0.010546445846557617 0.011933326721191406 0.014054059982299805 0.013888359069824219 0.01351475715637207 0.014049291610717773 0.017936229705810547 0.03499174118041992 0.10012078285217285 0.0462038516998291 0.0 0.0 0.0 0.0 0.0
0.5068728923797607 0.01198267936706543 0.006414651870727539 0.006291866302490234 0.00526881217956543 0.0053822994232177734 0.006933450698852539 0.008516550064086914 0.00976109504699707 0.009236335754394531 0.007534027099609375 0.006709098815917969 0.008166790008544922 0.00920414924621582 0.01103663444519043 0.011050939559936523 0.011223077774047852 0.010225057601928711 0.010291099548339844 0.01267385482788086 0.014094114303588867 0.014545679092407227 0.013498544692993164 0.014695882797241211 0.017998695373535156 0.03539776802062988 0.09943914413452148 0.04729914665222168 0.0 0.0 0.0 0.0
0.4998040199279785 0.010750055313110352 0.006376028060913086 0.006940603256225586 0.005766153335571289 0.005383968353271484 0.005537986755371094 0.006531953811645508 0.008615970611572266 0.010120868682861328 0.00909280776977539 0.007658720016479492 0.007292509078979492 0.0072705745697021484 0.008855104446411133 0.010631322860717773 0.011389493942260742 0.010504484176635742 0.009703397750854492 0.010355710983276367 0.011963367462158203 0.013968229293823242 0.013950347900390625 0.01384282112121582 0.014094114303588867 0.01796698570251465 0.0364987850189209 0.106170654296875 0.04616904258728027 0.0 0.0 0.0
0.49878549575805664 0.010639429092407227 0.005861997604370117 0.0071620941162109375 0.006801128387451172 0.00605463981628418 0.005562782287597656 0.005322933197021484 0.006604671478271484 0.009157657623291016 0.010070085525512695 0.009051322937011719 0.008397579193115234 0.006998777389526367 0.007460117340087891 0.008828878402709961 0.011243581771850586 0.011355400085449219 0.010194540023803711 0.009819507598876953 0.010307073593139648 0.012485265731811523 0.013978958129882812 0.014396905899047852 0.01346278190612793 0.014323711395263672 0.018488645553588867 0.036273956298828125 0.09830808639526367 0.04643130302429199 0.0 0.0
0.4969918727874756 0.011719226837158203 0.005350828170776367 0.006412982940673828 0.007019758224487305 0.0068438053131103516 0.006343364715576172 0.0053005218505859375 0.0053904056549072266 0.006888151168823242 0.008633852005004883 0.009857892990112305 0.010026216506958008 0.007941722869873047 0.007231473922729492 0.007125139236450195 0.009356260299682617 0.011211156845092773 0.010893106460571289 0.010436296463012695 0.009892940521240234 0.010727643966674805 0.012093544006347656 0.014118194580078125 0.013927698135375977 0.013815641403198242 0.014429330825805664 0.017935514450073242 0.036034584045410156 0.09485483169555664 0.04565119743347168 0.0
0.49320411682128906 0.01359105110168457 0.005353689193725586 0.005835294723510742 0.0061724185943603516 0.006861686706542969 0.0074901580810546875 0.005922555923461914 0.0052318572998046875 0.005580425262451172 0.006513833999633789 0.008504867553710938 0.010759592056274414 0.009122371673583984 0.007737398147583008 0.006624460220336914 0.007758617401123047 0.009313106536865234 0.010470390319824219 0.011879682540893555 0.01016378402709961 0.009944915771484375 0.010176658630371094 0.012340068817138672 0.013583660125732422 0.014060020446777344 0.014109373092651367 0.013720273971557617 0.0180206298828125 0.035187482833862305 0.09468412399291992 0.045485496520996094
