0.8284270763397217 0.0 0.0 0.0 0.0 0.0 0.0 0.0 0.0 0.0 0.0 0.0 0.0 0.0 0.0 0.0 0.0 0.0 0.0 0.0 0.0 0.0 0.0 0.0 0.0 0.0 0.0 0.0 0.0 0.0 0.0 0.0
0.7244503498077393 0.13948893547058105 0.0 0.0 0.0 0.0 0.0 0.0 0.0 0.0 0.0 0.0 0.0 0.0 0.0 0.0 0.0 0.0 0.0 0.0 0.0 0.0 0.0 0.0 0.0 0.0 0.0 0.0 0.0 0.0 0.0 0.0
0.6884400844573975 0.05137062072753906 0.13639378547668457 0.0 0.0 0.0 0.0 0.0 0.0 0.0 0.0 0.0 0.0 0.0 0.0 0.0 0.0 0.0 0.0 0.0 0.0 0.0 0.0 0.0 0.0 0.0 0.0 0.0 0.0 0.0 0.0 0.0
0.6750054359436035 0.0335848331451416 0.04711508750915527 0.12560009956359863 0.0 0.0 0.0 0.0 0.0 0.0 0.0 0.0 0.0 0.0 0.0 0.0 0.0 0.0 0.0 0.0 0.0 0.0 0.0 0.0 0.0 0.0 0.0 0.0 0.0 0.0 0.0 0.0
0.6635890007019043 0.026330232620239258 0.028711318969726562 0.0438385009765625 0.1228175163269043 0.0 0.0 0.0 0.0 0.0 0.0 0.0 0.0 0.0 0.0 0.0 0.0 0.0 0.0 0.0 0.0 0.0 0.0 0.0 0.0 0.0 0.0 0.0 0.0 0.0 0.0 0.0
0.658637285232544 0.02103877067565918 0.02016758918762207 0.02654576301574707 0.0424656867980957 0.11835360527038574 0.0 0.0 0.0 0.0 0.0 0.0 0.0 0.0 0.0 0.0 0.0 0.0 0.0 0.0 0.0 0.0 0.0 0.0 0.0 0.0 0.0 0.0 0.0 0.0 0.0 0.0
0.6501669883728027 0.018724679946899414 0.016609907150268555 0.02013564109802246 0.02666473388671875 0.04192495346069336 0.11585783958435059 0.0 0.0 0.0 0.0 0.0 0.0 0.0 0.0 0.0 0.0 0.0 0.0 0.0 0.0 0.0 0.0 0.0 0.0 0.0 0.0 0.0 0.0 0.0 0.0 0.0
0.6445345878601074 0.016417980194091797 0.014338970184326172 0.01572442054748535 0.019481897354125977 0.025529861450195312 0.040008544921875 0.1159064769744873 0.0 0.0 0.0 0.0 0.0 0.0 0.0 0.0 0.0 0.0 0.0 0.0 0.0 0.0 0.0 0.0 0.0 0.0 0.0 0.0 0.0 0.0 0.0 0.0
0.6380085945129395 0.01445317268371582 0.013550758361816406 0.014183998107910156 0.015390396118164062 0.019242525100708008 0.02474212646484375 0.03954768180847168 0.11496663093566895 0.0 0.0 0.0 0.0 0.0 0.0 0.0 0.0 0.0 0.0 0.0 0.0 0.0 0.0 0.0 0.0 0.0 0.0 0.0 0.0 0.0 0.0 0.0
0.6303973197937012 0.012991905212402344 0.011932134628295898 0.01282954216003418 0.01459050178527832 0.015163898468017578 0.019463539123535156 0.023764371871948242 0.03899550437927246 0.11629176139831543 0.0 0.0 0.0 0.0 0.0 0.0 0.0 0.0 0.0 0.0 0.0 0.0 0.0 0.0 0.0 0.0 0.0 0.0 0.0 0.0 0.0 0.0
0.6280207633972168 0.01132655143737793 0.010120391845703125 0.011624813079833984 0.01250767707824707 0.01305699348449707 0.01531839370727539 0.018127918243408203 0.023604631423950195 0.038732051849365234 0.11484026908874512 0.0 0.0 0.0 0.0 0.0 0.0 0.0 0.0 0.0 0.0 0.0 0.0 0.0 0.0 0.0 0.0 0.0 0.0 0.0 0.0 0.0
0.6234991550445557 0.011119604110717773 0.008644819259643555 0.010276079177856445 0.010879993438720703 0.011881113052368164 0.012909412384033203 0.014479875564575195 0.018225908279418945 0.02270340919494629 0.03866171836853027 0.11537480354309082 0.0 0.0 0.0 0.0 0.0 0.0 0.0 0.0 0.0 0.0 0.0 0.0 0.0 0.0 0.0 0.0 0.0 0.0 0.0 0.0
0.6201133728027344 0.01151132583618164 0.008091211318969727 0.009002208709716797 0.009795904159545898 0.010824918746948242 0.011923074722290039 0.012512445449829102 0.01410675048828125 0.01733875274658203 0.02377176284790039 0.03836798667907715 0.11250734329223633 0.0 0.0 0.0 0.0 0.0 0.0 0.0 0.0 0.0 0.0 0.0 0.0 0.0 0.0 0.0 0.0 0.0 0.0 0.0
0.6130046844482422 0.011922121047973633 0.00882863998413086 0.008343219757080078 0.009063482284545898 0.009659290313720703 0.01084136962890625 0.011573076248168945 0.012210845947265625 0.013864517211914062 0.017795324325561523 0.022756099700927734 0.037858009338378906 0.11424064636230469 0.0 0.0 0.0 0.0 0.0 0.0 0.0 0.0 0.0 0.0 0.0 0.0 0.0 0.0 0.0 0.0 0.0 0.0
0.6127126216888428 0.009760856628417969 0.007895469665527344 0.007796049118041992 0.00799107551574707 0.008658409118652344 0.009679079055786133 0.010695934295654297 0.011589527130126953 0.01196146011352539 0.014105081558227539 0.017542600631713867 0.022981643676757812 0.03760337829589844 0.11125707626342773 0.0 0.0 0.0 0.0 0.0 0.0 0.0 0.0 0.0 0.0 0.0 0.0 0.0 0.0 0.0 0.0 0.0
0.6054275035858154 0.008624553680419922 0.007733821868896484 0.007735729217529297 0.007657051086425781 0.007781982421875 0.009151458740234375 0.009503364562988281 0.01004171371459961 0.011347532272338867 0.01317143440246582 0.015385866165161133 0.0189664363861084 0.023163795471191406 0.03655743598937988 0.11213135719299316 0.0 0.0 0.0 0.0 0.0 0.0 0.0 0.0 0.0 0.0 0.0 0.0 0.0 0.0 0.0 0.0
0.6085026264190674 0.007092475891113281 0.006541013717651367 0.006977081298828125 0.0070803165435791016 0.007281780242919922 0.007834911346435547 0.008269548416137695 0.009242773056030273 0.010012626647949219 0.011440277099609375 0.011948823928833008 0.014034032821655273 0.016687631607055664 0.02186751365661621 0.03666400909423828 0.11203527450561523 0.0 0.0 0.0 0.0 0.0 0.0 0.0 0.0 0.0 0.0 0.0 0.0 0.0 0.0 0.0
0.603478193283081 0.006971836090087891 0.006011009216308594 0.006464958190917969 0.0071637630462646484 0.0070230960845947266 0.007531881332397461 0.007794618606567383 0.008570671081542969 0.00971364974975586 0.010742664337158203 0.011424064636230469 0.012094497680664062 0.014414548873901367 0.016306161880493164 0.02151656150817871 0.03600263595581055 0.11181974411010742 0.0 0.0 0.0 0.0 0.0 0.0 0.0 0.0 0.0 0.0 0.0 0.0 0.0 0.0
0.5999741554260254 0.00722193717956543 0.0051915645599365234 0.005944013595581055 0.006638050079345703 0.006717205047607422 0.007018566131591797 0.00726771354675293 0.007750034332275391 0.009231090545654297 0.00932168960571289 0.010406494140625 0.010930299758911133 0.012401103973388672 0.013831615447998047 0.01639080047607422 0.021255016326904297 0.03543686866760254 0.1131126880645752 0.0 0.0 0.0 0.0 0.0 0.0 0.0 0.0 0.0 0.0 0.0 0.0 0.0
0.602186918258667 0.0075092315673828125 0.004933834075927734 0.005725860595703125 0.005914926528930664 0.006083011627197266 0.0065495967864990234 0.006677389144897461 0.007241487503051758 0.007627964019775391 0.008183479309082031 0.010532140731811523 0.009858131408691406 0.010484695434570312 0.011251688003540039 0.012885570526123047 0.016190290451049805 0.021283626556396484 0.03470301628112793 0.10975885391235352 0.0 0.0 0.0 0.0 0.0 0.0 0.0 0.0 0.0 0.0 0.0 0.0
0.6006324291229248 0.007488250732421875 0.0047113895416259766 0.005404472351074219 0.005742311477661133 0.005663871765136719 0.006021261215209961 0.0062978267669677734 0.0067408084869384766 0.007382392883300781 0.00755000114440918 0.007926464080810547 0.008775711059570312 0.009725332260131836 0.010150432586669922 0.011098384857177734 0.012753009796142578 0.015536069869995117 0.020516157150268555 0.034433841705322266 0.11143922805786133 0.0 0.0 0.0 0.0 0.0 0.0 0.0 0.0 0.0 0.0 0.0
0.5992555618286133 0.007309913635253906 0.004790306091308594 0.005110979080200195 0.0061187744140625 0.005373477935791016 0.005544185638427734 0.005873203277587891 0.006108999252319336 0.008072376251220703 0.007246255874633789 0.007151126861572266 0.007715940475463867 0.008779048919677734 0.009135723114013672 0.010030031204223633 0.010950088500976562 0.012194156646728516 0.01592278480529785 0.01994466781616211 0.03510141372680664 0.10880160331726074 0.0 0.0 0.0 0.0 0.0 0.0 0.0 0.0 0.0 0.0
0.5979294776916504 0.007550477981567383 0.0047817230224609375 0.005074501037597656 0.005219936370849609 0.0054149627685546875 0.00545191764831543 0.005518674850463867 0.005888938903808594 0.006281852722167969 0.006593227386474609 0.007497310638427734 0.007529258728027344 0.007912635803222656 0.008637428283691406 0.009137392044067383 0.010381937026977539 0.010793685913085938 0.012357234954833984 0.015128850936889648 0.020082473754882812 0.0337827205657959 0.1080474853515625 0.0 0.0 0.0 0.0 0.0 0.0 0.0 0.0 0.0
0.6004540920257568 0.007368803024291992 0.004782199859619141 0.0048675537109375 0.004903316497802734 0.005116462707519531 0.005140542984008789 0.005137205123901367 0.005370616912841797 0.005602121353149414 0.006063222885131836 0.006501674652099609 0.0066263675689697266 0.00718379020690918 0.007387876510620117 0.008159637451171875 0.009083747863769531 0.009808778762817383 0.010678291320800781 0.011904239654541016 0.014685869216918945 0.019371986389160156 0.033948659896850586 0.10621356964111328 0.0 0.0 0.0 0.0 0.0 0.0 0.0 0.0
0.5998067855834961 0.007824897766113281 0.004876375198364258 0.0047571659088134766 0.004675865173339844 0.004899740219116211 0.00509953498840332 0.005040884017944336 0.004959583282470703 0.005417585372924805 0.0057065486907958984 0.005802154541015625 0.006436824798583984 0.00677943229675293 0.006894350051879883 0.007529020309448242 0.008278131484985352 0.008844375610351562 0.009438514709472656 0.010284900665283203 0.011775970458984375 0.014432907104492188 0.019064903259277344 0.03244423866271973 0.10554695129394531 0.0 0.0 0.0 0.0 0.0 0.0 0.0
0.5966784954071045 0.007493019104003906 0.004962444305419922 0.004997968673706055 0.004594564437866211 0.004808664321899414 0.0047397613525390625 0.004797935485839844 0.004929304122924805 0.005136013031005859 0.005213022232055664 0.00542449951171875 0.005785226821899414 0.006239175796508789 0.0064907073974609375 0.006646156311035156 0.0074005126953125 0.007945775985717773 0.008832931518554688 0.009551525115966797 0.010474205017089844 0.011604070663452148 0.014386177062988281 0.018729448318481445 0.032436370849609375 0.10717296600341797 0.0 0.0 0.0 0.0 0.0 0.0
0.5973491668701172 0.006326198577880859 0.004647731781005859 0.0049512386322021484 0.004724264144897461 0.004533052444458008 0.004492282867431641 0.004533290863037109 0.004681825637817383 0.004849910736083984 0.0050127506256103516 0.004988670349121094 0.005307674407958984 0.005688905715942383 0.005937814712524414 0.006311655044555664 0.006888389587402344 0.0071070194244384766 0.007912635803222656 0.00863957405090332 0.009349822998046875 0.010139703750610352 0.011665105819702148 0.013773441314697266 0.018716096878051758 0.032918691635131836 0.10589313507080078 0.0 0.0 0.0 0.0 0.0
0.5910317897796631 0.005279064178466797 0.004208087921142578 0.004898786544799805 0.0047838687896728516 0.004736423492431641 0.0045032501220703125 0.004395246505737305 0.004528045654296875 0.004811525344848633 0.0048046112060546875 0.004930734634399414 0.005123615264892578 0.005436897277832031 0.006129264831542969 0.0065975189208984375 0.006605386734008789 0.006706714630126953 0.0074689388275146484 0.008102893829345703 0.008550167083740234 0.009131431579589844 0.009892702102661133 0.011207103729248047 0.013961076736450195 0.019378662109375 0.03310871124267578 0.10874199867248535 0.0 0.0 0.0 0.0
0.5931916236877441 0.004593849182128906 0.0036649703979492188 0.004494428634643555 0.004755258560180664 0.0048143863677978516 0.00485682487487793 0.00445103645324707 0.004376411437988281 0.004506587982177734 0.0049855709075927734 0.0047719478607177734 0.004931211471557617 0.00507044792175293 0.005321502685546875 0.005933046340942383 0.005804300308227539 0.0061032772064208984 0.0066928863525390625 0.0070705413818359375 0.007577180862426758 0.008286714553833008 0.009122371673583984 0.009765863418579102 0.011047124862670898 0.014177322387695312 0.01838970184326172 0.03262782096862793 0.10714149475097656 0.0 0.0 0.0
0.5931499004364014 0.004547119140625 0.003270864486694336 0.0038187503814697266 0.004263162612915039 0.00478363037109375 0.004774570465087891 0.004575490951538086 0.0044286251068115234 0.004440784454345703 0.004517793655395508 0.00458073616027832 0.004754781723022461 0.00490570068359375 0.004987001419067383 0.005509853363037109 0.0055692195892333984 0.005654811859130859 0.006242990493774414 0.00675654411315918 0.00706934928894043 0.00753331184387207 0.00843048095703125 0.009034156799316406 0.009583234786987305 0.011388540267944336 0.013885736465454102 0.01889801025390625 0.03193354606628418 0.10534954071044922 0.0 0.0
0.5913572311401367 0.004963874816894531 0.0031981468200683594 0.0034706592559814453 0.003743410110473633 0.0043222904205322266 0.0047605037689208984 0.004700422286987305 0.004486799240112305 0.0044841766357421875 0.0044400691986083984 0.005407094955444336 0.004781961441040039 0.004836559295654297 0.0048828125 0.005267620086669922 0.005124568939208984 0.005309581756591797 0.005745887756347656 0.0062482357025146484 0.006513357162475586 0.006780385971069336 0.007539033889770508 0.008107900619506836 0.008900642395019531 0.009829044342041016 0.010897159576416016 0.013699531555175781 0.01796269416809082 0.03181576728820801 0.10559844970703125 0.0
0.5932023525238037 0.00567626953125 0.0033321380615234375 0.003271818161010742 0.0031778812408447266 0.003788471221923828 0.004378557205200195 0.004656314849853516 0.004616260528564453 0.004578113555908203 0.004391193389892578 0.004389047622680664 0.0044977664947509766 0.004584550857543945 0.004716634750366211 0.004863262176513672 0.004996061325073242 0.0050547122955322266 0.0052471160888671875 0.005721569061279297 0.0057413578033447266 0.006055355072021484 0.006638526916503906 0.007216453552246094 0.008060455322265625 0.008810997009277344 0.009508371353149414 0.011149883270263672 0.013361454010009766 0.017860889434814453 0.03130936622619629 0.10387635231018066
