0.8284270763397217 0.0 0.0 0.0 0.0 0.0 0.0 0.0 0.0 0.0 0.0 0.0 0.0 0.0 0.0 0.0 0.0 0.0 0.0 0.0 0.0 0.0 0.0 0.0 0.0 0.0 0.0 0.0 0.0 0.0 0.0 0.0
0.7612497806549072 0.09178447723388672 0.0 0.0 0.0 0.0 0.0 0.0 0.0 0.0 0.0 0.0 0.0 0.0 0.0 0.0 0.0 0.0 0.0 0.0 0.0 0.0 0.0 0.0 0.0 0.0 0.0 0.0 0.0 0.0 0.0 0.0
0.6786212921142578 0.1361980438232422 0.06437563896179199 0.0 0.0 0.0 0.0 0.0 0.0 0.0 0.0 0.0 0.0 0.0 0.0 0.0 0.0 0.0 0.0 0.0 0.0 0.0 0.0 0.0 0.0 0.0 0.0 0.0 0.0 0.0 0.0 0.0
0.6500682830810547 0.07278609275817871 0.10439062118530273 0.062102317810058594 0.0 0.0 0.0 0.0 0.0 0.0 0.0 0.0 0.0 0.0 0.0 0.0 0.0 0.0 0.0 0.0 0.0 0.0 0.0 0.0 0.0 0.0 0.0 0.0 0.0 0.0 0.0 0.0
0.6465516090393066 0.03052687644958496 0.05672574043273926 0.0949103832244873 0.06250762939453125 0.0 0.0 0.0 0.0 0.0 0.0 0.0 0.0 0.0 0.0 0.0 0.0 0.0 0.0 0.0 0.0 0.0 0.0 0.0 0.0 0.0 0.0 0.0 0.0 0.0 0.0 0.0
0.6402080059051514 0.018044233322143555 0.022965192794799805 0.055983543395996094 0.09416794776916504 0.06198835372924805 0.0 0.0 0.0 0.0 0.0 0.0 0.0 0.0 0.0 0.0 0.0 0.0 0.0 0.0 0.0 0.0 0.0 0.0 0.0 0.0 0.0 0.0 0.0 0.0 0.0 0.0
0.6394798755645752 0.01438450813293457 0.013332128524780273 0.024846792221069336 0.05384635925292969 0.0870978832244873 0.06097698211669922 0.0 0.0 0.0 0.0 0.0 0.0 0.0 0.0 0.0 0.0 0.0 0.0 0.0 0.0 0.0 0.0 0.0 0.0 0.0 0.0 0.0 0.0 0.0 0.0 0.0
0.6272683143615723 0.015060663223266602 0.011958122253417969 0.016425371170043945 0.02547454833984375 0.05283832550048828 0.08966708183288574 0.05904030799865723 0.0 0.0 0.0 0.0 0.0 0.0 0.0 0.0 0.0 0.0 0.0 0.0 0.0 0.0 0.0 0.0 0.0 0.0 0.0 0.0 0.0 0.0 0.0 0.0
0.6134932041168213 0.01670980453491211 0.013213396072387695 0.015024423599243164 0.01764702796936035 0.025704145431518555 0.05382871627807617 0.08773088455200195 0.0586390495300293 0.0 0.0 0.0 0.0 0.0 0.0 0.0 0.0 0.0 0.0 0.0 0.0 0.0 0.0 0.0 0.0 0.0 0.0 0.0 0.0 0.0 0.0 0.0
0.6032311916351318 0.015384912490844727 0.014257431030273438 0.0159149169921875 0.01571488380432129 0.017743587493896484 0.027256250381469727 0.05172991752624512 0.08441519737243652 0.05954766273498535 0.0 0.0 0.0 0.0 0.0 0.0 0.0 0.0 0.0 0.0 0.0 0.0 0.0 0.0 0.0 0.0 0.0 0.0 0.0 0.0 0.0 0.0
0.5901618003845215 0.01314854621887207 0.013234853744506836 0.016935110092163086 0.017122983932495117 0.01645374298095703 0.019405126571655273 0.026000022888183594 0.05106925964355469 0.08665823936462402 0.05878043174743652 0.0 0.0 0.0 0.0 0.0 0.0 0.0 0.0 0.0 0.0 0.0 0.0 0.0 0.0 0.0 0.0 0.0 0.0 0.0 0.0 0.0
0.5817620754241943 0.01128387451171875 0.010847330093383789 0.015809297561645508 0.0178680419921875 0.01738715171813965 0.01788043975830078 0.018074989318847656 0.024955272674560547 0.050936222076416016 0.08594632148742676 0.0586848258972168 0.0 0.0 0.0 0.0 0.0 0.0 0.0 0.0 0.0 0.0 0.0 0.0 0.0 0.0 0.0 0.0 0.0 0.0 0.0 0.0
0.5801794528961182 0.01128840446472168 0.009194374084472656 0.012705564498901367 0.01626896858215332 0.01810169219970703 0.01830458641052246 0.016028881072998047 0.01702880859375 0.02461528778076172 0.048139095306396484 0.0817713737487793 0.05850100517272949 0.0 0.0 0.0 0.0 0.0 0.0 0.0 0.0 0.0 0.0 0.0 0.0 0.0 0.0 0.0 0.0 0.0 0.0 0.0
0.5669794082641602 0.011897087097167969 0.009398937225341797 0.011678934097290039 0.013637781143188477 0.01675271987915039 0.019565582275390625 0.017411470413208008 0.01612091064453125 0.017293691635131836 0.024718284606933594 0.04966306686401367 0.0827035903930664 0.057974815368652344 0.0 0.0 0.0 0.0 0.0 0.0 0.0 0.0 0.0 0.0 0.0 0.0 0.0 0.0 0.0 0.0 0.0 0.0
0.5629291534423828 0.012018203735351562 0.009810924530029297 0.011410713195800781 0.012179851531982422 0.013855457305908203 0.017614364624023438 0.017911195755004883 0.01671910285949707 0.01578521728515625 0.016683578491210938 0.023891687393188477 0.04811811447143555 0.08131194114685059 0.05681657791137695 0.0 0.0 0.0 0.0 0.0 0.0 0.0 0.0 0.0 0.0 0.0 0.0 0.0 0.0 0.0 0.0 0.0
0.553748607635498 0.010708808898925781 0.009853363037109375 0.011809825897216797 0.011883974075317383 0.012534856796264648 0.015124320983886719 0.016604900360107422 0.01782059669494629 0.017067909240722656 0.015460729598999023 0.01678466796875 0.024628639221191406 0.04862785339355469 0.08034873008728027 0.056604623794555664 0.0 0.0 0.0 0.0 0.0 0.0 0.0 0.0 0.0 0.0 0.0 0.0 0.0 0.0 0.0 0.0
0.5491290092468262 0.008608579635620117 0.008540868759155273 0.011687040328979492 0.012381553649902344 0.012384414672851562 0.013572931289672852 0.013871908187866211 0.01628398895263672 0.017782926559448242 0.016431331634521484 0.015569925308227539 0.017032623291015625 0.023514509201049805 0.04850578308105469 0.0790247917175293 0.0566098690032959 0.0 0.0 0.0 0.0 0.0 0.0 0.0 0.0 0.0 0.0 0.0 0.0 0.0 0.0 0.0
0.5390284061431885 0.007948875427246094 0.0069735050201416016 0.010365009307861328 0.012480497360229492 0.012887954711914062 0.013515472412109375 0.01264643669128418 0.013720273971557617 0.016486167907714844 0.017418384552001953 0.016528606414794922 0.016080617904663086 0.01683974266052246 0.02556586265563965 0.04825615882873535 0.08015680313110352 0.05668926239013672 0.0 0.0 0.0 0.0 0.0 0.0 0.0 0.0 0.0 0.0 0.0 0.0 0.0 0.0
0.5379745960235596 0.008133888244628906 0.0060939788818359375 0.008497476577758789 0.010701656341552734 0.012703895568847656 0.013629674911499023 0.012333154678344727 0.012294292449951172 0.01369929313659668 0.015789031982421875 0.017473936080932617 0.017062664031982422 0.015027284622192383 0.01756906509399414 0.023677825927734375 0.04682135581970215 0.07883954048156738 0.05567526817321777 0.0 0.0 0.0 0.0 0.0 0.0 0.0 0.0 0.0 0.0 0.0 0.0 0.0
0.5356252193450928 0.00893402099609375 0.005968332290649414 0.007406949996948242 0.008771419525146484 0.010947704315185547 0.013358592987060547 0.012787580490112305 0.012171268463134766 0.012237071990966797 0.013192415237426758 0.01597881317138672 0.017514467239379883 0.01622939109802246 0.016275644302368164 0.016123056411743164 0.023772478103637695 0.04646944999694824 0.07613968849182129 0.05486011505126953 0.0 0.0 0.0 0.0 0.0 0.0 0.0 0.0 0.0 0.0 0.0 0.0
0.5280194282531738 0.009171247482299805 0.006494998931884766 0.007524013519287109 0.007850408554077148 0.009180784225463867 0.01189875602722168 0.012684106826782227 0.012636899948120117 0.012289047241210938 0.011931896209716797 0.013394594192504883 0.01640176773071289 0.0171811580657959 0.017428159713745117 0.01526951789855957 0.017099618911743164 0.02300429344177246 0.04654335975646973 0.07571744918823242 0.055048227310180664 0.0 0.0 0.0 0.0 0.0 0.0 0.0 0.0 0.0 0.0 0.0
0.5201046466827393 0.007785320281982422 0.0066378116607666016 0.007880210876464844 0.007855415344238281 0.008199214935302734 0.009753942489624023 0.01115870475769043 0.012582540512084961 0.012738704681396484 0.011955976486206055 0.012184381484985352 0.013814687728881836 0.015781402587890625 0.018616676330566406 0.016224384307861328 0.01580023765563965 0.016132354736328125 0.023846149444580078 0.04646635055541992 0.07726502418518066 0.05596160888671875 0.0 0.0 0.0 0.0 0.0 0.0 0.0 0.0 0.0 0.0
0.5150830745697021 0.006043910980224609 0.005823850631713867 0.007881879806518555 0.008356332778930664 0.008133888244628906 0.008988380432128906 0.009371042251586914 0.01096343994140625 0.012815475463867188 0.012503862380981445 0.012009143829345703 0.012707710266113281 0.013684511184692383 0.017241716384887695 0.017412185668945312 0.01713705062866211 0.014875411987304688 0.01701498031616211 0.024106740951538086 0.046005964279174805 0.07632613182067871 0.05558371543884277 0.0 0.0 0.0 0.0 0.0 0.0 0.0 0.0 0.0
0.5132467746734619 0.00507044792175293 0.004541158676147461 0.006879329681396484 0.008148431777954102 0.008522510528564453 0.008772134780883789 0.008291244506835938 0.00912165641784668 0.011084794998168945 0.012278556823730469 0.012579917907714844 0.012529850006103516 0.012086629867553711 0.014453411102294922 0.015733718872070312 0.017717599868774414 0.01605224609375 0.015749692916870117 0.0175783634185791 0.02333974838256836 0.04595208168029785 0.0757744312286377 0.055086374282836914 0.0 0.0 0.0 0.0 0.0 0.0 0.0 0.0
0.514819860458374 0.0052089691162109375 0.003856182098388672 0.00539851188659668 0.00703120231628418 0.008273601531982422 0.00887441635131836 0.008051395416259766 0.008127927780151367 0.008974790573120117 0.010628461837768555 0.012183427810668945 0.012768030166625977 0.011723518371582031 0.012893915176391602 0.013308286666870117 0.016073942184448242 0.01668381690979004 0.01656651496887207 0.015951871871948242 0.01607990264892578 0.023209095001220703 0.0458223819732666 0.0741424560546875 0.05365705490112305 0.0 0.0 0.0 0.0 0.0 0.0 0.0
0.5074455738067627 0.006096839904785156 0.003973722457885742 0.0047800540924072266 0.005723714828491211 0.007209062576293945 0.0089874267578125 0.008467912673950195 0.008054018020629883 0.008146286010742188 0.008841753005981445 0.010737180709838867 0.012596845626831055 0.012218475341796875 0.012924909591674805 0.012012243270874023 0.013908863067626953 0.015329360961914062 0.017657041549682617 0.016973257064819336 0.015205860137939453 0.01673579216003418 0.024181127548217773 0.04532766342163086 0.07388186454772949 0.05473041534423828 0.0 0.0 0.0 0.0 0.0 0.0
0.5035247802734375 0.0067026615142822266 0.004434823989868164 0.004832267761230469 0.0050313472747802734 0.005820274353027344 0.007733821868896484 0.008284330368041992 0.008378267288208008 0.008064985275268555 0.00784444808959961 0.008847236633300781 0.010994672775268555 0.012059450149536133 0.01336359977722168 0.01195216178894043 0.012610197067260742 0.012996673583984375 0.016321659088134766 0.017938852310180664 0.016333818435668945 0.015708208084106445 0.017004728317260742 0.02338719367980957 0.044656991958618164 0.07484912872314453 0.05347180366516113 0.0 0.0 0.0 0.0 0.0
0.4955282211303711 0.0061032772064208984 0.004965543746948242 0.005468130111694336 0.005199432373046875 0.005462169647216797 0.006366729736328125 0.007376670837402344 0.008285999298095703 0.008416175842285156 0.007851362228393555 0.00801229476928711 0.009222984313964844 0.010726213455200195 0.013289690017700195 0.012436866760253906 0.012614965438842773 0.011933565139770508 0.013902664184570312 0.01685166358947754 0.017260313034057617 0.016742706298828125 0.01656818389892578 0.01673579216003418 0.023693561553955078 0.0453033447265625 0.07460689544677734 0.05417132377624512 0.0 0.0 0.0 0.0
0.4885542392730713 0.004488468170166016 0.004461526870727539 0.005859851837158203 0.005808591842651367 0.005535125732421875 0.005727529525756836 0.0060617923736572266 0.0073201656341552734 0.008510112762451172 0.008394479751586914 0.00809621810913086 0.008320331573486328 0.009011983871459961 0.01168370246887207 0.012323617935180664 0.013176441192626953 0.011999130249023438 0.012855052947998047 0.01479196548461914 0.016261816024780273 0.018149375915527344 0.01768779754638672 0.015984296798706055 0.017804861068725586 0.023797988891601562 0.04528069496154785 0.07459425926208496 0.05423259735107422 0.0 0.0 0.0
0.48553919792175293 0.0034537315368652344 0.0033986568450927734 0.005338191986083984 0.006136894226074219 0.00616002082824707 0.0058574676513671875 0.0053598880767822266 0.006024360656738281 0.00738978385925293 0.008306264877319336 0.008475303649902344 0.008348226547241211 0.008034944534301758 0.009786605834960938 0.010930299758911133 0.01296091079711914 0.012420654296875 0.012683629989624023 0.013467788696289062 0.013867378234863281 0.01665496826171875 0.018703937530517578 0.017042875289916992 0.01652693748474121 0.017165422439575195 0.024018049240112305 0.04529738426208496 0.07390260696411133 0.05427145957946777 0.0 0.0
0.48105573654174805 0.003270864486694336 0.0027828216552734375 0.00410008430480957 0.005525112152099609 0.006415367126464844 0.0063436031341552734 0.005483865737915039 0.005347013473510742 0.006012678146362305 0.007200956344604492 0.008399248123168945 0.008660316467285156 0.007930994033813477 0.008877754211425781 0.009058713912963867 0.011276006698608398 0.012285232543945312 0.013083219528198242 0.013363122940063477 0.012538909912109375 0.01422739028930664 0.01732635498046875 0.0181887149810791 0.017865896224975586 0.01602792739868164 0.0174257755279541 0.024120807647705078 0.045354366302490234 0.07515788078308105 0.0538485050201416 0.0
0.4851505756378174 0.0037810802459716797 0.002693653106689453 0.003347158432006836 0.0042645931243896484 0.005582571029663086 0.006575107574462891 0.005955934524536133 0.005402803421020508 0.005301952362060547 0.00581669807434082 0.007155895233154297 0.008467674255371094 0.008242130279541016 0.008637189865112305 0.007944822311401367 0.009325981140136719 0.010567188262939453 0.012731552124023438 0.013364315032958984 0.012387990951538086 0.012888193130493164 0.014422178268432617 0.016410350799560547 0.01840496063232422 0.016922950744628906 0.01569509506225586 0.016780853271484375 0.023157119750976562 0.04423236846923828 0.07239580154418945 0.053725481033325195
