0.8284270763397217 0.0 0.0 0.0 0.0 0.0 0.0 0.0 0.0 0.0 0.0 0.0 0.0 0.0 0.0 0.0 0.0 0.0 0.0 0.0 0.0 0.0 0.0 0.0 0.0 0.0 0.0 0.0 0.0 0.0 0.0 0.0
0.8153362274169922 0.01836991310119629 0.0 0.0 0.0 0.0 0.0 0.0 0.0 0.0 0.0 0.0 0.0 0.0 0.0 0.0 0.0 0.0 0.0 0.0 0.0 0.0 0.0 0.0 0.0 0.0 0.0 0.0 0.0 0.0 0.0 0.0
0.7959964275360107 0.022884130477905273 0.022467374801635742 0.0 0.0 0.0 0.0 0.0 0.0 0.0 0.0 0.0 0.0 0.0 0.0 0.0 0.0 0.0 0.0 0.0 0.0 0.0 0.0 0.0 0.0 0.0 0.0 0.0 0.0 0.0 0.0 0.0
0.7809536457061768 0.01725482940673828 0.026207447052001953 0.022734880447387695 0.0 0.0 0.0 0.0 0.0 0.0 0.0 0.0 0.0 0.0 0.0 0.0 0.0 0.0 0.0 0.0 0.0 0.0 0.0 0.0 0.0 0.0 0.0 0.0 0.0 0.0 0.0 0.0
0.7690341472625732 0.011988162994384766 0.01862955093383789 0.026509761810302734 0.02552628517150879 0.0 0.0 0.0 0.0 0.0 0.0 0.0 0.0 0.0 0.0 0.0 0.0 0.0 0.0 0.0 0.0 0.0 0.0 0.0 0.0 0.0 0.0 0.0 0.0 0.0 0.0 0.0
0.758002519607544 0.009764432907104492 0.013574838638305664 0.01970386505126953 0.028806209564208984 0.025961637496948242 0.0 0.0 0.0 0.0 0.0 0.0 0.0 0.0 0.0 0.0 0.0 0.0 0.0 0.0 0.0 0.0 0.0 0.0 0.0 0.0 0.0 0.0 0.0 0.0 0.0 0.0
0.7494082450866699 0.007706642150878906 0.00953984260559082 0.014335393905639648 0.022199392318725586 0.0304872989654541 0.02531719207763672 0.0 0.0 0.0 0.0 0.0 0.0 0.0 0.0 0.0 0.0 0.0 0.0 0.0 0.0 0.0 0.0 0.0 0.0 0.0 0.0 0.0 0.0 0.0 0.0 0.0
0.7420148849487305 0.006181001663208008 0.007782697677612305 0.010996103286743164 0.017979860305786133 0.022969722747802734 0.028815746307373047 0.024982213973999023 0.0 0.0 0.0 0.0 0.0 0.0 0.0 0.0 0.0 0.0 0.0 0.0 0.0 0.0 0.0 0.0 0.0 0.0 0.0 0.0 0.0 0.0 0.0 0.0
0.7385971546173096 0.005193233489990234 0.006063699722290039 0.008283138275146484 0.011986494064331055 0.016756057739257812 0.022206544876098633 0.029010772705078125 0.02489638328552246 0.0 0.0 0.0 0.0 0.0 0.0 0.0 0.0 0.0 0.0 0.0 0.0 0.0 0.0 0.0 0.0 0.0 0.0 0.0 0.0 0.0 0.0 0.0
0.7352786064147949 0.004366874694824219 0.005171298980712891 0.006749868392944336 0.009084701538085938 0.012367725372314453 0.01672959327697754 0.02194046974182129 0.02839970588684082 0.02413201332092285 0.0 0.0 0.0 0.0 0.0 0.0 0.0 0.0 0.0 0.0 0.0 0.0 0.0 0.0 0.0 0.0 0.0 0.0 0.0 0.0 0.0 0.0
0.7319803237915039 0.002864360809326172 0.0038869380950927734 0.005625009536743164 0.0076961517333984375 0.009835958480834961 0.012818098068237305 0.016697168350219727 0.02222275733947754 0.02764892578125 0.02414989471435547 0.0 0.0 0.0 0.0 0.0 0.0 0.0 0.0 0.0 0.0 0.0 0.0 0.0 0.0 0.0 0.0 0.0 0.0 0.0 0.0 0.0
0.7281951904296875 0.002175569534301758 0.002858877182006836 0.004355907440185547 0.006243228912353516 0.007846355438232422 0.00967264175415039 0.012612581253051758 0.01695084571838379 0.02248525619506836 0.02946186065673828 0.023922443389892578 0.0 0.0 0.0 0.0 0.0 0.0 0.0 0.0 0.0 0.0 0.0 0.0 0.0 0.0 0.0 0.0 0.0 0.0 0.0 0.0
0.7268774509429932 0.0019690990447998047 0.0023272037506103516 0.003373861312866211 0.004952907562255859 0.006607532501220703 0.008127450942993164 0.009711503982543945 0.01334524154663086 0.01675701141357422 0.02250385284423828 0.027635574340820312 0.023102521896362305 0.0 0.0 0.0 0.0 0.0 0.0 0.0 0.0 0.0 0.0 0.0 0.0 0.0 0.0 0.0 0.0 0.0 0.0 0.0
0.7222282886505127 0.0018284320831298828 0.0019757747650146484 0.0026693344116210938 0.0037882328033447266 0.0050811767578125 0.00641322135925293 0.008263111114501953 0.010420560836791992 0.013422727584838867 0.018718719482421875 0.02340865135192871 0.027302265167236328 0.023415803909301758 0.0 0.0 0.0 0.0 0.0 0.0 0.0 0.0 0.0 0.0 0.0 0.0 0.0 0.0 0.0 0.0 0.0 0.0
0.717987060546875 0.0018305778503417969 0.001920461654663086 0.0024127960205078125 0.0032312870025634766 0.00409698486328125 0.0053195953369140625 0.007014036178588867 0.009024381637573242 0.010817289352416992 0.014277458190917969 0.01812911033630371 0.022292137145996094 0.028460979461669922 0.023627281188964844 0.0 0.0 0.0 0.0 0.0 0.0 0.0 0.0 0.0 0.0 0.0 0.0 0.0 0.0 0.0 0.0 0.0
0.7131149768829346 0.0017731189727783203 0.0017244815826416016 0.0021500587463378906 0.002822399139404297 0.0032873153686523438 0.0041921138763427734 0.005289316177368164 0.007580995559692383 0.008722782135009766 0.011731863021850586 0.014770269393920898 0.018450498580932617 0.023332834243774414 0.028955698013305664 0.024248838424682617 0.0 0.0 0.0 0.0 0.0 0.0 0.0 0.0 0.0 0.0 0.0 0.0 0.0 0.0 0.0 0.0
0.7175638675689697 0.001550436019897461 0.001519918441772461 0.001989603042602539 0.0024361610412597656 0.002783060073852539 0.0035521984100341797 0.004182577133178711 0.005956888198852539 0.006833553314208984 0.008715629577636719 0.010668277740478516 0.013097524642944336 0.016817569732666016 0.02209639549255371 0.02799224853515625 0.022877931594848633 0.0 0.0 0.0 0.0 0.0 0.0 0.0 0.0 0.0 0.0 0.0 0.0 0.0 0.0 0.0
0.7154297828674316 0.0014348030090332031 0.0013811588287353516 0.001804351806640625 0.0022430419921875 0.0024862289428710938 0.0028367042541503906 0.003345012664794922 0.00436091423034668 0.005449533462524414 0.007010936737060547 0.008686542510986328 0.010533809661865234 0.013167381286621094 0.01746201515197754 0.022513389587402344 0.02816176414489746 0.023076772689819336 0.0 0.0 0.0 0.0 0.0 0.0 0.0 0.0 0.0 0.0 0.0 0.0 0.0 0.0
0.709552526473999 0.0013420581817626953 0.0011875629425048828 0.0015337467193603516 0.0019099712371826172 0.002409219741821289 0.0027954578399658203 0.0027527809143066406 0.0034143924713134766 0.004506111145019531 0.0057637691497802734 0.007189035415649414 0.008375167846679688 0.010607242584228516 0.014345407485961914 0.019159793853759766 0.024478912353515625 0.0289154052734375 0.02317357063293457 0.0 0.0 0.0 0.0 0.0 0.0 0.0 0.0 0.0 0.0 0.0 0.0 0.0
0.7088091373443604 0.0012555122375488281 0.001055002212524414 0.0013849735260009766 0.001741647720336914 0.0022144317626953125 0.002422332763671875 0.0024962425231933594 0.0029561519622802734 0.0037260055541992188 0.004573822021484375 0.005763530731201172 0.006827354431152344 0.00903463363647461 0.010804891586303711 0.013377189636230469 0.017601728439331055 0.02471446990966797 0.029116392135620117 0.023809194564819336 0.0 0.0 0.0 0.0 0.0 0.0 0.0 0.0 0.0 0.0 0.0 0.0
0.712134838104248 0.0009748935699462891 0.0009644031524658203 0.0012328624725341797 0.0015516281127929688 0.0018315315246582031 0.0020360946655273438 0.0023093223571777344 0.0025894641876220703 0.0028781890869140625 0.0035011768341064453 0.004231691360473633 0.0053675174713134766 0.006961345672607422 0.008514642715454102 0.010429620742797852 0.013248205184936523 0.01706838607788086 0.02247142791748047 0.02905583381652832 0.02320075035095215 0.0 0.0 0.0 0.0 0.0 0.0 0.0 0.0 0.0 0.0 0.0
0.7073767185211182 0.0008029937744140625 0.0008425712585449219 0.0010943412780761719 0.001420736312866211 0.0016467571258544922 0.0018916130065917969 0.0022003650665283203 0.0025017261505126953 0.0026693344116210938 0.0030274391174316406 0.0034830570220947266 0.004187107086181641 0.0054950714111328125 0.006886959075927734 0.008538246154785156 0.011481285095214844 0.013720273971557617 0.018103361129760742 0.024750232696533203 0.028904438018798828 0.023168325424194336 0.0 0.0 0.0 0.0 0.0 0.0 0.0 0.0 0.0 0.0
0.7067327499389648 0.0006597042083740234 0.0007162094116210938 0.0009667873382568359 0.0012433528900146484 0.0014824867248535156 0.0017311573028564453 0.0019600391387939453 0.0022411346435546875 0.0023703575134277344 0.0027294158935546875 0.0030155181884765625 0.003327608108520508 0.004223823547363281 0.005479097366333008 0.0069468021392822266 0.008907794952392578 0.01045846939086914 0.013408184051513672 0.017841339111328125 0.022938966751098633 0.030109643936157227 0.02491617202758789 0.0 0.0 0.0 0.0 0.0 0.0 0.0 0.0 0.0
0.7043008804321289 0.0006504058837890625 0.0005939006805419922 0.0008254051208496094 0.0011057853698730469 0.0013203620910644531 0.001562356948852539 0.0016379356384277344 0.0020906925201416016 0.0021703243255615234 0.0026807785034179688 0.002857208251953125 0.0029554367065429688 0.003474712371826172 0.004233837127685547 0.005553483963012695 0.007675886154174805 0.009213685989379883 0.010377645492553711 0.014092683792114258 0.018220901489257812 0.023578643798828125 0.030084848403930664 0.024007081985473633 0.0 0.0 0.0 0.0 0.0 0.0 0.0 0.0
0.7060685157775879 0.0007357597351074219 0.0005390644073486328 0.0006799697875976562 0.0009245872497558594 0.0011396408081054688 0.0013921260833740234 0.0014538764953613281 0.0019421577453613281 0.0019450187683105469 0.002241849899291992 0.002465486526489258 0.002592325210571289 0.0028791427612304688 0.0033500194549560547 0.0042531490325927734 0.005496025085449219 0.0068891048431396484 0.00850224494934082 0.010506629943847656 0.013393163681030273 0.01840972900390625 0.02339911460876465 0.02935791015625 0.024106979370117188 0.0 0.0 0.0 0.0 0.0 0.0 0.0
0.7013101577758789 0.0007231235504150391 0.0005435943603515625 0.0006341934204101562 0.0007903575897216797 0.0009102821350097656 0.001190185546875 0.0013065338134765625 0.0017969608306884766 0.0017368793487548828 0.002149820327758789 0.002214193344116211 0.002319812774658203 0.0026950836181640625 0.002922534942626953 0.003638744354248047 0.004479885101318359 0.005708932876586914 0.007008075714111328 0.008859634399414062 0.010632753372192383 0.014104366302490234 0.018871545791625977 0.024391889572143555 0.03171229362487793 0.023618459701538086 0.0 0.0 0.0 0.0 0.0 0.0
0.7072200775146484 0.0007491111755371094 0.0005762577056884766 0.0006165504455566406 0.0007205009460449219 0.00079345703125 0.0009279251098632812 0.0011227130889892578 0.0014164447784423828 0.0014553070068359375 0.0018630027770996094 0.0018999576568603516 0.002125978469848633 0.0023458003997802734 0.0025615692138671875 0.00276947021484375 0.003496885299682617 0.00426483154296875 0.005511045455932617 0.007009029388427734 0.008522748947143555 0.010378599166870117 0.013625621795654297 0.017554759979248047 0.022490262985229492 0.029186010360717773 0.023074626922607422 0.0 0.0 0.0 0.0 0.0
0.703434944152832 0.0006608963012695312 0.0006232261657714844 0.0006620883941650391 0.000659942626953125 0.0006921291351318359 0.0008144378662109375 0.0009396076202392578 0.001186370849609375 0.0013027191162109375 0.0015239715576171875 0.001682281494140625 0.0018877983093261719 0.002117633819580078 0.002356290817260742 0.002634286880493164 0.002986907958984375 0.003459930419921875 0.004377841949462891 0.0056955814361572266 0.007073879241943359 0.008748769760131836 0.010608196258544922 0.01385641098022461 0.018451213836669922 0.024664640426635742 0.029720783233642578 0.022754430770874023 0.0 0.0 0.0 0.0
0.7018864154815674 0.0004975795745849609 0.0005576610565185547 0.0006723403930664062 0.0006997585296630859 0.0006856918334960938 0.0007238388061523438 0.0007975101470947266 0.0010004043579101562 0.0011105537414550781 0.0012979507446289062 0.0014929771423339844 0.0016086101531982422 0.0017933845520019531 0.002094268798828125 0.002340555191040039 0.002663135528564453 0.0028753280639648438 0.003446340560913086 0.004317045211791992 0.005771636962890625 0.007411479949951172 0.008937835693359375 0.010902643203735352 0.014137506484985352 0.01942896842956543 0.024524450302124023 0.029601573944091797 0.022829055786132812 0.0 0.0 0.0
0.7054316997528076 0.00041222572326660156 0.0004458427429199219 0.0006258487701416016 0.0007357597351074219 0.0007364749908447266 0.0007009506225585938 0.0007073879241943359 0.0008161067962646484 0.0009222030639648438 0.0011332035064697266 0.0012967586517333984 0.001401662826538086 0.0015530586242675781 0.0017688274383544922 0.002088785171508789 0.0022897720336914062 0.0025348663330078125 0.002814769744873047 0.003385305404663086 0.004418134689331055 0.005749702453613281 0.007193326950073242 0.008902788162231445 0.010899066925048828 0.01372981071472168 0.01770186424255371 0.022952795028686523 0.028699398040771484 0.022862911224365234 0.0 0.0
0.7016592025756836 0.0004024505615234375 0.0003609657287597656 0.0004756450653076172 0.0006129741668701172 0.0007104873657226562 0.0007164478302001953 0.0007033348083496094 0.0007274150848388672 0.0008215904235839844 0.0010797977447509766 0.0011224746704101562 0.0012912750244140625 0.0014595985412597656 0.0015959739685058594 0.0018720626831054688 0.002362966537475586 0.0023627281188964844 0.0025937557220458984 0.002894878387451172 0.003435373306274414 0.004560232162475586 0.006112575531005859 0.007761716842651367 0.008829593658447266 0.011306285858154297 0.014803171157836914 0.01888895034790039 0.023018360137939453 0.02868819236755371 0.02297520637512207 0.0
0.703481912612915 0.00045371055603027344 0.0003273487091064453 0.00037670135498046875 0.0005211830139160156 0.0006325244903564453 0.0007259845733642578 0.0008196830749511719 0.0007305145263671875 0.0007560253143310547 0.0009195804595947266 0.0009312629699707031 0.0010960102081298828 0.0013408660888671875 0.0015454292297363281 0.0016176700592041016 0.0020372867584228516 0.0021114349365234375 0.0025098323822021484 0.002549409866333008 0.0028820037841796875 0.0036249160766601562 0.004630327224731445 0.005732536315917969 0.007009029388427734 0.008822441101074219 0.010689496994018555 0.013548612594604492 0.017877817153930664 0.02286982536315918 0.029685020446777344 0.022728681564331055
