0.8284270763397217 0.0 0.0 0.0 0.0 0.0 0.0 0.0 0.0 0.0 0.0 0.0 0.0 0.0 0.0 0.0 0.0 0.0 0.0 0.0 0.0 0.0 0.0 0.0 0.0 0.0 0.0 0.0 0.0 0.0 0.0 0.0
0.8116633892059326 0.0234982967376709 0.0 0.0 0.0 0.0 0.0 0.0 0.0 0.0 0.0 0.0 0.0 0.0 0.0 0.0 0.0 0.0 0.0 0.0 0.0 0.0 0.0 0.0 0.0 0.0 0.0 0.0 0.0 0.0 0.0 0.0
0.8137495517730713 0.0073893070220947266 0.013250112533569336 0.0 0.0 0.0 0.0 0.0 0.0 0.0 0.0 0.0 0.0 0.0 0.0 0.0 0.0 0.0 0.0 0.0 0.0 0.0 0.0 0.0 0.0 0.0 0.0 0.0 0.0 0.0 0.0 0.0
0.8082456588745117 0.006797075271606445 0.007203817367553711 0.014363527297973633 0.0 0.0 0.0 0.0 0.0 0.0 0.0 0.0 0.0 0.0 0.0 0.0 0.0 0.0 0.0 0.0 0.0 0.0 0.0 0.0 0.0 0.0 0.0 0.0 0.0 0.0 0.0 0.0
0.8055732250213623 0.00590825080871582 0.005391120910644531 0.007071733474731445 0.013739347457885742 0.0 0.0 0.0 0.0 0.0 0.0 0.0 0.0 0.0 0.0 0.0 0.0 0.0 0.0 0.0 0.0 0.0 0.0 0.0 0.0 0.0 0.0 0.0 0.0 0.0 0.0 0.0
0.8004179000854492 0.005404949188232422 0.004920482635498047 0.005646944046020508 0.006635904312133789 0.016710281372070312 0.0 0.0 0.0 0.0 0.0 0.0 0.0 0.0 0.0 0.0 0.0 0.0 0.0 0.0 0.0 0.0 0.0 0.0 0.0 0.0 0.0 0.0 0.0 0.0 0.0 0.0
0.8012726306915283 0.0049207210540771484 0.004219532012939453 0.004804372787475586 0.00491642951965332 0.006526947021484375 0.012750864028930664 0.0 0.0 0.0 0.0 0.0 0.0 0.0 0.0 0.0 0.0 0.0 0.0 0.0 0.0 0.0 0.0 0.0 0.0 0.0 0.0 0.0 0.0 0.0 0.0 0.0
0.7986607551574707 0.004443168640136719 0.0041539669036865234 0.004384040832519531 0.004462718963623047 0.0050716400146484375 0.005997657775878906 0.01328277587890625 0.0 0.0 0.0 0.0 0.0 0.0 0.0 0.0 0.0 0.0 0.0 0.0 0.0 0.0 0.0 0.0 0.0 0.0 0.0 0.0 0.0 0.0 0.0 0.0
0.7963266372680664 0.0041348934173583984 0.0037996768951416016 0.0040073394775390625 0.004166603088378906 0.004637002944946289 0.004556179046630859 0.005835771560668945 0.013923406600952148 0.0 0.0 0.0 0.0 0.0 0.0 0.0 0.0 0.0 0.0 0.0 0.0 0.0 0.0 0.0 0.0 0.0 0.0 0.0 0.0 0.0 0.0 0.0
0.7956802845001221 0.0037806034088134766 0.0031919479370117188 0.0033321380615234375 0.0034034252166748047 0.0040132999420166016 0.003936290740966797 0.004221439361572266 0.005614519119262695 0.01446843147277832 0.0 0.0 0.0 0.0 0.0 0.0 0.0 0.0 0.0 0.0 0.0 0.0 0.0 0.0 0.0 0.0 0.0 0.0 0.0 0.0 0.0 0.0
0.7932479381561279 0.0036411285400390625 0.003235340118408203 0.0034215450286865234 0.003190755844116211 0.003452777862548828 0.0034868717193603516 0.0036711692810058594 0.004397392272949219 0.005684375762939453 0.015166997909545898 0.0 0.0 0.0 0.0 0.0 0.0 0.0 0.0 0.0 0.0 0.0 0.0 0.0 0.0 0.0 0.0 0.0 0.0 0.0 0.0 0.0
0.7917232513427734 0.0034637451171875 0.0031120777130126953 0.0033791065216064453 0.0029463768005371094 0.003201723098754883 0.0033147335052490234 0.003434419631958008 0.003839254379272461 0.004263162612915039 0.005622386932373047 0.014902353286743164 0.0 0.0 0.0 0.0 0.0 0.0 0.0 0.0 0.0 0.0 0.0 0.0 0.0 0.0 0.0 0.0 0.0 0.0 0.0 0.0
0.7903506755828857 0.0035974979400634766 0.002989530563354492 0.003140687942504883 0.003015756607055664 0.0031926631927490234 0.0031964778900146484 0.003075122833251953 0.003536701202392578 0.0037186145782470703 0.00426483154296875 0.005408048629760742 0.014264345169067383 0.0 0.0 0.0 0.0 0.0 0.0 0.0 0.0 0.0 0.0 0.0 0.0 0.0 0.0 0.0 0.0 0.0 0.0 0.0
0.7894911766052246 0.003418445587158203 0.0029449462890625 0.0029566287994384766 0.002979278564453125 0.002991914749145508 0.0029082298278808594 0.0029909610748291016 0.003180980682373047 0.0034410953521728516 0.0038216114044189453 0.0041697025299072266 0.0051174163818359375 0.013684511184692383 0.0 0.0 0.0 0.0 0.0 0.0 0.0 0.0 0.0 0.0 0.0 0.0 0.0 0.0 0.0 0.0 0.0 0.0
0.7862284183502197 0.0033447742462158203 0.003025531768798828 0.0031020641326904297 0.0028676986694335938 0.002996683120727539 0.0029549598693847656 0.0028715133666992188 0.0031380653381347656 0.003267049789428711 0.003476858139038086 0.0037300586700439453 0.004351615905761719 0.005417823791503906 0.014592885971069336 0.0 0.0 0.0 0.0 0.0 0.0 0.0 0.0 0.0 0.0 0.0 0.0 0.0 0.0 0.0 0.0 0.0
0.7844128608703613 0.003227710723876953 0.0027239322662353516 0.0028831958770751953 0.0027382373809814453 0.002785921096801758 0.0030243396759033203 0.002973794937133789 0.002966165542602539 0.0031850337982177734 0.0031821727752685547 0.0034503936767578125 0.0037927627563476562 0.004416227340698242 0.005728006362915039 0.014586210250854492 0.0 0.0 0.0 0.0 0.0 0.0 0.0 0.0 0.0 0.0 0.0 0.0 0.0 0.0 0.0 0.0
0.7812802791595459 0.003156423568725586 0.0027387142181396484 0.0029337406158447266 0.002951383590698242 0.0032482147216796875 0.003001689910888672 0.0028133392333984375 0.002971649169921875 0.003072023391723633 0.003088712692260742 0.0032987594604492188 0.0037260055541992188 0.003777742385864258 0.004523277282714844 0.005354404449462891 0.015357494354248047 0.0 0.0 0.0 0.0 0.0 0.0 0.0 0.0 0.0 0.0 0.0 0.0 0.0 0.0 0.0
0.7809903621673584 0.003047466278076172 0.0027577877044677734 0.002825021743774414 0.0029158592224121094 0.0029478073120117188 0.002812623977661133 0.002702474594116211 0.003009796142578125 0.002904176712036133 0.0028951168060302734 0.0031545162200927734 0.003153562545776367 0.0033767223358154297 0.003796815872192383 0.004326820373535156 0.005479097366333008 0.014322757720947266 0.0 0.0 0.0 0.0 0.0 0.0 0.0 0.0 0.0 0.0 0.0 0.0 0.0 0.0
0.7791903018951416 0.0030095577239990234 0.002623319625854492 0.0029196739196777344 0.002682209014892578 0.0029850006103515625 0.0027077198028564453 0.0028655529022216797 0.002749919891357422 0.0029866695404052734 0.003156900405883789 0.003029346466064453 0.002866506576538086 0.0029363632202148438 0.00347900390625 0.0036191940307617188 0.004360198974609375 0.005305767059326172 0.014642715454101562 0.0 0.0 0.0 0.0 0.0 0.0 0.0 0.0 0.0 0.0 0.0 0.0 0.0
0.7765634059906006 0.002963542938232422 0.002604246139526367 0.0033812522888183594 0.0027823448181152344 0.0030448436737060547 0.002827882766723633 0.0026988983154296875 0.0027375221252441406 0.0029456615447998047 0.0027980804443359375 0.0029180049896240234 0.003068208694458008 0.0029287338256835938 0.0032854080200195312 0.0033288002014160156 0.0037546157836914062 0.004190921783447266 0.005355358123779297 0.014961719512939453 0.0 0.0 0.0 0.0 0.0 0.0 0.0 0.0 0.0 0.0 0.0 0.0
0.7752468585968018 0.0029103755950927734 0.002571582794189453 0.002725362777709961 0.002759695053100586 0.0028498172760009766 0.0026035308837890625 0.002752065658569336 0.002654552459716797 0.002817869186401367 0.0028777122497558594 0.0028052330017089844 0.002799510955810547 0.002932310104370117 0.003022909164428711 0.003072500228881836 0.003256559371948242 0.003631591796875 0.004309654235839844 0.005506992340087891 0.015533447265625 0.0 0.0 0.0 0.0 0.0 0.0 0.0 0.0 0.0 0.0 0.0
0.7711615562438965 0.002878904342651367 0.0026314258575439453 0.0026345252990722656 0.0026099681854248047 0.002633810043334961 0.0026094913482666016 0.002675294876098633 0.0025284290313720703 0.0028645992279052734 0.004339933395385742 0.002926349639892578 0.002742767333984375 0.0029036998748779297 0.003283977508544922 0.0029942989349365234 0.0030469894409179688 0.0032625198364257812 0.0038368701934814453 0.0042476654052734375 0.005492448806762695 0.016895294189453125 0.0 0.0 0.0 0.0 0.0 0.0 0.0 0.0 0.0 0.0
0.7700443267822266 0.002756834030151367 0.0025484561920166016 0.0027010440826416016 0.002476215362548828 0.0026726722717285156 0.002651691436767578 0.002584218978881836 0.002625703811645508 0.0028574466705322266 0.003404378890991211 0.0030384063720703125 0.002902984619140625 0.0028448104858398438 0.0028710365295410156 0.0027303695678710938 0.003247499465942383 0.002966642379760742 0.0034575462341308594 0.0038919448852539062 0.0044155120849609375 0.006275653839111328 0.01567530632019043 0.0 0.0 0.0 0.0 0.0 0.0 0.0 0.0 0.0
0.7663817405700684 0.0027785301208496094 0.0024755001068115234 0.0024788379669189453 0.002346038818359375 0.002758026123046875 0.002462148666381836 0.0025491714477539062 0.0025413036346435547 0.002626180648803711 0.002948284149169922 0.002880096435546875 0.002813100814819336 0.002985239028930664 0.002976655960083008 0.0027222633361816406 0.0030040740966796875 0.002758502960205078 0.003039121627807617 0.0031621456146240234 0.0036058425903320312 0.004464864730834961 0.005292177200317383 0.02095961570739746 0.0 0.0 0.0 0.0 0.0 0.0 0.0 0.0
0.7672152519226074 0.002777099609375 0.0024733543395996094 0.0024933815002441406 0.0024051666259765625 0.002509593963623047 0.00247955322265625 0.0024149417877197266 0.002481698989868164 0.002695322036743164 0.002644777297973633 0.0030126571655273438 0.0028886795043945312 0.002986907958984375 0.003027677536010742 0.0027930736541748047 0.002771615982055664 0.0027081966400146484 0.0029740333557128906 0.003091096878051758 0.0032460689544677734 0.0038640499114990234 0.004113197326660156 0.005314826965332031 0.017337560653686523 0.0 0.0 0.0 0.0 0.0 0.0 0.0
0.7628684043884277 0.002896547317504883 0.0024831295013427734 0.0026493072509765625 0.002405405044555664 0.0026574134826660156 0.002481222152709961 0.0026497840881347656 0.0025544166564941406 0.0026993751525878906 0.002796173095703125 0.002809286117553711 0.0027608871459960938 0.0029435157775878906 0.0029692649841308594 0.0028755664825439453 0.0029027462005615234 0.0026466846466064453 0.002866029739379883 0.0032100677490234375 0.0030333995819091797 0.004277229309082031 0.0036487579345703125 0.005185127258300781 0.006958723068237305 0.01615142822265625 0.0 0.0 0.0 0.0 0.0 0.0
0.7617156505584717 0.0028314590454101562 0.002500295639038086 0.0025637149810791016 0.0025281906127929688 0.0024776458740234375 0.0024890899658203125 0.002417325973510742 0.002410888671875 0.002598285675048828 0.002756357192993164 0.0028891563415527344 0.0028095245361328125 0.0027806758880615234 0.002844572067260742 0.0029370784759521484 0.002651691436767578 0.0025696754455566406 0.002650022506713867 0.00279998779296875 0.0027844905853271484 0.00313568115234375 0.003147602081298828 0.0038306713104248047 0.007148265838623047 0.005135297775268555 0.017403841018676758 0.0 0.0 0.0 0.0 0.0
0.7622604370117188 0.0026769638061523438 0.002368927001953125 0.0023910999298095703 0.002360105514526367 0.0024683475494384766 0.002439260482788086 0.00241851806640625 0.0023512840270996094 0.0025768280029296875 0.002659320831298828 0.002778291702270508 0.002735614776611328 0.0028417110443115234 0.002880096435546875 0.0027475357055664062 0.0027282238006591797 0.002511262893676758 0.0026941299438476562 0.0026426315307617188 0.0025839805603027344 0.002806425094604492 0.002918243408203125 0.0032029151916503906 0.0038073062896728516 0.0040853023529052734 0.005283832550048828 0.018376827239990234 0.0 0.0 0.0 0.0
0.7611217498779297 0.002662181854248047 0.0024471282958984375 0.0023729801177978516 0.0023632049560546875 0.0025472640991210938 0.0024340152740478516 0.0023615360260009766 0.002353668212890625 0.0025534629821777344 0.0026426315307617188 0.0027496814727783203 0.002729654312133789 0.0026941299438476562 0.0027167797088623047 0.0027163028717041016 0.0026950836181640625 0.0025839805603027344 0.002508878707885742 0.002595663070678711 0.0025827884674072266 0.002853870391845703 0.0028176307678222656 0.0031309127807617188 0.003472566604614258 0.0035161972045898438 0.0040645599365234375 0.005028963088989258 0.0177152156829834 0.0 0.0 0.0
0.7575545310974121 0.0028090476989746094 0.0026705265045166016 0.0025148391723632812 0.0024459362030029297 0.0024688243865966797 0.0023412704467773438 0.002332448959350586 0.0023620128631591797 0.002530813217163086 0.002771139144897461 0.002676725387573242 0.0025947093963623047 0.002886056900024414 0.0029015541076660156 0.0027823448181152344 0.002534627914428711 0.0024924278259277344 0.002469301223754883 0.002804279327392578 0.0025043487548828125 0.002938508987426758 0.002588033676147461 0.002947568893432617 0.0034618377685546875 0.003130197525024414 0.003546476364135742 0.004157543182373047 0.005056858062744141 0.01910233497619629 0.0 0.0
0.7501735687255859 0.002646923065185547 0.00254058837890625 0.0025703907012939453 0.0023822784423828125 0.00258636474609375 0.0023365020751953125 0.0022423267364501953 0.0024175643920898438 0.0024595260620117188 0.0025663375854492188 0.0025832653045654297 0.0025086402893066406 0.0027039051055908203 0.0029599666595458984 0.0027463436126708984 0.002716541290283203 0.0026023387908935547 0.0027358531951904297 0.002757549285888672 0.002521514892578125 0.010515451431274414 0.002610445022583008 0.00301361083984375 0.0028929710388183594 0.0032989978790283203 0.0031991004943847656 0.0033392906188964844 0.004106283187866211 0.004927396774291992 0.019470930099487305 0.0
0.7515840530395508 0.002610921859741211 0.0024602413177490234 0.002663135528564453 0.0026006698608398438 0.002655506134033203 0.0024275779724121094 0.0023169517517089844 0.002476930618286133 0.0027060508728027344 0.0028786659240722656 0.0024862289428710938 0.0025091171264648438 0.0025022029876708984 0.002735137939453125 0.002676725387573242 0.00276947021484375 0.0026259422302246094 0.0027332305908203125 0.0025787353515625 0.0025894641876220703 0.0049479007720947266 0.0028154850006103516 0.002717733383178711 0.0028047561645507812 0.002779245376586914 0.002960681915283203 0.003113269805908203 0.003922700881958008 0.0040264129638671875 0.004888296127319336 0.020050525665283203
