0.8284270763397217 0.0 0.0 0.0 0.0 0.0 0.0 0.0 0.0 0.0 0.0 0.0 0.0 0.0 0.0 0.0 0.0 0.0 0.0 0.0 0.0 0.0 0.0 0.0 0.0 0.0 0.0 0.0 0.0 0.0 0.0 0.0
0.8022732734680176 0.03648233413696289 0.0 0.0 0.0 0.0 0.0 0.0 0.0 0.0 0.0 0.0 0.0 0.0 0.0 0.0 0.0 0.0 0.0 0.0 0.0 0.0 0.0 0.0 0.0 0.0 0.0 0.0 0.0 0.0 0.0 0.0
0.7809340953826904 0.0329890251159668 0.03307056427001953 0.0 0.0 0.0 0.0 0.0 0.0 0.0 0.0 0.0 0.0 0.0 0.0 0.0 0.0 0.0 0.0 0.0 0.0 0.0 0.0 0.0 0.0 0.0 0.0 0.0 0.0 0.0 0.0 0.0
0.7657232284545898 0.02910923957824707 0.027570486068725586 0.03038644790649414 0.0 0.0 0.0 0.0 0.0 0.0 0.0 0.0 0.0 0.0 0.0 0.0 0.0 0.0 0.0 0.0 0.0 0.0 0.0 0.0 0.0 0.0 0.0 0.0 0.0 0.0 0.0 0.0
0.753382682800293 0.02485513687133789 0.02451610565185547 0.025374650955200195 0.02929830551147461 0.0 0.0 0.0 0.0 0.0 0.0 0.0 0.0 0.0 0.0 0.0 0.0 0.0 0.0 0.0 0.0 0.0 0.0 0.0 0.0 0.0 0.0 0.0 0.0 0.0 0.0 0.0
0.7407112121582031 0.02198624610900879 0.02147197723388672 0.023984909057617188 0.024499893188476562 0.029436826705932617 0.0 0.0 0.0 0.0 0.0 0.0 0.0 0.0 0.0 0.0 0.0 0.0 0.0 0.0 0.0 0.0 0.0 0.0 0.0 0.0 0.0 0.0 0.0 0.0 0.0 0.0
0.7322373390197754 0.019826650619506836 0.019107580184936523 0.02081298828125 0.022786378860473633 0.023740768432617188 0.02669692039489746 0.0 0.0 0.0 0.0 0.0 0.0 0.0 0.0 0.0 0.0 0.0 0.0 0.0 0.0 0.0 0.0 0.0 0.0 0.0 0.0 0.0 0.0 0.0 0.0 0.0
0.7205328941345215 0.019397735595703125 0.018246173858642578 0.01960444450378418 0.02107548713684082 0.022897958755493164 0.02256941795349121 0.025083065032958984 0.0 0.0 0.0 0.0 0.0 0.0 0.0 0.0 0.0 0.0 0.0 0.0 0.0 0.0 0.0 0.0 0.0 0.0 0.0 0.0 0.0 0.0 0.0 0.0
0.7093460559844971 0.018105268478393555 0.017580270767211914 0.018707752227783203 0.019662141799926758 0.021198272705078125 0.022223949432373047 0.02080559730529785 0.02572774887084961 0.0 0.0 0.0 0.0 0.0 0.0 0.0 0.0 0.0 0.0 0.0 0.0 0.0 0.0 0.0 0.0 0.0 0.0 0.0 0.0 0.0 0.0 0.0
0.7020134925842285 0.016620397567749023 0.01627063751220703 0.017681121826171875 0.018361330032348633 0.019594669342041016 0.019563674926757812 0.02041029930114746 0.021103858947753906 0.024325847625732422 0.0 0.0 0.0 0.0 0.0 0.0 0.0 0.0 0.0 0.0 0.0 0.0 0.0 0.0 0.0 0.0 0.0 0.0 0.0 0.0 0.0 0.0
0.6894271373748779 0.015921831130981445 0.015565156936645508 0.017113447189331055 0.018256425857543945 0.019213199615478516 0.019091367721557617 0.019121408462524414 0.02109527587890625 0.020740747451782227 0.024698257446289062 0.0 0.0 0.0 0.0 0.0 0.0 0.0 0.0 0.0 0.0 0.0 0.0 0.0 0.0 0.0 0.0 0.0 0.0 0.0 0.0 0.0
0.6795103549957275 0.015499114990234375 0.014568090438842773 0.015865564346313477 0.017344951629638672 0.018460750579833984 0.01875758171081543 0.018123388290405273 0.020004749298095703 0.02066969871520996 0.02026200294494629 0.024533510208129883 0.0 0.0 0.0 0.0 0.0 0.0 0.0 0.0 0.0 0.0 0.0 0.0 0.0 0.0 0.0 0.0 0.0 0.0 0.0 0.0
0.6777303218841553 0.01454925537109375 0.013400554656982422 0.014406204223632812 0.015522241592407227 0.017105579376220703 0.017512798309326172 0.016939401626586914 0.017841339111328125 0.018297910690307617 0.019235610961914062 0.01921534538269043 0.022510528564453125 0.0 0.0 0.0 0.0 0.0 0.0 0.0 0.0 0.0 0.0 0.0 0.0 0.0 0.0 0.0 0.0 0.0 0.0 0.0
0.6642100811004639 0.014991521835327148 0.01371908187866211 0.014129877090454102 0.015233039855957031 0.016947031021118164 0.016958236694335938 0.017006635665893555 0.017984867095947266 0.01767110824584961 0.018130064010620117 0.020040035247802734 0.019018888473510742 0.022686243057250977 0.0 0.0 0.0 0.0 0.0 0.0 0.0 0.0 0.0 0.0 0.0 0.0 0.0 0.0 0.0 0.0 0.0 0.0
0.662581205368042 0.013730287551879883 0.012921333312988281 0.013544321060180664 0.013916254043579102 0.014723539352416992 0.015269279479980469 0.015337467193603516 0.01678180694580078 0.016622543334960938 0.01674962043762207 0.017473936080932617 0.01844024658203125 0.018146514892578125 0.023067474365234375 0.0 0.0 0.0 0.0 0.0 0.0 0.0 0.0 0.0 0.0 0.0 0.0 0.0 0.0 0.0 0.0 0.0
0.6534450054168701 0.01312708854675293 0.012655496597290039 0.013518571853637695 0.013876676559448242 0.014355659484863281 0.014710187911987305 0.014608621597290039 0.016153812408447266 0.016344785690307617 0.016399621963500977 0.01684737205505371 0.017284631729125977 0.01824212074279785 0.01882195472717285 0.021889686584472656 0.0 0.0 0.0 0.0 0.0 0.0 0.0 0.0 0.0 0.0 0.0 0.0 0.0 0.0 0.0 0.0
0.6497287750244141 0.012192487716674805 0.011644124984741211 0.012809276580810547 0.013501882553100586 0.013917684555053711 0.013707160949707031 0.01351165771484375 0.014794111251831055 0.015285253524780273 0.015733003616333008 0.016035079956054688 0.0160524845123291 0.016585350036621094 0.018284320831298828 0.017735004425048828 0.0219881534576416 0.0 0.0 0.0 0.0 0.0 0.0 0.0 0.0 0.0 0.0 0.0 0.0 0.0 0.0 0.0
0.6382434368133545 0.012286186218261719 0.011363983154296875 0.012276411056518555 0.013377904891967773 0.014283180236816406 0.014248847961425781 0.013267278671264648 0.014293909072875977 0.014744758605957031 0.015492916107177734 0.016312599182128906 0.01596355438232422 0.0161135196685791 0.017304658889770508 0.0180816650390625 0.017906665802001953 0.02158641815185547 0.0 0.0 0.0 0.0 0.0 0.0 0.0 0.0 0.0 0.0 0.0 0.0 0.0 0.0
0.6361246109008789 0.011989593505859375 0.010789155960083008 0.011220693588256836 0.012204885482788086 0.01346278190612793 0.013597249984741211 0.012983322143554688 0.01360630989074707 0.013533353805541992 0.013828754425048828 0.015025138854980469 0.015043497085571289 0.015421628952026367 0.016446590423583984 0.016503334045410156 0.017496585845947266 0.017201662063598633 0.0213775634765625 0.0 0.0 0.0 0.0 0.0 0.0 0.0 0.0 0.0 0.0 0.0 0.0 0.0
0.6352274417877197 0.011590719223022461 0.010529518127441406 0.010783672332763672 0.011149406433105469 0.0121612548828125 0.012648344039916992 0.012453079223632812 0.012960195541381836 0.0127410888671875 0.012917518615722656 0.01355123519897461 0.01416158676147461 0.014528036117553711 0.015357732772827148 0.015105724334716797 0.015880823135375977 0.01661539077758789 0.016894817352294922 0.020922422409057617 0.0 0.0 0.0 0.0 0.0 0.0 0.0 0.0 0.0 0.0 0.0 0.0
0.6230342388153076 0.011865854263305664 0.010843992233276367 0.010967493057250977 0.011301517486572266 0.012070178985595703 0.012153148651123047 0.012282848358154297 0.013213396072387695 0.013186931610107422 0.01266336441040039 0.013328313827514648 0.013400077819824219 0.014325618743896484 0.015563488006591797 0.015015840530395508 0.015213489532470703 0.01581430435180664 0.01734781265258789 0.01746344566345215 0.020899057388305664 0.0 0.0 0.0 0.0 0.0 0.0 0.0 0.0 0.0 0.0 0.0
0.6211779117584229 0.010906696319580078 0.010467052459716797 0.010894536972045898 0.011075496673583984 0.011519908905029297 0.011179447174072266 0.011318683624267578 0.012392520904541016 0.01264190673828125 0.012351036071777344 0.01279139518737793 0.012433528900146484 0.013201713562011719 0.01443171501159668 0.014455080032348633 0.014740705490112305 0.014791250228881836 0.015976667404174805 0.016788005828857422 0.01660299301147461 0.020424842834472656 0.0 0.0 0.0 0.0 0.0 0.0 0.0 0.0 0.0 0.0
0.618584394454956 0.010084867477416992 0.00977945327758789 0.010593175888061523 0.01096343994140625 0.01118326187133789 0.010849237442016602 0.010560750961303711 0.011466264724731445 0.011977434158325195 0.012256145477294922 0.012121200561523438 0.011991262435913086 0.01217508316040039 0.013166427612304688 0.013623714447021484 0.014216423034667969 0.014212608337402344 0.01472616195678711 0.015336036682128906 0.01625680923461914 0.016230344772338867 0.021026611328125 0.0 0.0 0.0 0.0 0.0 0.0 0.0 0.0 0.0
0.6118762493133545 0.009864568710327148 0.009217023849487305 0.010075092315673828 0.010895967483520508 0.01143336296081543 0.011096954345703125 0.010374069213867188 0.010940313339233398 0.01121664047241211 0.011674165725708008 0.012059450149536133 0.011996746063232422 0.011875391006469727 0.012530088424682617 0.012808561325073242 0.013660907745361328 0.013914346694946289 0.014534950256347656 0.014736652374267578 0.015166282653808594 0.01617598533630371 0.016373634338378906 0.020931005477905273 0.0 0.0 0.0 0.0 0.0 0.0 0.0 0.0
0.6090908050537109 0.009639978408813477 0.008812189102172852 0.009366035461425781 0.010197639465332031 0.011048316955566406 0.01102447509765625 0.010316610336303711 0.010618448257446289 0.010476827621459961 0.01082754135131836 0.011521577835083008 0.011681795120239258 0.01164698600769043 0.012002944946289062 0.011967182159423828 0.012665987014770508 0.013114452362060547 0.013915538787841797 0.014405965805053711 0.014201641082763672 0.014911174774169922 0.016246557235717773 0.01624917984008789 0.020340919494628906 0.0 0.0 0.0 0.0 0.0 0.0 0.0
0.6023011207580566 0.00986480712890625 0.008841514587402344 0.009029388427734375 0.009479761123657227 0.010557413101196289 0.010858774185180664 0.010467052459716797 0.010702848434448242 0.010348796844482422 0.01042628288269043 0.011012554168701172 0.011347532272338867 0.011617660522460938 0.012158393859863281 0.011634349822998047 0.012130022048950195 0.012344598770141602 0.013336658477783203 0.013924121856689453 0.013938426971435547 0.014123916625976562 0.015475749969482422 0.01635575294494629 0.01608896255493164 0.01996445655822754 0.0 0.0 0.0 0.0 0.0 0.0
0.6006801128387451 0.009713172912597656 0.00885462760925293 0.008917093276977539 0.009082317352294922 0.009682893753051758 0.010062217712402344 0.010040521621704102 0.010649681091308594 0.010236978530883789 0.010041475296020508 0.01016092300415039 0.010556221008300781 0.01096487045288086 0.01170802116394043 0.011353254318237305 0.011508941650390625 0.011545896530151367 0.012327432632446289 0.013182401657104492 0.013555288314819336 0.01368260383605957 0.014409542083740234 0.0150604248046875 0.015896320343017578 0.015545368194580078 0.019422531127929688 0.0 0.0 0.0 0.0 0.0
0.5948367118835449 0.009484052658081055 0.008870124816894531 0.009024858474731445 0.009152412414550781 0.009589195251464844 0.009425878524780273 0.009560108184814453 0.010445594787597656 0.010271310806274414 0.010010480880737305 0.009939193725585938 0.009804964065551758 0.010413169860839844 0.011481046676635742 0.011355876922607422 0.011500120162963867 0.011103391647338867 0.011677026748657227 0.012318849563598633 0.012947797775268555 0.013419389724731445 0.014146804809570312 0.014293909072875977 0.01458287239074707 0.015787839889526367 0.015250921249389648 0.01987767219543457 0.0 0.0 0.0 0.0
0.5889060497283936 0.009056806564331055 0.008535146713256836 0.009066343307495117 0.009318113327026367 0.009567737579345703 0.009141921997070312 0.008971691131591797 0.009860754013061523 0.01020050048828125 0.010182380676269531 0.010111331939697266 0.009702920913696289 0.009862422943115234 0.010678768157958984 0.01096653938293457 0.011427164077758789 0.011064529418945312 0.011460065841674805 0.011647939682006836 0.012103557586669922 0.012932062149047852 0.013927936553955078 0.014006614685058594 0.014101982116699219 0.014899492263793945 0.015427589416503906 0.015746355056762695 0.01944446563720703 0.0 0.0 0.0
0.5832555294036865 0.008903980255126953 0.008032798767089844 0.008668184280395508 0.009346961975097656 0.009860038757324219 0.009243488311767578 0.00860905647277832 0.009292364120483398 0.009647369384765625 0.009974241256713867 0.010220050811767578 0.00980067253112793 0.009805917739868164 0.010176420211791992 0.010249137878417969 0.010949134826660156 0.011045217514038086 0.011323928833007812 0.011429786682128906 0.011566400527954102 0.012081623077392578 0.013303995132446289 0.013873815536499023 0.013694286346435547 0.014317035675048828 0.014467239379882812 0.015918731689453125 0.01526498794555664 0.0196380615234375 0.0 0.0
0.5790286064147949 0.00898432731628418 0.007876396179199219 0.008241653442382812 0.00888514518737793 0.009786844253540039 0.00940251350402832 0.0087432861328125 0.008996963500976562 0.0090789794921875 0.009521722793579102 0.00998687744140625 0.009860754013061523 0.009814262390136719 0.009918689727783203 0.00973820686340332 0.01040506362915039 0.010649681091308594 0.011219978332519531 0.011292219161987305 0.011108160018920898 0.01140904426574707 0.012519359588623047 0.013207674026489258 0.013674020767211914 0.013778924942016602 0.013707876205444336 0.014850854873657227 0.015196084976196289 0.015046119689941406 0.019259929656982422 0.0
0.5790698528289795 0.008988618850708008 0.007786989212036133 0.007901430130004883 0.008283138275146484 0.00899505615234375 0.009169816970825195 0.008736610412597656 0.00882101058959961 0.008627891540527344 0.00874638557434082 0.00931859016418457 0.009517669677734375 0.009620189666748047 0.00993204116821289 0.009316444396972656 0.00961160659790039 0.009803533554077148 0.010607004165649414 0.011003255844116211 0.010924100875854492 0.010932683944702148 0.011538982391357422 0.01210784912109375 0.012731075286865234 0.013338327407836914 0.013314247131347656 0.013751745223999023 0.014101743698120117 0.014888286590576172 0.01459956169128418 0.01912856101989746
