0.8284270763397217 0.0 0.0 0.0 0.0 0.0 0.0 0.0 0.0 0.0 0.0 0.0 0.0 0.0 0.0 0.0 0.0 0.0 0.0 0.0 0.0 0.0 0.0 0.0 0.0 0.0 0.0 0.0 0.0 0.0 0.0 0.0
0.7940075397491455 0.04778027534484863 0.0 0.0 0.0 0.0 0.0 0.0 0.0 0.0 0.0 0.0 0.0 0.0 0.0 0.0 0.0 0.0 0.0 0.0 0.0 0.0 0.0 0.0 0.0 0.0 0.0 0.0 0.0 0.0 0.0 0.0
0.7321879863739014 0.03848528861999512 0.09277176856994629 0.0 0.0 0.0 0.0 0.0 0.0 0.0 0.0 0.0 0.0 0.0 0.0 0.0 0.0 0.0 0.0 0.0 0.0 0.0 0.0 0.0 0.0 0.0 0.0 0.0 0.0 0.0 0.0 0.0
0.6837713718414307 0.024944543838500977 0.06978774070739746 0.10069775581359863 0.0 0.0 0.0 0.0 0.0 0.0 0.0 0.0 0.0 0.0 0.0 0.0 0.0 0.0 0.0 0.0 0.0 0.0 0.0 0.0 0.0 0.0 0.0 0.0 0.0 0.0 0.0 0.0
0.660332441329956 0.017835378646850586 0.03910422325134277 0.07199978828430176 0.09757566452026367 0.0 0.0 0.0 0.0 0.0 0.0 0.0 0.0 0.0 0.0 0.0 0.0 0.0 0.0 0.0 0.0 0.0 0.0 0.0 0.0 0.0 0.0 0.0 0.0 0.0 0.0 0.0
0.6423022747039795 0.01340484619140625 0.029933691024780273 0.043675899505615234 0.07193708419799805 0.0914764404296875 0.0 0.0 0.0 0.0 0.0 0.0 0.0 0.0 0.0 0.0 0.0 0.0 0.0 0.0 0.0 0.0 0.0 0.0 0.0 0.0 0.0 0.0 0.0 0.0 0.0 0.0
0.6252260208129883 0.009989261627197266 0.02233266830444336 0.03163552284240723 0.04351019859313965 0.07424163818359375 0.09101343154907227 0.0 0.0 0.0 0.0 0.0 0.0 0.0 0.0 0.0 0.0 0.0 0.0 0.0 0.0 0.0 0.0 0.0 0.0 0.0 0.0 0.0 0.0 0.0 0.0 0.0
0.6044774055480957 0.009059906005859375 0.01912236213684082 0.024937152862548828 0.03370785713195801 0.04703330993652344 0.07009577751159668 0.09559893608093262 0.0 0.0 0.0 0.0 0.0 0.0 0.0 0.0 0.0 0.0 0.0 0.0 0.0 0.0 0.0 0.0 0.0 0.0 0.0 0.0 0.0 0.0 0.0 0.0
0.5909874439239502 0.00873422622680664 0.01688551902770996 0.019961118698120117 0.025940656661987305 0.03209733963012695 0.044393301010131836 0.07373833656311035 0.09520912170410156 0.0 0.0 0.0 0.0 0.0 0.0 0.0 0.0 0.0 0.0 0.0 0.0 0.0 0.0 0.0 0.0 0.0 0.0 0.0 0.0 0.0 0.0 0.0
0.5762650966644287 0.008043050765991211 0.015901803970336914 0.017213821411132812 0.019281864166259766 0.02290201187133789 0.03165102005004883 0.04678678512573242 0.0787355899810791 0.09520983695983887 0.0 0.0 0.0 0.0 0.0 0.0 0.0 0.0 0.0 0.0 0.0 0.0 0.0 0.0 0.0 0.0 0.0 0.0 0.0 0.0 0.0 0.0
0.565406084060669 0.006868600845336914 0.015176057815551758 0.016438961029052734 0.016471147537231445 0.018276453018188477 0.023587465286254883 0.032785654067993164 0.051665306091308594 0.07563233375549316 0.0928194522857666 0.0 0.0 0.0 0.0 0.0 0.0 0.0 0.0 0.0 0.0 0.0 0.0 0.0 0.0 0.0 0.0 0.0 0.0 0.0 0.0 0.0
0.5567703247070312 0.006282806396484375 0.01336812973022461 0.015852689743041992 0.016060352325439453 0.015622615814208984 0.01765275001525879 0.023871183395385742 0.03443026542663574 0.045990705490112305 0.07684588432312012 0.0947425365447998 0.0 0.0 0.0 0.0 0.0 0.0 0.0 0.0 0.0 0.0 0.0 0.0 0.0 0.0 0.0 0.0 0.0 0.0 0.0 0.0
0.543341875076294 0.006166219711303711 0.012370586395263672 0.014592647552490234 0.015495538711547852 0.015243053436279297 0.015441417694091797 0.018829822540283203 0.02751445770263672 0.03191184997558594 0.04714536666870117 0.07851600646972656 0.0944828987121582 0.0 0.0 0.0 0.0 0.0 0.0 0.0 0.0 0.0 0.0 0.0 0.0 0.0 0.0 0.0 0.0 0.0 0.0 0.0
0.5406298637390137 0.005898952484130859 0.01160430908203125 0.013325214385986328 0.013779163360595703 0.014174938201904297 0.014279365539550781 0.015259981155395508 0.017761945724487305 0.023224592208862305 0.03227066993713379 0.04885983467102051 0.07784080505371094 0.09297847747802734 0.0 0.0 0.0 0.0 0.0 0.0 0.0 0.0 0.0 0.0 0.0 0.0 0.0 0.0 0.0 0.0 0.0 0.0
0.5281374454498291 0.005827426910400391 0.011984109878540039 0.01238250732421875 0.01266336441040039 0.012978315353393555 0.014046669006347656 0.01462697982788086 0.01586008071899414 0.018638134002685547 0.023986339569091797 0.03556942939758301 0.05003666877746582 0.07664322853088379 0.0918114185333252 0.0 0.0 0.0 0.0 0.0 0.0 0.0 0.0 0.0 0.0 0.0 0.0 0.0 0.0 0.0 0.0 0.0
0.5201370716094971 0.005394697189331055 0.011273860931396484 0.011491775512695312 0.010964632034301758 0.011346817016601562 0.013158321380615234 0.014747381210327148 0.014873266220092773 0.015224933624267578 0.018634557723999023 0.025341272354125977 0.034151315689086914 0.04773998260498047 0.07989811897277832 0.09278345108032227 0.0 0.0 0.0 0.0 0.0 0.0 0.0 0.0 0.0 0.0 0.0 0.0 0.0 0.0 0.0 0.0
0.5109121799468994 0.004502058029174805 0.010422706604003906 0.011576175689697266 0.011343240737915039 0.010663032531738281 0.011586904525756836 0.013278722763061523 0.014178991317749023 0.015502214431762695 0.01578807830810547 0.018806934356689453 0.024555444717407227 0.033814430236816406 0.05178475379943848 0.07805037498474121 0.09272909164428711 0.0 0.0 0.0 0.0 0.0 0.0 0.0 0.0 0.0 0.0 0.0 0.0 0.0 0.0 0.0
0.508493185043335 0.003929615020751953 0.00966334342956543 0.011695623397827148 0.011031150817871094 0.010570526123046875 0.011266946792602539 0.011516332626342773 0.012318611145019531 0.013548612594604492 0.015952587127685547 0.016415119171142578 0.018866539001464844 0.024302244186401367 0.03331279754638672 0.04678010940551758 0.0791933536529541 0.09138631820678711 0.0 0.0 0.0 0.0 0.0 0.0 0.0 0.0 0.0 0.0 0.0 0.0 0.0 0.0
0.4978361129760742 0.0037069320678710938 0.008638858795166016 0.01061868667602539 0.010751724243164062 0.010965585708618164 0.01021575927734375 0.010756492614746094 0.01114511489868164 0.012620687484741211 0.015141487121582031 0.015463829040527344 0.01613640785217285 0.01870560646057129 0.024211406707763672 0.03358316421508789 0.047682762145996094 0.08063459396362305 0.09389424324035645 0.0 0.0 0.0 0.0 0.0 0.0 0.0 0.0 0.0 0.0 0.0 0.0 0.0
0.49198460578918457 0.0038099288940429688 0.007941246032714844 0.009583234786987305 0.009798765182495117 0.010208845138549805 0.010205984115600586 0.010542869567871094 0.010683774948120117 0.01135563850402832 0.013335943222045898 0.015129327774047852 0.01536250114440918 0.01589798927307129 0.01864910125732422 0.024734020233154297 0.03396296501159668 0.050386667251586914 0.08010625839233398 0.09055614471435547 0.0 0.0 0.0 0.0 0.0 0.0 0.0 0.0 0.0 0.0 0.0 0.0
0.49114274978637695 0.004107475280761719 0.008588314056396484 0.009621143341064453 0.009030342102050781 0.00973963737487793 0.010079145431518555 0.010242700576782227 0.010076522827148438 0.010457038879394531 0.011539220809936523 0.013462066650390625 0.014058351516723633 0.01577615737915039 0.01554560661315918 0.01817631721496582 0.0240476131439209 0.03397250175476074 0.04616546630859375 0.07907390594482422 0.08972382545471191 0.0 0.0 0.0 0.0 0.0 0.0 0.0 0.0 0.0 0.0 0.0
0.4785799980163574 0.004059791564941406 0.00943446159362793 0.010179281234741211 0.00942373275756836 0.008841991424560547 0.009247064590454102 0.010370731353759766 0.010146856307983398 0.01091766357421875 0.0106048583984375 0.014879465103149414 0.013108015060424805 0.015887737274169922 0.01620650291442871 0.015819549560546875 0.018483400344848633 0.024033069610595703 0.03382754325866699 0.04686689376831055 0.07844185829162598 0.08831477165222168 0.0 0.0 0.0 0.0 0.0 0.0 0.0 0.0 0.0 0.0
0.4731254577636719 0.003554105758666992 0.009356260299682617 0.010417938232421875 0.009271383285522461 0.008447408676147461 0.008470535278320312 0.009501934051513672 0.010276079177856445 0.010951757431030273 0.010820150375366211 0.012534618377685547 0.013167858123779297 0.013975143432617188 0.01461482048034668 0.014618396759033203 0.016511917114257812 0.018582582473754883 0.024394750595092773 0.0342562198638916 0.04682016372680664 0.07674288749694824 0.08858871459960938 0.0 0.0 0.0 0.0 0.0 0.0 0.0 0.0 0.0
0.471327543258667 0.0028018951416015625 0.00818490982055664 0.009948253631591797 0.009442329406738281 0.008562803268432617 0.0077822208404541016 0.008498191833496094 0.009359121322631836 0.009936332702636719 0.0109100341796875 0.011117219924926758 0.01135563850402832 0.013132810592651367 0.01284337043762207 0.013447046279907227 0.014563322067260742 0.015998363494873047 0.019010305404663086 0.024844646453857422 0.032743215560913086 0.04669904708862305 0.07887959480285645 0.08801937103271484 0.0 0.0 0.0 0.0 0.0 0.0 0.0 0.0
0.46846485137939453 0.002621173858642578 0.007165193557739258 0.009453773498535156 0.009325027465820312 0.008986234664916992 0.008449792861938477 0.008350133895874023 0.008728504180908203 0.009212493896484375 0.010356664657592773 0.010736703872680664 0.011389017105102539 0.011429071426391602 0.011713027954101562 0.012338399887084961 0.013354063034057617 0.014401912689208984 0.015410423278808594 0.018233299255371094 0.023576974868774414 0.03218889236450195 0.0479283332824707 0.07630252838134766 0.08998298645019531 0.0 0.0 0.0 0.0 0.0 0.0 0.0
0.4628567695617676 0.0024275779724121094 0.005960702896118164 0.008159160614013672 0.008734941482543945 0.008982181549072266 0.008758306503295898 0.008453369140625 0.00831747055053711 0.00868535041809082 0.00955057144165039 0.010388851165771484 0.011383056640625 0.010631322860717773 0.010638236999511719 0.012355804443359375 0.013223648071289062 0.014128446578979492 0.015471458435058594 0.015851497650146484 0.017683744430541992 0.024008989334106445 0.0343632698059082 0.04634809494018555 0.07766413688659668 0.08645224571228027 0.0 0.0 0.0 0.0 0.0 0.0
0.459597110748291 0.002519845962524414 0.005690336227416992 0.006966114044189453 0.0075113773345947266 0.008304595947265625 0.008828163146972656 0.008898735046386719 0.008603811264038086 0.00829768180847168 0.009881019592285156 0.010252952575683594 0.011894702911376953 0.010891437530517578 0.010273933410644531 0.010450601577758789 0.011452913284301758 0.013702630996704102 0.015325546264648438 0.013973712921142578 0.014876604080200195 0.017588376998901367 0.023278236389160156 0.03258371353149414 0.04823875427246094 0.07568883895874023 0.08671140670776367 0.0 0.0 0.0 0.0 0.0
0.4567403793334961 0.0026655197143554688 0.006049633026123047 0.006373167037963867 0.006184816360473633 0.006974458694458008 0.008207559585571289 0.008751392364501953 0.00866556167602539 0.008132457733154297 0.009024858474731445 0.009014606475830078 0.010443687438964844 0.010560035705566406 0.011044502258300781 0.009935379028320312 0.010161876678466797 0.011460542678833008 0.012649059295654297 0.013490676879882812 0.013814926147460938 0.01492452621459961 0.017823219299316406 0.02321481704711914 0.03462362289428711 0.04549217224121094 0.08049368858337402 0.08592057228088379 0.0 0.0 0.0 0.0
0.4530167579650879 0.0025022029876708984 0.0063228607177734375 0.006482362747192383 0.00618433952331543 0.006078481674194336 0.007077693939208984 0.008272886276245117 0.009057998657226562 0.00882863998413086 0.009055852890014648 0.00857400894165039 0.009330987930297852 0.009881019592285156 0.011225461959838867 0.01008296012878418 0.009792804718017578 0.011031150817871094 0.012929677963256836 0.01236867904663086 0.013471841812133789 0.013799190521240234 0.015227556228637695 0.017511606216430664 0.024243593215942383 0.03171181678771973 0.045870304107666016 0.07807064056396484 0.0857856273651123 0.0 0.0 0.0
0.4480299949645996 0.0023262500762939453 0.006442546844482422 0.0070912837982177734 0.006068706512451172 0.0061414241790771484 0.006268501281738281 0.007208824157714844 0.008658885955810547 0.008911848068237305 0.008848905563354492 0.008703231811523438 0.008772611618041992 0.009300708770751953 0.010499954223632812 0.010378837585449219 0.010023355484008789 0.010448217391967773 0.012717008590698242 0.011248350143432617 0.01228475570678711 0.013840436935424805 0.014254331588745117 0.015039920806884766 0.01792454719543457 0.02346491813659668 0.03271150588989258 0.04639387130737305 0.07469511032104492 0.08628606796264648 0.0 0.0
0.4406294822692871 0.0020308494567871094 0.005641460418701172 0.006878376007080078 0.006705760955810547 0.007068634033203125 0.005828380584716797 0.006558895111083984 0.0075762271881103516 0.008677244186401367 0.009170293807983398 0.009226322174072266 0.008708477020263672 0.01053619384765625 0.010299444198608398 0.010175704956054688 0.01035928726196289 0.010655879974365234 0.014216423034667969 0.010031938552856445 0.011207818984985352 0.013252735137939453 0.012726783752441406 0.014223575592041016 0.016000986099243164 0.01761484146118164 0.023327112197875977 0.031891584396362305 0.044077157974243164 0.07631230354309082 0.08503127098083496 0.0
0.4396815299987793 0.002043008804321289 0.005464076995849609 0.006496429443359375 0.006909847259521484 0.007591962814331055 0.005915164947509766 0.006471395492553711 0.0067174434661865234 0.008278369903564453 0.008757352828979492 0.009354591369628906 0.009341001510620117 0.008635997772216797 0.008622884750366211 0.009210586547851562 0.010230779647827148 0.010864734649658203 0.011798620223999023 0.00961756706237793 0.010482549667358398 0.012161970138549805 0.012214422225952148 0.013768911361694336 0.015303373336791992 0.014264106750488281 0.017310380935668945 0.023444652557373047 0.031646013259887695 0.04435110092163086 0.07467913627624512 0.08528423309326172
