0.8284270763397217 0.0 0.0 0.0 0.0 0.0 0.0 0.0 0.0 0.0 0.0 0.0 0.0 0.0 0.0 0.0 0.0 0.0 0.0 0.0 0.0 0.0 0.0 0.0 0.0 0.0 0.0 0.0 0.0 0.0 0.0 0.0
0.8112623691558838 0.02406907081604004 0.0 0.0 0.0 0.0 0.0 0.0 0.0 0.0 0.0 0.0 0.0 0.0 0.0 0.0 0.0 0.0 0.0 0.0 0.0 0.0 0.0 0.0 0.0 0.0 0.0 0.0 0.0 0.0 0.0 0.0
0.8153550624847412 0.008038043975830078 0.010355949401855469 0.0 0.0 0.0 0.0 0.0 0.0 0.0 0.0 0.0 0.0 0.0 0.0 0.0 0.0 0.0 0.0 0.0 0.0 0.0 0.0 0.0 0.0 0.0 0.0 0.0 0.0 0.0 0.0 0.0
0.812828540802002 0.007254123687744141 0.005044698715209961 0.009658336639404297 0.0 0.0 0.0 0.0 0.0 0.0 0.0 0.0 0.0 0.0 0.0 0.0 0.0 0.0 0.0 0.0 0.0 0.0 0.0 0.0 0.0 0.0 0.0 0.0 0.0 0.0 0.0 0.0
0.8095803260803223 0.0071413516998291016 0.004838466644287109 0.005282163619995117 0.009256601333618164 0.0 0.0 0.0 0.0 0.0 0.0 0.0 0.0 0.0 0.0 0.0 0.0 0.0 0.0 0.0 0.0 0.0 0.0 0.0 0.0 0.0 0.0 0.0 0.0 0.0 0.0 0.0
0.8073883056640625 0.006979942321777344 0.004525423049926758 0.004213571548461914 0.0046885013580322266 0.009182929992675781 0.0 0.0 0.0 0.0 0.0 0.0 0.0 0.0 0.0 0.0 0.0 0.0 0.0 0.0 0.0 0.0 0.0 0.0 0.0 0.0 0.0 0.0 0.0 0.0 0.0 0.0
0.80637526512146 0.006308317184448242 0.00394129753112793 0.0038657188415527344 0.003607511520385742 0.004269838333129883 0.009026527404785156 0.0 0.0 0.0 0.0 0.0 0.0 0.0 0.0 0.0 0.0 0.0 0.0 0.0 0.0 0.0 0.0 0.0 0.0 0.0 0.0 0.0 0.0 0.0 0.0 0.0
0.8040404319763184 0.007004261016845703 0.003686666488647461 0.003723621368408203 0.003804922103881836 0.003784656524658203 0.00394129753112793 0.008352041244506836 0.0 0.0 0.0 0.0 0.0 0.0 0.0 0.0 0.0 0.0 0.0 0.0 0.0 0.0 0.0 0.0 0.0 0.0 0.0 0.0 0.0 0.0 0.0 0.0
0.8011505603790283 0.006643056869506836 0.0040094852447509766 0.004010200500488281 0.003640890121459961 0.0037679672241210938 0.003664731979370117 0.004021644592285156 0.008586645126342773 0.0 0.0 0.0 0.0 0.0 0.0 0.0 0.0 0.0 0.0 0.0 0.0 0.0 0.0 0.0 0.0 0.0 0.0 0.0 0.0 0.0 0.0 0.0
0.8012275695800781 0.005440711975097656 0.0035347938537597656 0.003220081329345703 0.003175497055053711 0.004288911819458008 0.0033664703369140625 0.0032770633697509766 0.0037713050842285156 0.008158445358276367 0.0 0.0 0.0 0.0 0.0 0.0 0.0 0.0 0.0 0.0 0.0 0.0 0.0 0.0 0.0 0.0 0.0 0.0 0.0 0.0 0.0 0.0
0.8007693290710449 0.0053255558013916016 0.0034945011138916016 0.003057718276977539 0.0028121471405029297 0.003004789352416992 0.0030105113983154297 0.0030715465545654297 0.0032389163970947266 0.0037078857421875 0.00815582275390625 0.0 0.0 0.0 0.0 0.0 0.0 0.0 0.0 0.0 0.0 0.0 0.0 0.0 0.0 0.0 0.0 0.0 0.0 0.0 0.0 0.0
0.7992312908172607 0.005560636520385742 0.0033271312713623047 0.0030965805053710938 0.002805948257446289 0.0028312206268310547 0.0029587745666503906 0.0027246475219726562 0.0029973983764648438 0.0032501220703125 0.0035812854766845703 0.007900476455688477 0.0 0.0 0.0 0.0 0.0 0.0 0.0 0.0 0.0 0.0 0.0 0.0 0.0 0.0 0.0 0.0 0.0 0.0 0.0 0.0
0.7973747253417969 0.005522251129150391 0.0033054351806640625 0.003095865249633789 0.0028405189514160156 0.002843618392944336 0.002824544906616211 0.0026319026947021484 0.0028700828552246094 0.003028392791748047 0.0032372474670410156 0.0035991668701171875 0.007823467254638672 0.0 0.0 0.0 0.0 0.0 0.0 0.0 0.0 0.0 0.0 0.0 0.0 0.0 0.0 0.0 0.0 0.0 0.0 0.0
0.7961688041687012 0.005003690719604492 0.003386974334716797 0.0033140182495117188 0.002988576889038086 0.002877473831176758 0.0027849674224853516 0.002635955810546875 0.002770662307739258 0.0027332305908203125 0.0028667449951171875 0.003056764602661133 0.0033316612243652344 0.0075588226318359375 0.0 0.0 0.0 0.0 0.0 0.0 0.0 0.0 0.0 0.0 0.0 0.0 0.0 0.0 0.0 0.0 0.0 0.0
0.7937965393066406 0.004996299743652344 0.003412961959838867 0.003277301788330078 0.002889871597290039 0.0028519630432128906 0.0032558441162109375 0.002594470977783203 0.0028426647186279297 0.002622842788696289 0.002747058868408203 0.002899169921875 0.0031480789184570312 0.003584146499633789 0.0075032711029052734 0.0 0.0 0.0 0.0 0.0 0.0 0.0 0.0 0.0 0.0 0.0 0.0 0.0 0.0 0.0 0.0 0.0
0.7926445007324219 0.00484013557434082 0.0034456253051757812 0.003275156021118164 0.0029125213623046875 0.002714872360229492 0.0026869773864746094 0.0027914047241210938 0.0026760101318359375 0.002643108367919922 0.0025391578674316406 0.0027616024017333984 0.0030205249786376953 0.0031499862670898438 0.0033729076385498047 0.007404804229736328 0.0 0.0 0.0 0.0 0.0 0.0 0.0 0.0 0.0 0.0 0.0 0.0 0.0 0.0 0.0 0.0
0.7889306545257568 0.005007505416870117 0.0033996105194091797 0.0033676624298095703 0.003244161605834961 0.003011465072631836 0.0027849674224853516 0.002666473388671875 0.0028014183044433594 0.0027265548706054688 0.002725839614868164 0.002712249755859375 0.0028820037841796875 0.0031173229217529297 0.003877878189086914 0.0034401416778564453 0.007639646530151367 0.0 0.0 0.0 0.0 0.0 0.0 0.0 0.0 0.0 0.0 0.0 0.0 0.0 0.0 0.0
0.7883155345916748 0.004837512969970703 0.003492593765258789 0.0031883716583251953 0.002922534942626953 0.002855062484741211 0.003039121627807617 0.0027320384979248047 0.0029261112213134766 0.0024917125701904297 0.0025110244750976562 0.002827882766723633 0.002604961395263672 0.003053426742553711 0.0029625892639160156 0.003152132034301758 0.0033423900604248047 0.007339000701904297 0.0 0.0 0.0 0.0 0.0 0.0 0.0 0.0 0.0 0.0 0.0 0.0 0.0 0.0
0.7868068218231201 0.004782199859619141 0.003564596176147461 0.003228902816772461 0.0027437210083007812 0.002960205078125 0.002796649932861328 0.002794504165649414 0.0029151439666748047 0.002873659133911133 0.002604961395263672 0.002948284149169922 0.0024881362915039062 0.0024962425231933594 0.0027284622192382812 0.0028676986694335938 0.0029845237731933594 0.0032889842987060547 0.007308006286621094 0.0 0.0 0.0 0.0 0.0 0.0 0.0 0.0 0.0 0.0 0.0 0.0 0.0
0.7816784381866455 0.004717826843261719 0.0034949779510498047 0.0034182071685791016 0.003000974655151367 0.0025904178619384766 0.0029375553131103516 0.0038597583770751953 0.0028760433197021484 0.0030591487884521484 0.002718687057495117 0.0030426979064941406 0.0032439231872558594 0.0032477378845214844 0.0027925968170166016 0.0030057430267333984 0.003163576126098633 0.003580808639526367 0.0035467147827148438 0.0072078704833984375 0.0 0.0 0.0 0.0 0.0 0.0 0.0 0.0 0.0 0.0 0.0 0.0
0.7822167873382568 0.004772186279296875 0.003622293472290039 0.003259897232055664 0.0030052661895751953 0.002827882766723633 0.002780437469482422 0.0028412342071533203 0.002797365188598633 0.003077983856201172 0.002936124801635742 0.002654552459716797 0.0026319026947021484 0.0029091835021972656 0.002855062484741211 0.0024220943450927734 0.0027163028717041016 0.00289154052734375 0.003036022186279297 0.003258943557739258 0.007464885711669922 0.0 0.0 0.0 0.0 0.0 0.0 0.0 0.0 0.0 0.0 0.0
0.7792177200317383 0.0047681331634521484 0.0037195682525634766 0.0036144256591796875 0.0030777454376220703 0.003198862075805664 0.0028629302978515625 0.002760648727416992 0.0031507015228271484 0.002920389175415039 0.0032796859741210938 0.0028324127197265625 0.0025949478149414062 0.0024261474609375 0.0030765533447265625 0.002618551254272461 0.0024187564849853516 0.0026063919067382812 0.0029027462005615234 0.0029621124267578125 0.003507852554321289 0.007628917694091797 0.0 0.0 0.0 0.0 0.0 0.0 0.0 0.0 0.0 0.0
0.7783107757568359 0.0047817230224609375 0.003674745559692383 0.003338336944580078 0.002888917922973633 0.002809762954711914 0.0029397010803222656 0.0026357173919677734 0.002765655517578125 0.002928495407104492 0.0028679370880126953 0.003059864044189453 0.002919435501098633 0.002847433090209961 0.002709627151489258 0.0023920536041259766 0.002489328384399414 0.002428770065307617 0.002520322799682617 0.002701282501220703 0.00347137451171875 0.003484487533569336 0.007529258728027344 0.0 0.0 0.0 0.0 0.0 0.0 0.0 0.0 0.0
0.7770261764526367 0.004978179931640625 0.0035567283630371094 0.003209352493286133 0.0029456615447998047 0.0029249191284179688 0.003003835678100586 0.0028753280639648438 0.0026161670684814453 0.0026826858520507812 0.002737760543823242 0.003063678741455078 0.0030248165130615234 0.002834796905517578 0.002435922622680664 0.002363920211791992 0.0025534629821777344 0.002307415008544922 0.0024275779724121094 0.002434253692626953 0.002969503402709961 0.003077268600463867 0.003350973129272461 0.007587909698486328 0.0 0.0 0.0 0.0 0.0 0.0 0.0 0.0
0.7736413478851318 0.004996299743652344 0.0038232803344726562 0.0033407211303710938 0.0028929710388183594 0.0026750564575195312 0.0031425952911376953 0.002747058868408203 0.002849578857421875 0.0027723312377929688 0.002765178680419922 0.0031948089599609375 0.002805471420288086 0.0034303665161132812 0.0026657581329345703 0.0027704238891601562 0.0025742053985595703 0.002351999282836914 0.002344846725463867 0.0025243759155273438 0.0030281543731689453 0.0029528141021728516 0.003008604049682617 0.0035059452056884766 0.007500886917114258 0.0 0.0 0.0 0.0 0.0 0.0 0.0
0.7693812847137451 0.004668712615966797 0.003731966018676758 0.003491640090942383 0.0030176639556884766 0.0030143260955810547 0.002830982208251953 0.0035855770111083984 0.003278970718383789 0.0027899742126464844 0.0029358863830566406 0.002825498580932617 0.00299835205078125 0.0033648014068603516 0.002971649169921875 0.002759695053100586 0.002583742141723633 0.0029783248901367188 0.0027718544006347656 0.0024361610412597656 0.0035927295684814453 0.002836465835571289 0.0029878616333007812 0.003053903579711914 0.003499746322631836 0.0075495243072509766 0.0 0.0 0.0 0.0 0.0 0.0
0.7695474624633789 0.0048105716705322266 0.003874540328979492 0.0033473968505859375 0.0031363964080810547 0.0028564929962158203 0.0030426979064941406 0.002743244171142578 0.0026595592498779297 0.002705097198486328 0.0029430389404296875 0.003324270248413086 0.003001689910888672 0.0034627914428710938 0.002897977828979492 0.002725839614868164 0.0024704933166503906 0.0026602745056152344 0.002452373504638672 0.0023386478424072266 0.002804994583129883 0.002431154251098633 0.002535104751586914 0.0028607845306396484 0.0030732154846191406 0.0036284923553466797 0.0075418949127197266 0.0 0.0 0.0 0.0 0.0
0.7697291374206543 0.004382610321044922 0.0035631656646728516 0.00324249267578125 0.0031061172485351562 0.0028595924377441406 0.0036046504974365234 0.0027790069580078125 0.0026340484619140625 0.0025491714477539062 0.002663135528564453 0.003217935562133789 0.0028014183044433594 0.0033338069915771484 0.0027577877044677734 0.0026361942291259766 0.0024785995483398438 0.002553701400756836 0.0024008750915527344 0.0022344589233398438 0.0025434494018554688 0.0022873878479003906 0.002414703369140625 0.002489805221557617 0.0028891563415527344 0.002963542938232422 0.003161907196044922 0.007528781890869141 0.0 0.0 0.0 0.0
0.7683627605438232 0.004409074783325195 0.0035614967346191406 0.0032553672790527344 0.002852201461791992 0.002802133560180664 0.0030477046966552734 0.003276824951171875 0.0027480125427246094 0.002886056900024414 0.002543926239013672 0.0030455589294433594 0.0028502941131591797 0.002933979034423828 0.0026369094848632812 0.0026726722717285156 0.0025484561920166016 0.0026092529296875 0.002292156219482422 0.0023565292358398438 0.0027816295623779297 0.0023488998413085938 0.0024368762969970703 0.002608776092529297 0.002395153045654297 0.0026068687438964844 0.0028641223907470703 0.003187894821166992 0.007414102554321289 0.0 0.0 0.0
0.7654411792755127 0.004471302032470703 0.0036857128143310547 0.0032088756561279297 0.002907991409301758 0.0026955604553222656 0.003259897232055664 0.0029211044311523438 0.002870798110961914 0.002699613571166992 0.0026721954345703125 0.003122568130493164 0.0028557777404785156 0.0037381649017333984 0.002837657928466797 0.002938985824584961 0.0025131702423095703 0.0025458335876464844 0.0023670196533203125 0.0025653839111328125 0.002414226531982422 0.0023322105407714844 0.0021882057189941406 0.0025615692138671875 0.0026175975799560547 0.0024306774139404297 0.0028312206268310547 0.002760171890258789 0.003551006317138672 0.007447481155395508 0.0 0.0
0.7612102031707764 0.004591464996337891 0.0036513805389404297 0.0033473968505859375 0.002864360809326172 0.0040967464447021484 0.0029790401458740234 0.002885580062866211 0.002659320831298828 0.002656221389770508 0.002898693084716797 0.0028488636016845703 0.002803325653076172 0.002954244613647461 0.0034737586975097656 0.003095865249633789 0.0029985904693603516 0.0030705928802490234 0.002823352813720703 0.002348184585571289 0.003146648406982422 0.00266265869140625 0.0030565261840820312 0.0024356842041015625 0.0024237632751464844 0.0025250911712646484 0.0024399757385253906 0.002583742141723633 0.002880096435546875 0.003134012222290039 0.0075109004974365234 0.0
0.7563238143920898 0.005545616149902344 0.0037691593170166016 0.0035393238067626953 0.002991199493408203 0.0037779808044433594 0.0032377243041992188 0.002849102020263672 0.0027780532836914062 0.0029916763305664062 0.0028574466705322266 0.0028319358825683594 0.002929210662841797 0.0036907196044921875 0.0028862953186035156 0.0030417442321777344 0.002796173095703125 0.0040988922119140625 0.0031898021697998047 0.002282381057739258 0.003022432327270508 0.0031118392944335938 0.0032498836517333984 0.0025238990783691406 0.0022974014282226562 0.00237274169921875 0.002591848373413086 0.0026416778564453125 0.002732515335083008 0.002773761749267578 0.0032498836517333984 0.007925987243652344
