0.8284270763397217 0.0 0.0 0.0 0.0 0.0 0.0 0.0 0.0 0.0 0.0 0.0 0.0 0.0 0.0 0.0 0.0 0.0 0.0 0.0 0.0 0.0 0.0 0.0 0.0 0.0 0.0 0.0 0.0 0.0 0.0 0.0
0.818169116973877 0.014450311660766602 0.0 0.0 0.0 0.0 0.0 0.0 0.0 0.0 0.0 0.0 0.0 0.0 0.0 0.0 0.0 0.0 0.0 0.0 0.0 0.0 0.0 0.0 0.0 0.0 0.0 0.0 0.0 0.0 0.0 0.0
0.79636549949646 0.019437074661254883 0.02539372444152832 0.0 0.0 0.0 0.0 0.0 0.0 0.0 0.0 0.0 0.0 0.0 0.0 0.0 0.0 0.0 0.0 0.0 0.0 0.0 0.0 0.0 0.0 0.0 0.0 0.0 0.0 0.0 0.0 0.0
0.7894415855407715 0.014388084411621094 0.012179136276245117 0.02789902687072754 0.0 0.0 0.0 0.0 0.0 0.0 0.0 0.0 0.0 0.0 0.0 0.0 0.0 0.0 0.0 0.0 0.0 0.0 0.0 0.0 0.0 0.0 0.0 0.0 0.0 0.0 0.0 0.0
0.7877416610717773 0.009644269943237305 0.008636713027954102 0.011787891387939453 0.026801109313964844 0.0 0.0 0.0 0.0 0.0 0.0 0.0 0.0 0.0 0.0 0.0 0.0 0.0 0.0 0.0 0.0 0.0 0.0 0.0 0.0 0.0 0.0 0.0 0.0 0.0 0.0 0.0
0.7889082431793213 0.005995750427246094 0.005728483200073242 0.00821375846862793 0.011589527130126953 0.023764610290527344 0.0 0.0 0.0 0.0 0.0 0.0 0.0 0.0 0.0 0.0 0.0 0.0 0.0 0.0 0.0 0.0 0.0 0.0 0.0 0.0 0.0 0.0 0.0 0.0 0.0 0.0
0.7871017456054688 0.004706144332885742 0.0045397281646728516 0.006025552749633789 0.00891423225402832 0.011171102523803711 0.022464752197265625 0.0 0.0 0.0 0.0 0.0 0.0 0.0 0.0 0.0 0.0 0.0 0.0 0.0 0.0 0.0 0.0 0.0 0.0 0.0 0.0 0.0 0.0 0.0 0.0 0.0
0.7860293388366699 0.0037584304809570312 0.003523588180541992 0.0046160221099853516 0.006443500518798828 0.008848428726196289 0.010798931121826172 0.021340131759643555 0.0 0.0 0.0 0.0 0.0 0.0 0.0 0.0 0.0 0.0 0.0 0.0 0.0 0.0 0.0 0.0 0.0 0.0 0.0 0.0 0.0 0.0 0.0 0.0
0.7846980094909668 0.003226041793823242 0.0027713775634765625 0.0035834312438964844 0.005030155181884766 0.006994724273681641 0.008178234100341797 0.010545492172241211 0.02085709571838379 0.0 0.0 0.0 0.0 0.0 0.0 0.0 0.0 0.0 0.0 0.0 0.0 0.0 0.0 0.0 0.0 0.0 0.0 0.0 0.0 0.0 0.0 0.0
0.7826545238494873 0.0029172897338867188 0.0030584335327148438 0.003062009811401367 0.004312276840209961 0.004893064498901367 0.006406307220458984 0.008967161178588867 0.010346174240112305 0.020071744918823242 0.0 0.0 0.0 0.0 0.0 0.0 0.0 0.0 0.0 0.0 0.0 0.0 0.0 0.0 0.0 0.0 0.0 0.0 0.0 0.0 0.0 0.0
0.7831263542175293 0.0025784969329833984 0.0021543502807617188 0.002502918243408203 0.0030858516693115234 0.0039980411529541016 0.004961729049682617 0.006320953369140625 0.008176088333129883 0.010153770446777344 0.01945185661315918 0.0 0.0 0.0 0.0 0.0 0.0 0.0 0.0 0.0 0.0 0.0 0.0 0.0 0.0 0.0 0.0 0.0 0.0 0.0 0.0 0.0
0.7814645767211914 0.002357006072998047 0.0019423961639404297 0.0022470951080322266 0.002630949020385742 0.003204822540283203 0.0038797855377197266 0.004765510559082031 0.005877256393432617 0.008298397064208984 0.010376930236816406 0.020111083984375 0.0 0.0 0.0 0.0 0.0 0.0 0.0 0.0 0.0 0.0 0.0 0.0 0.0 0.0 0.0 0.0 0.0 0.0 0.0 0.0
0.781073808670044 0.002166748046875 0.0016181468963623047 0.001962423324584961 0.002327442169189453 0.0029752254486083984 0.003248929977416992 0.003909587860107422 0.004851818084716797 0.005790233612060547 0.00778508186340332 0.010193109512329102 0.01941084861755371 0.0 0.0 0.0 0.0 0.0 0.0 0.0 0.0 0.0 0.0 0.0 0.0 0.0 0.0 0.0 0.0 0.0 0.0 0.0
0.7792279720306396 0.002064228057861328 0.001413106918334961 0.0017893314361572266 0.0021500587463378906 0.0027647018432617188 0.0029668807983398438 0.0033605098724365234 0.0039827823638916016 0.0045871734619140625 0.005861520767211914 0.008222579956054688 0.010186910629272461 0.019455909729003906 0.0 0.0 0.0 0.0 0.0 0.0 0.0 0.0 0.0 0.0 0.0 0.0 0.0 0.0 0.0 0.0 0.0 0.0
0.7768797874450684 0.002088308334350586 0.0013747215270996094 0.0016567707061767578 0.002004861831665039 0.002455472946166992 0.002752542495727539 0.0030107498168945312 0.0035600662231445312 0.0038764476776123047 0.004811763763427734 0.006127834320068359 0.008532047271728516 0.010276556015014648 0.019533634185791016 0.0 0.0 0.0 0.0 0.0 0.0 0.0 0.0 0.0 0.0 0.0 0.0 0.0 0.0 0.0 0.0 0.0
0.77482008934021 0.0020570755004882812 0.0013518333435058594 0.001617431640625 0.001926422119140625 0.002170562744140625 0.0024771690368652344 0.0028076171875 0.0031006336212158203 0.003492116928100586 0.004192829132080078 0.0052335262298583984 0.006188869476318359 0.009122371673583984 0.010772228240966797 0.018417835235595703 0.0 0.0 0.0 0.0 0.0 0.0 0.0 0.0 0.0 0.0 0.0 0.0 0.0 0.0 0.0 0.0
0.7730903625488281 0.0019702911376953125 0.0014414787292480469 0.0016644001007080078 0.001764535903930664 0.00212860107421875 0.0023627281188964844 0.0026683807373046875 0.003047466278076172 0.0031206607818603516 0.0036482810974121094 0.0045244693756103516 0.005045652389526367 0.006151437759399414 0.008824586868286133 0.010149717330932617 0.01880931854248047 0.0 0.0 0.0 0.0 0.0 0.0 0.0 0.0 0.0 0.0 0.0 0.0 0.0 0.0 0.0
0.7704463005065918 0.001786947250366211 0.0014154911041259766 0.0018343925476074219 0.001828908920288086 0.0018961429595947266 0.0022935867309570312 0.0025382041931152344 0.0029098987579345703 0.0032367706298828125 0.0039937496185302734 0.003923892974853516 0.00469660758972168 0.005251407623291016 0.006441354751586914 0.008139610290527344 0.010424137115478516 0.01838088035583496 0.0 0.0 0.0 0.0 0.0 0.0 0.0 0.0 0.0 0.0 0.0 0.0 0.0 0.0
0.7689797878265381 0.001692056655883789 0.001329660415649414 0.0017178058624267578 0.0019423961639404297 0.0019230842590332031 0.0024127960205078125 0.002561807632446289 0.0028388500213623047 0.0034770965576171875 0.003663301467895508 0.0034792423248291016 0.0042917728424072266 0.004604816436767578 0.005379676818847656 0.006022930145263672 0.007885456085205078 0.010016918182373047 0.017782926559448242 0.0 0.0 0.0 0.0 0.0 0.0 0.0 0.0 0.0 0.0 0.0 0.0 0.0
0.7706377506256104 0.00157928466796875 0.001142740249633789 0.0014882087707519531 0.001783609390258789 0.0018646717071533203 0.0018966197967529297 0.002161741256713867 0.002346038818359375 0.002600431442260742 0.002852201461791992 0.0032019615173339844 0.003458261489868164 0.0037717819213867188 0.004431486129760742 0.00521540641784668 0.0060727596282958984 0.007689476013183594 0.009470224380493164 0.01771068572998047 0.0 0.0 0.0 0.0 0.0 0.0 0.0 0.0 0.0 0.0 0.0 0.0
0.7648317813873291 0.0017347335815429688 0.001222848892211914 0.0014297962188720703 0.0017094612121582031 0.0018310546875 0.001992940902709961 0.0022735595703125 0.0023736953735351562 0.0025408267974853516 0.002873659133911133 0.003139495849609375 0.0033333301544189453 0.0037152767181396484 0.004212856292724609 0.004359722137451172 0.005797147750854492 0.007116794586181641 0.008428335189819336 0.010697364807128906 0.01796865463256836 0.0 0.0 0.0 0.0 0.0 0.0 0.0 0.0 0.0 0.0 0.0
0.7621960639953613 0.0017819404602050781 0.0014557838439941406 0.0014388561248779297 0.0015549659729003906 0.0017635822296142578 0.0020859241485595703 0.002187490463256836 0.002156972885131836 0.0022766590118408203 0.002653360366821289 0.0028562545776367188 0.0030612945556640625 0.0036118030548095703 0.004130363464355469 0.005154609680175781 0.004792690277099609 0.006497383117675781 0.006445884704589844 0.009088754653930664 0.009864091873168945 0.017528533935546875 0.0 0.0 0.0 0.0 0.0 0.0 0.0 0.0 0.0 0.0
0.7645928859710693 0.0018093585968017578 0.0012683868408203125 0.0013713836669921875 0.0015425682067871094 0.0017049312591552734 0.0019893646240234375 0.002043008804321289 0.0022306442260742188 0.002086162567138672 0.002313852310180664 0.002543210983276367 0.0026695728302001953 0.0033516883850097656 0.003610372543334961 0.004162311553955078 0.004146099090576172 0.004249095916748047 0.004886150360107422 0.006180524826049805 0.007730722427368164 0.009764909744262695 0.01744222640991211 0.0 0.0 0.0 0.0 0.0 0.0 0.0 0.0 0.0
0.7634952068328857 0.0017037391662597656 0.0012426376342773438 0.0013837814331054688 0.0014889240264892578 0.0017397403717041016 0.0019636154174804688 0.0019621849060058594 0.002201557159423828 0.0021829605102539062 0.0023314952850341797 0.002445697784423828 0.0025136470794677734 0.002928018569946289 0.0032334327697753906 0.0031800270080566406 0.003458738327026367 0.0037055015563964844 0.004134416580200195 0.005224466323852539 0.005991458892822266 0.007871866226196289 0.009865045547485352 0.01785588264465332 0.0 0.0 0.0 0.0 0.0 0.0 0.0 0.0
0.762352466583252 0.0016028881072998047 0.0012280941009521484 0.0014905929565429688 0.001550912857055664 0.001756906509399414 0.0020432472229003906 0.0017812252044677734 0.0021114349365234375 0.0022220611572265625 0.0023069381713867188 0.0022063255310058594 0.002376556396484375 0.0025207996368408203 0.0027663707733154297 0.0028617382049560547 0.0031065940856933594 0.0032329559326171875 0.003637075424194336 0.004420280456542969 0.004952669143676758 0.006054401397705078 0.008008480072021484 0.010186910629272461 0.01775813102722168 0.0 0.0 0.0 0.0 0.0 0.0 0.0
0.762310266494751 0.0015442371368408203 0.0011525154113769531 0.0013544559478759766 0.001543283462524414 0.001596212387084961 0.001661539077758789 0.0017273426055908203 0.0018439292907714844 0.0021407604217529297 0.0022585391998291016 0.0023040771484375 0.0023741722106933594 0.002361774444580078 0.0025675296783447266 0.002910137176513672 0.002894163131713867 0.003048419952392578 0.003281116485595703 0.0037131309509277344 0.004124879837036133 0.004876136779785156 0.005968332290649414 0.007863044738769531 0.00977945327758789 0.017363309860229492 0.0 0.0 0.0 0.0 0.0 0.0
0.7610170841217041 0.0015435218811035156 0.0010612010955810547 0.001262664794921875 0.0013997554779052734 0.001543283462524414 0.0016052722930908203 0.0016765594482421875 0.0017137527465820312 0.00189971923828125 0.0021255016326904297 0.0022084712982177734 0.0024232864379882812 0.0022056102752685547 0.0024139881134033203 0.002436399459838867 0.002805948257446289 0.0028405189514160156 0.003084897994995117 0.003422260284423828 0.0037200450897216797 0.004216194152832031 0.004938364028930664 0.0059473514556884766 0.007986068725585938 0.009813547134399414 0.01773667335510254 0.0 0.0 0.0 0.0 0.0
0.7566685676574707 0.0015246868133544922 0.0010492801666259766 0.001194000244140625 0.0013158321380615234 0.0014455318450927734 0.0015583038330078125 0.0015668869018554688 0.0016160011291503906 0.0016617774963378906 0.0019741058349609375 0.002045154571533203 0.002247333526611328 0.002255678176879883 0.002379894256591797 0.00229644775390625 0.002612590789794922 0.0026488304138183594 0.0028913021087646484 0.003204822540283203 0.003314495086669922 0.003556489944458008 0.004312753677368164 0.005539655685424805 0.006374359130859375 0.009730100631713867 0.012846946716308594 0.016840696334838867 0.0 0.0 0.0 0.0
0.7581541538238525 0.0017046928405761719 0.0010943412780761719 0.00115203857421875 0.0012743473052978516 0.0015034675598144531 0.0016269683837890625 0.0016546249389648438 0.0016982555389404297 0.0016717910766601562 0.0018591880798339844 0.002045154571533203 0.0021724700927734375 0.002212047576904297 0.002533435821533203 0.0023393630981445312 0.0025720596313476562 0.0024657249450683594 0.002738475799560547 0.002996683120727539 0.0032165050506591797 0.0031287670135498047 0.003623485565185547 0.004299640655517578 0.005001544952392578 0.00639796257019043 0.008647441864013672 0.009778022766113281 0.016582250595092773 0.0 0.0 0.0
0.7592825889587402 0.0015561580657958984 0.0010533332824707031 0.0011451244354248047 0.001201629638671875 0.00136566162109375 0.0014057159423828125 0.001567840576171875 0.0017290115356445312 0.0016167163848876953 0.001796722412109375 0.0018208026885986328 0.0019447803497314453 0.002132892608642578 0.002299785614013672 0.0024459362030029297 0.0023140907287597656 0.0022056102752685547 0.0024938583374023438 0.002668142318725586 0.00301361083984375 0.0029850006103515625 0.003299713134765625 0.0036208629608154297 0.004127025604248047 0.005148887634277344 0.006059169769287109 0.007757902145385742 0.00936579704284668 0.01629495620727539 0.0 0.0
0.7540028095245361 0.001538991928100586 0.001104593276977539 0.0011637210845947266 0.0012292861938476562 0.0013043880462646484 0.0013337135314941406 0.0014908313751220703 0.0015974044799804688 0.0015642642974853516 0.0017998218536376953 0.0018620491027832031 0.0018870830535888672 0.002036571502685547 0.002410411834716797 0.004393339157104492 0.0025250911712646484 0.002259969711303711 0.002177000045776367 0.0024652481079101562 0.0027518272399902344 0.0028421878814697266 0.0033583641052246094 0.0033974647521972656 0.0037720203399658203 0.004635810852050781 0.005316019058227539 0.005983591079711914 0.009226560592651367 0.009805440902709961 0.016469240188598633 0.0
0.7517385482788086 0.0014965534210205078 0.0010197162628173828 0.0012023448944091797 0.0012581348419189453 0.001453399658203125 0.001336812973022461 0.0014431476593017578 0.0015985965728759766 0.0016069412231445312 0.0017940998077392578 0.0017986297607421875 0.0018453598022460938 0.0018951892852783203 0.0025107860565185547 0.005364656448364258 0.002558469772338867 0.002397298812866211 0.002232789993286133 0.0025055408477783203 0.0023658275604248047 0.0026154518127441406 0.003195524215698242 0.003054380416870117 0.0034978389739990234 0.0036911964416503906 0.004276275634765625 0.005123615264892578 0.005780696868896484 0.008103609085083008 0.009505748748779297 0.01827239990234375
