0.8284270763397217 0.0 0.0 0.0 0.0 0.0 0.0 0.0 0.0 0.0 0.0 0.0 0.0 0.0 0.0 0.0 0.0 0.0 0.0 0.0 0.0 0.0 0.0 0.0 0.0 0.0 0.0 0.0 0.0 0.0 0.0 0.0
0.8153533935546875 0.01836371421813965 0.0 0.0 0.0 0.0 0.0 0.0 0.0 0.0 0.0 0.0 0.0 0.0 0.0 0.0 0.0 0.0 0.0 0.0 0.0 0.0 0.0 0.0 0.0 0.0 0.0 0.0 0.0 0.0 0.0 0.0
0.7889504432678223 0.04232668876647949 0.012613296508789062 0.0 0.0 0.0 0.0 0.0 0.0 0.0 0.0 0.0 0.0 0.0 0.0 0.0 0.0 0.0 0.0 0.0 0.0 0.0 0.0 0.0 0.0 0.0 0.0 0.0 0.0 0.0 0.0 0.0
0.7736759185791016 0.010502815246582031 0.051194190979003906 0.014250993728637695 0.0 0.0 0.0 0.0 0.0 0.0 0.0 0.0 0.0 0.0 0.0 0.0 0.0 0.0 0.0 0.0 0.0 0.0 0.0 0.0 0.0 0.0 0.0 0.0 0.0 0.0 0.0 0.0
0.7836692333221436 0.005891561508178711 0.007686614990234375 0.03500056266784668 0.013842344284057617 0.0 0.0 0.0 0.0 0.0 0.0 0.0 0.0 0.0 0.0 0.0 0.0 0.0 0.0 0.0 0.0 0.0 0.0 0.0 0.0 0.0 0.0 0.0 0.0 0.0 0.0 0.0
0.7778759002685547 0.005026817321777344 0.004568338394165039 0.00893712043762207 0.03668832778930664 0.015202045440673828 0.0 0.0 0.0 0.0 0.0 0.0 0.0 0.0 0.0 0.0 0.0 0.0 0.0 0.0 0.0 0.0 0.0 0.0 0.0 0.0 0.0 0.0 0.0 0.0 0.0 0.0
0.764746904373169 0.005639791488647461 0.0036318302154541016 0.004946708679199219 0.010174036026000977 0.0492396354675293 0.014706850051879883 0.0 0.0 0.0 0.0 0.0 0.0 0.0 0.0 0.0 0.0 0.0 0.0 0.0 0.0 0.0 0.0 0.0 0.0 0.0 0.0 0.0 0.0 0.0 0.0 0.0
0.7701456546783447 0.0054607391357421875 0.003452301025390625 0.0040361881256103516 0.00612640380859375 0.008927583694458008 0.040039777755737305 0.013046741485595703 0.0 0.0 0.0 0.0 0.0 0.0 0.0 0.0 0.0 0.0 0.0 0.0 0.0 0.0 0.0 0.0 0.0 0.0 0.0 0.0 0.0 0.0 0.0 0.0
0.7658214569091797 0.0063207149505615234 0.003872394561767578 0.0045473575592041016 0.004900217056274414 0.006047487258911133 0.010027408599853516 0.03783845901489258 0.01353764533996582 0.0 0.0 0.0 0.0 0.0 0.0 0.0 0.0 0.0 0.0 0.0 0.0 0.0 0.0 0.0 0.0 0.0 0.0 0.0 0.0 0.0 0.0 0.0
0.7641744613647461 0.005274772644042969 0.0036106109619140625 0.004374027252197266 0.0046117305755615234 0.0044956207275390625 0.005914211273193359 0.007953643798828125 0.04039430618286133 0.012709856033325195 0.0 0.0 0.0 0.0 0.0 0.0 0.0 0.0 0.0 0.0 0.0 0.0 0.0 0.0 0.0 0.0 0.0 0.0 0.0 0.0 0.0 0.0
0.763235330581665 0.004973173141479492 0.0034418106079101562 0.004554271697998047 0.0051648616790771484 0.004595279693603516 0.0048198699951171875 0.005363941192626953 0.008376359939575195 0.036299705505371094 0.01311492919921875 0.0 0.0 0.0 0.0 0.0 0.0 0.0 0.0 0.0 0.0 0.0 0.0 0.0 0.0 0.0 0.0 0.0 0.0 0.0 0.0 0.0
0.7604460716247559 0.004134654998779297 0.0030660629272460938 0.004192352294921875 0.005049943923950195 0.004876613616943359 0.005074977874755859 0.004283905029296875 0.005044221878051758 0.00809788703918457 0.038126230239868164 0.012573480606079102 0.0 0.0 0.0 0.0 0.0 0.0 0.0 0.0 0.0 0.0 0.0 0.0 0.0 0.0 0.0 0.0 0.0 0.0 0.0 0.0
0.7611830234527588 0.004102945327758789 0.002588510513305664 0.0034186840057373047 0.0044193267822265625 0.004813194274902344 0.004881620407104492 0.003951549530029297 0.003863811492919922 0.004793405532836914 0.008082389831542969 0.036423683166503906 0.012204170227050781 0.0 0.0 0.0 0.0 0.0 0.0 0.0 0.0 0.0 0.0 0.0 0.0 0.0 0.0 0.0 0.0 0.0 0.0 0.0
0.758399248123169 0.004041910171508789 0.0026273727416992188 0.0031943321228027344 0.0037915706634521484 0.00445866584777832 0.005158185958862305 0.004189968109130859 0.003840923309326172 0.0038650035858154297 0.004367351531982422 0.007500648498535156 0.03811025619506836 0.012203693389892578 0.0 0.0 0.0 0.0 0.0 0.0 0.0 0.0 0.0 0.0 0.0 0.0 0.0 0.0 0.0 0.0 0.0 0.0
0.7534670829772949 0.0043697357177734375 0.0028524398803710938 0.0032987594604492188 0.003610372543334961 0.0041522979736328125 0.00491023063659668 0.004515409469604492 0.0043523311614990234 0.00414276123046875 0.003876209259033203 0.004662275314331055 0.007535457611083984 0.03833365440368652 0.01351308822631836 0.0 0.0 0.0 0.0 0.0 0.0 0.0 0.0 0.0 0.0 0.0 0.0 0.0 0.0 0.0 0.0 0.0
0.7554914951324463 0.004057168960571289 0.0028007030487060547 0.0033178329467773438 0.003551006317138672 0.0034868717193603516 0.004276275634765625 0.004083156585693359 0.0044405460357666016 0.004281282424926758 0.003892660140991211 0.003866910934448242 0.004668474197387695 0.007401943206787109 0.03522086143493652 0.01206350326538086 0.0 0.0 0.0 0.0 0.0 0.0 0.0 0.0 0.0 0.0 0.0 0.0 0.0 0.0 0.0 0.0
0.7510747909545898 0.0038869380950927734 0.0026390552520751953 0.0034444332122802734 0.003659963607788086 0.0034825801849365234 0.003917217254638672 0.0036017894744873047 0.003983259201049805 0.0044040679931640625 0.00413823127746582 0.003864288330078125 0.0038459300994873047 0.004715919494628906 0.008892059326171875 0.03651690483093262 0.012470483779907227 0.0 0.0 0.0 0.0 0.0 0.0 0.0 0.0 0.0 0.0 0.0 0.0 0.0 0.0 0.0
0.7510135173797607 0.0035784244537353516 0.002474069595336914 0.003265380859375 0.003740072250366211 0.0035817623138427734 0.0038645267486572266 0.003251791000366211 0.0034842491149902344 0.004034996032714844 0.004250526428222656 0.004079341888427734 0.003908634185791016 0.003804445266723633 0.004802703857421875 0.0075647830963134766 0.03623223304748535 0.011636972427368164 0.0 0.0 0.0 0.0 0.0 0.0 0.0 0.0 0.0 0.0 0.0 0.0 0.0 0.0
0.7459959983825684 0.003821134567260742 0.0024056434631347656 0.0031723976135253906 0.0036661624908447266 0.003833293914794922 0.004220008850097656 0.003354787826538086 0.0033233165740966797 0.0036602020263671875 0.003962039947509766 0.00449824333190918 0.0043528079986572266 0.0039615631103515625 0.004241466522216797 0.004697084426879883 0.007620811462402344 0.03683733940124512 0.012797117233276367 0.0 0.0 0.0 0.0 0.0 0.0 0.0 0.0 0.0 0.0 0.0 0.0 0.0
0.7422375679016113 0.0043408870697021484 0.002568483352661133 0.0032982826232910156 0.0036525726318359375 0.003913164138793945 0.004300832748413086 0.0036423206329345703 0.0034971237182617188 0.0035402774810791016 0.003692626953125 0.00431513786315918 0.004773855209350586 0.0045435428619384766 0.004705190658569336 0.004065513610839844 0.00482940673828125 0.007452964782714844 0.03591179847717285 0.012548208236694336 0.0 0.0 0.0 0.0 0.0 0.0 0.0 0.0 0.0 0.0 0.0 0.0
0.7435250282287598 0.0042781829833984375 0.0026226043701171875 0.003128528594970703 0.0033631324768066406 0.003507375717163086 0.004044771194458008 0.003529787063598633 0.0035223960876464844 0.003387451171875 0.0032753944396972656 0.003576517105102539 0.00400233268737793 0.004420042037963867 0.004643440246582031 0.003915309906005859 0.003979682922363281 0.004515886306762695 0.007658958435058594 0.03427314758300781 0.012216567993164062 0.0 0.0 0.0 0.0 0.0 0.0 0.0 0.0 0.0 0.0 0.0
0.7313263416290283 0.0040950775146484375 0.002674579620361328 0.0032029151916503906 0.0034246444702148438 0.003369569778442383 0.0035376548767089844 0.003400087356567383 0.003570556640625 0.003536701202392578 0.003300905227661133 0.0032978057861328125 0.003650665283203125 0.004180192947387695 0.004851102828979492 0.004204750061035156 0.004010915756225586 0.0038254261016845703 0.0047762393951416016 0.007471561431884766 0.04752063751220703 0.012382745742797852 0.0 0.0 0.0 0.0 0.0 0.0 0.0 0.0 0.0 0.0
0.7348885536193848 0.0037240982055664062 0.00263214111328125 0.0033617019653320312 0.003521442413330078 0.0034513473510742188 0.00411534309387207 0.0034346580505371094 0.003513336181640625 0.0036764144897460938 0.0035371780395507812 0.0037353038787841797 0.0035276412963867188 0.003745555877685547 0.004637956619262695 0.004498958587646484 0.0044574737548828125 0.003938198089599609 0.00418543815612793 0.0048100948333740234 0.007645845413208008 0.03617453575134277 0.013316631317138672 0.0 0.0 0.0 0.0 0.0 0.0 0.0 0.0 0.0
0.7334635257720947 0.0035250186920166016 0.0023453235626220703 0.0031740665435791016 0.003626108169555664 0.0035169124603271484 0.003810405731201172 0.0032804012298583984 0.00333404541015625 0.0035457611083984375 0.003472566604614258 0.0035562515258789062 0.0035195350646972656 0.0034716129302978516 0.004213571548461914 0.004256010055541992 0.004742622375488281 0.004212856292724609 0.0041925907135009766 0.003941774368286133 0.004746437072753906 0.0075588226318359375 0.03670907020568848 0.012830972671508789 0.0 0.0 0.0 0.0 0.0 0.0 0.0 0.0
0.727860689163208 0.004548788070678711 0.0021219253540039062 0.0029115676879882812 0.0037453174591064453 0.003621339797973633 0.0038444995880126953 0.003404378890991211 0.0032303333282470703 0.0034694671630859375 0.0036890506744384766 0.003831624984741211 0.003748655319213867 0.0037059783935546875 0.004183530807495117 0.0038084983825683594 0.004250764846801758 0.004668712615966797 0.004759311676025391 0.004346132278442383 0.004151821136474609 0.005091428756713867 0.009532451629638672 0.035718441009521484 0.012846946716308594 0.0 0.0 0.0 0.0 0.0 0.0 0.0
0.7307493686676025 0.003587484359741211 0.002084016799926758 0.0027551651000976562 0.0031838417053222656 0.003411531448364258 0.004039287567138672 0.003322124481201172 0.0032138824462890625 0.003312349319458008 0.0032846927642822266 0.0034737586975097656 0.003643512725830078 0.003580808639526367 0.003870725631713867 0.0033991336822509766 0.0037250518798828125 0.0040132999420166016 0.00468134880065918 0.004303693771362305 0.003958463668823242 0.0040132999420166016 0.005007505416870117 0.007451772689819336 0.034986257553100586 0.013007879257202148 0.0 0.0 0.0 0.0 0.0 0.0
0.7283101081848145 0.0035796165466308594 0.0021224021911621094 0.002672910690307617 0.0030045509338378906 0.0031423568725585938 0.0037660598754882812 0.003320455551147461 0.0032835006713867188 0.003262042999267578 0.003108978271484375 0.003241300582885742 0.003469228744506836 0.003627777099609375 0.003929853439331055 0.0033173561096191406 0.0033860206604003906 0.0035295486450195312 0.004355669021606445 0.004373788833618164 0.004288434982299805 0.003962039947509766 0.004315614700317383 0.004559516906738281 0.007098197937011719 0.03781270980834961 0.012070417404174805 0.0 0.0 0.0 0.0 0.0
0.7253141403198242 0.0032384395599365234 0.0020563602447509766 0.002619028091430664 0.0028896331787109375 0.003025054931640625 0.0035305023193359375 0.0032334327697753906 0.0033295154571533203 0.003374338150024414 0.0031502246856689453 0.0031614303588867188 0.0033600330352783203 0.0035626888275146484 0.004248619079589844 0.003492593765258789 0.003407716751098633 0.0032880306243896484 0.003889799118041992 0.004133462905883789 0.004480123519897461 0.00425267219543457 0.0045015811920166016 0.004015207290649414 0.004608154296875 0.008301973342895508 0.03634309768676758 0.013200044631958008 0.0 0.0 0.0 0.0
0.7240023612976074 0.0029325485229492188 0.0018856525421142578 0.002517223358154297 0.0028760433197021484 0.0029630661010742188 0.0033075809478759766 0.002936840057373047 0.003308534622192383 0.0033817291259765625 0.003269195556640625 0.0031592845916748047 0.003243684768676758 0.003300189971923828 0.003931283950805664 0.0036287307739257812 0.0035219192504882812 0.003307819366455078 0.00360107421875 0.0036766529083251953 0.004097461700439453 0.0043718814849853516 0.004479408264160156 0.004018545150756836 0.0038242340087890625 0.00487828254699707 0.007239580154418945 0.03865981101989746 0.01213836669921875 0.0 0.0 0.0
0.72245192527771 0.00279998779296875 0.001737356185913086 0.002407550811767578 0.002814769744873047 0.0029764175415039062 0.0032379627227783203 0.002821207046508789 0.003069162368774414 0.0033330917358398438 0.0034062862396240234 0.003421783447265625 0.0033228397369384766 0.0033576488494873047 0.0038416385650634766 0.003573894500732422 0.0036606788635253906 0.0034492015838623047 0.003622770309448242 0.0034487247467041016 0.003642559051513672 0.004223346710205078 0.004916667938232422 0.004367351531982422 0.004004955291748047 0.00420832633972168 0.0046329498291015625 0.008209466934204102 0.03575778007507324 0.012343645095825195 0.0 0.0
0.7231171131134033 0.003028392791748047 0.0016834735870361328 0.002164125442504883 0.002626657485961914 0.0028541088104248047 0.0031461715698242188 0.0027446746826171875 0.0028836727142333984 0.0030553340911865234 0.00322723388671875 0.0034637451171875 0.0035088062286376953 0.003292560577392578 0.003665447235107422 0.003377676010131836 0.003643035888671875 0.003532886505126953 0.003691434860229492 0.0033960342407226562 0.0033783912658691406 0.003772258758544922 0.004477024078369141 0.004483938217163086 0.004261970520019531 0.004353046417236328 0.003881216049194336 0.004746913909912109 0.007243156433105469 0.033913612365722656 0.012243270874023438 0.0
0.717144250869751 0.003426074981689453 0.0019414424896240234 0.002240419387817383 0.0024712085723876953 0.0029897689819335938 0.0032706260681152344 0.002906322479248047 0.002875089645385742 0.0029175281524658203 0.003062725067138672 0.003363370895385742 0.004086494445800781 0.0036842823028564453 0.0037529468536376953 0.003408193588256836 0.0034384727478027344 0.003984928131103516 0.003905057907104492 0.0036618709564208984 0.003480672836303711 0.0035123825073242188 0.003954887390136719 0.004351377487182617 0.0045626163482666016 0.004777431488037109 0.004062175750732422 0.004435300827026367 0.004868030548095703 0.007672309875488281 0.034316301345825195 0.012457132339477539
