0.8284270763397217 0.0 0.0 0.0 0.0 0.0 0.0 0.0 0.0 0.0 0.0 0.0 0.0 0.0 0.0 0.0 0.0 0.0 0.0 0.0 0.0 0.0 0.0 0.0 0.0 0.0 0.0 0.0 0.0 0.0 0.0 0.0
0.7777681350708008 0.0698082447052002 0.0 0.0 0.0 0.0 0.0 0.0 0.0 0.0 0.0 0.0 0.0 0.0 0.0 0.0 0.0 0.0 0.0 0.0 0.0 0.0 0.0 0.0 0.0 0.0 0.0 0.0 0.0 0.0 0.0 0.0
0.7413334846496582 0.0653226375579834 0.05415463447570801 0.0 0.0 0.0 0.0 0.0 0.0 0.0 0.0 0.0 0.0 0.0 0.0 0.0 0.0 0.0 0.0 0.0 0.0 0.0 0.0 0.0 0.0 0.0 0.0 0.0 0.0 0.0 0.0 0.0
0.7069251537322998 0.05932307243347168 0.05103898048400879 0.055474281311035156 0.0 0.0 0.0 0.0 0.0 0.0 0.0 0.0 0.0 0.0 0.0 0.0 0.0 0.0 0.0 0.0 0.0 0.0 0.0 0.0 0.0 0.0 0.0 0.0 0.0 0.0 0.0 0.0
0.6718339920043945 0.05233502388000488 0.048963308334350586 0.05317425727844238 0.05801820755004883 0.0 0.0 0.0 0.0 0.0 0.0 0.0 0.0 0.0 0.0 0.0 0.0 0.0 0.0 0.0 0.0 0.0 0.0 0.0 0.0 0.0 0.0 0.0 0.0 0.0 0.0 0.0
0.645841121673584 0.04522585868835449 0.04098820686340332 0.05030989646911621 0.052958011627197266 0.05730867385864258 0.0 0.0 0.0 0.0 0.0 0.0 0.0 0.0 0.0 0.0 0.0 0.0 0.0 0.0 0.0 0.0 0.0 0.0 0.0 0.0 0.0 0.0 0.0 0.0 0.0 0.0
0.6182043552398682 0.04182767868041992 0.03512978553771973 0.04445195198059082 0.04986906051635742 0.053240299224853516 0.05830812454223633 0.0 0.0 0.0 0.0 0.0 0.0 0.0 0.0 0.0 0.0 0.0 0.0 0.0 0.0 0.0 0.0 0.0 0.0 0.0 0.0 0.0 0.0 0.0 0.0 0.0
0.5908610820770264 0.03845572471618652 0.030580997467041016 0.0402069091796875 0.04700970649719238 0.05127143859863281 0.05213046073913574 0.0584559440612793 0.0 0.0 0.0 0.0 0.0 0.0 0.0 0.0 0.0 0.0 0.0 0.0 0.0 0.0 0.0 0.0 0.0 0.0 0.0 0.0 0.0 0.0 0.0 0.0
0.5780045986175537 0.034394025802612305 0.026735305786132812 0.03386259078979492 0.03989696502685547 0.04720044136047363 0.04647684097290039 0.04998445510864258 0.05625486373901367 0.0 0.0 0.0 0.0 0.0 0.0 0.0 0.0 0.0 0.0 0.0 0.0 0.0 0.0 0.0 0.0 0.0 0.0 0.0 0.0 0.0 0.0 0.0
0.5593605041503906 0.0315093994140625 0.025307178497314453 0.030280590057373047 0.03563380241394043 0.040009260177612305 0.04204440116882324 0.04618382453918457 0.04950857162475586 0.05815601348876953 0.0 0.0 0.0 0.0 0.0 0.0 0.0 0.0 0.0 0.0 0.0 0.0 0.0 0.0 0.0 0.0 0.0 0.0 0.0 0.0 0.0 0.0
0.547748327255249 0.02894115447998047 0.022899150848388672 0.027269840240478516 0.0296933650970459 0.03386807441711426 0.037085533142089844 0.04176211357116699 0.0457911491394043 0.04874825477600098 0.057433128356933594 0.0 0.0 0.0 0.0 0.0 0.0 0.0 0.0 0.0 0.0 0.0 0.0 0.0 0.0 0.0 0.0 0.0 0.0 0.0 0.0 0.0
0.5315179824829102 0.02715587615966797 0.021109342575073242 0.025936126708984375 0.027394771575927734 0.030417919158935547 0.031479835510253906 0.03661704063415527 0.04080033302307129 0.04526329040527344 0.04870438575744629 0.05911612510681152 0.0 0.0 0.0 0.0 0.0 0.0 0.0 0.0 0.0 0.0 0.0 0.0 0.0 0.0 0.0 0.0 0.0 0.0 0.0 0.0
0.5206162929534912 0.025527238845825195 0.019788265228271484 0.023508787155151367 0.02589559555053711 0.027514934539794922 0.02858757972717285 0.031598806381225586 0.03576827049255371 0.040990352630615234 0.04451274871826172 0.04765772819519043 0.056458234786987305 0.0 0.0 0.0 0.0 0.0 0.0 0.0 0.0 0.0 0.0 0.0 0.0 0.0 0.0 0.0 0.0 0.0 0.0 0.0
0.5100739002227783 0.023556947708129883 0.017244577407836914 0.020441770553588867 0.02280735969543457 0.02488565444946289 0.026049375534057617 0.027684926986694336 0.03189253807067871 0.03528404235839844 0.04160881042480469 0.04449892044067383 0.04720926284790039 0.05786561965942383 0.0 0.0 0.0 0.0 0.0 0.0 0.0 0.0 0.0 0.0 0.0 0.0 0.0 0.0 0.0 0.0 0.0 0.0
0.49956440925598145 0.022825241088867188 0.016327381134033203 0.018798112869262695 0.020670413970947266 0.02350926399230957 0.024306297302246094 0.02603459358215332 0.02850198745727539 0.031158447265625 0.03602457046508789 0.04012179374694824 0.04337906837463379 0.04625415802001953 0.05631279945373535 0.0 0.0 0.0 0.0 0.0 0.0 0.0 0.0 0.0 0.0 0.0 0.0 0.0 0.0 0.0 0.0 0.0
0.48946285247802734 0.020983219146728516 0.015560388565063477 0.01777052879333496 0.020439863204956055 0.020750045776367188 0.022741317749023438 0.024135112762451172 0.025051116943359375 0.029581546783447266 0.030913352966308594 0.03574800491333008 0.039620161056518555 0.042556047439575195 0.044457435607910156 0.05653047561645508 0.0 0.0 0.0 0.0 0.0 0.0 0.0 0.0 0.0 0.0 0.0 0.0 0.0 0.0 0.0 0.0
0.4822981357574463 0.019992828369140625 0.014658451080322266 0.017406702041625977 0.01881098747253418 0.019577980041503906 0.020859718322753906 0.02245044708251953 0.02409219741821289 0.026274442672729492 0.02810072898864746 0.030118703842163086 0.03433394432067871 0.03893470764160156 0.041326284408569336 0.044219017028808594 0.05466318130493164 0.0 0.0 0.0 0.0 0.0 0.0 0.0 0.0 0.0 0.0 0.0 0.0 0.0 0.0 0.0
0.4713766574859619 0.018405914306640625 0.013300180435180664 0.016199350357055664 0.018523216247558594 0.017880678176879883 0.01848626136779785 0.020213603973388672 0.02217411994934082 0.024997949600219727 0.026976346969604492 0.026424646377563477 0.03099226951599121 0.03531312942504883 0.03813791275024414 0.040719032287597656 0.04412245750427246 0.056411027908325195 0.0 0.0 0.0 0.0 0.0 0.0 0.0 0.0 0.0 0.0 0.0 0.0 0.0 0.0
0.46398186683654785 0.017609596252441406 0.011929750442504883 0.015275955200195312 0.017894744873046875 0.017281055450439453 0.017783641815185547 0.01910996437072754 0.02053546905517578 0.0227203369140625 0.02439093589782715 0.024596452713012695 0.02788376808166504 0.03007650375366211 0.03326106071472168 0.038306236267089844 0.04138684272766113 0.04338860511779785 0.05501198768615723 0.0 0.0 0.0 0.0 0.0 0.0 0.0 0.0 0.0 0.0 0.0 0.0 0.0
0.45751428604125977 0.017683982849121094 0.011026144027709961 0.014106035232543945 0.016605377197265625 0.01810479164123535 0.017630577087402344 0.0179290771484375 0.01846146583557129 0.023075342178344727 0.02228569984436035 0.02357029914855957 0.023833751678466797 0.025570154190063477 0.028484582901000977 0.03312492370605469 0.037101030349731445 0.040502071380615234 0.04366302490234375 0.05371236801147461 0.0 0.0 0.0 0.0 0.0 0.0 0.0 0.0 0.0 0.0 0.0 0.0
0.44999146461486816 0.017264604568481445 0.010653972625732422 0.013351202011108398 0.014948844909667969 0.01578354835510254 0.016612768173217773 0.017350196838378906 0.017708301544189453 0.020045995712280273 0.021090984344482422 0.021201372146606445 0.02330946922302246 0.02355194091796875 0.0254364013671875 0.02849864959716797 0.03329896926879883 0.03773999214172363 0.04045748710632324 0.04346442222595215 0.053922414779663086 0.0 0.0 0.0 0.0 0.0 0.0 0.0 0.0 0.0 0.0 0.0
0.44345545768737793 0.016814470291137695 0.010666370391845703 0.013014793395996094 0.013776540756225586 0.014640331268310547 0.015418529510498047 0.016438722610473633 0.016930818557739258 0.018399477005004883 0.01891183853149414 0.0203704833984375 0.020932435989379883 0.022495508193969727 0.023515939712524414 0.026387929916381836 0.028093576431274414 0.0322728157043457 0.03747820854187012 0.0415804386138916 0.04220318794250488 0.05337238311767578 0.0 0.0 0.0 0.0 0.0 0.0 0.0 0.0 0.0 0.0
0.43924641609191895 0.01685786247253418 0.01060342788696289 0.013533592224121094 0.01346731185913086 0.014394283294677734 0.013831853866577148 0.01485133171081543 0.016273975372314453 0.017136573791503906 0.01809835433959961 0.0204012393951416 0.020159244537353516 0.021207571029663086 0.022482633590698242 0.02382802963256836 0.024422407150268555 0.026846647262573242 0.03144407272338867 0.03641557693481445 0.03843235969543457 0.041478633880615234 0.052793025970458984 0.0 0.0 0.0 0.0 0.0 0.0 0.0 0.0 0.0
0.4353673458099365 0.01622486114501953 0.009868383407592773 0.012318134307861328 0.012568473815917969 0.01365804672241211 0.013159036636352539 0.01417851448059082 0.015195131301879883 0.015911579132080078 0.01815485954284668 0.018300533294677734 0.018949031829833984 0.019872426986694336 0.020174741744995117 0.02091240882873535 0.02216172218322754 0.024941682815551758 0.027689456939697266 0.03246712684631348 0.0357213020324707 0.03833508491516113 0.040514230728149414 0.05245685577392578 0.0 0.0 0.0 0.0 0.0 0.0 0.0 0.0
0.43449974060058594 0.01639080047607422 0.009546995162963867 0.011876583099365234 0.012257814407348633 0.0128631591796875 0.012942790985107422 0.013382196426391602 0.014313936233520508 0.01511526107788086 0.01677703857421875 0.017119407653808594 0.017575979232788086 0.01843881607055664 0.0191495418548584 0.0191800594329834 0.02023029327392578 0.021582365036010742 0.023180484771728516 0.026474952697753906 0.030983924865722656 0.035321950912475586 0.03797459602355957 0.040303707122802734 0.05190634727478027 0.0 0.0 0.0 0.0 0.0 0.0 0.0
0.4286065101623535 0.01618361473083496 0.009369373321533203 0.010604619979858398 0.011466264724731445 0.012417078018188477 0.012613534927368164 0.012710332870483398 0.013515233993530273 0.01419687271118164 0.015253782272338867 0.0162808895111084 0.016848087310791016 0.01762843132019043 0.01801776885986328 0.018114328384399414 0.019042253494262695 0.02000117301940918 0.021542787551879883 0.023705244064331055 0.026534557342529297 0.030501365661621094 0.0345003604888916 0.03776431083679199 0.04117226600646973 0.05206751823425293 0.0 0.0 0.0 0.0 0.0 0.0
0.4216606616973877 0.015348434448242188 0.008841753005981445 0.00988149642944336 0.01085972785949707 0.011794090270996094 0.012310028076171875 0.012676239013671875 0.013665199279785156 0.013902664184570312 0.015295028686523438 0.015291929244995117 0.016519546508789062 0.01656794548034668 0.017072677612304688 0.016779184341430664 0.018102407455444336 0.019551753997802734 0.020407915115356445 0.022386550903320312 0.023265600204467773 0.026335716247558594 0.030184030532836914 0.034066200256347656 0.03860354423522949 0.039748430252075195 0.051042795181274414 0.0 0.0 0.0 0.0 0.0
0.41756391525268555 0.013988494873046875 0.00897669792175293 0.009768009185791016 0.009550809860229492 0.010529279708862305 0.011184930801391602 0.012549400329589844 0.013179540634155273 0.012760400772094727 0.013827800750732422 0.014731884002685547 0.01574087142944336 0.016483068466186523 0.017512083053588867 0.016414880752563477 0.01711869239807129 0.01919698715209961 0.019212007522583008 0.02005314826965332 0.020939111709594727 0.022765159606933594 0.026140451431274414 0.03073906898498535 0.03428030014038086 0.03678178787231445 0.039689064025878906 0.05137038230895996 0.0 0.0 0.0 0.0
0.41139721870422363 0.012764453887939453 0.008631229400634766 0.009871482849121094 0.009689569473266602 0.010179996490478516 0.010698556900024414 0.01121973991394043 0.01238703727722168 0.013006210327148438 0.013894796371459961 0.013834953308105469 0.015212535858154297 0.015817642211914062 0.016036272048950195 0.01616692543029785 0.01622796058654785 0.017276287078857422 0.018620729446411133 0.0191500186920166 0.01987481117248535 0.020732879638671875 0.022469282150268555 0.025469541549682617 0.029828786849975586 0.03416013717651367 0.03722882270812988 0.040488243103027344 0.05196952819824219 0.0 0.0 0.0
0.40961408615112305 0.011991500854492188 0.007924556732177734 0.009752035140991211 0.00972437858581543 0.009814023971557617 0.010026693344116211 0.010614871978759766 0.011518001556396484 0.01236581802368164 0.013217449188232422 0.01328897476196289 0.01385045051574707 0.015184879302978516 0.015513420104980469 0.015797853469848633 0.01565408706665039 0.016147375106811523 0.0165860652923584 0.017858028411865234 0.018525362014770508 0.01936197280883789 0.020598888397216797 0.022452116012573242 0.02589130401611328 0.03085803985595703 0.03353071212768555 0.03648686408996582 0.03963279724121094 0.05096244812011719 0.0 0.0
0.4055006504058838 0.011785507202148438 0.0070188045501708984 0.009344816207885742 0.009898900985717773 0.009942054748535156 0.00969243049621582 0.010178565979003906 0.010748147964477539 0.011746644973754883 0.012433767318725586 0.013580560684204102 0.013262271881103516 0.014367341995239258 0.014276742935180664 0.015401601791381836 0.015033245086669922 0.015064001083374023 0.01635575294494629 0.01767754554748535 0.01735711097717285 0.018180370330810547 0.019062280654907227 0.020281314849853516 0.022034168243408203 0.025585174560546875 0.029287338256835938 0.03371882438659668 0.036651611328125 0.039067983627319336 0.051073312759399414 0.0
0.402724027633667 0.012556314468383789 0.006757974624633789 0.008519172668457031 0.009720802307128906 0.011361837387084961 0.010179519653320312 0.01057291030883789 0.010497331619262695 0.011204957962036133 0.011930227279663086 0.01310110092163086 0.01336669921875 0.013790607452392578 0.013616085052490234 0.013966083526611328 0.01429605484008789 0.014538764953613281 0.015296459197998047 0.016616106033325195 0.01636052131652832 0.016902685165405273 0.017813682556152344 0.0188906192779541 0.01971602439880371 0.021236419677734375 0.02448296546936035 0.029312849044799805 0.03293871879577637 0.035804033279418945 0.03816676139831543 0.050017356872558594
