0.8284270763397217 0.0 0.0 0.0 0.0 0.0 0.0 0.0 0.0 0.0 0.0 0.0 0.0 0.0 0.0 0.0 0.0 0.0 0.0 0.0 0.0 0.0 0.0 0.0 0.0 0.0 0.0 0.0 0.0 0.0 0.0 0.0
0.7988195419311523 0.04120683670043945 0.0 0.0 0.0 0.0 0.0 0.0 0.0 0.0 0.0 0.0 0.0 0.0 0.0 0.0 0.0 0.0 0.0 0.0 0.0 0.0 0.0 0.0 0.0 0.0 0.0 0.0 0.0 0.0 0.0 0.0
0.7981677055358887 0.012421131134033203 0.02988290786743164 0.0 0.0 0.0 0.0 0.0 0.0 0.0 0.0 0.0 0.0 0.0 0.0 0.0 0.0 0.0 0.0 0.0 0.0 0.0 0.0 0.0 0.0 0.0 0.0 0.0 0.0 0.0 0.0 0.0
0.7905571460723877 0.015418529510498047 0.01043558120727539 0.027082443237304688 0.0 0.0 0.0 0.0 0.0 0.0 0.0 0.0 0.0 0.0 0.0 0.0 0.0 0.0 0.0 0.0 0.0 0.0 0.0 0.0 0.0 0.0 0.0 0.0 0.0 0.0 0.0 0.0
0.7760047912597656 0.017282962799072266 0.019904375076293945 0.010392189025878906 0.025506258010864258 0.0 0.0 0.0 0.0 0.0 0.0 0.0 0.0 0.0 0.0 0.0 0.0 0.0 0.0 0.0 0.0 0.0 0.0 0.0 0.0 0.0 0.0 0.0 0.0 0.0 0.0 0.0
0.7630257606506348 0.01761937141418457 0.02185201644897461 0.01641392707824707 0.01056814193725586 0.02453160285949707 0.0 0.0 0.0 0.0 0.0 0.0 0.0 0.0 0.0 0.0 0.0 0.0 0.0 0.0 0.0 0.0 0.0 0.0 0.0 0.0 0.0 0.0 0.0 0.0 0.0 0.0
0.7537624835968018 0.01636958122253418 0.020480871200561523 0.018378257751464844 0.015979528427124023 0.010268211364746094 0.02224564552307129 0.0 0.0 0.0 0.0 0.0 0.0 0.0 0.0 0.0 0.0 0.0 0.0 0.0 0.0 0.0 0.0 0.0 0.0 0.0 0.0 0.0 0.0 0.0 0.0 0.0
0.7427654266357422 0.015296459197998047 0.017438650131225586 0.0209352970123291 0.018210887908935547 0.015883684158325195 0.009019613265991211 0.021993398666381836 0.0 0.0 0.0 0.0 0.0 0.0 0.0 0.0 0.0 0.0 0.0 0.0 0.0 0.0 0.0 0.0 0.0 0.0 0.0 0.0 0.0 0.0 0.0 0.0
0.7352714538574219 0.01441645622253418 0.016484975814819336 0.018427610397338867 0.017913103103637695 0.01687908172607422 0.015032291412353516 0.008680343627929688 0.021197795867919922 0.0 0.0 0.0 0.0 0.0 0.0 0.0 0.0 0.0 0.0 0.0 0.0 0.0 0.0 0.0 0.0 0.0 0.0 0.0 0.0 0.0 0.0 0.0
0.7238740921020508 0.012866497039794922 0.01616668701171875 0.015729665756225586 0.0188596248626709 0.01741170883178711 0.017010927200317383 0.017685651779174805 0.008963823318481445 0.01983189582824707 0.0 0.0 0.0 0.0 0.0 0.0 0.0 0.0 0.0 0.0 0.0 0.0 0.0 0.0 0.0 0.0 0.0 0.0 0.0 0.0 0.0 0.0
0.7172033786773682 0.011478185653686523 0.014464378356933594 0.015297651290893555 0.016099929809570312 0.01628279685974121 0.01821112632751465 0.018778324127197266 0.014975547790527344 0.008399486541748047 0.019598722457885742 0.0 0.0 0.0 0.0 0.0 0.0 0.0 0.0 0.0 0.0 0.0 0.0 0.0 0.0 0.0 0.0 0.0 0.0 0.0 0.0 0.0
0.7155764102935791 0.01082301139831543 0.012784242630004883 0.014719247817993164 0.014729022979736328 0.014664173126220703 0.01519322395324707 0.016249656677246094 0.015489816665649414 0.013514518737792969 0.008285999298095703 0.01938772201538086 0.0 0.0 0.0 0.0 0.0 0.0 0.0 0.0 0.0 0.0 0.0 0.0 0.0 0.0 0.0 0.0 0.0 0.0 0.0 0.0
0.7086043357849121 0.010157346725463867 0.011576652526855469 0.013120412826538086 0.014029502868652344 0.013626813888549805 0.01423788070678711 0.015513181686401367 0.016909122467041016 0.015982866287231445 0.013249874114990234 0.008341073989868164 0.01853466033935547 0.0 0.0 0.0 0.0 0.0 0.0 0.0 0.0 0.0 0.0 0.0 0.0 0.0 0.0 0.0 0.0 0.0 0.0 0.0
0.6989521980285645 0.01027059555053711 0.011085987091064453 0.011718273162841797 0.012820243835449219 0.013388633728027344 0.014353513717651367 0.015186309814453125 0.015836238861083984 0.01590895652770996 0.016205787658691406 0.014293909072875977 0.008653402328491211 0.018559694290161133 0.0 0.0 0.0 0.0 0.0 0.0 0.0 0.0 0.0 0.0 0.0 0.0 0.0 0.0 0.0 0.0 0.0 0.0
0.6937592029571533 0.008757352828979492 0.009843587875366211 0.010636091232299805 0.011637210845947266 0.012181758880615234 0.013341665267944336 0.013919591903686523 0.014482975006103516 0.01507258415222168 0.016433238983154297 0.016393423080444336 0.015473127365112305 0.009074687957763672 0.018024921417236328 0.0 0.0 0.0 0.0 0.0 0.0 0.0 0.0 0.0 0.0 0.0 0.0 0.0 0.0 0.0 0.0 0.0
0.6841816902160645 0.008361339569091797 0.009430408477783203 0.010004758834838867 0.010792255401611328 0.011167764663696289 0.012441158294677734 0.013062000274658203 0.01373147964477539 0.014253377914428711 0.01584601402282715 0.017021894454956055 0.017249584197998047 0.017752885818481445 0.008934259414672852 0.018051862716674805 0.0 0.0 0.0 0.0 0.0 0.0 0.0 0.0 0.0 0.0 0.0 0.0 0.0 0.0 0.0 0.0
0.6821310520172119 0.007520914077758789 0.008881807327270508 0.009801387786865234 0.009861946105957031 0.00981450080871582 0.01105046272277832 0.012237548828125 0.014243841171264648 0.014051437377929688 0.01437830924987793 0.016074419021606445 0.016193151473999023 0.016206026077270508 0.014256715774536133 0.008502483367919922 0.017796039581298828 0.0 0.0 0.0 0.0 0.0 0.0 0.0 0.0 0.0 0.0 0.0 0.0 0.0 0.0 0.0
0.6709957122802734 0.007025480270385742 0.007722139358520508 0.009211063385009766 0.009900331497192383 0.009479761123657227 0.010285377502441406 0.010950565338134766 0.012807130813598633 0.013653755187988281 0.018830299377441406 0.014270782470703125 0.018392086029052734 0.017713069915771484 0.016162395477294922 0.014199018478393555 0.008188247680664062 0.016907691955566406 0.0 0.0 0.0 0.0 0.0 0.0 0.0 0.0 0.0 0.0 0.0 0.0 0.0 0.0
0.6644985675811768 0.006649017333984375 0.006953001022338867 0.008448362350463867 0.009814023971557617 0.009499549865722656 0.00993657112121582 0.010366201400756836 0.013205528259277344 0.014103412628173828 0.016712665557861328 0.014061450958251953 0.019544363021850586 0.01597452163696289 0.016266584396362305 0.015656232833862305 0.01305079460144043 0.007538318634033203 0.016568899154663086 0.0 0.0 0.0 0.0 0.0 0.0 0.0 0.0 0.0 0.0 0.0 0.0 0.0
0.660897970199585 0.006802797317504883 0.0064427852630615234 0.007845878601074219 0.00915074348449707 0.008974552154541016 0.01036691665649414 0.00986933708190918 0.010345458984375 0.012014389038085938 0.013203620910644531 0.01616358757019043 0.017301321029663086 0.015596151351928711 0.015842199325561523 0.016527414321899414 0.01551961898803711 0.012785196304321289 0.007880210876464844 0.016518592834472656 0.0 0.0 0.0 0.0 0.0 0.0 0.0 0.0 0.0 0.0 0.0 0.0
0.6539287567138672 0.00703120231628418 0.006558418273925781 0.0070230960845947266 0.007607221603393555 0.008527040481567383 0.009264945983886719 0.01058816909790039 0.009715080261230469 0.011106491088867188 0.011703729629516602 0.012780189514160156 0.01560211181640625 0.014583349227905273 0.014648914337158203 0.015206098556518555 0.017865657806396484 0.015898466110229492 0.016575336456298828 0.009829521179199219 0.01627326011657715 0.0 0.0 0.0 0.0 0.0 0.0 0.0 0.0 0.0 0.0 0.0
0.6509346961975098 0.006932258605957031 0.00704646110534668 0.006939888000488281 0.006991863250732422 0.007723093032836914 0.00837564468383789 0.009142160415649414 0.009046316146850586 0.010421514511108398 0.01021122932434082 0.011150598526000977 0.01174783706665039 0.014190673828125 0.015227317810058594 0.016045808792114258 0.016774654388427734 0.015941619873046875 0.0191192626953125 0.01554727554321289 0.007838249206542969 0.01594853401184082 0.0 0.0 0.0 0.0 0.0 0.0 0.0 0.0 0.0 0.0
0.6531059741973877 0.0065441131591796875 0.008150339126586914 0.006934165954589844 0.006971836090087891 0.007035493850708008 0.00780797004699707 0.0080108642578125 0.008748769760131836 0.009125709533691406 0.010247468948364258 0.012176752090454102 0.010937213897705078 0.01221013069152832 0.013278484344482422 0.014289617538452148 0.014921903610229492 0.014511346817016602 0.01489114761352539 0.015604734420776367 0.013003110885620117 0.008334875106811523 0.015816450119018555 0.0 0.0 0.0 0.0 0.0 0.0 0.0 0.0 0.0
0.6502923965454102 0.005503654479980469 0.006247043609619141 0.007080793380737305 0.007073163986206055 0.007089376449584961 0.007096529006958008 0.007498979568481445 0.008180618286132812 0.008826494216918945 0.010233163833618164 0.010255575180053711 0.010209798812866211 0.012037277221679688 0.013157129287719727 0.013874292373657227 0.01382136344909668 0.01322793960571289 0.014804363250732422 0.015572309494018555 0.014446496963500977 0.01363062858581543 0.0076160430908203125 0.015800952911376953 0.0 0.0 0.0 0.0 0.0 0.0 0.0 0.0
0.649806022644043 0.005606651306152344 0.0057108402252197266 0.00674128532409668 0.007030010223388672 0.007238626480102539 0.007061004638671875 0.006916046142578125 0.007894754409790039 0.008138418197631836 0.009123802185058594 0.009825706481933594 0.010005712509155273 0.010091066360473633 0.011220693588256836 0.011873960494995117 0.012135982513427734 0.012422561645507812 0.013190269470214844 0.015319347381591797 0.015095233917236328 0.014674663543701172 0.01318979263305664 0.007697582244873047 0.015754222869873047 0.0 0.0 0.0 0.0 0.0 0.0 0.0
0.6465494632720947 0.00704193115234375 0.0065495967864990234 0.0058460235595703125 0.006586790084838867 0.006775617599487305 0.0076677799224853516 0.0063934326171875 0.006986379623413086 0.00757145881652832 0.00829768180847168 0.009620428085327148 0.008966445922851562 0.009391546249389648 0.009745359420776367 0.010854959487915039 0.011388063430786133 0.011466503143310547 0.012507915496826172 0.013666152954101562 0.014168262481689453 0.014787435531616211 0.014980316162109375 0.013788223266601562 0.007356166839599609 0.015865802764892578 0.0 0.0 0.0 0.0 0.0 0.0
0.6440904140472412 0.006472349166870117 0.004843950271606445 0.0051877498626708984 0.006108522415161133 0.006386756896972656 0.006922483444213867 0.006776332855224609 0.006867408752441406 0.007630586624145508 0.008524894714355469 0.008185386657714844 0.0091400146484375 0.008881092071533203 0.009694576263427734 0.00934290885925293 0.010985612869262695 0.011383533477783203 0.012103557586669922 0.012722015380859375 0.013119697570800781 0.014129400253295898 0.014912843704223633 0.014560222625732422 0.013484954833984375 0.00782632827758789 0.015328168869018555 0.0 0.0 0.0 0.0 0.0
0.6380054950714111 0.005980968475341797 0.005152463912963867 0.004998683929443359 0.0051763057708740234 0.005504131317138672 0.00601506233215332 0.006241321563720703 0.006350278854370117 0.006472587585449219 0.007277727127075195 0.007682085037231445 0.008801937103271484 0.00866556167602539 0.009413480758666992 0.009259939193725586 0.009899377822875977 0.010547637939453125 0.011087179183959961 0.01183462142944336 0.01250600814819336 0.013019800186157227 0.01404118537902832 0.015390396118164062 0.014600515365600586 0.01939105987548828 0.008933305740356445 0.015269756317138672 0.0 0.0 0.0 0.0
0.6313152313232422 0.00579380989074707 0.005480289459228516 0.005240678787231445 0.005376577377319336 0.005116701126098633 0.0055675506591796875 0.0059452056884765625 0.006693124771118164 0.006618499755859375 0.006784200668334961 0.0071849822998046875 0.00843191146850586 0.009317874908447266 0.009180307388305664 0.009791374206542969 0.0096282958984375 0.009673833847045898 0.01060628890991211 0.01099085807800293 0.011954545974731445 0.012253522872924805 0.013043642044067383 0.014469146728515625 0.015835046768188477 0.02058267593383789 0.01443791389465332 0.0073964595794677734 0.014902353286743164 0.0 0.0 0.0
0.6279201507568359 0.005242824554443359 0.005158662796020508 0.005577564239501953 0.0053403377532958984 0.005192756652832031 0.005248069763183594 0.005530118942260742 0.0062236785888671875 0.006537914276123047 0.00664973258972168 0.007090568542480469 0.007491350173950195 0.008451223373413086 0.008910894393920898 0.01014256477355957 0.009145975112915039 0.009009361267089844 0.009814977645874023 0.010830879211425781 0.010588645935058594 0.011604547500610352 0.012371540069580078 0.012849092483520508 0.015042304992675781 0.022361278533935547 0.015241384506225586 0.013194084167480469 0.0072214603424072266 0.014688253402709961 0.0 0.0
0.625255823135376 0.005074739456176758 0.004610538482666016 0.005628347396850586 0.005825519561767578 0.0052564144134521484 0.004910469055175781 0.005146026611328125 0.005579710006713867 0.006094932556152344 0.006518125534057617 0.007205486297607422 0.007021665573120117 0.00718235969543457 0.00790858268737793 0.008836746215820312 0.008207321166992188 0.008278131484985352 0.008665800094604492 0.010894536972045898 0.009887218475341797 0.010563135147094727 0.01161646842956543 0.012223005294799805 0.013351678848266602 0.019968509674072266 0.01680302619934082 0.015092611312866211 0.01536250114440918 0.007827520370483398 0.014714241027832031 0.0
0.6320536136627197 0.00490570068359375 0.004029512405395508 0.004998922348022461 0.005158185958862305 0.0055387020111083984 0.0050983428955078125 0.0049822330474853516 0.00506281852722168 0.005625009536743164 0.00600743293762207 0.006501674652099609 0.006739616394042969 0.006848335266113281 0.007306814193725586 0.0075037479400634766 0.008204221725463867 0.008229494094848633 0.008575201034545898 0.009297847747802734 0.00972890853881836 0.010096311569213867 0.010856151580810547 0.01141500473022461 0.012146711349487305 0.012876749038696289 0.014655590057373047 0.014891862869262695 0.015700817108154297 0.012714862823486328 0.007025957107543945 0.014680862426757812
