0.8284270763397217 0.0 0.0 0.0 0.0 0.0 0.0 0.0 0.0 0.0 0.0 0.0 0.0 0.0 0.0 0.0 0.0 0.0 0.0 0.0 0.0 0.0 0.0 0.0 0.0 0.0 0.0 0.0 0.0 0.0 0.0 0.0
0.8047440052032471 0.033075571060180664 0.0 0.0 0.0 0.0 0.0 0.0 0.0 0.0 0.0 0.0 0.0 0.0 0.0 0.0 0.0 0.0 0.0 0.0 0.0 0.0 0.0 0.0 0.0 0.0 0.0 0.0 0.0 0.0 0.0 0.0
0.7837104797363281 0.01492619514465332 0.047203779220581055 0.0 0.0 0.0 0.0 0.0 0.0 0.0 0.0 0.0 0.0 0.0 0.0 0.0 0.0 0.0 0.0 0.0 0.0 0.0 0.0 0.0 0.0 0.0 0.0 0.0 0.0 0.0 0.0 0.0
0.7763936519622803 0.006371498107910156 0.029181241989135742 0.03679466247558594 0.0 0.0 0.0 0.0 0.0 0.0 0.0 0.0 0.0 0.0 0.0 0.0 0.0 0.0 0.0 0.0 0.0 0.0 0.0 0.0 0.0 0.0 0.0 0.0 0.0 0.0 0.0 0.0
0.7803268432617188 0.003435850143432617 0.010211944580078125 0.02128434181213379 0.032112836837768555 0.0 0.0 0.0 0.0 0.0 0.0 0.0 0.0 0.0 0.0 0.0 0.0 0.0 0.0 0.0 0.0 0.0 0.0 0.0 0.0 0.0 0.0 0.0 0.0 0.0 0.0 0.0
0.7837224006652832 0.0026292800903320312 0.00417780876159668 0.007815837860107422 0.016905546188354492 0.030863285064697266 0.0 0.0 0.0 0.0 0.0 0.0 0.0 0.0 0.0 0.0 0.0 0.0 0.0 0.0 0.0 0.0 0.0 0.0 0.0 0.0 0.0 0.0 0.0 0.0 0.0 0.0
0.7850677967071533 0.002640962600708008 0.003238677978515625 0.0035698413848876953 0.006308794021606445 0.015920162200927734 0.028881072998046875 0.0 0.0 0.0 0.0 0.0 0.0 0.0 0.0 0.0 0.0 0.0 0.0 0.0 0.0 0.0 0.0 0.0 0.0 0.0 0.0 0.0 0.0 0.0 0.0 0.0
0.7842183113098145 0.002823352813720703 0.0029261112213134766 0.002486705780029297 0.0030918121337890625 0.006175994873046875 0.014643430709838867 0.029592514038085938 0.0 0.0 0.0 0.0 0.0 0.0 0.0 0.0 0.0 0.0 0.0 0.0 0.0 0.0 0.0 0.0 0.0 0.0 0.0 0.0 0.0 0.0 0.0 0.0
0.7865664958953857 0.002386331558227539 0.0027849674224853516 0.0023229122161865234 0.0020799636840820312 0.0028138160705566406 0.0053365230560302734 0.013794422149658203 0.02699899673461914 0.0 0.0 0.0 0.0 0.0 0.0 0.0 0.0 0.0 0.0 0.0 0.0 0.0 0.0 0.0 0.0 0.0 0.0 0.0 0.0 0.0 0.0 0.0
0.7866544723510742 0.0018219947814941406 0.002634763717651367 0.002418994903564453 0.0020186901092529297 0.0018939971923828125 0.0024433135986328125 0.004977226257324219 0.013633966445922852 0.02655935287475586 0.0 0.0 0.0 0.0 0.0 0.0 0.0 0.0 0.0 0.0 0.0 0.0 0.0 0.0 0.0 0.0 0.0 0.0 0.0 0.0 0.0 0.0
0.7863914966583252 0.0015192031860351562 0.0021114349365234375 0.002213716506958008 0.0020759105682373047 0.0017383098602294922 0.0017740726470947266 0.002455472946166992 0.0048830509185791016 0.013361454010009766 0.02663731575012207 0.0 0.0 0.0 0.0 0.0 0.0 0.0 0.0 0.0 0.0 0.0 0.0 0.0 0.0 0.0 0.0 0.0 0.0 0.0 0.0 0.0
0.7863268852233887 0.0015201568603515625 0.0016884803771972656 0.0018033981323242188 0.0019199848175048828 0.0018701553344726562 0.0017690658569335938 0.0017507076263427734 0.0024442672729492188 0.004822254180908203 0.013700008392333984 0.025583267211914062 0.0 0.0 0.0 0.0 0.0 0.0 0.0 0.0 0.0 0.0 0.0 0.0 0.0 0.0 0.0 0.0 0.0 0.0 0.0 0.0
0.7858006954193115 0.001844167709350586 0.001577138900756836 0.0015153884887695312 0.0016841888427734375 0.0017702579498291016 0.0017974376678466797 0.0016326904296875 0.0016758441925048828 0.0023872852325439453 0.0049436092376708984 0.01329183578491211 0.02548813819885254 0.0 0.0 0.0 0.0 0.0 0.0 0.0 0.0 0.0 0.0 0.0 0.0 0.0 0.0 0.0 0.0 0.0 0.0 0.0
0.7850933074951172 0.002053976058959961 0.0017807483673095703 0.0013606548309326172 0.0012624263763427734 0.0014269351959228516 0.0016503334045410156 0.0016329288482666016 0.0015444755554199219 0.0015194416046142578 0.0023751258850097656 0.004719257354736328 0.012928485870361328 0.026331186294555664 0.0 0.0 0.0 0.0 0.0 0.0 0.0 0.0 0.0 0.0 0.0 0.0 0.0 0.0 0.0 0.0 0.0 0.0
0.7853596210479736 0.001905679702758789 0.00193023681640625 0.0014772415161132812 0.001180887222290039 0.0011773109436035156 0.0013341903686523438 0.001550912857055664 0.0015878677368164062 0.0014715194702148438 0.0015947818756103516 0.0021135807037353516 0.004721641540527344 0.013398885726928711 0.024788856506347656 0.0 0.0 0.0 0.0 0.0 0.0 0.0 0.0 0.0 0.0 0.0 0.0 0.0 0.0 0.0 0.0 0.0
0.7846732139587402 0.001613616943359375 0.0019044876098632812 0.0015778541564941406 0.0012364387512207031 0.0010535717010498047 0.0010938644409179688 0.0012745857238769531 0.0015320777893066406 0.0015616416931152344 0.0014698505401611328 0.001459360122680664 0.0021369457244873047 0.004845857620239258 0.013278484344482422 0.025145292282104492 0.0 0.0 0.0 0.0 0.0 0.0 0.0 0.0 0.0 0.0 0.0 0.0 0.0 0.0 0.0 0.0
0.7841920852661133 0.0012888908386230469 0.0016827583312988281 0.0016529560089111328 0.0014340877532958984 0.0011529922485351562 0.0010409355163574219 0.0009989738464355469 0.0012280941009521484 0.0014240741729736328 0.0015153884887695312 0.00139617919921875 0.0014646053314208984 0.0022487640380859375 0.004776954650878906 0.013799190521240234 0.024753808975219727 0.0 0.0 0.0 0.0 0.0 0.0 0.0 0.0 0.0 0.0 0.0 0.0 0.0 0.0 0.0
0.7838993072509766 0.0012390613555908203 0.001458883285522461 0.0015077590942382812 0.0014119148254394531 0.0012581348419189453 0.0010631084442138672 0.0009481906890869141 0.001028299331665039 0.0011663436889648438 0.0015511512756347656 0.0015039443969726562 0.0014348030090332031 0.001537322998046875 0.0021820068359375 0.004591226577758789 0.01312112808227539 0.025255441665649414 0.0 0.0 0.0 0.0 0.0 0.0 0.0 0.0 0.0 0.0 0.0 0.0 0.0 0.0
0.7843592166900635 0.0013408660888671875 0.001407623291015625 0.001302957534790039 0.0012600421905517578 0.0012366771697998047 0.0011501312255859375 0.001046895980834961 0.0009415149688720703 0.0009293556213378906 0.0011854171752929688 0.0014455318450927734 0.0013790130615234375 0.0015234947204589844 0.0015726089477539062 0.0023224353790283203 0.004608869552612305 0.012547731399536133 0.024432897567749023 0.0 0.0 0.0 0.0 0.0 0.0 0.0 0.0 0.0 0.0 0.0 0.0 0.0
0.7844400405883789 0.0015532970428466797 0.0014624595642089844 0.0011746883392333984 0.0010700225830078125 0.0011320114135742188 0.0012166500091552734 0.0011603832244873047 0.0009872913360595703 0.0008399486541748047 0.0009353160858154297 0.0011396408081054688 0.001318216323852539 0.0014750957489013672 0.0014257431030273438 0.0015616416931152344 0.0020482540130615234 0.004416465759277344 0.01204538345336914 0.02456212043762207 0.0 0.0 0.0 0.0 0.0 0.0 0.0 0.0 0.0 0.0 0.0 0.0
0.7834920883178711 0.0016214847564697266 0.0015726089477539062 0.0012710094451904297 0.0010709762573242188 0.0009748935699462891 0.0010323524475097656 0.0010967254638671875 0.001081705093383789 0.0009179115295410156 0.0008594989776611328 0.0008494853973388672 0.001071929931640625 0.0013377666473388672 0.0014545917510986328 0.0012900829315185547 0.0013608932495117188 0.0020782947540283203 0.004444599151611328 0.012021064758300781 0.02542424201965332 0.0 0.0 0.0 0.0 0.0 0.0 0.0 0.0 0.0 0.0 0.0
0.7832739353179932 0.0015330314636230469 0.001558542251586914 0.0013551712036132812 0.0011417865753173828 0.000946044921875 0.0008838176727294922 0.0009860992431640625 0.001058340072631836 0.0009958744049072266 0.0009391307830810547 0.0008018016815185547 0.0008232593536376953 0.0011179447174072266 0.001291513442993164 0.0014410018920898438 0.00128173828125 0.0015146732330322266 0.002028226852416992 0.0041675567626953125 0.01262664794921875 0.024649381637573242 0.0 0.0 0.0 0.0 0.0 0.0 0.0 0.0 0.0 0.0
0.7830276489257812 0.0014460086822509766 0.001420736312866211 0.0013217926025390625 0.0011484622955322266 0.0010356903076171875 0.0009434223175048828 0.0008559226989746094 0.0009257793426513672 0.000972747802734375 0.001039743423461914 0.0008511543273925781 0.0007624626159667969 0.0008325576782226562 0.0010957717895507812 0.0012159347534179688 0.0012993812561035156 0.001318216323852539 0.0013380050659179688 0.0019164085388183594 0.005763053894042969 0.012204885482788086 0.023790836334228516 0.0 0.0 0.0 0.0 0.0 0.0 0.0 0.0 0.0
0.7842452526092529 0.0014431476593017578 0.001285552978515625 0.0012221336364746094 0.0011639595031738281 0.0011281967163085938 0.0009188652038574219 0.0008282661437988281 0.0008711814880371094 0.0008580684661865234 0.0009701251983642578 0.0009379386901855469 0.0008246898651123047 0.0007481575012207031 0.0008292198181152344 0.0010111331939697266 0.0012061595916748047 0.0013647079467773438 0.0012102127075195312 0.0012459754943847656 0.001982450485229492 0.004332065582275391 0.011973857879638672 0.023453712463378906 0.0 0.0 0.0 0.0 0.0 0.0 0.0 0.0
0.7841086387634277 0.001550436019897461 0.0015645027160644531 0.0011985301971435547 0.0010204315185546875 0.0010485649108886719 0.0009937286376953125 0.0008976459503173828 0.0007536411285400391 0.000751495361328125 0.0008456707000732422 0.0009591579437255859 0.0009067058563232422 0.0008144378662109375 0.0007483959197998047 0.00078582763671875 0.0010445117950439453 0.0011861324310302734 0.0012927055358886719 0.0012121200561523438 0.0014047622680664062 0.0019421577453613281 0.004238128662109375 0.01168060302734375 0.023165464401245117 0.0 0.0 0.0 0.0 0.0 0.0 0.0
0.7838687896728516 0.0015799999237060547 0.0014727115631103516 0.0011878013610839844 0.0010037422180175781 0.0009386539459228516 0.0009520053863525391 0.0009665489196777344 0.0008361339569091797 0.0007011890411376953 0.0007393360137939453 0.0008227825164794922 0.0008924007415771484 0.0008947849273681641 0.0008070468902587891 0.0007119178771972656 0.0007443428039550781 0.0009291172027587891 0.0011751651763916016 0.001262664794921875 0.0011954307556152344 0.0012371540069580078 0.0019800662994384766 0.004080057144165039 0.011252641677856445 0.02397441864013672 0.0 0.0 0.0 0.0 0.0 0.0
0.7832186222076416 0.0013301372528076172 0.0016148090362548828 0.0012981891632080078 0.0009701251983642578 0.0008494853973388672 0.0008423328399658203 0.0009686946868896484 0.0009489059448242188 0.0007679462432861328 0.0007104873657226562 0.0007174015045166016 0.0008063316345214844 0.0008962154388427734 0.0008895397186279297 0.0007641315460205078 0.0007188320159912109 0.0007417201995849609 0.0009219646453857422 0.0011012554168701172 0.0012786388397216797 0.0011682510375976562 0.0012924671173095703 0.0018277168273925781 0.004134178161621094 0.011811017990112305 0.023860931396484375 0.0 0.0 0.0 0.0 0.0
0.7830190658569336 0.0010104179382324219 0.001528024673461914 0.0014753341674804688 0.0011150836944580078 0.0008437633514404297 0.0007877349853515625 0.0008249282836914062 0.0008943080902099609 0.0008432865142822266 0.0008027553558349609 0.0006792545318603516 0.0006706714630126953 0.0007703304290771484 0.0009176731109619141 0.0008075237274169922 0.000736236572265625 0.0006749629974365234 0.000766754150390625 0.0008804798126220703 0.0011165142059326172 0.0011744499206542969 0.0011899471282958984 0.001220703125 0.0018413066864013672 0.0042078495025634766 0.01163625717163086 0.024097442626953125 0.0 0.0 0.0 0.0
0.782752513885498 0.0008330345153808594 0.0011057853698730469 0.0013043880462646484 0.0012714862823486328 0.00103759765625 0.0008409023284912109 0.000774383544921875 0.0007982254028320312 0.0008490085601806641 0.0008552074432373047 0.0007741451263427734 0.0006818771362304688 0.0006754398345947266 0.0007925033569335938 0.00086212158203125 0.0007922649383544922 0.0007262229919433594 0.0006964206695556641 0.000690460205078125 0.0009434223175048828 0.0010879039764404297 0.0012404918670654297 0.0011713504791259766 0.001308441162109375 0.0018901824951171875 0.0041656494140625 0.011923789978027344 0.023785829544067383 0.0 0.0 0.0
0.782116174697876 0.0008802413940429688 0.0008766651153564453 0.0010771751403808594 0.001169443130493164 0.0011980533599853516 0.0010106563568115234 0.0007941722869873047 0.0007758140563964844 0.0007269382476806641 0.0008466243743896484 0.0008118152618408203 0.0007312297821044922 0.0006542205810546875 0.0007150173187255859 0.0007491111755371094 0.0008375644683837891 0.0008325576782226562 0.0007472038269042969 0.0006577968597412109 0.0007543563842773438 0.000904083251953125 0.0011432170867919922 0.0011730194091796875 0.0012176036834716797 0.0013070106506347656 0.0020203590393066406 0.004646778106689453 0.011733055114746094 0.02378058433532715 0.0 0.0
0.7831149101257324 0.0011026859283447266 0.0007643699645996094 0.0008025169372558594 0.0009031295776367188 0.0011169910430908203 0.0011234283447265625 0.0009474754333496094 0.0007812976837158203 0.0006749629974365234 0.0007340908050537109 0.0008242130279541016 0.0007886886596679688 0.0007238388061523438 0.0006222724914550781 0.0006437301635742188 0.0007023811340332031 0.0008399486541748047 0.000797271728515625 0.0006885528564453125 0.0006973743438720703 0.0007023811340332031 0.0008752346038818359 0.0011074542999267578 0.0011894702911376953 0.0011632442474365234 0.001287698745727539 0.001865386962890625 0.004518985748291016 0.011146068572998047 0.023251771926879883 0.0
0.7818832397460938 0.0014193058013916016 0.0009002685546875 0.0007131099700927734 0.0007154941558837891 0.000850677490234375 0.0010561943054199219 0.0010924339294433594 0.0009429454803466797 0.0007188320159912109 0.0007183551788330078 0.0007312297821044922 0.0007679462432861328 0.0007846355438232422 0.0006864070892333984 0.0006022453308105469 0.0006055831909179688 0.0007066726684570312 0.0008068084716796875 0.0007526874542236328 0.0007734298706054688 0.0007259845733642578 0.000698089599609375 0.0008242130279541016 0.0010678768157958984 0.0011806488037109375 0.0012135505676269531 0.0012187957763671875 0.002485990524291992 0.003920555114746094 0.011931657791137695 0.023487091064453125
