0.8284270763397217 0.0 0.0 0.0 0.0 0.0 0.0 0.0 0.0 0.0 0.0 0.0 0.0 0.0 0.0 0.0 0.0 0.0 0.0 0.0 0.0 0.0 0.0 0.0 0.0 0.0 0.0 0.0 0.0 0.0 0.0 0.0
0.7884914875030518 0.05533170700073242 0.0 0.0 0.0 0.0 0.0 0.0 0.0 0.0 0.0 0.0 0.0 0.0 0.0 0.0 0.0 0.0 0.0 0.0 0.0 0.0 0.0 0.0 0.0 0.0 0.0 0.0 0.0 0.0 0.0 0.0
0.7702195644378662 0.04671502113342285 0.03392195701599121 0.0 0.0 0.0 0.0 0.0 0.0 0.0 0.0 0.0 0.0 0.0 0.0 0.0 0.0 0.0 0.0 0.0 0.0 0.0 0.0 0.0 0.0 0.0 0.0 0.0 0.0 0.0 0.0 0.0
0.749117374420166 0.043715476989746094 0.03492426872253418 0.030927419662475586 0.0 0.0 0.0 0.0 0.0 0.0 0.0 0.0 0.0 0.0 0.0 0.0 0.0 0.0 0.0 0.0 0.0 0.0 0.0 0.0 0.0 0.0 0.0 0.0 0.0 0.0 0.0 0.0
0.7288143634796143 0.04065847396850586 0.03624725341796875 0.031385183334350586 0.028905868530273438 0.0 0.0 0.0 0.0 0.0 0.0 0.0 0.0 0.0 0.0 0.0 0.0 0.0 0.0 0.0 0.0 0.0 0.0 0.0 0.0 0.0 0.0 0.0 0.0 0.0 0.0 0.0
0.7133965492248535 0.03640174865722656 0.03226923942565918 0.032141685485839844 0.02905869483947754 0.02823781967163086 0.0 0.0 0.0 0.0 0.0 0.0 0.0 0.0 0.0 0.0 0.0 0.0 0.0 0.0 0.0 0.0 0.0 0.0 0.0 0.0 0.0 0.0 0.0 0.0 0.0 0.0
0.6992404460906982 0.033284902572631836 0.027220964431762695 0.03037405014038086 0.030281782150268555 0.028666973114013672 0.027379751205444336 0.0 0.0 0.0 0.0 0.0 0.0 0.0 0.0 0.0 0.0 0.0 0.0 0.0 0.0 0.0 0.0 0.0 0.0 0.0 0.0 0.0 0.0 0.0 0.0 0.0
0.685997486114502 0.03127098083496094 0.02405548095703125 0.02727031707763672 0.02828526496887207 0.029343605041503906 0.027464866638183594 0.027298450469970703 0.0 0.0 0.0 0.0 0.0 0.0 0.0 0.0 0.0 0.0 0.0 0.0 0.0 0.0 0.0 0.0 0.0 0.0 0.0 0.0 0.0 0.0 0.0 0.0
0.6712322235107422 0.029890060424804688 0.021453142166137695 0.023389101028442383 0.02548074722290039 0.02815985679626465 0.029513120651245117 0.029485464096069336 0.0272979736328125 0.0 0.0 0.0 0.0 0.0 0.0 0.0 0.0 0.0 0.0 0.0 0.0 0.0 0.0 0.0 0.0 0.0 0.0 0.0 0.0 0.0 0.0 0.0
0.6608374118804932 0.027774333953857422 0.02010059356689453 0.020525693893432617 0.022186994552612305 0.024744510650634766 0.02730727195739746 0.030195236206054688 0.028463363647460938 0.027211427688598633 0.0 0.0 0.0 0.0 0.0 0.0 0.0 0.0 0.0 0.0 0.0 0.0 0.0 0.0 0.0 0.0 0.0 0.0 0.0 0.0 0.0 0.0
0.6553442478179932 0.02556324005126953 0.018245220184326172 0.018395185470581055 0.018979310989379883 0.021130800247192383 0.02385258674621582 0.027187585830688477 0.028327226638793945 0.02707839012145996 0.02710103988647461 0.0 0.0 0.0 0.0 0.0 0.0 0.0 0.0 0.0 0.0 0.0 0.0 0.0 0.0 0.0 0.0 0.0 0.0 0.0 0.0 0.0
0.6448996067047119 0.024485111236572266 0.017166614532470703 0.017447948455810547 0.017436504364013672 0.01909470558166504 0.020900249481201172 0.024908781051635742 0.026913166046142578 0.027823448181152344 0.026781082153320312 0.02670454978942871 0.0 0.0 0.0 0.0 0.0 0.0 0.0 0.0 0.0 0.0 0.0 0.0 0.0 0.0 0.0 0.0 0.0 0.0 0.0 0.0
0.6368465423583984 0.02298879623413086 0.015550374984741211 0.016505002975463867 0.01672077178955078 0.017581701278686523 0.018747568130493164 0.021634340286254883 0.023617982864379883 0.02577495574951172 0.027899503707885742 0.026854753494262695 0.02641606330871582 0.0 0.0 0.0 0.0 0.0 0.0 0.0 0.0 0.0 0.0 0.0 0.0 0.0 0.0 0.0 0.0 0.0 0.0 0.0
0.6297461986541748 0.021793127059936523 0.01391911506652832 0.014860868453979492 0.015329360961914062 0.01602458953857422 0.01697826385498047 0.019007205963134766 0.020613908767700195 0.02292633056640625 0.026731252670288086 0.027895212173461914 0.02681732177734375 0.026736021041870117 0.0 0.0 0.0 0.0 0.0 0.0 0.0 0.0 0.0 0.0 0.0 0.0 0.0 0.0 0.0 0.0 0.0 0.0
0.6190268993377686 0.021126985549926758 0.012851715087890625 0.013548135757446289 0.01400303840637207 0.014890193939208984 0.016155719757080078 0.01760268211364746 0.018807411193847656 0.02040553092956543 0.02401113510131836 0.0264284610748291 0.028089523315429688 0.029154062271118164 0.026560544967651367 0.0 0.0 0.0 0.0 0.0 0.0 0.0 0.0 0.0 0.0 0.0 0.0 0.0 0.0 0.0 0.0 0.0
0.6109693050384521 0.020082950592041016 0.012299060821533203 0.012758016586303711 0.013327598571777344 0.014039039611816406 0.015112161636352539 0.0163571834564209 0.019013404846191406 0.01980280876159668 0.02094888687133789 0.023717641830444336 0.027076005935668945 0.028238296508789062 0.025990009307861328 0.02539682388305664 0.0 0.0 0.0 0.0 0.0 0.0 0.0 0.0 0.0 0.0 0.0 0.0 0.0 0.0 0.0 0.0
0.6011252403259277 0.019075393676757812 0.011966705322265625 0.012042999267578125 0.012146711349487305 0.012876510620117188 0.014205217361450195 0.015657424926757812 0.019011497497558594 0.01769256591796875 0.019343137741088867 0.020169734954833984 0.0234372615814209 0.027075767517089844 0.027576684951782227 0.028026819229125977 0.026628971099853516 0.0 0.0 0.0 0.0 0.0 0.0 0.0 0.0 0.0 0.0 0.0 0.0 0.0 0.0 0.0
0.5984492301940918 0.018161296844482422 0.011312723159790039 0.011656045913696289 0.011889457702636719 0.011993408203125 0.012887954711914062 0.014159679412841797 0.015849828720092773 0.016503095626831055 0.0176849365234375 0.018385887145996094 0.020572900772094727 0.023886919021606445 0.025493144989013672 0.027757883071899414 0.026472091674804688 0.025799036026000977 0.0 0.0 0.0 0.0 0.0 0.0 0.0 0.0 0.0 0.0 0.0 0.0 0.0 0.0
0.5900797843933105 0.01743030548095703 0.010657787322998047 0.011112689971923828 0.011653661727905273 0.011577844619750977 0.012117624282836914 0.013489723205566406 0.014859199523925781 0.0157473087310791 0.01665329933166504 0.017507553100585938 0.019040584564208984 0.021796464920043945 0.02332448959350586 0.02644968032836914 0.027492523193359375 0.02498006820678711 0.025405168533325195 0.0 0.0 0.0 0.0 0.0 0.0 0.0 0.0 0.0 0.0 0.0 0.0 0.0
0.5807056427001953 0.017198801040649414 0.010112524032592773 0.010839700698852539 0.011623382568359375 0.011631250381469727 0.012235164642333984 0.01284933090209961 0.014560461044311523 0.015460491180419922 0.01598334312438965 0.016390085220336914 0.017620325088500977 0.019145488739013672 0.020592689514160156 0.022976160049438477 0.025745630264282227 0.02604532241821289 0.0266110897064209 0.025760650634765625 0.0 0.0 0.0 0.0 0.0 0.0 0.0 0.0 0.0 0.0 0.0 0.0
0.5773992538452148 0.01628732681274414 0.009596586227416992 0.010139703750610352 0.010422229766845703 0.010848522186279297 0.011603116989135742 0.012347936630249023 0.012974739074707031 0.013859987258911133 0.014720678329467773 0.015039205551147461 0.01617574691772461 0.01723480224609375 0.018375396728515625 0.022004127502441406 0.024850130081176758 0.02380537986755371 0.0268402099609375 0.02555394172668457 0.024987459182739258 0.0 0.0 0.0 0.0 0.0 0.0 0.0 0.0 0.0 0.0 0.0
0.5720207691192627 0.015623092651367188 0.009682178497314453 0.009673118591308594 0.010081768035888672 0.01063990592956543 0.011112689971923828 0.01162862777709961 0.012090921401977539 0.012634754180908203 0.013857364654541016 0.014587879180908203 0.015917539596557617 0.017071008682250977 0.016614675521850586 0.018841028213500977 0.020303010940551758 0.022333145141601562 0.02534174919128418 0.027001142501831055 0.024555444717407227 0.025013446807861328 0.0 0.0 0.0 0.0 0.0 0.0 0.0 0.0 0.0 0.0
0.5673520565032959 0.015332937240600586 0.009689569473266602 0.009696722030639648 0.009922981262207031 0.010172367095947266 0.01080322265625 0.011130094528198242 0.011839628219604492 0.012292146682739258 0.013345718383789062 0.014358282089233398 0.015118598937988281 0.016160011291503906 0.015961885452270508 0.01680135726928711 0.018312692642211914 0.019337177276611328 0.02143573760986328 0.02493739128112793 0.024783611297607422 0.02462005615234375 0.024576425552368164 0.0 0.0 0.0 0.0 0.0 0.0 0.0 0.0 0.0
0.5633406639099121 0.014670610427856445 0.009174346923828125 0.009603500366210938 0.009736061096191406 0.010366439819335938 0.010431528091430664 0.01057744026184082 0.011225223541259766 0.011712074279785156 0.013243913650512695 0.012989282608032227 0.01385498046875 0.01535797119140625 0.014788150787353516 0.015722036361694336 0.017261028289794922 0.017685651779174805 0.01922893524169922 0.02176833152770996 0.022956132888793945 0.024628162384033203 0.023766517639160156 0.025051116943359375 0.0 0.0 0.0 0.0 0.0 0.0 0.0 0.0
0.56101393699646 0.014723539352416992 0.008986473083496094 0.00943136215209961 0.00936436653137207 0.009614229202270508 0.009674310684204102 0.009917974472045898 0.01045680046081543 0.011065244674682617 0.0124053955078125 0.01217031478881836 0.012907266616821289 0.014771223068237305 0.013808012008666992 0.015030384063720703 0.015791654586791992 0.01610708236694336 0.01695418357849121 0.01908421516418457 0.020763874053955078 0.022825956344604492 0.024248600006103516 0.023996829986572266 0.024711132049560547 0.0 0.0 0.0 0.0 0.0 0.0 0.0
0.5605394840240479 0.014245271682739258 0.00818490982055664 0.008741140365600586 0.00903630256652832 0.009406328201293945 0.009428262710571289 0.009297609329223633 0.009724855422973633 0.010458946228027344 0.011304378509521484 0.011798381805419922 0.012215852737426758 0.01336669921875 0.01279759407043457 0.0136871337890625 0.014319181442260742 0.014710426330566406 0.015786170959472656 0.016905784606933594 0.018245220184326172 0.020305633544921875 0.022557973861694336 0.024186372756958008 0.024222850799560547 0.024524450302124023 0.0 0.0 0.0 0.0 0.0 0.0
0.5526776313781738 0.013780593872070312 0.0076885223388671875 0.00808095932006836 0.00826883316040039 0.008888959884643555 0.009109258651733398 0.009493827819824219 0.009601354598999023 0.010069608688354492 0.010848760604858398 0.011104106903076172 0.012276172637939453 0.012624740600585938 0.0126190185546875 0.012905120849609375 0.014108419418334961 0.015531063079833984 0.01613450050354004 0.015478134155273438 0.01645517349243164 0.018012285232543945 0.020235776901245117 0.022171497344970703 0.024866819381713867 0.02467036247253418 0.024441957473754883 0.0 0.0 0.0 0.0 0.0
0.5511186122894287 0.013312578201293945 0.007691621780395508 0.007537364959716797 0.0075414180755615234 0.008129596710205078 0.008558273315429688 0.009113311767578125 0.009476184844970703 0.009404897689819336 0.009661197662353516 0.010498285293579102 0.011438846588134766 0.012766122817993164 0.012288570404052734 0.01235055923461914 0.012511014938354492 0.013485431671142578 0.015715360641479492 0.014578580856323242 0.015024662017822266 0.01636528968811035 0.018309831619262695 0.020086050033569336 0.022277116775512695 0.025774002075195312 0.023449182510375977 0.02413630485534668 0.0 0.0 0.0 0.0
0.5472917556762695 0.013323783874511719 0.007541179656982422 0.007534027099609375 0.007284879684448242 0.007753133773803711 0.008174657821655273 0.008582115173339844 0.009124517440795898 0.009525299072265625 0.009784698486328125 0.010198831558227539 0.011121749877929688 0.012008428573608398 0.011797666549682617 0.012070178985595703 0.012016534805297852 0.012475013732910156 0.013771533966064453 0.01420140266418457 0.014384746551513672 0.015123367309570312 0.016177654266357422 0.01776266098022461 0.02123236656188965 0.022783517837524414 0.02384161949157715 0.022951841354370117 0.023829936981201172 0.0 0.0 0.0
0.5422606468200684 0.012901544570922852 0.0073146820068359375 0.0073909759521484375 0.007119894027709961 0.0073621273040771484 0.0076754093170166016 0.008219480514526367 0.008849620819091797 0.009202003479003906 0.009386539459228516 0.009936332702636719 0.010284662246704102 0.012644529342651367 0.011311769485473633 0.01212453842163086 0.011763572692871094 0.011952638626098633 0.012724637985229492 0.013761043548583984 0.013562440872192383 0.01435089111328125 0.015123367309570312 0.01607060432434082 0.019069194793701172 0.020563602447509766 0.021886348724365234 0.02374577522277832 0.02296733856201172 0.023505210876464844 0.0 0.0
0.5377531051635742 0.013050079345703125 0.006807804107666016 0.00736546516418457 0.007428169250488281 0.007174968719482422 0.007441282272338867 0.00775909423828125 0.00850367546081543 0.009228944778442383 0.009501934051513672 0.00970602035522461 0.01008296012878418 0.01071929931640625 0.011127948760986328 0.010916471481323242 0.010997295379638672 0.011241912841796875 0.011799335479736328 0.012489557266235352 0.012928009033203125 0.01346731185913086 0.014383554458618164 0.01507115364074707 0.016239166259765625 0.018413305282592773 0.02095508575439453 0.02270197868347168 0.024623870849609375 0.022603273391723633 0.023760318756103516 0.0
0.5414772033691406 0.012593507766723633 0.00637364387512207 0.006808042526245117 0.007047176361083984 0.00714874267578125 0.0074329376220703125 0.0075953006744384766 0.008030414581298828 0.008460521697998047 0.008821964263916016 0.00945425033569336 0.009755611419677734 0.009866714477539062 0.010148048400878906 0.010169744491577148 0.010336637496948242 0.010894775390625 0.011070728302001953 0.011781930923461914 0.011910200119018555 0.012215375900268555 0.01320338249206543 0.013472557067871094 0.014095544815063477 0.015248537063598633 0.017263174057006836 0.020340442657470703 0.021971940994262695 0.02285027503967285 0.024033069610595703 0.023437023162841797
