0.8284270763397217 0.0 0.0 0.0 0.0 0.0 0.0 0.0 0.0 0.0 0.0 0.0 0.0 0.0 0.0 0.0 0.0 0.0 0.0 0.0 0.0 0.0 0.0 0.0 0.0 0.0 0.0 0.0 0.0 0.0 0.0 0.0
0.7970337867736816 0.04369354248046875 0.0 0.0 0.0 0.0 0.0 0.0 0.0 0.0 0.0 0.0 0.0 0.0 0.0 0.0 0.0 0.0 0.0 0.0 0.0 0.0 0.0 0.0 0.0 0.0 0.0 0.0 0.0 0.0 0.0 0.0
0.7914998531341553 0.028527259826660156 0.02301955223083496 0.0 0.0 0.0 0.0 0.0 0.0 0.0 0.0 0.0 0.0 0.0 0.0 0.0 0.0 0.0 0.0 0.0 0.0 0.0 0.0 0.0 0.0 0.0 0.0 0.0 0.0 0.0 0.0 0.0
0.7835500240325928 0.02800607681274414 0.016867637634277344 0.0177457332611084 0.0 0.0 0.0 0.0 0.0 0.0 0.0 0.0 0.0 0.0 0.0 0.0 0.0 0.0 0.0 0.0 0.0 0.0 0.0 0.0 0.0 0.0 0.0 0.0 0.0 0.0 0.0 0.0
0.7756223678588867 0.024776458740234375 0.018568754196166992 0.01534414291381836 0.014927148818969727 0.0 0.0 0.0 0.0 0.0 0.0 0.0 0.0 0.0 0.0 0.0 0.0 0.0 0.0 0.0 0.0 0.0 0.0 0.0 0.0 0.0 0.0 0.0 0.0 0.0 0.0 0.0
0.770165205001831 0.022703886032104492 0.015084505081176758 0.012866497039794922 0.01535177230834961 0.015197277069091797 0.0 0.0 0.0 0.0 0.0 0.0 0.0 0.0 0.0 0.0 0.0 0.0 0.0 0.0 0.0 0.0 0.0 0.0 0.0 0.0 0.0 0.0 0.0 0.0 0.0 0.0
0.7700376510620117 0.021010398864746094 0.010321855545043945 0.01122426986694336 0.012171030044555664 0.013859748840332031 0.012841463088989258 0.0 0.0 0.0 0.0 0.0 0.0 0.0 0.0 0.0 0.0 0.0 0.0 0.0 0.0 0.0 0.0 0.0 0.0 0.0 0.0 0.0 0.0 0.0 0.0 0.0
0.769930362701416 0.018731355667114258 0.00906682014465332 0.00782632827758789 0.010082006454467773 0.011143207550048828 0.01278376579284668 0.011980533599853516 0.0 0.0 0.0 0.0 0.0 0.0 0.0 0.0 0.0 0.0 0.0 0.0 0.0 0.0 0.0 0.0 0.0 0.0 0.0 0.0 0.0 0.0 0.0 0.0
0.7688374519348145 0.016485929489135742 0.00846719741821289 0.006524801254272461 0.0077745914459228516 0.009593009948730469 0.010859251022338867 0.011489629745483398 0.011955022811889648 0.0 0.0 0.0 0.0 0.0 0.0 0.0 0.0 0.0 0.0 0.0 0.0 0.0 0.0 0.0 0.0 0.0 0.0 0.0 0.0 0.0 0.0 0.0
0.7668025493621826 0.014384984970092773 0.006559610366821289 0.005850553512573242 0.0065801143646240234 0.009609699249267578 0.009010553359985352 0.010632514953613281 0.011285781860351562 0.012063264846801758 0.0 0.0 0.0 0.0 0.0 0.0 0.0 0.0 0.0 0.0 0.0 0.0 0.0 0.0 0.0 0.0 0.0 0.0 0.0 0.0 0.0 0.0
0.7654926776885986 0.013321399688720703 0.0056607723236083984 0.0056667327880859375 0.006131887435913086 0.006978511810302734 0.0071756839752197266 0.009164571762084961 0.0107574462890625 0.011018753051757812 0.011926412582397461 0.0 0.0 0.0 0.0 0.0 0.0 0.0 0.0 0.0 0.0 0.0 0.0 0.0 0.0 0.0 0.0 0.0 0.0 0.0 0.0 0.0
0.7657229900360107 0.012256145477294922 0.005132198333740234 0.004662275314331055 0.005398273468017578 0.0058443546295166016 0.0063970088958740234 0.007066011428833008 0.008395910263061523 0.00973820686340332 0.010793924331665039 0.011813879013061523 0.0 0.0 0.0 0.0 0.0 0.0 0.0 0.0 0.0 0.0 0.0 0.0 0.0 0.0 0.0 0.0 0.0 0.0 0.0 0.0
0.7594377994537354 0.011362791061401367 0.00530242919921875 0.00389862060546875 0.0044515132904052734 0.00531315803527832 0.005683422088623047 0.007445573806762695 0.008297443389892578 0.00955820083618164 0.010376453399658203 0.013008832931518555 0.011455059051513672 0.0 0.0 0.0 0.0 0.0 0.0 0.0 0.0 0.0 0.0 0.0 0.0 0.0 0.0 0.0 0.0 0.0 0.0 0.0
0.7568328380584717 0.01033473014831543 0.0073473453521728516 0.004219770431518555 0.0049932003021240234 0.005167961120605469 0.0054018497467041016 0.006052255630493164 0.005934476852416992 0.006957530975341797 0.009094715118408203 0.00978994369506836 0.013321399688720703 0.011137723922729492 0.0 0.0 0.0 0.0 0.0 0.0 0.0 0.0 0.0 0.0 0.0 0.0 0.0 0.0 0.0 0.0 0.0 0.0
0.7619569301605225 0.00933837890625 0.0048694610595703125 0.0032842159271240234 0.0034499168395996094 0.005011320114135742 0.004439830780029297 0.004652738571166992 0.005436897277832031 0.006281852722167969 0.007109165191650391 0.00814676284790039 0.009746074676513672 0.010323524475097656 0.010631799697875977 0.0 0.0 0.0 0.0 0.0 0.0 0.0 0.0 0.0 0.0 0.0 0.0 0.0 0.0 0.0 0.0 0.0
0.7621402740478516 0.008183479309082031 0.0038754940032958984 0.0029754638671875 0.003149747848510742 0.003336668014526367 0.0036537647247314453 0.004624605178833008 0.0047206878662109375 0.0052907466888427734 0.005924701690673828 0.007801532745361328 0.00810551643371582 0.009855270385742188 0.010188817977905273 0.010787010192871094 0.0 0.0 0.0 0.0 0.0 0.0 0.0 0.0 0.0 0.0 0.0 0.0 0.0 0.0 0.0 0.0
0.7625949382781982 0.007380008697509766 0.003114938735961914 0.0027103424072265625 0.003061532974243164 0.0030601024627685547 0.0029990673065185547 0.0035851001739501953 0.0042650699615478516 0.004527091979980469 0.005286693572998047 0.005817413330078125 0.006990909576416016 0.008713006973266602 0.009221553802490234 0.010494232177734375 0.010630130767822266 0.0 0.0 0.0 0.0 0.0 0.0 0.0 0.0 0.0 0.0 0.0 0.0 0.0 0.0 0.0
0.7553160190582275 0.006215572357177734 0.0026586055755615234 0.002306699752807617 0.0025370121002197266 0.0028533935546875 0.002805948257446289 0.0034723281860351562 0.0037479400634765625 0.005326271057128906 0.004534244537353516 0.008770942687988281 0.005841255187988281 0.011325597763061523 0.008425235748291016 0.009240150451660156 0.01123666763305664 0.010562896728515625 0.0 0.0 0.0 0.0 0.0 0.0 0.0 0.0 0.0 0.0 0.0 0.0 0.0 0.0
0.7609386444091797 0.005986928939819336 0.002329587936401367 0.0020728111267089844 0.002335071563720703 0.0025708675384521484 0.0028755664825439453 0.0028858184814453125 0.003196239471435547 0.003397703170776367 0.004296064376831055 0.004788875579833984 0.005599021911621094 0.005941629409790039 0.008226394653320312 0.00806879997253418 0.009185075759887695 0.010078907012939453 0.010308504104614258 0.0 0.0 0.0 0.0 0.0 0.0 0.0 0.0 0.0 0.0 0.0 0.0 0.0
0.7590396404266357 0.0058383941650390625 0.002087116241455078 0.001775503158569336 0.002063274383544922 0.002225160598754883 0.0024094581604003906 0.003189563751220703 0.0027549266815185547 0.003209352493286133 0.0035669803619384766 0.00422358512878418 0.009037494659423828 0.0052144527435302734 0.005630970001220703 0.0066759586334228516 0.007825374603271484 0.008708715438842773 0.009769201278686523 0.010553359985351562 0.0 0.0 0.0 0.0 0.0 0.0 0.0 0.0 0.0 0.0 0.0 0.0
0.7619428634643555 0.00485992431640625 0.0018799304962158203 0.0016031265258789062 0.0017201900482177734 0.0018765926361083984 0.0022208690643310547 0.002343416213989258 0.0024728775024414062 0.0027313232421875 0.0038878917694091797 0.0034792423248291016 0.004037618637084961 0.004768848419189453 0.0053746700286865234 0.00589752197265625 0.006430149078369141 0.008284568786621094 0.00870656967163086 0.010104656219482422 0.010093212127685547 0.0 0.0 0.0 0.0 0.0 0.0 0.0 0.0 0.0 0.0 0.0
0.7564315795898438 0.0044612884521484375 0.0019092559814453125 0.0017213821411132812 0.0016787052154541016 0.0018970966339111328 0.0020024776458740234 0.0020580291748046875 0.002350330352783203 0.00258636474609375 0.0038347244262695312 0.0032410621643066406 0.004042625427246094 0.003925800323486328 0.005710124969482422 0.006422996520996094 0.0058252811431884766 0.007473468780517578 0.007912397384643555 0.00933694839477539 0.010315656661987305 0.011647939682006836 0.0 0.0 0.0 0.0 0.0 0.0 0.0 0.0 0.0 0.0
0.7591023445129395 0.003774881362915039 0.0015139579772949219 0.0013484954833984375 0.0013432502746582031 0.0014967918395996094 0.0015177726745605469 0.0017817020416259766 0.002029895782470703 0.0023255348205566406 0.0026886463165283203 0.0029790401458740234 0.00373077392578125 0.003387451171875 0.003801107406616211 0.006447315216064453 0.005612850189208984 0.005555868148803711 0.007117509841918945 0.007888317108154297 0.009288549423217773 0.010114669799804688 0.010939836502075195 0.0 0.0 0.0 0.0 0.0 0.0 0.0 0.0 0.0
0.7617671489715576 0.0035130977630615234 0.0013840198516845703 0.0011000633239746094 0.0013289451599121094 0.0013797283172607422 0.0014748573303222656 0.0014219284057617188 0.0017824172973632812 0.0020935535430908203 0.002337932586669922 0.0027353763580322266 0.0030515193939208984 0.0030946731567382812 0.0037145614624023438 0.003846406936645508 0.004548311233520508 0.004891633987426758 0.005434513092041016 0.007052421569824219 0.00768589973449707 0.008693218231201172 0.009610652923583984 0.010839462280273438 0.0 0.0 0.0 0.0 0.0 0.0 0.0 0.0
0.7612109184265137 0.0037107467651367188 0.0012392997741699219 0.0009944438934326172 0.0011205673217773438 0.0012392997741699219 0.001302957534790039 0.0012857913970947266 0.0014870166778564453 0.0017690658569335938 0.002098560333251953 0.002369403839111328 0.0026226043701171875 0.0029833316802978516 0.002948284149169922 0.0035355091094970703 0.0038030147552490234 0.00442194938659668 0.004705190658569336 0.005655527114868164 0.006780862808227539 0.007716178894042969 0.008785724639892578 0.009669065475463867 0.011539936065673828 0.0 0.0 0.0 0.0 0.0 0.0 0.0
0.7627124786376953 0.0030651092529296875 0.0011525154113769531 0.0008378028869628906 0.000982046127319336 0.0010180473327636719 0.001219034194946289 0.001302480697631836 0.0012428760528564453 0.0014257431030273438 0.0017426013946533203 0.0018551349639892578 0.0020787715911865234 0.002535104751586914 0.0027914047241210938 0.002907276153564453 0.003246784210205078 0.003643035888671875 0.004065036773681641 0.004804134368896484 0.005989789962768555 0.0068509578704833984 0.007450580596923828 0.008752584457397461 0.009940385818481445 0.010824441909790039 0.0 0.0 0.0 0.0 0.0 0.0
0.7616384029388428 0.002946138381958008 0.0010232925415039062 0.0007832050323486328 0.0008111000061035156 0.0009086132049560547 0.0009801387786865234 0.0010390281677246094 0.0011563301086425781 0.0012698173522949219 0.0014677047729492188 0.0017762184143066406 0.0018486976623535156 0.002378225326538086 0.002368927001953125 0.0029282569885253906 0.0028960704803466797 0.0033948421478271484 0.003923892974853516 0.004072904586791992 0.00529789924621582 0.0058062076568603516 0.006443977355957031 0.007765293121337891 0.00884556770324707 0.009506702423095703 0.01155853271484375 0.0 0.0 0.0 0.0 0.0
0.7618691921234131 0.0025632381439208984 0.0009570121765136719 0.0007939338684082031 0.0008046627044677734 0.0007891654968261719 0.0008943080902099609 0.0009450912475585938 0.0010995864868164062 0.0010895729064941406 0.0012359619140625 0.0014600753784179688 0.0016982555389404297 0.0019822120666503906 0.0020904541015625 0.0037984848022460938 0.0026509761810302734 0.0027313232421875 0.003225088119506836 0.003720521926879883 0.004153728485107422 0.0046918392181396484 0.005145549774169922 0.00638580322265625 0.007630825042724609 0.009046077728271484 0.010075569152832031 0.011222362518310547 0.0 0.0 0.0 0.0
0.763251781463623 0.0022842884063720703 0.0008146762847900391 0.000675201416015625 0.00070953369140625 0.0007512569427490234 0.0007774829864501953 0.0008168220520019531 0.0008828639984130859 0.0010101795196533203 0.0011360645294189453 0.0013451576232910156 0.0013918876647949219 0.0020034313201904297 0.0019235610961914062 0.002164125442504883 0.0023877620697021484 0.0024390220642089844 0.00276947021484375 0.003163576126098633 0.003611326217651367 0.004256010055541992 0.0044708251953125 0.00544285774230957 0.006356716156005859 0.007580280303955078 0.009924173355102539 0.009433269500732422 0.010457038879394531 0.0 0.0 0.0
0.7624399662017822 0.002243518829345703 0.0008060932159423828 0.0006327629089355469 0.0006690025329589844 0.0006566047668457031 0.0006709098815917969 0.0009379386901855469 0.0008332729339599609 0.0009174346923828125 0.0010058879852294922 0.001173257827758789 0.0012977123260498047 0.001493692398071289 0.0016486644744873047 0.001976490020751953 0.0020911693572998047 0.0022020339965820312 0.0026063919067382812 0.0030329227447509766 0.0032494068145751953 0.0035810470581054688 0.003975391387939453 0.0048067569732666016 0.006041288375854492 0.006537437438964844 0.00796365737915039 0.008774518966674805 0.009887933731079102 0.010383844375610352 0.0 0.0
0.7625422477722168 0.0021562576293945312 0.0007517337799072266 0.0005581378936767578 0.0006098747253417969 0.0006518363952636719 0.0006532669067382812 0.0006215572357177734 0.0006723403930664062 0.0007805824279785156 0.0008783340454101562 0.001100301742553711 0.0014233589172363281 0.001247406005859375 0.0014371871948242188 0.0016984939575195312 0.002135753631591797 0.002089262008666992 0.0022933483123779297 0.002393484115600586 0.0047185420989990234 0.0031070709228515625 0.003646373748779297 0.003941774368286133 0.00491023063659668 0.005372762680053711 0.006360530853271484 0.007563114166259766 0.008422613143920898 0.009470701217651367 0.010294914245605469 0.0
0.7625524997711182 0.002297639846801758 0.0007517337799072266 0.0005357265472412109 0.0005445480346679688 0.0005741119384765625 0.0006830692291259766 0.0006432533264160156 0.0006117820739746094 0.0007283687591552734 0.0008420944213867188 0.0009617805480957031 0.001016378402709961 0.0011882781982421875 0.0012614727020263672 0.0016422271728515625 0.001627206802368164 0.002040386199951172 0.0019757747650146484 0.0021245479583740234 0.0022950172424316406 0.003029346466064453 0.0030524730682373047 0.003560781478881836 0.004114866256713867 0.004736185073852539 0.0060961246490478516 0.006904125213623047 0.007439136505126953 0.008684873580932617 0.00968623161315918 0.010297775268554688
