0.8284270763397217 0.0 0.0 0.0 0.0 0.0 0.0 0.0 0.0 0.0 0.0 0.0 0.0 0.0 0.0 0.0 0.0 0.0 0.0 0.0 0.0 0.0 0.0 0.0 0.0 0.0 0.0 0.0 0.0 0.0 0.0 0.0
0.7956342697143555 0.04561948776245117 0.0 0.0 0.0 0.0 0.0 0.0 0.0 0.0 0.0 0.0 0.0 0.0 0.0 0.0 0.0 0.0 0.0 0.0 0.0 0.0 0.0 0.0 0.0 0.0 0.0 0.0 0.0 0.0 0.0 0.0
0.7519292831420898 0.048914194107055664 0.05640983581542969 0.0 0.0 0.0 0.0 0.0 0.0 0.0 0.0 0.0 0.0 0.0 0.0 0.0 0.0 0.0 0.0 0.0 0.0 0.0 0.0 0.0 0.0 0.0 0.0 0.0 0.0 0.0 0.0 0.0
0.7341220378875732 0.013410806655883789 0.0587615966796875 0.05723690986633301 0.0 0.0 0.0 0.0 0.0 0.0 0.0 0.0 0.0 0.0 0.0 0.0 0.0 0.0 0.0 0.0 0.0 0.0 0.0 0.0 0.0 0.0 0.0 0.0 0.0 0.0 0.0 0.0
0.7239887714385986 0.00653839111328125 0.015622138977050781 0.06028175354003906 0.060626983642578125 0.0 0.0 0.0 0.0 0.0 0.0 0.0 0.0 0.0 0.0 0.0 0.0 0.0 0.0 0.0 0.0 0.0 0.0 0.0 0.0 0.0 0.0 0.0 0.0 0.0 0.0 0.0
0.7157690525054932 0.0035552978515625 0.006433010101318359 0.01609635353088379 0.06430768966674805 0.06362724304199219 0.0 0.0 0.0 0.0 0.0 0.0 0.0 0.0 0.0 0.0 0.0 0.0 0.0 0.0 0.0 0.0 0.0 0.0 0.0 0.0 0.0 0.0 0.0 0.0 0.0 0.0
0.7152621746063232 0.0030040740966796875 0.0037627220153808594 0.006262779235839844 0.01618361473083496 0.06504344940185547 0.06052374839782715 0.0 0.0 0.0 0.0 0.0 0.0 0.0 0.0 0.0 0.0 0.0 0.0 0.0 0.0 0.0 0.0 0.0 0.0 0.0 0.0 0.0 0.0 0.0 0.0 0.0
0.7162582874298096 0.002996206283569336 0.0031023025512695312 0.004023551940917969 0.007071733474731445 0.018378019332885742 0.05743670463562012 0.060624122619628906 0.0 0.0 0.0 0.0 0.0 0.0 0.0 0.0 0.0 0.0 0.0 0.0 0.0 0.0 0.0 0.0 0.0 0.0 0.0 0.0 0.0 0.0 0.0 0.0
0.7166671752929688 0.0026695728302001953 0.0030121803283691406 0.003193378448486328 0.004308938980102539 0.007014751434326172 0.015393257141113281 0.05594182014465332 0.061578989028930664 0.0 0.0 0.0 0.0 0.0 0.0 0.0 0.0 0.0 0.0 0.0 0.0 0.0 0.0 0.0 0.0 0.0 0.0 0.0 0.0 0.0 0.0 0.0
0.7196743488311768 0.0016698837280273438 0.002583742141723633 0.002835512161254883 0.002980947494506836 0.004333019256591797 0.006357908248901367 0.01556253433227539 0.054291486740112305 0.05855560302734375 0.0 0.0 0.0 0.0 0.0 0.0 0.0 0.0 0.0 0.0 0.0 0.0 0.0 0.0 0.0 0.0 0.0 0.0 0.0 0.0 0.0 0.0
0.7180852890014648 0.0009629726409912109 0.0016667842864990234 0.002462148666381836 0.0029425621032714844 0.0031576156616210938 0.00415802001953125 0.006302595138549805 0.015153884887695312 0.05387544631958008 0.06059718132019043 0.0 0.0 0.0 0.0 0.0 0.0 0.0 0.0 0.0 0.0 0.0 0.0 0.0 0.0 0.0 0.0 0.0 0.0 0.0 0.0 0.0
0.7180778980255127 0.0007913112640380859 0.0010483264923095703 0.0016520023345947266 0.0025568008422851562 0.002904176712036133 0.0031592845916748047 0.004267215728759766 0.0062255859375 0.01408076286315918 0.054821014404296875 0.05978894233703613 0.0 0.0 0.0 0.0 0.0 0.0 0.0 0.0 0.0 0.0 0.0 0.0 0.0 0.0 0.0 0.0 0.0 0.0 0.0 0.0
0.7109730243682861 0.0008740425109863281 0.0008678436279296875 0.0010781288146972656 0.0016868114471435547 0.0024149417877197266 0.0029103755950927734 0.003213644027709961 0.004040241241455078 0.0057299137115478516 0.014967203140258789 0.06415176391601562 0.058753252029418945 0.0 0.0 0.0 0.0 0.0 0.0 0.0 0.0 0.0 0.0 0.0 0.0 0.0 0.0 0.0 0.0 0.0 0.0 0.0
0.7146017551422119 0.0010137557983398438 0.0009222030639648438 0.0008523464202880859 0.0010690689086914062 0.0016248226165771484 0.002437114715576172 0.003038644790649414 0.0032434463500976562 0.003928661346435547 0.006647586822509766 0.015229225158691406 0.05447125434875488 0.061490774154663086 0.0 0.0 0.0 0.0 0.0 0.0 0.0 0.0 0.0 0.0 0.0 0.0 0.0 0.0 0.0 0.0 0.0 0.0
0.706348180770874 0.0010018348693847656 0.0011343955993652344 0.0009324550628662109 0.0008857250213623047 0.0010519027709960938 0.0015857219696044922 0.002378702163696289 0.003128528594970703 0.0032088756561279297 0.00420379638671875 0.008378028869628906 0.014492273330688477 0.06503748893737793 0.05947566032409668 0.0 0.0 0.0 0.0 0.0 0.0 0.0 0.0 0.0 0.0 0.0 0.0 0.0 0.0 0.0 0.0 0.0
0.7129161357879639 0.0007152557373046875 0.0010662078857421875 0.0010046958923339844 0.0008945465087890625 0.0008304119110107422 0.0010492801666259766 0.0016124248504638672 0.002599954605102539 0.002975940704345703 0.0034112930297851562 0.0045166015625 0.006476879119873047 0.015508890151977539 0.055048465728759766 0.06054830551147461 0.0 0.0 0.0 0.0 0.0 0.0 0.0 0.0 0.0 0.0 0.0 0.0 0.0 0.0 0.0 0.0
0.7109529972076416 0.0005109310150146484 0.0007436275482177734 0.0009465217590332031 0.001008749008178711 0.0008673667907714844 0.0008363723754882812 0.0010333061218261719 0.001752614974975586 0.0024347305297851562 0.003484964370727539 0.0036406517028808594 0.004037141799926758 0.00731658935546875 0.015138864517211914 0.05598258972167969 0.06114482879638672 0.0 0.0 0.0 0.0 0.0 0.0 0.0 0.0 0.0 0.0 0.0 0.0 0.0 0.0 0.0
0.7114214897155762 0.0004661083221435547 0.0005240440368652344 0.0006742477416992188 0.0009067058563232422 0.0009665489196777344 0.0008730888366699219 0.0009183883666992188 0.0010628700256347656 0.0016140937805175781 0.00269317626953125 0.003215789794921875 0.003419637680053711 0.004150390625 0.0063283443450927734 0.015503644943237305 0.055637359619140625 0.06129765510559082 0.0 0.0 0.0 0.0 0.0 0.0 0.0 0.0 0.0 0.0 0.0 0.0 0.0 0.0
0.7084128856658936 0.0005562305450439453 0.0004761219024658203 0.0005030632019042969 0.0006806850433349609 0.0009186267852783203 0.0010051727294921875 0.00087738037109375 0.0008528232574462891 0.0011043548583984375 0.0017986297607421875 0.0027916431427001953 0.0030918121337890625 0.0034668445587158203 0.004235744476318359 0.0067369937896728516 0.014952898025512695 0.05900216102600098 0.0611875057220459 0.0 0.0 0.0 0.0 0.0 0.0 0.0 0.0 0.0 0.0 0.0 0.0 0.0
0.7083353996276855 0.0007803440093994141 0.0005784034729003906 0.0004820823669433594 0.0004878044128417969 0.0006432533264160156 0.0008943080902099609 0.0009877681732177734 0.000995635986328125 0.0008690357208251953 0.0012149810791015625 0.0019075870513916016 0.0026056766510009766 0.003155231475830078 0.0033097267150878906 0.004309654235839844 0.0065233707427978516 0.01611185073852539 0.05667853355407715 0.06184101104736328 0.0 0.0 0.0 0.0 0.0 0.0 0.0 0.0 0.0 0.0 0.0 0.0
0.7098288536071777 0.0007724761962890625 0.0007748603820800781 0.0005805492401123047 0.0004596710205078125 0.0004711151123046875 0.0006337165832519531 0.0008809566497802734 0.0009567737579345703 0.0008714199066162109 0.0009243488311767578 0.0011162757873535156 0.0016329288482666016 0.0024635791778564453 0.0030455589294433594 0.0033655166625976562 0.0038712024688720703 0.0065038204193115234 0.014906883239746094 0.055405616760253906 0.06273937225341797 0.0 0.0 0.0 0.0 0.0 0.0 0.0 0.0 0.0 0.0 0.0
0.7042396068572998 0.0005495548248291016 0.0008280277252197266 0.0007963180541992188 0.0005996227264404297 0.0004394054412841797 0.0005261898040771484 0.0006670951843261719 0.0009088516235351562 0.0012972354888916016 0.0012009143829345703 0.0009021759033203125 0.0011017322540283203 0.0022325515747070312 0.002819061279296875 0.0029764175415039062 0.003484010696411133 0.004128694534301758 0.006602764129638672 0.015102148056030273 0.05859971046447754 0.06404471397399902 0.0 0.0 0.0 0.0 0.0 0.0 0.0 0.0 0.0 0.0
0.70021653175354 0.0003039836883544922 0.0005266666412353516 0.0008194446563720703 0.0007677078247070312 0.0005168914794921875 0.0004298686981201172 0.0004546642303466797 0.0006163120269775391 0.0008571147918701172 0.0010066032409667969 0.00090789794921875 0.0008351802825927734 0.0010776519775390625 0.0016684532165527344 0.002574443817138672 0.0030579566955566406 0.003167390823364258 0.0038242340087890625 0.006489276885986328 0.015376806259155273 0.06499719619750977 0.06474685668945312 0.0 0.0 0.0 0.0 0.0 0.0 0.0 0.0 0.0
0.7053830623626709 0.00025200843811035156 0.0003228187561035156 0.0005629062652587891 0.0008289813995361328 0.0007414817810058594 0.0005552768707275391 0.0004534721374511719 0.0004677772521972656 0.0006365776062011719 0.0009946823120117188 0.0011396408081054688 0.0008833408355712891 0.0008776187896728516 0.0010912418365478516 0.0018773078918457031 0.0024988651275634766 0.003070354461669922 0.0032858848571777344 0.004563331604003906 0.006509542465209961 0.015228033065795898 0.05813956260681152 0.06331706047058105 0.0 0.0 0.0 0.0 0.0 0.0 0.0 0.0
0.7041053771972656 0.0003027915954589844 0.00023627281188964844 0.00031828880310058594 0.0005631446838378906 0.0008018016815185547 0.0007536411285400391 0.0005512237548828125 0.00045037269592285156 0.0004394054412841797 0.0006477832794189453 0.0009109973907470703 0.0009665489196777344 0.0009105205535888672 0.0008852481842041016 0.0011205673217773438 0.0016486644744873047 0.002551555633544922 0.0030481815338134766 0.003524303436279297 0.004301786422729492 0.007346391677856445 0.017081499099731445 0.057544708251953125 0.06312251091003418 0.0 0.0 0.0 0.0 0.0 0.0 0.0
0.6991822719573975 0.00039649009704589844 0.0002696514129638672 0.00023794174194335938 0.00031375885009765625 0.0005235671997070312 0.0007531642913818359 0.0007257461547851562 0.00055694580078125 0.00041747093200683594 0.0004715919494628906 0.0006170272827148438 0.0008494853973388672 0.0009551048278808594 0.0008654594421386719 0.0008594989776611328 0.0011088848114013672 0.0017747879028320312 0.0025844573974609375 0.0030622482299804688 0.003405332565307617 0.004472970962524414 0.006918430328369141 0.01543426513671875 0.06646132469177246 0.06240725517272949 0.0 0.0 0.0 0.0 0.0 0.0
0.7048294544219971 0.0004742145538330078 0.00040459632873535156 0.000270843505859375 0.00024127960205078125 0.00030612945556640625 0.0005104541778564453 0.0007545948028564453 0.0007488727569580078 0.0005326271057128906 0.0004787445068359375 0.0004730224609375 0.0006256103515625 0.0009016990661621094 0.0009520053863525391 0.0009083747863769531 0.0009143352508544922 0.0011057853698730469 0.0017452239990234375 0.0024857521057128906 0.0029861927032470703 0.003398895263671875 0.004133939743041992 0.006570339202880859 0.01551961898803711 0.0590364933013916 0.06256270408630371 0.0 0.0 0.0 0.0 0.0
0.7013015747070312 0.0003781318664550781 0.0005283355712890625 0.0003998279571533203 0.00026917457580566406 0.00023102760314941406 0.00030803680419921875 0.0004928112030029297 0.0007543563842773438 0.0007143020629882812 0.0005617141723632812 0.0004429817199707031 0.00045299530029296875 0.000591278076171875 0.0008542537689208984 0.0009374618530273438 0.0009088516235351562 0.0009152889251708984 0.0011703968048095703 0.001735687255859375 0.002612590789794922 0.0031304359436035156 0.0036258697509765625 0.004490852355957031 0.007065534591674805 0.016486406326293945 0.06093573570251465 0.06273794174194336 0.0 0.0 0.0 0.0
0.6963915824890137 0.00025153160095214844 0.0004658699035644531 0.0005509853363037109 0.000400543212890625 0.00027108192443847656 0.00022482872009277344 0.00029778480529785156 0.0005097389221191406 0.0007116794586181641 0.0007536411285400391 0.0005557537078857422 0.0004191398620605469 0.00046443939208984375 0.0006465911865234375 0.0008473396301269531 0.0009877681732177734 0.0009336471557617188 0.0009577274322509766 0.0011832714080810547 0.0018661022186279297 0.002566099166870117 0.0031952857971191406 0.0036191940307617188 0.004414081573486328 0.007420539855957031 0.01731395721435547 0.06398653984069824 0.06439018249511719 0.0 0.0 0.0
0.7001149654388428 0.0002219676971435547 0.0003056526184082031 0.00048065185546875 0.0005466938018798828 0.0004074573516845703 0.00026226043701171875 0.0002295970916748047 0.0003025531768798828 0.00047588348388671875 0.0007565021514892578 0.0007684230804443359 0.0005216598510742188 0.00043463706970214844 0.00048613548278808594 0.0006098747253417969 0.0008020401000976562 0.0010612010955810547 0.0009315013885498047 0.0009958744049072266 0.0011610984802246094 0.001789093017578125 0.0026390552520751953 0.0030241012573242188 0.0034627914428710938 0.004435300827026367 0.006853818893432617 0.01571965217590332 0.061003923416137695 0.06459522247314453 0.0 0.0
0.7026515007019043 0.00032782554626464844 0.000255584716796875 0.0003159046173095703 0.0004899501800537109 0.0005545616149902344 0.0003902912139892578 0.0002644062042236328 0.00024056434631347656 0.0003085136413574219 0.0005152225494384766 0.0007536411285400391 0.0006966590881347656 0.0005631446838378906 0.0004210472106933594 0.0004448890686035156 0.0005972385406494141 0.0008525848388671875 0.0009691715240478516 0.0008931159973144531 0.0008931159973144531 0.0010743141174316406 0.001972675323486328 0.002664327621459961 0.0032761096954345703 0.0036966800689697266 0.0043680667877197266 0.006616353988647461 0.015825271606445312 0.05837535858154297 0.0633552074432373 0.0
0.7026026248931885 0.0006253719329833984 0.0003006458282470703 0.000244140625 0.0003170967102050781 0.0005047321319580078 0.0005190372467041016 0.0003974437713623047 0.00026035308837890625 0.0002148151397705078 0.00029349327087402344 0.000492095947265625 0.0006952285766601562 0.0007181167602539062 0.0005118846893310547 0.00041961669921875 0.0004439353942871094 0.0006079673767089844 0.000823974609375 0.0008742809295654297 0.0008599758148193359 0.0008893013000488281 0.0012226104736328125 0.0017244815826416016 0.002657175064086914 0.0033066272735595703 0.0034973621368408203 0.004141807556152344 0.006762027740478516 0.015106201171875 0.05986213684082031 0.06272196769714355
