0.8284270763397217 0.0 0.0 0.0 0.0 0.0 0.0 0.0 0.0 0.0 0.0 0.0 0.0 0.0 0.0 0.0 0.0 0.0 0.0 0.0 0.0 0.0 0.0 0.0 0.0 0.0 0.0 0.0 0.0 0.0 0.0 0.0
0.8166897296905518 0.016499042510986328 0.0 0.0 0.0 0.0 0.0 0.0 0.0 0.0 0.0 0.0 0.0 0.0 0.0 0.0 0.0 0.0 0.0 0.0 0.0 0.0 0.0 0.0 0.0 0.0 0.0 0.0 0.0 0.0 0.0 0.0
0.8122673034667969 0.00655364990234375 0.016160964965820312 0.0 0.0 0.0 0.0 0.0 0.0 0.0 0.0 0.0 0.0 0.0 0.0 0.0 0.0 0.0 0.0 0.0 0.0 0.0 0.0 0.0 0.0 0.0 0.0 0.0 0.0 0.0 0.0 0.0
0.8122873306274414 0.00406193733215332 0.004713296890258789 0.01392221450805664 0.0 0.0 0.0 0.0 0.0 0.0 0.0 0.0 0.0 0.0 0.0 0.0 0.0 0.0 0.0 0.0 0.0 0.0 0.0 0.0 0.0 0.0 0.0 0.0 0.0 0.0 0.0 0.0
0.8117055892944336 0.0034513473510742188 0.0030171871185302734 0.004122734069824219 0.012939453125 0.0 0.0 0.0 0.0 0.0 0.0 0.0 0.0 0.0 0.0 0.0 0.0 0.0 0.0 0.0 0.0 0.0 0.0 0.0 0.0 0.0 0.0 0.0 0.0 0.0 0.0 0.0
0.8104941844940186 0.0035288333892822266 0.002548694610595703 0.0025959014892578125 0.003921031951904297 0.012636661529541016 0.0 0.0 0.0 0.0 0.0 0.0 0.0 0.0 0.0 0.0 0.0 0.0 0.0 0.0 0.0 0.0 0.0 0.0 0.0 0.0 0.0 0.0 0.0 0.0 0.0 0.0
0.8104705810546875 0.0032129287719726562 0.0022737979888916016 0.002213716506958008 0.0025489330291748047 0.003844022750854492 0.011184930801391602 0.0 0.0 0.0 0.0 0.0 0.0 0.0 0.0 0.0 0.0 0.0 0.0 0.0 0.0 0.0 0.0 0.0 0.0 0.0 0.0 0.0 0.0 0.0 0.0 0.0
0.8089594841003418 0.003401041030883789 0.0022497177124023438 0.0021169185638427734 0.0022449493408203125 0.0026540756225585938 0.0033600330352783203 0.011362075805664062 0.0 0.0 0.0 0.0 0.0 0.0 0.0 0.0 0.0 0.0 0.0 0.0 0.0 0.0 0.0 0.0 0.0 0.0 0.0 0.0 0.0 0.0 0.0 0.0
0.8075947761535645 0.0029985904693603516 0.0021347999572753906 0.002071857452392578 0.002118825912475586 0.0022203922271728516 0.0024509429931640625 0.0035905838012695312 0.011721134185791016 0.0 0.0 0.0 0.0 0.0 0.0 0.0 0.0 0.0 0.0 0.0 0.0 0.0 0.0 0.0 0.0 0.0 0.0 0.0 0.0 0.0 0.0 0.0
0.8070542812347412 0.002902507781982422 0.002149343490600586 0.002052783966064453 0.001998424530029297 0.0021445751190185547 0.002134084701538086 0.0023603439331054688 0.0033273696899414062 0.01100301742553711 0.0 0.0 0.0 0.0 0.0 0.0 0.0 0.0 0.0 0.0 0.0 0.0 0.0 0.0 0.0 0.0 0.0 0.0 0.0 0.0 0.0 0.0
0.8051483631134033 0.0030214786529541016 0.0018944740295410156 0.002117156982421875 0.0020453929901123047 0.0020172595977783203 0.0020568370819091797 0.002018451690673828 0.002285003662109375 0.0032587051391601562 0.012016773223876953 0.0 0.0 0.0 0.0 0.0 0.0 0.0 0.0 0.0 0.0 0.0 0.0 0.0 0.0 0.0 0.0 0.0 0.0 0.0 0.0 0.0
0.8048563003540039 0.002652406692504883 0.0016994476318359375 0.0017766952514648438 0.001999378204345703 0.0020623207092285156 0.0019598007202148438 0.002084493637084961 0.001965045928955078 0.002162933349609375 0.003388643264770508 0.011400461196899414 0.0 0.0 0.0 0.0 0.0 0.0 0.0 0.0 0.0 0.0 0.0 0.0 0.0 0.0 0.0 0.0 0.0 0.0 0.0 0.0
0.8046834468841553 0.0025708675384521484 0.0016140937805175781 0.0016489028930664062 0.0018153190612792969 0.0019876956939697266 0.0019049644470214844 0.0020143985748291016 0.0020227432250976562 0.0018227100372314453 0.002202749252319336 0.0032596588134765625 0.01053166389465332 0.0 0.0 0.0 0.0 0.0 0.0 0.0 0.0 0.0 0.0 0.0 0.0 0.0 0.0 0.0 0.0 0.0 0.0 0.0
0.8043308258056641 0.0023651123046875 0.001584768295288086 0.0015783309936523438 0.0016121864318847656 0.0017588138580322266 0.0018618106842041016 0.001832723617553711 0.0020012855529785156 0.0017490386962890625 0.0018126964569091797 0.002080678939819336 0.0031540393829345703 0.010501861572265625 0.0 0.0 0.0 0.0 0.0 0.0 0.0 0.0 0.0 0.0 0.0 0.0 0.0 0.0 0.0 0.0 0.0 0.0
0.8030178546905518 0.0023262500762939453 0.0015635490417480469 0.0015764236450195312 0.001573801040649414 0.001600027084350586 0.0017852783203125 0.0018148422241210938 0.0019690990447998047 0.0017981529235839844 0.001943349838256836 0.0018291473388671875 0.002081632614135742 0.003208637237548828 0.010663509368896484 0.0 0.0 0.0 0.0 0.0 0.0 0.0 0.0 0.0 0.0 0.0 0.0 0.0 0.0 0.0 0.0 0.0
0.8025987148284912 0.0022208690643310547 0.0014309883117675781 0.0015339851379394531 0.0015714168548583984 0.0015904903411865234 0.0015716552734375 0.001758575439453125 0.001775503158569336 0.0017735958099365234 0.0019998550415039062 0.0018045902252197266 0.0017864704132080078 0.0020301342010498047 0.003099679946899414 0.010381221771240234 0.0 0.0 0.0 0.0 0.0 0.0 0.0 0.0 0.0 0.0 0.0 0.0 0.0 0.0 0.0 0.0
0.8018758296966553 0.002192258834838867 0.0013108253479003906 0.0014045238494873047 0.0015325546264648438 0.0015609264373779297 0.0015652179718017578 0.0015454292297363281 0.001636505126953125 0.0016891956329345703 0.0018801689147949219 0.001722574234008789 0.0018398761749267578 0.0017688274383544922 0.002094268798828125 0.003247976303100586 0.010342597961425781 0.0 0.0 0.0 0.0 0.0 0.0 0.0 0.0 0.0 0.0 0.0 0.0 0.0 0.0 0.0
0.8013894557952881 0.002233266830444336 0.0012974739074707031 0.001352071762084961 0.0014510154724121094 0.001546621322631836 0.0015141963958740234 0.001508474349975586 0.0015456676483154297 0.0015299320220947266 0.0016698837280273438 0.0017731189727783203 0.0019445419311523438 0.0016922950744628906 0.0017442703247070312 0.0019805431365966797 0.0029315948486328125 0.010307073593139648 0.0 0.0 0.0 0.0 0.0 0.0 0.0 0.0 0.0 0.0 0.0 0.0 0.0 0.0
0.8005070686340332 0.0023872852325439453 0.0013320446014404297 0.001331329345703125 0.0013689994812011719 0.0014667510986328125 0.0015118122100830078 0.0015444755554199219 0.001561880111694336 0.0014944076538085938 0.0015685558319091797 0.0017387866973876953 0.0016887187957763672 0.0016779899597167969 0.0017027854919433594 0.001735687255859375 0.0020072460174560547 0.003015756607055664 0.010114669799804688 0.0 0.0 0.0 0.0 0.0 0.0 0.0 0.0 0.0 0.0 0.0 0.0 0.0
0.7994589805603027 0.0024230480194091797 0.0014009475708007812 0.001390695571899414 0.0013544559478759766 0.0013751983642578125 0.0015246868133544922 0.001504659652709961 0.001481771469116211 0.0015304088592529297 0.0015749931335449219 0.001631021499633789 0.00164794921875 0.0016372203826904297 0.0016722679138183594 0.0016884803771972656 0.001683950424194336 0.0019142627716064453 0.0030395984649658203 0.010233640670776367 0.0 0.0 0.0 0.0 0.0 0.0 0.0 0.0 0.0 0.0 0.0 0.0
0.7982387542724609 0.002233743667602539 0.0014081001281738281 0.0014128684997558594 0.0013852119445800781 0.0013437271118164062 0.0013573169708251953 0.0014219284057617188 0.0014979839324951172 0.0016045570373535156 0.001959085464477539 0.0015265941619873047 0.0015361309051513672 0.001645803451538086 0.0018019676208496094 0.002004384994506836 0.0016222000122070312 0.0016751289367675781 0.001913309097290039 0.0029261112213134766 0.01015019416809082 0.0 0.0 0.0 0.0 0.0 0.0 0.0 0.0 0.0 0.0 0.0
0.7977244853973389 0.0020842552185058594 0.0013549327850341797 0.0014050006866455078 0.0014238357543945312 0.0013723373413085938 0.001340627670288086 0.0013663768768310547 0.0014526844024658203 0.0015938282012939453 0.0016372203826904297 0.0014925003051757812 0.0014789104461669922 0.0015263557434082031 0.0017049312591552734 0.0017523765563964844 0.0016353130340576172 0.0015721321105957031 0.0016241073608398438 0.0019154548645019531 0.0029594898223876953 0.010452747344970703 0.0 0.0 0.0 0.0 0.0 0.0 0.0 0.0 0.0 0.0
0.7976381778717041 0.0019729137420654297 0.0012564659118652344 0.0013287067413330078 0.0014166831970214844 0.0014057159423828125 0.0013356208801269531 0.0013055801391601562 0.00136566162109375 0.001440286636352539 0.0015537738800048828 0.0015902519226074219 0.0014789104461669922 0.0014374256134033203 0.0015330314636230469 0.001577138900756836 0.0016789436340332031 0.0016021728515625 0.0016171932220458984 0.001659393310546875 0.0018796920776367188 0.0029511451721191406 0.00988149642944336 0.0 0.0 0.0 0.0 0.0 0.0 0.0 0.0 0.0
0.7958858013153076 0.0019881725311279297 0.0012035369873046875 0.0012607574462890625 0.0013856887817382812 0.0014424324035644531 0.0013883113861083984 0.0013072490692138672 0.0012934207916259766 0.0013051033020019531 0.0014333724975585938 0.0015320777893066406 0.0014843940734863281 0.001468658447265625 0.0014843940734863281 0.0015690326690673828 0.001621246337890625 0.0015492439270019531 0.001556396484375 0.0015721321105957031 0.0016183853149414062 0.0019571781158447266 0.0029706954956054688 0.011310815811157227 0.0 0.0 0.0 0.0 0.0 0.0 0.0 0.0
0.7956008911132812 0.002002716064453125 0.0012531280517578125 0.001234292984008789 0.0013680458068847656 0.0014154911041259766 0.0014009475708007812 0.0013356208801269531 0.0013480186462402344 0.0013213157653808594 0.0014183521270751953 0.0015056133270263672 0.0014684200286865234 0.0014367103576660156 0.0014400482177734375 0.0014464855194091797 0.0014567375183105469 0.0015358924865722656 0.0016181468963623047 0.0015802383422851562 0.001575469970703125 0.0017175674438476562 0.0018956661224365234 0.0028905868530273438 0.010446310043334961 0.0 0.0 0.0 0.0 0.0 0.0 0.0
0.7949230670928955 0.0019474029541015625 0.0012629032135009766 0.0012745857238769531 0.0013012886047363281 0.001287698745727539 0.0013566017150878906 0.001336812973022461 0.0013477802276611328 0.001352071762084961 0.0013768672943115234 0.0014081001281738281 0.0013880729675292969 0.00142669677734375 0.0015056133270263672 0.0014481544494628906 0.001409769058227539 0.0014910697937011719 0.0015842914581298828 0.0015649795532226562 0.0016133785247802734 0.001766204833984375 0.0016891956329345703 0.0018835067749023438 0.0028848648071289062 0.010149717330932617 0.0 0.0 0.0 0.0 0.0 0.0
0.7941858768463135 0.0019311904907226562 0.001234292984008789 0.001256704330444336 0.0012845993041992188 0.0012297630310058594 0.0012557506561279297 0.001280069351196289 0.0013315677642822266 0.0013246536254882812 0.001352071762084961 0.0013267993927001953 0.0013456344604492188 0.0013933181762695312 0.0014798641204833984 0.0014221668243408203 0.0013930797576904297 0.0013985633850097656 0.0015082359313964844 0.0016295909881591797 0.001529693603515625 0.001664876937866211 0.0015723705291748047 0.0016129016876220703 0.0019178390502929688 0.0028467178344726562 0.010564565658569336 0.0 0.0 0.0 0.0 0.0
0.793482780456543 0.001882314682006836 0.0011856555938720703 0.001294851303100586 0.0013289451599121094 0.0012426376342773438 0.0012199878692626953 0.0012311935424804688 0.0012874603271484375 0.0013201236724853516 0.0013980865478515625 0.0014195442199707031 0.0013108253479003906 0.0013453960418701172 0.0014171600341796875 0.0014314651489257812 0.0013840198516845703 0.0013713836669921875 0.0014047622680664062 0.0014345645904541016 0.0015726089477539062 0.0015785694122314453 0.0015788078308105469 0.0015039443969726562 0.0015370845794677734 0.0018274784088134766 0.0027625560760498047 0.010801315307617188 0.0 0.0 0.0 0.0
0.7930889129638672 0.0018033981323242188 0.0010769367218017578 0.0012171268463134766 0.0012722015380859375 0.001249551773071289 0.0012063980102539062 0.0012061595916748047 0.0012176036834716797 0.001271963119506836 0.0013599395751953125 0.0014731884002685547 0.0012781620025634766 0.0012788772583007812 0.001383066177368164 0.0014908313751220703 0.0013573169708251953 0.001367330551147461 0.0013666152954101562 0.0013270378112792969 0.0014066696166992188 0.0016672611236572266 0.0015611648559570312 0.0015528202056884766 0.0015385150909423828 0.0015609264373779297 0.001827239990234375 0.0026993751525878906 0.010602951049804688 0.0 0.0 0.0
0.7918760776519775 0.0018765926361083984 0.00110626220703125 0.001209259033203125 0.00122833251953125 0.0012748241424560547 0.0012755393981933594 0.0012331008911132812 0.0011942386627197266 0.0012063980102539062 0.001337289810180664 0.0013895034790039062 0.0013189315795898438 0.0012612342834472656 0.0012807846069335938 0.0013859272003173828 0.0013289451599121094 0.0013475418090820312 0.0013790130615234375 0.0013813972473144531 0.0013668537139892578 0.0014965534210205078 0.001636505126953125 0.0016536712646484375 0.0016520023345947266 0.0015270709991455078 0.0016222000122070312 0.0017735958099365234 0.002775430679321289 0.01079559326171875 0.0 0.0
0.7909562587738037 0.0018877983093261719 0.0010700225830078125 0.0011625289916992188 0.0011763572692871094 0.0012307167053222656 0.0012652873992919922 0.001247406005859375 0.0011959075927734375 0.0011913776397705078 0.001255035400390625 0.0013458728790283203 0.0013692378997802734 0.001293182373046875 0.0013086795806884766 0.0013823509216308594 0.0012984275817871094 0.0012898445129394531 0.0013539791107177734 0.0013849735260009766 0.0013539791107177734 0.0014195442199707031 0.0015711784362792969 0.001819610595703125 0.0015184879302978516 0.001459360122680664 0.001621246337890625 0.0015437602996826172 0.0017478466033935547 0.0026683807373046875 0.011160612106323242 0.0
0.7901489734649658 0.0018782615661621094 0.0010809898376464844 0.0010945796966552734 0.0011267662048339844 0.001219034194946289 0.0012362003326416016 0.0013189315795898438 0.0013091564178466797 0.0011708736419677734 0.0012166500091552734 0.001238107681274414 0.0012907981872558594 0.0013134479522705078 0.0013403892517089844 0.0013794898986816406 0.0012936592102050781 0.0012860298156738281 0.0013899803161621094 0.0013089179992675781 0.0012729167938232422 0.0013704299926757812 0.0015027523040771484 0.0017015933990478516 0.0014595985412597656 0.0014767646789550781 0.0016510486602783203 0.0014972686767578125 0.0015223026275634766 0.0017113685607910156 0.0027322769165039062 0.011335372924804688
