0.8284270763397217 0.0 0.0 0.0 0.0 0.0 0.0 0.0 0.0 0.0 0.0 0.0 0.0 0.0 0.0 0.0 0.0 0.0 0.0 0.0 0.0 0.0 0.0 0.0 0.0 0.0 0.0 0.0 0.0 0.0 0.0 0.0
0.8050837516784668 0.03260636329650879 0.0 0.0 0.0 0.0 0.0 0.0 0.0 0.0 0.0 0.0 0.0 0.0 0.0 0.0 0.0 0.0 0.0 0.0 0.0 0.0 0.0 0.0 0.0 0.0 0.0 0.0 0.0 0.0 0.0 0.0
0.7792913913726807 0.035033464431762695 0.03326869010925293 0.0 0.0 0.0 0.0 0.0 0.0 0.0 0.0 0.0 0.0 0.0 0.0 0.0 0.0 0.0 0.0 0.0 0.0 0.0 0.0 0.0 0.0 0.0 0.0 0.0 0.0 0.0 0.0 0.0
0.7557201385498047 0.02781057357788086 0.04004406929016113 0.03278613090515137 0.0 0.0 0.0 0.0 0.0 0.0 0.0 0.0 0.0 0.0 0.0 0.0 0.0 0.0 0.0 0.0 0.0 0.0 0.0 0.0 0.0 0.0 0.0 0.0 0.0 0.0 0.0 0.0
0.7360396385192871 0.022281646728515625 0.030963420867919922 0.04142951965332031 0.03278923034667969 0.0 0.0 0.0 0.0 0.0 0.0 0.0 0.0 0.0 0.0 0.0 0.0 0.0 0.0 0.0 0.0 0.0 0.0 0.0 0.0 0.0 0.0 0.0 0.0 0.0 0.0 0.0
0.7232191562652588 0.01913166046142578 0.024040699005126953 0.03054499626159668 0.04006361961364746 0.031127214431762695 0.0 0.0 0.0 0.0 0.0 0.0 0.0 0.0 0.0 0.0 0.0 0.0 0.0 0.0 0.0 0.0 0.0 0.0 0.0 0.0 0.0 0.0 0.0 0.0 0.0 0.0
0.7141740322113037 0.017362594604492188 0.02043461799621582 0.023628711700439453 0.029146909713745117 0.03777766227722168 0.02886343002319336 0.0 0.0 0.0 0.0 0.0 0.0 0.0 0.0 0.0 0.0 0.0 0.0 0.0 0.0 0.0 0.0 0.0 0.0 0.0 0.0 0.0 0.0 0.0 0.0 0.0
0.7055041790008545 0.015456914901733398 0.018217802047729492 0.020555973052978516 0.022878646850585938 0.028189897537231445 0.03589224815368652 0.02777719497680664 0.0 0.0 0.0 0.0 0.0 0.0 0.0 0.0 0.0 0.0 0.0 0.0 0.0 0.0 0.0 0.0 0.0 0.0 0.0 0.0 0.0 0.0 0.0 0.0
0.699892520904541 0.013536691665649414 0.016664505004882812 0.018427610397338867 0.0195009708404541 0.021203041076660156 0.02670907974243164 0.034149885177612305 0.026401519775390625 0.0 0.0 0.0 0.0 0.0 0.0 0.0 0.0 0.0 0.0 0.0 0.0 0.0 0.0 0.0 0.0 0.0 0.0 0.0 0.0 0.0 0.0 0.0
0.6921474933624268 0.012192487716674805 0.015066862106323242 0.01698613166809082 0.018018007278442383 0.01847386360168457 0.02048206329345703 0.025943517684936523 0.03424549102783203 0.025615692138671875 0.0 0.0 0.0 0.0 0.0 0.0 0.0 0.0 0.0 0.0 0.0 0.0 0.0 0.0 0.0 0.0 0.0 0.0 0.0 0.0 0.0 0.0
0.6862900257110596 0.011035919189453125 0.013870000839233398 0.015470743179321289 0.016603708267211914 0.01692986488342285 0.01786041259765625 0.019948959350585938 0.025243282318115234 0.03302192687988281 0.02492666244506836 0.0 0.0 0.0 0.0 0.0 0.0 0.0 0.0 0.0 0.0 0.0 0.0 0.0 0.0 0.0 0.0 0.0 0.0 0.0 0.0 0.0
0.6809544563293457 0.009919404983520508 0.012308597564697266 0.013957500457763672 0.01513981819152832 0.015883445739746094 0.01647162437438965 0.0173795223236084 0.01980137825012207 0.0246126651763916 0.03267192840576172 0.02394270896911621 0.0 0.0 0.0 0.0 0.0 0.0 0.0 0.0 0.0 0.0 0.0 0.0 0.0 0.0 0.0 0.0 0.0 0.0 0.0 0.0
0.6754870414733887 0.009135007858276367 0.011431694030761719 0.012732505798339844 0.013632059097290039 0.014533042907714844 0.015453577041625977 0.016234159469604492 0.01758098602294922 0.01913928985595703 0.024613142013549805 0.03191399574279785 0.023018836975097656 0.0 0.0 0.0 0.0 0.0 0.0 0.0 0.0 0.0 0.0 0.0 0.0 0.0 0.0 0.0 0.0 0.0 0.0 0.0
0.6721940040588379 0.008283615112304688 0.01083683967590332 0.011756658554077148 0.012232542037963867 0.013186454772949219 0.014017581939697266 0.014937639236450195 0.016084909439086914 0.016572952270507812 0.019244670867919922 0.023540735244750977 0.030241966247558594 0.02291560173034668 0.0 0.0 0.0 0.0 0.0 0.0 0.0 0.0 0.0 0.0 0.0 0.0 0.0 0.0 0.0 0.0 0.0 0.0
0.6659822463989258 0.007470846176147461 0.010121583938598633 0.01125192642211914 0.011526107788085938 0.011938810348510742 0.012684345245361328 0.013918399810791016 0.015035152435302734 0.01561737060546875 0.017098665237426758 0.018624544143676758 0.022872209548950195 0.031766653060913086 0.02219843864440918 0.0 0.0 0.0 0.0 0.0 0.0 0.0 0.0 0.0 0.0 0.0 0.0 0.0 0.0 0.0 0.0 0.0
0.6628420352935791 0.006902217864990234 0.00920867919921875 0.010566949844360352 0.011086225509643555 0.011335611343383789 0.011548995971679688 0.012573480606079102 0.013803720474243164 0.014563560485839844 0.015397787094116211 0.01629018783569336 0.017919540405273438 0.02327585220336914 0.030116796493530273 0.02174067497253418 0.0 0.0 0.0 0.0 0.0 0.0 0.0 0.0 0.0 0.0 0.0 0.0 0.0 0.0 0.0 0.0
0.6587843894958496 0.0063991546630859375 0.008278369903564453 0.009713888168334961 0.010483741760253906 0.010768651962280273 0.010927677154541016 0.011560678482055664 0.012747764587402344 0.01360630989074707 0.014892339706420898 0.01530599594116211 0.015784025192260742 0.018138408660888672 0.02239704132080078 0.02966022491455078 0.02107834815979004 0.0 0.0 0.0 0.0 0.0 0.0 0.0 0.0 0.0 0.0 0.0 0.0 0.0 0.0 0.0
0.657174825668335 0.006028175354003906 0.007605314254760742 0.00876164436340332 0.009628534317016602 0.010236263275146484 0.010455608367919922 0.010704517364501953 0.011417865753173828 0.012268304824829102 0.013634920120239258 0.014219999313354492 0.014508247375488281 0.015726327896118164 0.017514705657958984 0.022104501724243164 0.02847146987915039 0.020627498626708984 0.0 0.0 0.0 0.0 0.0 0.0 0.0 0.0 0.0 0.0 0.0 0.0 0.0 0.0
0.6529710292816162 0.005735874176025391 0.00726628303527832 0.0081634521484375 0.008741378784179688 0.009668350219726562 0.010060310363769531 0.01039576530456543 0.010809898376464844 0.011186361312866211 0.012403726577758789 0.013200759887695312 0.01375579833984375 0.014674663543701172 0.015356302261352539 0.017562150955200195 0.021689176559448242 0.028220415115356445 0.020609378814697266 0.0 0.0 0.0 0.0 0.0 0.0 0.0 0.0 0.0 0.0 0.0 0.0 0.0
0.6490423679351807 0.005510807037353516 0.007269859313964844 0.007675886154174805 0.007990121841430664 0.008672952651977539 0.009239435195922852 0.009865999221801758 0.010335206985473633 0.010743379592895508 0.011334896087646484 0.01248621940612793 0.013303756713867188 0.014017581939697266 0.014524459838867188 0.01531839370727539 0.017035722732543945 0.021068572998046875 0.028174161911010742 0.020143985748291016 0.0 0.0 0.0 0.0 0.0 0.0 0.0 0.0 0.0 0.0 0.0 0.0
0.6480414867401123 0.005223989486694336 0.007077217102050781 0.007589817047119141 0.00762176513671875 0.007940053939819336 0.008417844772338867 0.00928807258605957 0.00980520248413086 0.010250329971313477 0.010680913925170898 0.01098012924194336 0.011576414108276367 0.012809514999389648 0.013443946838378906 0.013843774795532227 0.014708757400512695 0.01640939712524414 0.021008729934692383 0.02743363380432129 0.019962072372436523 0.0 0.0 0.0 0.0 0.0 0.0 0.0 0.0 0.0 0.0 0.0
0.645953893661499 0.004788637161254883 0.0066950321197509766 0.0074710845947265625 0.0074460506439208984 0.007405281066894531 0.007590293884277344 0.008271932601928711 0.009249448776245117 0.009676456451416016 0.010134220123291016 0.010313987731933594 0.010695695877075195 0.011558055877685547 0.0125274658203125 0.013086318969726562 0.013772010803222656 0.01442861557006836 0.01649928092956543 0.02035236358642578 0.027282238006591797 0.019604206085205078 0.0 0.0 0.0 0.0 0.0 0.0 0.0 0.0 0.0 0.0
0.6423935890197754 0.004544496536254883 0.006319522857666016 0.007230281829833984 0.007341861724853516 0.007306098937988281 0.007203578948974609 0.007590770721435547 0.008374452590942383 0.008959770202636719 0.009872913360595703 0.010006427764892578 0.009981155395507812 0.010754108428955078 0.011397838592529297 0.012296438217163086 0.013171195983886719 0.013672590255737305 0.014472007751464844 0.015996932983398438 0.021136999130249023 0.02683234214782715 0.01909923553466797 0.0 0.0 0.0 0.0 0.0 0.0 0.0 0.0 0.0
0.6425292491912842 0.0044286251068115234 0.005826234817504883 0.006788730621337891 0.007040262222290039 0.007144451141357422 0.006978750228881836 0.007142543792724609 0.007528066635131836 0.008074283599853516 0.009062767028808594 0.009527444839477539 0.009469985961914062 0.010340452194213867 0.010329961776733398 0.011057376861572266 0.011981010437011719 0.012584924697875977 0.013285160064697266 0.013814210891723633 0.01610708236694336 0.019952058792114258 0.025879383087158203 0.019072532653808594 0.0 0.0 0.0 0.0 0.0 0.0 0.0 0.0
0.6355948448181152 0.004591941833496094 0.005696296691894531 0.006747245788574219 0.006906986236572266 0.0070095062255859375 0.0071566104888916016 0.007018089294433594 0.007532596588134766 0.007658243179321289 0.009149312973022461 0.00925898551940918 0.009363651275634766 0.00995635986328125 0.009860515594482422 0.010385990142822266 0.011104345321655273 0.01229405403137207 0.012824773788452148 0.013256549835205078 0.014232158660888672 0.015826702117919922 0.0197451114654541 0.02631664276123047 0.01865077018737793 0.0 0.0 0.0 0.0 0.0 0.0 0.0
0.6379432678222656 0.004525184631347656 0.005533456802368164 0.006154060363769531 0.006353855133056641 0.006405353546142578 0.0067996978759765625 0.00689244270324707 0.007185220718383789 0.007096052169799805 0.007670164108276367 0.008107900619506836 0.008646249771118164 0.009288549423217773 0.009414196014404297 0.009541511535644531 0.00988912582397461 0.010859489440917969 0.01188969612121582 0.012430906295776367 0.01284933090209961 0.0136260986328125 0.015220403671264648 0.019239425659179688 0.02547168731689453 0.01840043067932129 0.0 0.0 0.0 0.0 0.0 0.0
0.636249303817749 0.004223346710205078 0.005247592926025391 0.005844831466674805 0.0059397220611572266 0.005995750427246094 0.006325960159301758 0.00655055046081543 0.007025241851806641 0.0069386959075927734 0.0071718692779541016 0.007340908050537109 0.007825374603271484 0.008766651153564453 0.009131431579589844 0.009170293807983398 0.009315013885498047 0.009869813919067383 0.010650396347045898 0.011582136154174805 0.012287378311157227 0.012760400772094727 0.013265609741210938 0.015125513076782227 0.019037723541259766 0.02567768096923828 0.01866316795349121 0.0 0.0 0.0 0.0 0.0
0.6392219066619873 0.004064083099365234 0.004965066909790039 0.0056743621826171875 0.005670309066772461 0.0056171417236328125 0.005641937255859375 0.006062030792236328 0.0065479278564453125 0.006580829620361328 0.006706953048706055 0.006783246994018555 0.00693964958190918 0.007710695266723633 0.008241891860961914 0.008631467819213867 0.00883793830871582 0.009090185165405273 0.009632349014282227 0.010126590728759766 0.0110626220703125 0.011728525161743164 0.012212753295898438 0.012984991073608398 0.014720439910888672 0.01889824867248535 0.024618148803710938 0.018108129501342773 0.0 0.0 0.0 0.0
0.6352593898773193 0.003945827484130859 0.004805803298950195 0.005433797836303711 0.00559687614440918 0.005625247955322266 0.005548715591430664 0.005773305892944336 0.0061495304107666016 0.006485939025878906 0.00670313835144043 0.0068089962005615234 0.006748199462890625 0.007169961929321289 0.007586956024169922 0.008059978485107422 0.008534431457519531 0.008837223052978516 0.009063005447387695 0.009551525115966797 0.010223627090454102 0.011072397232055664 0.011748790740966797 0.012167215347290039 0.013154029846191406 0.014818668365478516 0.01866436004638672 0.024904489517211914 0.017890214920043945 0.0 0.0 0.0
0.6347320079803467 0.003920316696166992 0.004560708999633789 0.00513005256652832 0.005433320999145508 0.005536556243896484 0.005397796630859375 0.005570650100708008 0.005797624588012695 0.0059740543365478516 0.0064258575439453125 0.006560087203979492 0.006460905075073242 0.0066013336181640625 0.0068929195404052734 0.007391214370727539 0.007977724075317383 0.008455991744995117 0.00879526138305664 0.008776664733886719 0.009433507919311523 0.010114192962646484 0.010934829711914062 0.011626482009887695 0.012076616287231445 0.012775182723999023 0.014548063278198242 0.018605947494506836 0.024430274963378906 0.017584800720214844 0.0 0.0
0.6350505352020264 0.0038373470306396484 0.004470348358154297 0.004763603210449219 0.005025386810302734 0.005213260650634766 0.0053102970123291016 0.005408525466918945 0.005524158477783203 0.005564212799072266 0.005959749221801758 0.006264209747314453 0.0062847137451171875 0.006423473358154297 0.0064563751220703125 0.0067005157470703125 0.007221221923828125 0.007849693298339844 0.008468151092529297 0.008452892303466797 0.00878453254699707 0.009142160415649414 0.009834527969360352 0.010711908340454102 0.011261463165283203 0.011766433715820312 0.012604475021362305 0.014540672302246094 0.018125295639038086 0.023939847946166992 0.017482757568359375 0.0
0.6310205459594727 0.0038962364196777344 0.004634857177734375 0.004594087600708008 0.004796028137207031 0.005016326904296875 0.005257368087768555 0.00536036491394043 0.005505561828613281 0.0054473876953125 0.00576329231262207 0.005978584289550781 0.006163358688354492 0.006989240646362305 0.006459951400756836 0.006258726119995117 0.0067310333251953125 0.007151603698730469 0.007990360260009766 0.008275032043457031 0.008694887161254883 0.008772611618041992 0.00905156135559082 0.00989675521850586 0.010605096817016602 0.011498451232910156 0.011880874633789062 0.01254129409790039 0.014348983764648438 0.0180208683013916 0.023905515670776367 0.017206907272338867
