0.8284270763397217 0.0 0.0 0.0 0.0 0.0 0.0 0.0 0.0 0.0 0.0 0.0 0.0 0.0 0.0 0.0 0.0 0.0 0.0 0.0 0.0 0.0 0.0 0.0 0.0 0.0 0.0 0.0 0.0 0.0 0.0 0.0
0.8096826076507568 0.026265382766723633 0.0 0.0 0.0 0.0 0.0 0.0 0.0 0.0 0.0 0.0 0.0 0.0 0.0 0.0 0.0 0.0 0.0 0.0 0.0 0.0 0.0 0.0 0.0 0.0 0.0 0.0 0.0 0.0 0.0 0.0
0.7679474353790283 0.050074100494384766 0.03364133834838867 0.0 0.0 0.0 0.0 0.0 0.0 0.0 0.0 0.0 0.0 0.0 0.0 0.0 0.0 0.0 0.0 0.0 0.0 0.0 0.0 0.0 0.0 0.0 0.0 0.0 0.0 0.0 0.0 0.0
0.7158620357513428 0.040335655212402344 0.07429766654968262 0.03921771049499512 0.0 0.0 0.0 0.0 0.0 0.0 0.0 0.0 0.0 0.0 0.0 0.0 0.0 0.0 0.0 0.0 0.0 0.0 0.0 0.0 0.0 0.0 0.0 0.0 0.0 0.0 0.0 0.0
0.6700320243835449 0.02954864501953125 0.06548595428466797 0.0810856819152832 0.03830122947692871 0.0 0.0 0.0 0.0 0.0 0.0 0.0 0.0 0.0 0.0 0.0 0.0 0.0 0.0 0.0 0.0 0.0 0.0 0.0 0.0 0.0 0.0 0.0 0.0 0.0 0.0 0.0
0.6396055221557617 0.023764610290527344 0.05109357833862305 0.0717458724975586 0.07186508178710938 0.035959482192993164 0.0 0.0 0.0 0.0 0.0 0.0 0.0 0.0 0.0 0.0 0.0 0.0 0.0 0.0 0.0 0.0 0.0 0.0 0.0 0.0 0.0 0.0 0.0 0.0 0.0 0.0
0.614842414855957 0.02055644989013672 0.042379140853881836 0.05904960632324219 0.06417441368103027 0.06606602668762207 0.03457903861999512 0.0 0.0 0.0 0.0 0.0 0.0 0.0 0.0 0.0 0.0 0.0 0.0 0.0 0.0 0.0 0.0 0.0 0.0 0.0 0.0 0.0 0.0 0.0 0.0 0.0
0.6062822341918945 0.01674628257751465 0.035306692123413086 0.04761552810668945 0.049953460693359375 0.056246042251586914 0.059394121170043945 0.03304409980773926 0.0 0.0 0.0 0.0 0.0 0.0 0.0 0.0 0.0 0.0 0.0 0.0 0.0 0.0 0.0 0.0 0.0 0.0 0.0 0.0 0.0 0.0 0.0 0.0
0.5940217971801758 0.014105081558227539 0.0344691276550293 0.0390472412109375 0.03976011276245117 0.04482078552246094 0.050935983657836914 0.058336734771728516 0.03289365768432617 0.0 0.0 0.0 0.0 0.0 0.0 0.0 0.0 0.0 0.0 0.0 0.0 0.0 0.0 0.0 0.0 0.0 0.0 0.0 0.0 0.0 0.0 0.0
0.5817348957061768 0.012860536575317383 0.028092384338378906 0.03505110740661621 0.03420877456665039 0.0362703800201416 0.04046034812927246 0.050078630447387695 0.06081271171569824 0.0324404239654541 0.0 0.0 0.0 0.0 0.0 0.0 0.0 0.0 0.0 0.0 0.0 0.0 0.0 0.0 0.0 0.0 0.0 0.0 0.0 0.0 0.0 0.0
0.5686314105987549 0.011866092681884766 0.026751279830932617 0.03267693519592285 0.031412601470947266 0.03187918663024902 0.033301591873168945 0.039490461349487305 0.04951143264770508 0.05683302879333496 0.033460378646850586 0.0 0.0 0.0 0.0 0.0 0.0 0.0 0.0 0.0 0.0 0.0 0.0 0.0 0.0 0.0 0.0 0.0 0.0 0.0 0.0 0.0
0.561121940612793 0.010219812393188477 0.022247791290283203 0.030781269073486328 0.028395891189575195 0.028419971466064453 0.02838301658630371 0.03238558769226074 0.0392146110534668 0.047531843185424805 0.05747723579406738 0.03182530403137207 0.0 0.0 0.0 0.0 0.0 0.0 0.0 0.0 0.0 0.0 0.0 0.0 0.0 0.0 0.0 0.0 0.0 0.0 0.0 0.0
0.5505540370941162 0.00926065444946289 0.019440174102783203 0.026469945907592773 0.02532339096069336 0.02538323402404785 0.02574896812438965 0.027338266372680664 0.033766746520996094 0.03797030448913574 0.05173230171203613 0.05701708793640137 0.03089308738708496 0.0 0.0 0.0 0.0 0.0 0.0 0.0 0.0 0.0 0.0 0.0 0.0 0.0 0.0 0.0 0.0 0.0 0.0 0.0
0.5499668121337891 0.008486747741699219 0.018514633178710938 0.022533655166625977 0.022633790969848633 0.023668289184570312 0.023688793182373047 0.025055646896362305 0.026792287826538086 0.030162811279296875 0.03772282600402832 0.047298431396484375 0.053073883056640625 0.03171181678771973 0.0 0.0 0.0 0.0 0.0 0.0 0.0 0.0 0.0 0.0 0.0 0.0 0.0 0.0 0.0 0.0 0.0 0.0
0.5416285991668701 0.007944583892822266 0.017671823501586914 0.020400285720825195 0.01974964141845703 0.02075028419494629 0.021521806716918945 0.023125410079956055 0.023812294006347656 0.02631521224975586 0.033290863037109375 0.03707742691040039 0.043313026428222656 0.056604862213134766 0.030365943908691406 0.0 0.0 0.0 0.0 0.0 0.0 0.0 0.0 0.0 0.0 0.0 0.0 0.0 0.0 0.0 0.0 0.0
0.532217264175415 0.008020877838134766 0.01753091812133789 0.019674301147460938 0.019202232360839844 0.018977880477905273 0.019453048706054688 0.020961523056030273 0.022399187088012695 0.023023128509521484 0.02669835090637207 0.0336308479309082 0.03477621078491211 0.04640364646911621 0.05159354209899902 0.0315709114074707 0.0 0.0 0.0 0.0 0.0 0.0 0.0 0.0 0.0 0.0 0.0 0.0 0.0 0.0 0.0 0.0
0.5285778045654297 0.007262229919433594 0.016053199768066406 0.01868438720703125 0.017747879028320312 0.01762247085571289 0.0173947811126709 0.018901586532592773 0.02084803581237793 0.021460533142089844 0.0249178409576416 0.027219295501708984 0.028401851654052734 0.036673545837402344 0.043706655502319336 0.05148434638977051 0.030240297317504883 0.0 0.0 0.0 0.0 0.0 0.0 0.0 0.0 0.0 0.0 0.0 0.0 0.0 0.0 0.0
0.5274741649627686 0.007172822952270508 0.015199661254882812 0.01820206642150879 0.017473220825195312 0.016554594039916992 0.01667022705078125 0.017094850540161133 0.01859283447265625 0.019692420959472656 0.02185821533203125 0.023135662078857422 0.024846792221069336 0.028980493545532227 0.03319549560546875 0.04166054725646973 0.04947185516357422 0.03037714958190918 0.0 0.0 0.0 0.0 0.0 0.0 0.0 0.0 0.0 0.0 0.0 0.0 0.0 0.0
0.5224244594573975 0.00695037841796875 0.014119148254394531 0.018110275268554688 0.016777753829956055 0.016587495803833008 0.015389204025268555 0.015690326690673828 0.016340970993041992 0.017560720443725586 0.020171165466308594 0.02129364013671875 0.021904468536376953 0.024456262588500977 0.02725982666015625 0.03310704231262207 0.04100489616394043 0.05077028274536133 0.029077768325805664 0.0 0.0 0.0 0.0 0.0 0.0 0.0 0.0 0.0 0.0 0.0 0.0 0.0
0.5179436206817627 0.006442546844482422 0.013551473617553711 0.01578354835510254 0.015550851821899414 0.01612257957458496 0.015253543853759766 0.01505732536315918 0.015091419219970703 0.016098737716674805 0.01774454116821289 0.020773887634277344 0.02047443389892578 0.02215719223022461 0.023247957229614258 0.028777599334716797 0.03224492073059082 0.04059743881225586 0.048743247985839844 0.028564453125 0.0 0.0 0.0 0.0 0.0 0.0 0.0 0.0 0.0 0.0 0.0 0.0
0.5168180465698242 0.006079435348510742 0.013611793518066406 0.014611244201660156 0.014839649200439453 0.014858722686767578 0.015054941177368164 0.014472246170043945 0.014576435089111328 0.015180826187133789 0.01644730567932129 0.017807722091674805 0.018825769424438477 0.020451068878173828 0.0209500789642334 0.023452281951904297 0.026774883270263672 0.031450510025024414 0.03889107704162598 0.04694008827209473 0.02853870391845703 0.0 0.0 0.0 0.0 0.0 0.0 0.0 0.0 0.0 0.0 0.0
0.5105345249176025 0.005318403244018555 0.013116121292114258 0.014590978622436523 0.013864994049072266 0.013918638229370117 0.013985872268676758 0.014517784118652344 0.014630794525146484 0.014744043350219727 0.015413045883178711 0.016242027282714844 0.016910076141357422 0.019684314727783203 0.019640207290649414 0.02129960060119629 0.0225985050201416 0.02703070640563965 0.030931711196899414 0.03702354431152344 0.04758763313293457 0.028673648834228516 0.0 0.0 0.0 0.0 0.0 0.0 0.0 0.0 0.0 0.0
0.5006942749023438 0.004812717437744141 0.012679100036621094 0.01687145233154297 0.013361215591430664 0.013187885284423828 0.012694358825683594 0.013788223266601562 0.014104366302490234 0.014446496963500977 0.016696929931640625 0.015620708465576172 0.01580667495727539 0.017473220825195312 0.018545150756835938 0.019817590713500977 0.020529508590698242 0.023642301559448242 0.026406526565551758 0.0296328067779541 0.03824257850646973 0.046277523040771484 0.02939128875732422 0.0 0.0 0.0 0.0 0.0 0.0 0.0 0.0 0.0
0.5003132820129395 0.004589080810546875 0.011710643768310547 0.014973163604736328 0.013411521911621094 0.012690067291259766 0.012053966522216797 0.012895584106445312 0.013607501983642578 0.014438390731811523 0.015451431274414062 0.014998197555541992 0.014247655868530273 0.016294002532958984 0.0164029598236084 0.01796102523803711 0.019235610961914062 0.021223783493041992 0.02206277847290039 0.024639606475830078 0.029412508010864258 0.037165164947509766 0.047052860260009766 0.028064489364624023 0.0 0.0 0.0 0.0 0.0 0.0 0.0 0.0
0.4939112663269043 0.0046117305755615234 0.010903358459472656 0.013499975204467773 0.01318502426147461 0.01292562484741211 0.01216578483581543 0.01197361946105957 0.012684822082519531 0.013797283172607422 0.01551508903503418 0.015648365020751953 0.014507532119750977 0.018721580505371094 0.014682769775390625 0.016521215438842773 0.017750263214111328 0.020967960357666016 0.019951343536376953 0.020686864852905273 0.024276256561279297 0.02866220474243164 0.036895036697387695 0.04486083984375 0.027225971221923828 0.0 0.0 0.0 0.0 0.0 0.0 0.0
0.4946587085723877 0.0045163631439208984 0.010647058486938477 0.012470006942749023 0.012710332870483398 0.012366771697998047 0.012199640274047852 0.011703729629516602 0.01218867301940918 0.012575149536132812 0.014871358871459961 0.0168454647064209 0.014127254486083984 0.014856100082397461 0.013657569885253906 0.014822721481323242 0.01633763313293457 0.016884803771972656 0.018093585968017578 0.01882147789001465 0.020924091339111328 0.02444148063659668 0.029428958892822266 0.03506827354431152 0.04388880729675293 0.02733135223388672 0.0 0.0 0.0 0.0 0.0 0.0
0.4952716827392578 0.004518270492553711 0.01005697250366211 0.01152944564819336 0.011404037475585938 0.011681556701660156 0.011627197265625 0.011628866195678711 0.011654138565063477 0.011951684951782227 0.013238191604614258 0.01332545280456543 0.013518571853637695 0.013901710510253906 0.013366937637329102 0.013750791549682617 0.014978408813476562 0.015536069869995117 0.016973018646240234 0.01735520362854004 0.018922805786132812 0.02054762840270996 0.02472710609436035 0.0284271240234375 0.0347442626953125 0.04479646682739258 0.026899337768554688 0.0 0.0 0.0 0.0 0.0
0.49421143531799316 0.004405498504638672 0.010128498077392578 0.01127004623413086 0.010607481002807617 0.010529279708862305 0.010939359664916992 0.011117219924926758 0.011791467666625977 0.01120305061340332 0.011902570724487305 0.01314401626586914 0.01338052749633789 0.014358043670654297 0.013442039489746094 0.013322591781616211 0.01389312744140625 0.014953136444091797 0.015332460403442383 0.016045808792114258 0.01754593849182129 0.0184476375579834 0.021143198013305664 0.023641109466552734 0.026961803436279297 0.033727169036865234 0.04199719429016113 0.02725696563720703 0.0 0.0 0.0 0.0
0.49483656883239746 0.004112958908081055 0.01001882553100586 0.011287212371826172 0.01021575927734375 0.00967860221862793 0.0100250244140625 0.010679960250854492 0.011177539825439453 0.011343955993652344 0.011928558349609375 0.012196540832519531 0.01208043098449707 0.01361393928527832 0.013083219528198242 0.013104438781738281 0.012861967086791992 0.013204574584960938 0.013845682144165039 0.014362335205078125 0.015558958053588867 0.016938447952270508 0.018632888793945312 0.019418716430664062 0.023021221160888672 0.0269012451171875 0.03320145606994629 0.04319643974304199 0.026065826416015625 0.0 0.0 0.0
0.4880824089050293 0.003968238830566406 0.009423971176147461 0.01155400276184082 0.0107421875 0.009683609008789062 0.009470939636230469 0.010069131851196289 0.010988473892211914 0.01132345199584961 0.012029886245727539 0.013063430786132812 0.011701583862304688 0.012866497039794922 0.012200355529785156 0.013390541076660156 0.012697696685791016 0.013012409210205078 0.012933492660522461 0.013213396072387695 0.014229774475097656 0.015656232833862305 0.017874956130981445 0.01792311668395996 0.019558191299438477 0.02290964126586914 0.026616334915161133 0.03366518020629883 0.041313886642456055 0.02609539031982422 0.0 0.0
0.4870467185974121 0.0038766860961914062 0.008773326873779297 0.010727405548095703 0.010429859161376953 0.009370088577270508 0.008819103240966797 0.009360313415527344 0.00963592529296875 0.010869979858398438 0.011453628540039062 0.011858463287353516 0.010966777801513672 0.012496709823608398 0.011915206909179688 0.015149831771850586 0.012075662612915039 0.012899160385131836 0.012367486953735352 0.012642145156860352 0.012862920761108398 0.014426231384277344 0.01686239242553711 0.016822338104248047 0.017545461654663086 0.019243240356445312 0.0218203067779541 0.026375532150268555 0.031995296478271484 0.04164409637451172 0.02622509002685547 0.0
0.4870913028717041 0.003869295120239258 0.008449316024780273 0.01032710075378418 0.010108709335327148 0.009597063064575195 0.00919961929321289 0.008996248245239258 0.009299278259277344 0.009738445281982422 0.011675834655761719 0.011119604110717773 0.010955572128295898 0.014247894287109375 0.011229515075683594 0.011707067489624023 0.011863946914672852 0.011909246444702148 0.012514829635620117 0.01188516616821289 0.011964082717895508 0.012670755386352539 0.014132022857666016 0.014781475067138672 0.015946626663208008 0.01760268211364746 0.018838882446289062 0.022585630416870117 0.025359630584716797 0.032679080963134766 0.04080653190612793 0.02544999122619629
