0.8284270763397217 0.0 0.0 0.0 0.0 0.0 0.0 0.0 0.0 0.0 0.0 0.0 0.0 0.0 0.0 0.0 0.0 0.0 0.0 0.0 0.0 0.0 0.0 0.0 0.0 0.0 0.0 0.0 0.0 0.0 0.0 0.0
0.796952486038208 0.04378104209899902 0.0 0.0 0.0 0.0 0.0 0.0 0.0 0.0 0.0 0.0 0.0 0.0 0.0 0.0 0.0 0.0 0.0 0.0 0.0 0.0 0.0 0.0 0.0 0.0 0.0 0.0 0.0 0.0 0.0 0.0
0.7373943328857422 0.05762815475463867 0.06708860397338867 0.0 0.0 0.0 0.0 0.0 0.0 0.0 0.0 0.0 0.0 0.0 0.0 0.0 0.0 0.0 0.0 0.0 0.0 0.0 0.0 0.0 0.0 0.0 0.0 0.0 0.0 0.0 0.0 0.0
0.7038180828094482 0.0314178466796875 0.06410741806030273 0.07416415214538574 0.0 0.0 0.0 0.0 0.0 0.0 0.0 0.0 0.0 0.0 0.0 0.0 0.0 0.0 0.0 0.0 0.0 0.0 0.0 0.0 0.0 0.0 0.0 0.0 0.0 0.0 0.0 0.0
0.6864776611328125 0.018837690353393555 0.0354151725769043 0.06638097763061523 0.07226705551147461 0.0 0.0 0.0 0.0 0.0 0.0 0.0 0.0 0.0 0.0 0.0 0.0 0.0 0.0 0.0 0.0 0.0 0.0 0.0 0.0 0.0 0.0 0.0 0.0 0.0 0.0 0.0
0.6732735633850098 0.011626482009887695 0.021500349044799805 0.0361943244934082 0.06912374496459961 0.07198858261108398 0.0 0.0 0.0 0.0 0.0 0.0 0.0 0.0 0.0 0.0 0.0 0.0 0.0 0.0 0.0 0.0 0.0 0.0 0.0 0.0 0.0 0.0 0.0 0.0 0.0 0.0
0.6599056720733643 0.008422374725341797 0.014848709106445312 0.022116422653198242 0.03738141059875488 0.07252359390258789 0.07274961471557617 0.0 0.0 0.0 0.0 0.0 0.0 0.0 0.0 0.0 0.0 0.0 0.0 0.0 0.0 0.0 0.0 0.0 0.0 0.0 0.0 0.0 0.0 0.0 0.0 0.0
0.6471903324127197 0.008058547973632812 0.012526512145996094 0.01612067222595215 0.0227816104888916 0.038370370864868164 0.07318353652954102 0.07373356819152832 0.0 0.0 0.0 0.0 0.0 0.0 0.0 0.0 0.0 0.0 0.0 0.0 0.0 0.0 0.0 0.0 0.0 0.0 0.0 0.0 0.0 0.0 0.0 0.0
0.6386961936950684 0.007509708404541016 0.01127171516418457 0.0125274658203125 0.016155242919921875 0.022732257843017578 0.038285255432128906 0.07259678840637207 0.07488012313842773 0.0 0.0 0.0 0.0 0.0 0.0 0.0 0.0 0.0 0.0 0.0 0.0 0.0 0.0 0.0 0.0 0.0 0.0 0.0 0.0 0.0 0.0 0.0
0.6228053569793701 0.006229877471923828 0.010670185089111328 0.011383771896362305 0.012115716934204102 0.015134096145629883 0.022594928741455078 0.03832697868347168 0.0824286937713623 0.07748103141784668 0.0 0.0 0.0 0.0 0.0 0.0 0.0 0.0 0.0 0.0 0.0 0.0 0.0 0.0 0.0 0.0 0.0 0.0 0.0 0.0 0.0 0.0
0.6205945014953613 0.004385232925415039 0.009141206741333008 0.010942935943603516 0.010565996170043945 0.011806249618530273 0.015295028686523438 0.022569894790649414 0.04213857650756836 0.07749652862548828 0.0751194953918457 0.0 0.0 0.0 0.0 0.0 0.0 0.0 0.0 0.0 0.0 0.0 0.0 0.0 0.0 0.0 0.0 0.0 0.0 0.0 0.0 0.0
0.61297607421875 0.0034148693084716797 0.007338523864746094 0.010066986083984375 0.01075434684753418 0.010290861129760742 0.011884212493896484 0.015497684478759766 0.024301767349243164 0.039366960525512695 0.08063864707946777 0.07574844360351562 0.0 0.0 0.0 0.0 0.0 0.0 0.0 0.0 0.0 0.0 0.0 0.0 0.0 0.0 0.0 0.0 0.0 0.0 0.0 0.0
0.6100523471832275 0.0032973289489746094 0.006107807159423828 0.008054971694946289 0.009987354278564453 0.010179519653320312 0.010683536529541016 0.011915445327758789 0.016571760177612305 0.022488832473754883 0.04071402549743652 0.07938933372497559 0.07382774353027344 0.0 0.0 0.0 0.0 0.0 0.0 0.0 0.0 0.0 0.0 0.0 0.0 0.0 0.0 0.0 0.0 0.0 0.0 0.0
0.6061952114105225 0.0036153793334960938 0.005818843841552734 0.006498575210571289 0.007299661636352539 0.008873939514160156 0.009736061096191406 0.010635137557983398 0.012329578399658203 0.015001535415649414 0.02382659912109375 0.04353642463684082 0.0772552490234375 0.07383584976196289 0.0 0.0 0.0 0.0 0.0 0.0 0.0 0.0 0.0 0.0 0.0 0.0 0.0 0.0 0.0 0.0 0.0 0.0
0.6000850200653076 0.003926277160644531 0.006188869476318359 0.006165027618408203 0.00640559196472168 0.007112264633178711 0.008402109146118164 0.009945154190063477 0.011130332946777344 0.011936664581298828 0.016483545303344727 0.02605724334716797 0.04252457618713379 0.07751178741455078 0.07244253158569336 0.0 0.0 0.0 0.0 0.0 0.0 0.0 0.0 0.0 0.0 0.0 0.0 0.0 0.0 0.0 0.0 0.0
0.6011321544647217 0.0036287307739257812 0.006211519241333008 0.005998134613037109 0.005731344223022461 0.005913496017456055 0.006766319274902344 0.008436918258666992 0.010439634323120117 0.010314226150512695 0.012036323547363281 0.01735210418701172 0.023424386978149414 0.040049076080322266 0.07720756530761719 0.07147598266601562 0.0 0.0 0.0 0.0 0.0 0.0 0.0 0.0 0.0 0.0 0.0 0.0 0.0 0.0 0.0 0.0
0.5911819934844971 0.00316619873046875 0.005988359451293945 0.006249904632568359 0.0059278011322021484 0.005799055099487305 0.00590062141418457 0.007040977478027344 0.009246587753295898 0.010843515396118164 0.010675907135009766 0.012618303298950195 0.01616501808166504 0.025669097900390625 0.042679786682128906 0.0769498348236084 0.07285618782043457 0.0 0.0 0.0 0.0 0.0 0.0 0.0 0.0 0.0 0.0 0.0 0.0 0.0 0.0 0.0
0.5880727767944336 0.002677440643310547 0.005230903625488281 0.0061457157135009766 0.006030559539794922 0.006052732467651367 0.005609750747680664 0.006127357482910156 0.007028102874755859 0.008162736892700195 0.011223554611206055 0.012131214141845703 0.012380599975585938 0.015553712844848633 0.02318120002746582 0.040778160095214844 0.08096051216125488 0.07245039939880371 0.0 0.0 0.0 0.0 0.0 0.0 0.0 0.0 0.0 0.0 0.0 0.0 0.0 0.0
0.5855288505554199 0.002606630325317383 0.004673957824707031 0.005393028259277344 0.005539417266845703 0.006227731704711914 0.005814075469970703 0.00561976432800293 0.006024360656738281 0.006944894790649414 0.010096311569213867 0.010783910751342773 0.010543107986450195 0.011752843856811523 0.015487194061279297 0.0243070125579834 0.03975701332092285 0.07894158363342285 0.0745096206665039 0.0 0.0 0.0 0.0 0.0 0.0 0.0 0.0 0.0 0.0 0.0 0.0 0.0
0.5793893337249756 0.0028471946716308594 0.00424504280090332 0.004723072052001953 0.004881858825683594 0.005794048309326172 0.005949974060058594 0.005770206451416016 0.005983829498291016 0.005975246429443359 0.007403373718261719 0.010030508041381836 0.010192632675170898 0.010701894760131836 0.012288808822631836 0.016411304473876953 0.0240325927734375 0.04338669776916504 0.08001852035522461 0.07226800918579102 0.0 0.0 0.0 0.0 0.0 0.0 0.0 0.0 0.0 0.0 0.0 0.0
0.5762460231781006 0.002973794937133789 0.0044097900390625 0.004564762115478516 0.004270076751708984 0.004876375198364258 0.005507707595825195 0.0060422420501708984 0.0060918331146240234 0.00570368766784668 0.006090402603149414 0.009033679962158203 0.008954524993896484 0.010087728500366211 0.010698080062866211 0.012154579162597656 0.01586294174194336 0.023969411849975586 0.04057645797729492 0.08059191703796387 0.07445168495178223 0.0 0.0 0.0 0.0 0.0 0.0 0.0 0.0 0.0 0.0 0.0
0.5734784603118896 0.0025568008422851562 0.004679679870605469 0.004819631576538086 0.004250526428222656 0.004441022872924805 0.004898786544799805 0.0056269168853759766 0.0060672760009765625 0.005870342254638672 0.005884408950805664 0.010035037994384766 0.007127523422241211 0.009034395217895508 0.010682821273803711 0.010775327682495117 0.01194000244140625 0.016415119171142578 0.023865222930908203 0.0402677059173584 0.0791161060333252 0.07224845886230469 0.0 0.0 0.0 0.0 0.0 0.0 0.0 0.0 0.0 0.0
0.5719168186187744 0.0020232200622558594 0.004311561584472656 0.005753517150878906 0.004168510437011719 0.0038580894470214844 0.004375934600830078 0.004995822906494141 0.005803585052490234 0.006118297576904297 0.0063495635986328125 0.008001565933227539 0.006227731704711914 0.007647037506103516 0.009714603424072266 0.010068178176879883 0.011240482330322266 0.012185335159301758 0.015636920928955078 0.024325847625732422 0.04098343849182129 0.07678675651550293 0.07211422920227051 0.0 0.0 0.0 0.0 0.0 0.0 0.0 0.0 0.0
0.5729513168334961 0.0016770362854003906 0.0034492015838623047 0.004697084426879883 0.004434347152709961 0.004439115524291992 0.004062652587890625 0.004263639450073242 0.00585484504699707 0.005891561508178711 0.006792783737182617 0.00658726692199707 0.00586247444152832 0.006157875061035156 0.007249593734741211 0.008382797241210938 0.009517908096313477 0.010551691055297852 0.012113332748413086 0.016576290130615234 0.02340388298034668 0.04002070426940918 0.07769942283630371 0.0716855525970459 0.0 0.0 0.0 0.0 0.0 0.0 0.0 0.0
0.5728356838226318 0.0016467571258544922 0.0029146671295166016 0.0038127899169921875 0.004061460494995117 0.00458216667175293 0.0043582916259765625 0.003845691680908203 0.004486560821533203 0.0049343109130859375 0.005891084671020508 0.007128238677978516 0.005828857421875 0.005772113800048828 0.006494760513305664 0.006932497024536133 0.008345842361450195 0.009409427642822266 0.010614633560180664 0.012459039688110352 0.01577448844909668 0.023283958435058594 0.04156827926635742 0.07589268684387207 0.07153892517089844 0.0 0.0 0.0 0.0 0.0 0.0 0.0
0.5642397403717041 0.0019044876098632812 0.0025501251220703125 0.0030655860900878906 0.003470182418823242 0.0042955875396728516 0.004477739334106445 0.004181623458862305 0.004933595657348633 0.004018068313598633 0.004929065704345703 0.006058692932128906 0.006132841110229492 0.005825519561767578 0.0064618587493896484 0.006216764450073242 0.006999969482421875 0.008694887161254883 0.010949134826660156 0.01109623908996582 0.012072086334228516 0.015981674194335938 0.02483654022216797 0.0402374267578125 0.08032822608947754 0.07268071174621582 0.0 0.0 0.0 0.0 0.0 0.0
0.5622680187225342 0.0022296905517578125 0.0029511451721191406 0.003017425537109375 0.0028162002563476562 0.003495931625366211 0.004032611846923828 0.0043718814849853516 0.004408597946166992 0.0039861202239990234 0.004847049713134766 0.006207942962646484 0.006445407867431641 0.0076067447662353516 0.006485939025878906 0.005819559097290039 0.0060214996337890625 0.007421255111694336 0.008966922760009766 0.009914159774780273 0.010162115097045898 0.01166987419128418 0.015741825103759766 0.02405548095703125 0.042075395584106445 0.07825303077697754 0.07200098037719727 0.0 0.0 0.0 0.0 0.0
0.5619714260101318 0.0022058486938476562 0.0034263134002685547 0.0030646324157714844 0.0026569366455078125 0.0029273033142089844 0.003445863723754883 0.003830432891845703 0.0042781829833984375 0.004012107849121094 0.0043299198150634766 0.004747152328491211 0.004943370819091797 0.0060808658599853516 0.006912708282470703 0.005656719207763672 0.005639314651489258 0.005852222442626953 0.007010459899902344 0.008467435836791992 0.009189128875732422 0.010291814804077148 0.01221776008605957 0.015731096267700195 0.024880170822143555 0.04054570198059082 0.0803229808807373 0.07264590263366699 0.0 0.0 0.0 0.0
0.5587716102600098 0.0018041133880615234 0.003494739532470703 0.003457784652709961 0.002838611602783203 0.002634763717651367 0.002820253372192383 0.0033922195434570312 0.0042459964752197266 0.004469633102416992 0.0044591426849365234 0.00423431396484375 0.004439115524291992 0.005091667175292969 0.006305694580078125 0.006028413772583008 0.005604743957519531 0.006031513214111328 0.006527423858642578 0.0070095062255859375 0.008445501327514648 0.009482145309448242 0.010987043380737305 0.013221502304077148 0.016155004501342773 0.02462935447692871 0.03999137878417969 0.07824039459228516 0.07341790199279785 0.0 0.0 0.0
0.5563158988952637 0.0014481544494628906 0.003283977508544922 0.003680706024169922 0.003187894821166992 0.002896547317504883 0.002603292465209961 0.0029449462890625 0.003740072250366211 0.0039212703704833984 0.0044405460357666016 0.004360675811767578 0.004064321517944336 0.004358768463134766 0.005911588668823242 0.0061304569244384766 0.005831480026245117 0.0061779022216796875 0.006363630294799805 0.006186246871948242 0.007211446762084961 0.009102821350097656 0.009618043899536133 0.010883808135986328 0.012274026870727539 0.016210079193115234 0.023782014846801758 0.04146695137023926 0.076904296875 0.07363438606262207 0.0 0.0
0.5528419017791748 0.0013966560363769531 0.002538442611694336 0.0033555030822753906 0.0034513473510742188 0.004194498062133789 0.002888917922973633 0.0028772354125976562 0.0032432079315185547 0.0033447742462158203 0.004190683364868164 0.004846096038818359 0.004212617874145508 0.004291534423828125 0.005113840103149414 0.005530834197998047 0.005613088607788086 0.0062046051025390625 0.007477998733520508 0.005590677261352539 0.006096839904785156 0.007332563400268555 0.008317708969116211 0.009944677352905273 0.010657787322998047 0.012201309204101562 0.016220569610595703 0.023720502853393555 0.039925575256347656 0.07787966728210449 0.07435941696166992 0.0
0.5530712604522705 0.0016980171203613281 0.0024213790893554688 0.003023386001586914 0.0031805038452148438 0.005217552185058594 0.003409862518310547 0.003281116485595703 0.0029795169830322266 0.002991914749145508 0.0038177967071533203 0.004963874816894531 0.004250049591064453 0.004291534423828125 0.004416942596435547 0.004667520523071289 0.005121946334838867 0.0060160160064697266 0.006351947784423828 0.005672931671142578 0.005901336669921875 0.006581783294677734 0.007115840911865234 0.01005411148071289 0.009923458099365234 0.009854555130004883 0.012009620666503906 0.015630245208740234 0.023607254028320312 0.03950309753417969 0.07582354545593262 0.07308673858642578
