0.8284270763397217 0.0 0.0 0.0 0.0 0.0 0.0 0.0 0.0 0.0 0.0 0.0 0.0 0.0 0.0 0.0 0.0 0.0 0.0 0.0 0.0 0.0 0.0 0.0 0.0 0.0 0.0 0.0 0.0 0.0 0.0 0.0
0.7819466590881348 0.0641486644744873 0.0 0.0 0.0 0.0 0.0 0.0 0.0 0.0 0.0 0.0 0.0 0.0 0.0 0.0 0.0 0.0 0.0 0.0 0.0 0.0 0.0 0.0 0.0 0.0 0.0 0.0 0.0 0.0 0.0 0.0
0.8025660514831543 0.010951995849609375 0.025266408920288086 0.0 0.0 0.0 0.0 0.0 0.0 0.0 0.0 0.0 0.0 0.0 0.0 0.0 0.0 0.0 0.0 0.0 0.0 0.0 0.0 0.0 0.0 0.0 0.0 0.0 0.0 0.0 0.0 0.0
0.7995498180389404 0.002990245819091797 0.012746572494506836 0.024695396423339844 0.0 0.0 0.0 0.0 0.0 0.0 0.0 0.0 0.0 0.0 0.0 0.0 0.0 0.0 0.0 0.0 0.0 0.0 0.0 0.0 0.0 0.0 0.0 0.0 0.0 0.0 0.0 0.0
0.8005545139312744 0.001157999038696289 0.0031299591064453125 0.011401653289794922 0.0233612060546875 0.0 0.0 0.0 0.0 0.0 0.0 0.0 0.0 0.0 0.0 0.0 0.0 0.0 0.0 0.0 0.0 0.0 0.0 0.0 0.0 0.0 0.0 0.0 0.0 0.0 0.0 0.0
0.8008160591125488 0.0010120868682861328 0.0014050006866455078 0.0031883716583251953 0.010622978210449219 0.02247309684753418 0.0 0.0 0.0 0.0 0.0 0.0 0.0 0.0 0.0 0.0 0.0 0.0 0.0 0.0 0.0 0.0 0.0 0.0 0.0 0.0 0.0 0.0 0.0 0.0 0.0 0.0
0.7991740703582764 0.0012297630310058594 0.0011889934539794922 0.0013341903686523438 0.0034520626068115234 0.011527299880981445 0.0222625732421875 0.0 0.0 0.0 0.0 0.0 0.0 0.0 0.0 0.0 0.0 0.0 0.0 0.0 0.0 0.0 0.0 0.0 0.0 0.0 0.0 0.0 0.0 0.0 0.0 0.0
0.800468921661377 0.0015017986297607422 0.0011930465698242188 0.0009660720825195312 0.0012764930725097656 0.002963542938232422 0.01041555404663086 0.0208890438079834 0.0 0.0 0.0 0.0 0.0 0.0 0.0 0.0 0.0 0.0 0.0 0.0 0.0 0.0 0.0 0.0 0.0 0.0 0.0 0.0 0.0 0.0 0.0 0.0
0.8007218837738037 0.001383066177368164 0.0013966560363769531 0.001112222671508789 0.0010073184967041016 0.0012083053588867188 0.0025784969329833984 0.009618520736694336 0.020550966262817383 0.0 0.0 0.0 0.0 0.0 0.0 0.0 0.0 0.0 0.0 0.0 0.0 0.0 0.0 0.0 0.0 0.0 0.0 0.0 0.0 0.0 0.0 0.0
0.8013265132904053 0.0010597705841064453 0.001291036605834961 0.0012238025665283203 0.0010330677032470703 0.0008451938629150391 0.0010347366333007812 0.0024938583374023438 0.009617805480957031 0.01942133903503418 0.0 0.0 0.0 0.0 0.0 0.0 0.0 0.0 0.0 0.0 0.0 0.0 0.0 0.0 0.0 0.0 0.0 0.0 0.0 0.0 0.0 0.0
0.8021864891052246 0.0007805824279785156 0.0009303092956542969 0.001161336898803711 0.001195669174194336 0.0009472370147705078 0.0008401870727539062 0.0010864734649658203 0.0025305747985839844 0.008912086486816406 0.01844620704650879 0.0 0.0 0.0 0.0 0.0 0.0 0.0 0.0 0.0 0.0 0.0 0.0 0.0 0.0 0.0 0.0 0.0 0.0 0.0 0.0 0.0
0.8008923530578613 0.0007178783416748047 0.0007033348083496094 0.0009124279022216797 0.0011932849884033203 0.00131988525390625 0.0009360313415527344 0.0008623600006103516 0.001857757568359375 0.0026667118072509766 0.00911712646484375 0.018353939056396484 0.0 0.0 0.0 0.0 0.0 0.0 0.0 0.0 0.0 0.0 0.0 0.0 0.0 0.0 0.0 0.0 0.0 0.0 0.0 0.0
0.8018746376037598 0.0008177757263183594 0.0006630420684814453 0.0006711483001708984 0.0008852481842041016 0.0012383460998535156 0.0011060237884521484 0.0009407997131347656 0.0011608600616455078 0.0011708736419677734 0.002871274948120117 0.008551597595214844 0.017201900482177734 0.0 0.0 0.0 0.0 0.0 0.0 0.0 0.0 0.0 0.0 0.0 0.0 0.0 0.0 0.0 0.0 0.0 0.0 0.0
0.8019652366638184 0.0008628368377685547 0.0007557868957519531 0.0006189346313476562 0.0006723403930664062 0.0008697509765625 0.001068115234375 0.0011258125305175781 0.0011563301086425781 0.00079345703125 0.0010442733764648438 0.0025184154510498047 0.008208036422729492 0.01745772361755371 0.0 0.0 0.0 0.0 0.0 0.0 0.0 0.0 0.0 0.0 0.0 0.0 0.0 0.0 0.0 0.0 0.0 0.0
0.7996039390563965 0.0007596015930175781 0.0008533000946044922 0.00070953369140625 0.0006306171417236328 0.0006909370422363281 0.0008299350738525391 0.001116037368774414 0.0013363361358642578 0.0009195804595947266 0.0014834403991699219 0.0010266304016113281 0.0021746158599853516 0.008907318115234375 0.018999576568603516 0.0 0.0 0.0 0.0 0.0 0.0 0.0 0.0 0.0 0.0 0.0 0.0 0.0 0.0 0.0 0.0 0.0
0.800466775894165 0.0005774497985839844 0.0007352828979492188 0.0008022785186767578 0.0006661415100097656 0.0005800724029541016 0.0006170272827148438 0.0008423328399658203 0.0011487007141113281 0.0010383129119873047 0.0009608268737792969 0.0007898807525634766 0.0009136199951171875 0.0027344226837158203 0.008900880813598633 0.017935514450073242 0.0 0.0 0.0 0.0 0.0 0.0 0.0 0.0 0.0 0.0 0.0 0.0 0.0 0.0 0.0 0.0
0.8005990982055664 0.0004928112030029297 0.0005590915679931641 0.0006880760192871094 0.0007431507110595703 0.0006618499755859375 0.0005588531494140625 0.0006256103515625 0.0009419918060302734 0.0010807514190673828 0.0012106895446777344 0.0009086132049560547 0.0007219314575195312 0.001409769058227539 0.003432035446166992 0.007901906967163086 0.017127037048339844 0.0 0.0 0.0 0.0 0.0 0.0 0.0 0.0 0.0 0.0 0.0 0.0 0.0 0.0 0.0
0.8002986907958984 0.0005745887756347656 0.00048542022705078125 0.0005564689636230469 0.0006697177886962891 0.0007216930389404297 0.0006299018859863281 0.0005962848663330078 0.0006756782531738281 0.0008268356323242188 0.0011758804321289062 0.0011017322540283203 0.0008325576782226562 0.0010666847229003906 0.0015969276428222656 0.0021817684173583984 0.008285045623779297 0.017501115798950195 0.0 0.0 0.0 0.0 0.0 0.0 0.0 0.0 0.0 0.0 0.0 0.0 0.0 0.0
0.7992064952850342 0.0007791519165039062 0.0005278587341308594 0.0004718303680419922 0.0005304813385009766 0.0006787776947021484 0.0006921291351318359 0.0006775856018066406 0.0008599758148193359 0.0006918907165527344 0.00113677978515625 0.0014412403106689453 0.0009605884552001953 0.0010221004486083984 0.0011544227600097656 0.0009377002716064453 0.002410411834716797 0.008145809173583984 0.017885208129882812 0.0 0.0 0.0 0.0 0.0 0.0 0.0 0.0 0.0 0.0 0.0 0.0 0.0
0.7989389896392822 0.0009481906890869141 0.0006837844848632812 0.0004971027374267578 0.0004737377166748047 0.0005445480346679688 0.0006444454193115234 0.0006799697875976562 0.0007781982421875 0.0006172657012939453 0.0008809566497802734 0.0010402202606201172 0.0009808540344238281 0.001445770263671875 0.0014376640319824219 0.0006988048553466797 0.001062154769897461 0.002146482467651367 0.008384227752685547 0.0174407958984375 0.0 0.0 0.0 0.0 0.0 0.0 0.0 0.0 0.0 0.0 0.0 0.0
0.7998065948486328 0.0008373260498046875 0.0008435249328613281 0.0006437301635742188 0.00048422813415527344 0.0004470348358154297 0.0004911422729492188 0.0006277561187744141 0.0007102489471435547 0.0006151199340820312 0.0006229877471923828 0.0006544589996337891 0.0007419586181640625 0.0010654926300048828 0.0012111663818359375 0.0008130073547363281 0.0008001327514648438 0.0009284019470214844 0.0022509098052978516 0.008179664611816406 0.017212629318237305 0.0 0.0 0.0 0.0 0.0 0.0 0.0 0.0 0.0 0.0 0.0
0.8005242347717285 0.0005812644958496094 0.0007622241973876953 0.0007462501525878906 0.0005979537963867188 0.0004684925079345703 0.0004055500030517578 0.0004863739013671875 0.0006477832794189453 0.0006399154663085938 0.0005831718444824219 0.0005960464477539062 0.0005488395690917969 0.0007715225219726562 0.0011339187622070312 0.0009999275207519531 0.0008492469787597656 0.000659942626953125 0.0009512901306152344 0.0021774768829345703 0.00798797607421875 0.01657843589782715 0.0 0.0 0.0 0.0 0.0 0.0 0.0 0.0 0.0 0.0
0.7989017963409424 0.0004420280456542969 0.0005564689636230469 0.0006883144378662109 0.0006899833679199219 0.0005774497985839844 0.0004215240478515625 0.00042176246643066406 0.0006589889526367188 0.0006165504455566406 0.0006854534149169922 0.000705718994140625 0.0005090236663818359 0.0005781650543212891 0.0010821819305419922 0.0009942054748535156 0.0010485649108886719 0.0008568763732910156 0.0007627010345458984 0.0010294914245605469 0.0023355484008789062 0.00846099853515625 0.017316102981567383 0.0 0.0 0.0 0.0 0.0 0.0 0.0 0.0 0.0
0.8003544807434082 0.0004506111145019531 0.0004258155822753906 0.0005147457122802734 0.0006432533264160156 0.0006949901580810547 0.000545501708984375 0.0004379749298095703 0.00044798851013183594 0.0004830360412597656 0.0006029605865478516 0.0006902217864990234 0.0005657672882080078 0.0005247592926025391 0.0007071495056152344 0.0007359981536865234 0.0009355545043945312 0.0008916854858398438 0.0007817745208740234 0.0007345676422119141 0.0008757114410400391 0.0020368099212646484 0.007991552352905273 0.016696453094482422 0.0 0.0 0.0 0.0 0.0 0.0 0.0 0.0
0.7989928722381592 0.0006210803985595703 0.0004329681396484375 0.0004203319549560547 0.0004801750183105469 0.0006358623504638672 0.0006468296051025391 0.0005419254302978516 0.00046753883361816406 0.00041413307189941406 0.0005064010620117188 0.0006070137023925781 0.0006549358367919922 0.0005762577056884766 0.0006456375122070312 0.0005822181701660156 0.0007760524749755859 0.0009398460388183594 0.0009515285491943359 0.0009012222290039062 0.0007624626159667969 0.0008869171142578125 0.002223491668701172 0.008617639541625977 0.01702141761779785 0.0 0.0 0.0 0.0 0.0 0.0 0.0
0.7991042137145996 0.000774383544921875 0.0005562305450439453 0.0004210472106933594 0.00036597251892089844 0.0004680156707763672 0.0005700588226318359 0.000621795654296875 0.0005753040313720703 0.00041484832763671875 0.0004410743713378906 0.0004622936248779297 0.0005648136138916016 0.0006480216979980469 0.0006601810455322266 0.0005257129669189453 0.0005686283111572266 0.0007085800170898438 0.0009675025939941406 0.0010037422180175781 0.0007541179656982422 0.0006513595581054688 0.0009248256683349609 0.002041339874267578 0.008133172988891602 0.01733684539794922 0.0 0.0 0.0 0.0 0.0 0.0
0.7977409362792969 0.0007026195526123047 0.0006906986236572266 0.0005166530609130859 0.00037550926208496094 0.00036978721618652344 0.0004444122314453125 0.0005660057067871094 0.0006208419799804688 0.0005123615264892578 0.00048065185546875 0.00039768218994140625 0.00044918060302734375 0.0005846023559570312 0.0007371902465820312 0.0005781650543212891 0.0005440711975097656 0.0005545616149902344 0.0008211135864257812 0.0009715557098388672 0.0009675025939941406 0.0007615089416503906 0.0007703304290771484 0.0009169578552246094 0.0021545886993408203 0.008707761764526367 0.01786494255065918 0.0 0.0 0.0 0.0 0.0
0.7983083724975586 0.00045943260192871094 0.0006098747253417969 0.0006101131439208984 0.00046133995056152344 0.00034999847412109375 0.00034546852111816406 0.0004210472106933594 0.0005633831024169922 0.0005829334259033203 0.0005159378051757812 0.0004115104675292969 0.00038504600524902344 0.00045037269592285156 0.0006871223449707031 0.0005791187286376953 0.0005671977996826172 0.0005047321319580078 0.0005939006805419922 0.0008258819580078125 0.0010597705841064453 0.0009160041809082031 0.0008683204650878906 0.0007655620574951172 0.0010442733764648438 0.0025124549865722656 0.008320093154907227 0.01686406135559082 0.0 0.0 0.0 0.0
0.7984597682952881 0.0002989768981933594 0.0004146099090576172 0.0005664825439453125 0.0005757808685302734 0.0004458427429199219 0.000331878662109375 0.0003371238708496094 0.0004265308380126953 0.0005345344543457031 0.0006270408630371094 0.0004975795745849609 0.0004096031188964844 0.000400543212890625 0.0006749629974365234 0.0005507469177246094 0.0005838871002197266 0.0005469322204589844 0.0005102157592773438 0.0006279945373535156 0.0012409687042236328 0.00093841552734375 0.0010755062103271484 0.0007946491241455078 0.0007047653198242188 0.0011153221130371094 0.002258777618408203 0.007994890213012695 0.01658463478088379 0.0 0.0 0.0
0.7982840538024902 0.0002956390380859375 0.00027751922607421875 0.0003771781921386719 0.0005173683166503906 0.0005464553833007812 0.00041937828063964844 0.0003275871276855469 0.00033283233642578125 0.00041174888610839844 0.0005640983581542969 0.0005624294281005859 0.0004911422729492188 0.00041604042053222656 0.00044274330139160156 0.0004627704620361328 0.0005390644073486328 0.0005819797515869141 0.0005433559417724609 0.000537872314453125 0.0007715225219726562 0.0006992816925048828 0.0009267330169677734 0.0008654594421386719 0.0007760524749755859 0.0008480548858642578 0.0010113716125488281 0.002153158187866211 0.008021354675292969 0.01758408546447754 0.0 0.0
0.798236608505249 0.0004487037658691406 0.00027680397033691406 0.00027489662170410156 0.00034499168395996094 0.0004971027374267578 0.0005297660827636719 0.0004286766052246094 0.0003561973571777344 0.00033402442932128906 0.0004076957702636719 0.0004992485046386719 0.0005385875701904297 0.0004944801330566406 0.0005044937133789062 0.0003876686096191406 0.0004374980926513672 0.0005369186401367188 0.0007104873657226562 0.0005986690521240234 0.0004971027374267578 0.0005228519439697266 0.0008013248443603516 0.0009343624114990234 0.0009210109710693359 0.0009732246398925781 0.0008726119995117188 0.0008840560913085938 0.0020148754119873047 0.007654905319213867 0.017691850662231445 0.0
0.7983191013336182 0.0007369518280029297 0.0004119873046875 0.00026869773864746094 0.00024008750915527344 0.0003330707550048828 0.0004608631134033203 0.0005249977111816406 0.0004112720489501953 0.0003116130828857422 0.00033283233642578125 0.00039005279541015625 0.0004940032958984375 0.0005695819854736328 0.0006606578826904297 0.0003933906555175781 0.0003795623779296875 0.0004322528839111328 0.0005824565887451172 0.0006566047668457031 0.0005903244018554688 0.0004787445068359375 0.000637054443359375 0.0007064342498779297 0.000934600830078125 0.0009906291961669922 0.0009229183197021484 0.0006403923034667969 0.0008270740509033203 0.001924753189086914 0.007967710494995117 0.017050981521606445
