0.8284270763397217 0.0 0.0 0.0 0.0 0.0 0.0 0.0 0.0 0.0 0.0 0.0 0.0 0.0 0.0 0.0 0.0 0.0 0.0 0.0 0.0 0.0 0.0 0.0 0.0 0.0 0.0 0.0 0.0 0.0 0.0 0.0
0.8113763332366943 0.023890018463134766 0.0 0.0 0.0 0.0 0.0 0.0 0.0 0.0 0.0 0.0 0.0 0.0 0.0 0.0 0.0 0.0 0.0 0.0 0.0 0.0 0.0 0.0 0.0 0.0 0.0 0.0 0.0 0.0 0.0 0.0
0.8030767440795898 0.015811920166015625 0.019717693328857422 0.0 0.0 0.0 0.0 0.0 0.0 0.0 0.0 0.0 0.0 0.0 0.0 0.0 0.0 0.0 0.0 0.0 0.0 0.0 0.0 0.0 0.0 0.0 0.0 0.0 0.0 0.0 0.0 0.0
0.7989189624786377 0.01355886459350586 0.010549306869506836 0.01726222038269043 0.0 0.0 0.0 0.0 0.0 0.0 0.0 0.0 0.0 0.0 0.0 0.0 0.0 0.0 0.0 0.0 0.0 0.0 0.0 0.0 0.0 0.0 0.0 0.0 0.0 0.0 0.0 0.0
0.7955207824707031 0.01235651969909668 0.008095741271972656 0.00849151611328125 0.017180442810058594 0.0 0.0 0.0 0.0 0.0 0.0 0.0 0.0 0.0 0.0 0.0 0.0 0.0 0.0 0.0 0.0 0.0 0.0 0.0 0.0 0.0 0.0 0.0 0.0 0.0 0.0 0.0
0.7928307056427002 0.011202096939086914 0.007009029388427734 0.006181478500366211 0.007964849472045898 0.017515182495117188 0.0 0.0 0.0 0.0 0.0 0.0 0.0 0.0 0.0 0.0 0.0 0.0 0.0 0.0 0.0 0.0 0.0 0.0 0.0 0.0 0.0 0.0 0.0 0.0 0.0 0.0
0.7890758514404297 0.010583162307739258 0.005738735198974609 0.005640983581542969 0.006250619888305664 0.008618354797363281 0.018280506134033203 0.0 0.0 0.0 0.0 0.0 0.0 0.0 0.0 0.0 0.0 0.0 0.0 0.0 0.0 0.0 0.0 0.0 0.0 0.0 0.0 0.0 0.0 0.0 0.0 0.0
0.7863004207611084 0.00925302505493164 0.004894733428955078 0.004691362380981445 0.00497126579284668 0.0069692134857177734 0.00845479965209961 0.019732236862182617 0.0 0.0 0.0 0.0 0.0 0.0 0.0 0.0 0.0 0.0 0.0 0.0 0.0 0.0 0.0 0.0 0.0 0.0 0.0 0.0 0.0 0.0 0.0 0.0
0.7820255756378174 0.008687734603881836 0.004991054534912109 0.004914999008178711 0.005202293395996094 0.006533622741699219 0.0061419010162353516 0.008469581604003906 0.019968748092651367 0.0 0.0 0.0 0.0 0.0 0.0 0.0 0.0 0.0 0.0 0.0 0.0 0.0 0.0 0.0 0.0 0.0 0.0 0.0 0.0 0.0 0.0 0.0
0.7817931175231934 0.008434534072875977 0.004323005676269531 0.004096031188964844 0.00402522087097168 0.005256175994873047 0.005047321319580078 0.006275177001953125 0.008356809616088867 0.019425630569458008 0.0 0.0 0.0 0.0 0.0 0.0 0.0 0.0 0.0 0.0 0.0 0.0 0.0 0.0 0.0 0.0 0.0 0.0 0.0 0.0 0.0 0.0
0.780005931854248 0.008241653442382812 0.004207134246826172 0.0037336349487304688 0.003766298294067383 0.0044097900390625 0.004574775695800781 0.00490880012512207 0.005886077880859375 0.007827997207641602 0.020167112350463867 0.0 0.0 0.0 0.0 0.0 0.0 0.0 0.0 0.0 0.0 0.0 0.0 0.0 0.0 0.0 0.0 0.0 0.0 0.0 0.0 0.0
0.7775921821594238 0.008004426956176758 0.003995180130004883 0.0036678314208984375 0.003644227981567383 0.0041790008544921875 0.004196882247924805 0.004487752914428711 0.004792690277099609 0.005662679672241211 0.008141040802001953 0.02030205726623535 0.0 0.0 0.0 0.0 0.0 0.0 0.0 0.0 0.0 0.0 0.0 0.0 0.0 0.0 0.0 0.0 0.0 0.0 0.0 0.0
0.7741031646728516 0.007916927337646484 0.004309415817260742 0.003808259963989258 0.0038709640502929688 0.003786802291870117 0.004026889801025391 0.004107475280761719 0.004433393478393555 0.004789829254150391 0.006185770034790039 0.008012533187866211 0.020654678344726562 0.0 0.0 0.0 0.0 0.0 0.0 0.0 0.0 0.0 0.0 0.0 0.0 0.0 0.0 0.0 0.0 0.0 0.0 0.0
0.7728414535522461 0.007463693618774414 0.004155874252319336 0.003614664077758789 0.003398895263671875 0.003570079803466797 0.0037970542907714844 0.003927707672119141 0.003981351852416992 0.004324197769165039 0.0049610137939453125 0.005793571472167969 0.008217573165893555 0.020450592041015625 0.0 0.0 0.0 0.0 0.0 0.0 0.0 0.0 0.0 0.0 0.0 0.0 0.0 0.0 0.0 0.0 0.0 0.0
0.7701015472412109 0.0071179866790771484 0.004067420959472656 0.003700733184814453 0.0035643577575683594 0.003547191619873047 0.0037305355072021484 0.003737926483154297 0.004008769989013672 0.004055023193359375 0.004605531692504883 0.0051767826080322266 0.006041526794433594 0.008077383041381836 0.020023584365844727 0.0 0.0 0.0 0.0 0.0 0.0 0.0 0.0 0.0 0.0 0.0 0.0 0.0 0.0 0.0 0.0 0.0
0.7671701908111572 0.006982326507568359 0.0038895606994628906 0.0035104751586914062 0.003589153289794922 0.003664255142211914 0.0035424232482910156 0.003665924072265625 0.0039052963256835938 0.003982067108154297 0.004154682159423828 0.004427671432495117 0.005116462707519531 0.005762338638305664 0.00795435905456543 0.02134847640991211 0.0 0.0 0.0 0.0 0.0 0.0 0.0 0.0 0.0 0.0 0.0 0.0 0.0 0.0 0.0 0.0
0.763981819152832 0.006982564926147461 0.003516674041748047 0.0034809112548828125 0.0035076141357421875 0.003716707229614258 0.0038483142852783203 0.003740549087524414 0.004102945327758789 0.003864288330078125 0.004527568817138672 0.004052400588989258 0.004583835601806641 0.0048601627349853516 0.0058269500732421875 0.008098125457763672 0.02119135856628418 0.0 0.0 0.0 0.0 0.0 0.0 0.0 0.0 0.0 0.0 0.0 0.0 0.0 0.0 0.0
0.7622280120849609 0.006667375564575195 0.003509044647216797 0.003647327423095703 0.003780364990234375 0.0038652420043945312 0.0037894248962402344 0.0037314891815185547 0.003782510757446289 0.003573179244995117 0.0036792755126953125 0.0038275718688964844 0.0040819644927978516 0.004618644714355469 0.004874706268310547 0.0060923099517822266 0.007884979248046875 0.020918846130371094 0.0 0.0 0.0 0.0 0.0 0.0 0.0 0.0 0.0 0.0 0.0 0.0 0.0 0.0
0.7584271430969238 0.006600379943847656 0.0034401416778564453 0.003565073013305664 0.0036590099334716797 0.0038568973541259766 0.0038444995880126953 0.003768444061279297 0.0037724971771240234 0.0036911964416503906 0.0038156509399414062 0.0042078495025634766 0.003957986831665039 0.004351615905761719 0.00446009635925293 0.005183219909667969 0.005955696105957031 0.008147478103637695 0.021286725997924805 0.0 0.0 0.0 0.0 0.0 0.0 0.0 0.0 0.0 0.0 0.0 0.0 0.0
0.7548182010650635 0.006431102752685547 0.003377676010131836 0.003679990768432617 0.0036649703979492188 0.003652334213256836 0.003968954086303711 0.003928661346435547 0.003774404525756836 0.0039446353912353516 0.003899812698364258 0.003922224044799805 0.0038492679595947266 0.0038764476776123047 0.004132986068725586 0.004830598831176758 0.0050966739654541016 0.006293535232543945 0.008979082107543945 0.021227121353149414 0.0 0.0 0.0 0.0 0.0 0.0 0.0 0.0 0.0 0.0 0.0 0.0
0.7523298263549805 0.006448507308959961 0.00331878662109375 0.0034694671630859375 0.0035631656646728516 0.0037300586700439453 0.0037310123443603516 0.0037796497344970703 0.0037605762481689453 0.0038909912109375 0.003968477249145508 0.003694772720336914 0.003860950469970703 0.00390625 0.004024982452392578 0.0044002532958984375 0.004528522491455078 0.005387067794799805 0.00650477409362793 0.008250713348388672 0.0217287540435791 0.0 0.0 0.0 0.0 0.0 0.0 0.0 0.0 0.0 0.0 0.0
0.7480499744415283 0.006608009338378906 0.003609180450439453 0.0037088394165039062 0.003700733184814453 0.0036983489990234375 0.0037775039672851562 0.003805398941040039 0.003876209259033203 0.003957986831665039 0.003993988037109375 0.004019260406494141 0.003849506378173828 0.0039424896240234375 0.004018545150756836 0.004934072494506836 0.004153251647949219 0.004645109176635742 0.005547523498535156 0.005962371826171875 0.008206605911254883 0.021810293197631836 0.0 0.0 0.0 0.0 0.0 0.0 0.0 0.0 0.0 0.0
0.7468440532684326 0.006636381149291992 0.0035858154296875 0.0037305355072021484 0.0038111209869384766 0.003834962844848633 0.0037963390350341797 0.003748655319213867 0.0038814544677734375 0.003828287124633789 0.0040988922119140625 0.0039255619049072266 0.004025936126708984 0.003958702087402344 0.0036683082580566406 0.0036897659301757812 0.003784656524658203 0.003972530364990234 0.004409074783325195 0.004935503005981445 0.006091117858886719 0.008479118347167969 0.02159905433654785 0.0 0.0 0.0 0.0 0.0 0.0 0.0 0.0 0.0
0.7438323497772217 0.006745338439941406 0.003695964813232422 0.003730297088623047 0.00373077392578125 0.00402069091796875 0.0038361549377441406 0.003752470016479492 0.003823518753051758 0.0036296844482421875 0.004099369049072266 0.003920555114746094 0.003773212432861328 0.0038900375366210938 0.00359344482421875 0.003607511520385742 0.003636598587036133 0.003968238830566406 0.004424571990966797 0.004383087158203125 0.005056619644165039 0.006152153015136719 0.008357763290405273 0.0217893123626709 0.0 0.0 0.0 0.0 0.0 0.0 0.0 0.0
0.7408771514892578 0.006524324417114258 0.0037021636962890625 0.003923177719116211 0.0040438175201416016 0.003729581832885742 0.0038878917694091797 0.0036194324493408203 0.003859281539916992 0.0039560794830322266 0.004153013229370117 0.003942728042602539 0.0040416717529296875 0.0037994384765625 0.0037746429443359375 0.0035393238067626953 0.0034978389739990234 0.0035805702209472656 0.004032135009765625 0.004088401794433594 0.004451274871826172 0.005268573760986328 0.00606989860534668 0.008266925811767578 0.02191472053527832 0.0 0.0 0.0 0.0 0.0 0.0 0.0
0.7368898391723633 0.006577253341674805 0.0036652088165283203 0.003865957260131836 0.004029989242553711 0.0037698745727539062 0.0038824081420898438 0.003822803497314453 0.0040247440338134766 0.004103660583496094 0.0041539669036865234 0.004369020462036133 0.0042972564697265625 0.0037887096405029297 0.004266977310180664 0.0036771297454833984 0.0035610198974609375 0.0035414695739746094 0.003904104232788086 0.003938913345336914 0.0041046142578125 0.0045623779296875 0.005171775817871094 0.006002902984619141 0.008491992950439453 0.02154374122619629 0.0 0.0 0.0 0.0 0.0 0.0
0.7328548431396484 0.006395578384399414 0.0034651756286621094 0.0036780834197998047 0.003833770751953125 0.003736734390258789 0.003833293914794922 0.003739595413208008 0.003823995590209961 0.0038504600524902344 0.004038810729980469 0.004515171051025391 0.004313468933105469 0.0040454864501953125 0.005571603775024414 0.004124641418457031 0.0036885738372802734 0.003495454788208008 0.003805875778198242 0.004026174545288086 0.003815889358520508 0.004091024398803711 0.004509687423706055 0.0050203800201416016 0.006427764892578125 0.00878286361694336 0.02199387550354004 0.0 0.0 0.0 0.0 0.0
0.7329528331756592 0.006302356719970703 0.0036230087280273438 0.003594636917114258 0.003992795944213867 0.0038881301879882812 0.004065513610839844 0.0038542747497558594 0.003843069076538086 0.003835439682006836 0.004101991653442383 0.004217624664306641 0.003958702087402344 0.003938198089599609 0.003828763961791992 0.003720998764038086 0.003634214401245117 0.0037403106689453125 0.003803253173828125 0.0036163330078125 0.0036344528198242188 0.003752470016479492 0.004014730453491211 0.0045909881591796875 0.005232810974121094 0.006062507629394531 0.008163928985595703 0.021485090255737305 0.0 0.0 0.0 0.0
0.7305634021759033 0.006162166595458984 0.0034873485565185547 0.003587007522583008 0.0038836002349853516 0.003907442092895508 0.004106998443603516 0.003960132598876953 0.003918647766113281 0.003951311111450195 0.003939628601074219 0.005057334899902344 0.0038843154907226562 0.003856182098388672 0.0036907196044921875 0.004042148590087891 0.003731250762939453 0.003462076187133789 0.003716707229614258 0.003681659698486328 0.003481626510620117 0.003642559051513672 0.003871440887451172 0.004046201705932617 0.004407644271850586 0.0050084590911865234 0.005855083465576172 0.008008956909179688 0.02141118049621582 0.0 0.0 0.0
0.7253365516662598 0.006139278411865234 0.0035371780395507812 0.003612518310546875 0.0039403438568115234 0.003930807113647461 0.004047870635986328 0.0039141178131103516 0.004045009613037109 0.0039446353912353516 0.00406193733215332 0.0044782161712646484 0.004067897796630859 0.004159688949584961 0.003911018371582031 0.004106283187866211 0.0037641525268554688 0.0036313533782958984 0.004998683929443359 0.0038521289825439453 0.0037450790405273438 0.004211902618408203 0.0037615299224853516 0.004311084747314453 0.004134416580200195 0.004425525665283203 0.004972934722900391 0.00584721565246582 0.008110523223876953 0.02122640609741211 0.0 0.0
0.7202091217041016 0.006126880645751953 0.0035550594329833984 0.003603219985961914 0.003692626953125 0.0039958953857421875 0.004079341888427734 0.0040130615234375 0.0039637088775634766 0.003990888595581055 0.004291534423828125 0.004151105880737305 0.004136323928833008 0.004072904586791992 0.004324674606323242 0.005271196365356445 0.004067659378051758 0.003869771957397461 0.005825042724609375 0.003726482391357422 0.0037076473236083984 0.0038042068481445312 0.0036802291870117188 0.005688190460205078 0.003884553909301758 0.004080772399902344 0.004372358322143555 0.004884481430053711 0.005784511566162109 0.008121013641357422 0.021091222763061523 0.0
0.7149748802185059 0.005904436111450195 0.0034515857696533203 0.003694772720336914 0.0038623809814453125 0.003937721252441406 0.0039348602294921875 0.0040853023529052734 0.004118919372558594 0.004099369049072266 0.0041387081146240234 0.004134178161621094 0.004259347915649414 0.004127025604248047 0.004187822341918945 0.0045282840728759766 0.003614664077758789 0.003473997116088867 0.009476900100708008 0.0036916732788085938 0.0034635066986083984 0.004469633102416992 0.0053730010986328125 0.005757808685302734 0.0036618709564208984 0.0037682056427001953 0.003920555114746094 0.004243612289428711 0.004735469818115234 0.005845069885253906 0.007836103439331055 0.021153926849365234
