0.8284270763397217 0.0 0.0 0.0 0.0 0.0 0.0 0.0 0.0 0.0 0.0 0.0 0.0 0.0 0.0 0.0 0.0 0.0 0.0 0.0 0.0 0.0 0.0 0.0 0.0 0.0 0.0 0.0 0.0 0.0 0.0 0.0
0.8137359619140625 0.02061915397644043 0.0 0.0 0.0 0.0 0.0 0.0 0.0 0.0 0.0 0.0 0.0 0.0 0.0 0.0 0.0 0.0 0.0 0.0 0.0 0.0 0.0 0.0 0.0 0.0 0.0 0.0 0.0 0.0 0.0 0.0
0.7087388038635254 0.14484667778015137 0.015527486801147461 0.0 0.0 0.0 0.0 0.0 0.0 0.0 0.0 0.0 0.0 0.0 0.0 0.0 0.0 0.0 0.0 0.0 0.0 0.0 0.0 0.0 0.0 0.0 0.0 0.0 0.0 0.0 0.0 0.0
0.69313645362854 0.02115941047668457 0.1440882682800293 0.01613783836364746 0.0 0.0 0.0 0.0 0.0 0.0 0.0 0.0 0.0 0.0 0.0 0.0 0.0 0.0 0.0 0.0 0.0 0.0 0.0 0.0 0.0 0.0 0.0 0.0 0.0 0.0 0.0 0.0
0.6925594806671143 0.0002799034118652344 0.020908355712890625 0.1440598964691162 0.0169064998626709 0.0 0.0 0.0 0.0 0.0 0.0 0.0 0.0 0.0 0.0 0.0 0.0 0.0 0.0 0.0 0.0 0.0 0.0 0.0 0.0 0.0 0.0 0.0 0.0 0.0 0.0 0.0
0.6890013217926025 5.9604644775390625e-06 0.0002701282501220703 0.02143549919128418 0.14793062210083008 0.01702141761779785 0.0 0.0 0.0 0.0 0.0 0.0 0.0 0.0 0.0 0.0 0.0 0.0 0.0 0.0 0.0 0.0 0.0 0.0 0.0 0.0 0.0 0.0 0.0 0.0 0.0 0.0
0.690302848815918 3.337860107421875e-06 7.152557373046875e-06 0.00028014183044433594 0.021752357482910156 0.14597082138061523 0.017034292221069336 0.0 0.0 0.0 0.0 0.0 0.0 0.0 0.0 0.0 0.0 0.0 0.0 0.0 0.0 0.0 0.0 0.0 0.0 0.0 0.0 0.0 0.0 0.0 0.0 0.0
0.6876847743988037 2.7179718017578125e-05 4.0531158447265625e-06 6.9141387939453125e-06 0.0002646446228027344 0.021589994430541992 0.14881205558776855 0.017653465270996094 0.0 0.0 0.0 0.0 0.0 0.0 0.0 0.0 0.0 0.0 0.0 0.0 0.0 0.0 0.0 0.0 0.0 0.0 0.0 0.0 0.0 0.0 0.0 0.0
0.6873600482940674 0.0002951622009277344 3.266334533691406e-05 4.0531158447265625e-06 7.3909759521484375e-06 0.0002524852752685547 0.020830154418945312 0.14998340606689453 0.01730966567993164 0.0 0.0 0.0 0.0 0.0 0.0 0.0 0.0 0.0 0.0 0.0 0.0 0.0 0.0 0.0 0.0 0.0 0.0 0.0 0.0 0.0 0.0 0.0
0.6841878890991211 0.0004038810729980469 0.00032520294189453125 3.075599670410156e-05 3.814697265625e-06 5.4836273193359375e-06 0.00022268295288085938 0.021877527236938477 0.15226078033447266 0.017657995223999023 0.0 0.0 0.0 0.0 0.0 0.0 0.0 0.0 0.0 0.0 0.0 0.0 0.0 0.0 0.0 0.0 0.0 0.0 0.0 0.0 0.0 0.0
0.685065746307373 6.890296936035156e-05 0.0003857612609863281 0.0002849102020263672 2.8371810913085938e-05 3.0994415283203125e-06 5.7220458984375e-06 0.0002300739288330078 0.021486997604370117 0.1515486240386963 0.017626047134399414 0.0 0.0 0.0 0.0 0.0 0.0 0.0 0.0 0.0 0.0 0.0 0.0 0.0 0.0 0.0 0.0 0.0 0.0 0.0 0.0 0.0
0.6830511093139648 1.0251998901367188e-05 5.626678466796875e-05 0.0003552436828613281 0.000255584716796875 2.384185791015625e-05 2.6226043701171875e-06 5.4836273193359375e-06 0.0002319812774658203 0.02210259437561035 0.15375518798828125 0.017394304275512695 0.0 0.0 0.0 0.0 0.0 0.0 0.0 0.0 0.0 0.0 0.0 0.0 0.0 0.0 0.0 0.0 0.0 0.0 0.0 0.0
0.6827247142791748 9.059906005859375e-06 7.3909759521484375e-06 5.0067901611328125e-05 0.00034809112548828125 0.00024509429931640625 2.1457672119140625e-05 2.86102294921875e-06 5.7220458984375e-06 0.00022792816162109375 0.022273540496826172 0.15419840812683105 0.017210960388183594 0.0 0.0 0.0 0.0 0.0 0.0 0.0 0.0 0.0 0.0 0.0 0.0 0.0 0.0 0.0 0.0 0.0 0.0 0.0
0.6862437725067139 4.315376281738281e-05 6.67572021484375e-06 6.198883056640625e-06 4.887580871582031e-05 0.00032973289489746094 0.0002231597900390625 2.0742416381835938e-05 3.814697265625e-06 5.245208740234375e-06 0.00022840499877929688 0.022927522659301758 0.14907073974609375 0.01734614372253418 0.0 0.0 0.0 0.0 0.0 0.0 0.0 0.0 0.0 0.0 0.0 0.0 0.0 0.0 0.0 0.0 0.0 0.0
0.6845784187316895 0.00016951560974121094 3.838539123535156e-05 5.245208740234375e-06 5.7220458984375e-06 4.6253204345703125e-05 0.0003154277801513672 0.00022101402282714844 1.9788742065429688e-05 2.6226043701171875e-06 5.4836273193359375e-06 0.00022864341735839844 0.022742033004760742 0.1511216163635254 0.0174257755279541 0.0 0.0 0.0 0.0 0.0 0.0 0.0 0.0 0.0 0.0 0.0 0.0 0.0 0.0 0.0 0.0 0.0
0.6782376766204834 0.00011134147644042969 0.00018453598022460938 2.7894973754882812e-05 4.76837158203125e-06 5.7220458984375e-06 4.506111145019531e-05 0.0003256797790527344 0.00023126602172851562 1.9311904907226562e-05 3.5762786865234375e-06 5.7220458984375e-06 0.00022673606872558594 0.02289438247680664 0.1587085723876953 0.017460346221923828 0.0 0.0 0.0 0.0 0.0 0.0 0.0 0.0 0.0 0.0 0.0 0.0 0.0 0.0 0.0 0.0
0.6844627857208252 1.33514404296875e-05 0.0001373291015625 0.00014662742614746094 2.4080276489257812e-05 4.291534423828125e-06 5.0067901611328125e-06 4.6253204345703125e-05 0.0003235340118408203 0.0002079010009765625 2.193450927734375e-05 3.5762786865234375e-06 5.7220458984375e-06 0.00022268295288085938 0.023036479949951172 0.15084075927734375 0.01747441291809082 0.0 0.0 0.0 0.0 0.0 0.0 0.0 0.0 0.0 0.0 0.0 0.0 0.0 0.0 0.0
0.6775546073913574 1.9073486328125e-06 1.621246337890625e-05 0.00012183189392089844 0.0001232624053955078 2.1219253540039062e-05 3.814697265625e-06 5.245208740234375e-06 4.601478576660156e-05 0.0003077983856201172 0.00021529197692871094 2.0742416381835938e-05 3.0994415283203125e-06 6.198883056640625e-06 0.00023674964904785156 0.023073196411132812 0.15971851348876953 0.0171658992767334 0.0 0.0 0.0 0.0 0.0 0.0 0.0 0.0 0.0 0.0 0.0 0.0 0.0 0.0
0.6821534633636475 2.384185791015625e-06 1.9073486328125e-06 1.5974044799804688e-05 0.00011110305786132812 0.00011348724365234375 1.9550323486328125e-05 3.814697265625e-06 5.4836273193359375e-06 4.649162292480469e-05 0.0003135204315185547 0.0002086162567138672 2.0742416381835938e-05 3.337860107421875e-06 7.152557373046875e-06 0.0002498626708984375 0.023815393447875977 0.15310072898864746 0.01739954948425293 0.0 0.0 0.0 0.0 0.0 0.0 0.0 0.0 0.0 0.0 0.0 0.0 0.0
0.6796925067901611 2.5510787963867188e-05 1.6689300537109375e-06 1.9073486328125e-06 1.5497207641601562e-05 0.00010442733764648438 0.00010204315185546875 1.8358230590820312e-05 4.0531158447265625e-06 5.7220458984375e-06 4.9114227294921875e-05 0.0003190040588378906 0.00020742416381835938 2.2649765014648438e-05 3.337860107421875e-06 6.67572021484375e-06 0.00024580955505371094 0.02319192886352539 0.15663743019104004 0.017499208450317383 0.0 0.0 0.0 0.0 0.0 0.0 0.0 0.0 0.0 0.0 0.0 0.0
0.6801745891571045 0.0003151893615722656 1.621246337890625e-05 1.6689300537109375e-06 1.9073486328125e-06 1.5020370483398438e-05 9.942054748535156e-05 9.775161743164062e-05 1.7881393432617188e-05 4.291534423828125e-06 5.9604644775390625e-06 4.673004150390625e-05 0.0003077983856201172 0.00021457672119140625 1.9550323486328125e-05 3.5762786865234375e-06 6.9141387939453125e-06 0.0002453327178955078 0.0233309268951416 0.15576791763305664 0.017364025115966797 0.0 0.0 0.0 0.0 0.0 0.0 0.0 0.0 0.0 0.0 0.0
0.6787312030792236 0.0004899501800537109 0.00017523765563964844 1.2874603271484375e-05 1.6689300537109375e-06 2.1457672119140625e-06 1.5020370483398438e-05 0.00010013580322265625 9.512901306152344e-05 1.71661376953125e-05 4.0531158447265625e-06 5.9604644775390625e-06 4.7206878662109375e-05 0.0003218650817871094 0.00020503997802734375 2.0742416381835938e-05 3.814697265625e-06 8.106231689453125e-06 0.0002541542053222656 0.02425241470336914 0.1560828685760498 0.017662763595581055 0.0 0.0 0.0 0.0 0.0 0.0 0.0 0.0 0.0 0.0
0.6790387630462646 6.723403930664062e-05 0.00025463104248046875 0.00012421607971191406 1.1682510375976562e-05 1.6689300537109375e-06 1.9073486328125e-06 1.621246337890625e-05 9.584426879882812e-05 9.465217590332031e-05 1.8835067749023438e-05 4.291534423828125e-06 5.4836273193359375e-06 4.8160552978515625e-05 0.0003056526184082031 0.00021028518676757812 2.2172927856445312e-05 5.7220458984375e-06 7.62939453125e-06 0.00024008750915527344 0.023820161819458008 0.15665602684020996 0.01732921600341797 0.0 0.0 0.0 0.0 0.0 0.0 0.0 0.0 0.0
0.6779465675354004 4.0531158447265625e-06 3.337860107421875e-05 0.00017833709716796875 0.00010371208190917969 1.0013580322265625e-05 1.430511474609375e-06 2.1457672119140625e-06 1.5735626220703125e-05 9.703636169433594e-05 9.512901306152344e-05 1.8358230590820312e-05 4.0531158447265625e-06 6.198883056640625e-06 4.8160552978515625e-05 0.0003120899200439453 0.00021028518676757812 2.5510787963867188e-05 4.0531158447265625e-06 7.62939453125e-06 0.0002551078796386719 0.025269269943237305 0.15676212310791016 0.01730179786682129 0.0 0.0 0.0 0.0 0.0 0.0 0.0 0.0
0.6805741786956787 1.1920928955078125e-06 2.1457672119140625e-06 2.5510787963867188e-05 0.0001499652862548828 9.036064147949219e-05 9.775161743164062e-06 1.6689300537109375e-06 2.1457672119140625e-06 1.5735626220703125e-05 9.5367431640625e-05 9.608268737792969e-05 1.71661376953125e-05 4.0531158447265625e-06 5.9604644775390625e-06 4.9114227294921875e-05 0.0003223419189453125 0.0002162456512451172 2.3365020751953125e-05 4.291534423828125e-06 7.867813110351562e-06 0.000255584716796875 0.024386882781982422 0.15420246124267578 0.01747274398803711 0.0 0.0 0.0 0.0 0.0 0.0 0.0
0.680565595626831 4.0531158447265625e-06 7.152557373046875e-07 1.9073486328125e-06 2.2411346435546875e-05 0.0001289844512939453 8.296966552734375e-05 9.059906005859375e-06 1.6689300537109375e-06 2.1457672119140625e-06 1.621246337890625e-05 9.5367431640625e-05 8.845329284667969e-05 1.71661376953125e-05 4.291534423828125e-06 5.9604644775390625e-06 4.792213439941406e-05 0.00031828880310058594 0.000213623046875 2.09808349609375e-05 4.76837158203125e-06 7.152557373046875e-06 0.00023937225341796875 0.024025440216064453 0.15493202209472656 0.017133235931396484 0.0 0.0 0.0 0.0 0.0 0.0
0.6793057918548584 4.1484832763671875e-05 3.0994415283203125e-06 7.152557373046875e-07 1.6689300537109375e-06 2.0265579223632812e-05 0.00012445449829101562 7.843971252441406e-05 8.821487426757812e-06 1.430511474609375e-06 2.384185791015625e-06 1.6927719116210938e-05 9.202957153320312e-05 9.465217590332031e-05 1.6927719116210938e-05 4.0531158447265625e-06 6.4373016357421875e-06 5.269050598144531e-05 0.0003180503845214844 0.00021004676818847656 2.4080276489257812e-05 4.5299530029296875e-06 7.62939453125e-06 0.000263214111328125 0.024051189422607422 0.15656542778015137 0.016970157623291016 0.0 0.0 0.0 0.0 0.0
0.6800732612609863 0.00010395050048828125 4.1484832763671875e-05 3.0994415283203125e-06 7.152557373046875e-07 1.6689300537109375e-06 1.9550323486328125e-05 0.00011944770812988281 7.224082946777344e-05 8.344650268554688e-06 1.9073486328125e-06 2.384185791015625e-06 1.5974044799804688e-05 9.489059448242188e-05 8.702278137207031e-05 1.6450881958007812e-05 4.291534423828125e-06 7.62939453125e-06 5.078315734863281e-05 0.00031757354736328125 0.00021386146545410156 2.3365020751953125e-05 4.0531158447265625e-06 8.106231689453125e-06 0.0002703666687011719 0.024640560150146484 0.15470433235168457 0.017252683639526367 0.0 0.0 0.0 0.0
0.6782629489898682 2.4080276489257812e-05 0.00011682510375976562 3.910064697265625e-05 3.0994415283203125e-06 7.152557373046875e-07 1.6689300537109375e-06 1.8358230590820312e-05 0.0001087188720703125 7.128715515136719e-05 9.298324584960938e-06 1.9073486328125e-06 2.384185791015625e-06 1.5974044799804688e-05 9.5367431640625e-05 8.749961853027344e-05 1.6927719116210938e-05 5.4836273193359375e-06 6.9141387939453125e-06 4.982948303222656e-05 0.00032639503479003906 0.00021409988403320312 2.3365020751953125e-05 5.0067901611328125e-06 8.344650268554688e-06 0.00025272369384765625 0.02449178695678711 0.15727996826171875 0.017040252685546875 0.0 0.0 0.0
0.6789193153381348 2.1457672119140625e-06 2.2172927856445312e-05 0.00010418891906738281 3.7670135498046875e-05 3.0994415283203125e-06 7.152557373046875e-07 1.430511474609375e-06 1.7881393432617188e-05 0.00010633468627929688 7.2479248046875e-05 9.298324584960938e-06 1.9073486328125e-06 2.384185791015625e-06 1.6689300537109375e-05 9.465217590332031e-05 8.940696716308594e-05 1.9788742065429688e-05 4.76837158203125e-06 6.67572021484375e-06 5.412101745605469e-05 0.0003085136413574219 0.00020837783813476562 2.3365020751953125e-05 5.245208740234375e-06 8.106231689453125e-06 0.0002522468566894531 0.02438807487487793 0.15669536590576172 0.016928911209106445 0.0 0.0
0.6771457195281982 7.152557373046875e-07 1.1920928955078125e-06 1.811981201171875e-05 9.751319885253906e-05 3.647804260253906e-05 3.0994415283203125e-06 7.152557373046875e-07 1.6689300537109375e-06 1.7881393432617188e-05 0.00010895729064941406 6.890296936035156e-05 8.58306884765625e-06 1.9073486328125e-06 2.384185791015625e-06 1.6927719116210938e-05 9.679794311523438e-05 9.059906005859375e-05 1.7642974853515625e-05 4.76837158203125e-06 7.3909759521484375e-06 4.935264587402344e-05 0.00031375885009765625 0.00020766258239746094 2.86102294921875e-05 5.0067901611328125e-06 8.344650268554688e-06 0.00025200843811035156 0.024624109268188477 0.15838980674743652 0.017241954803466797 0.0
0.6794521808624268 5.4836273193359375e-06 2.384185791015625e-07 9.5367431640625e-07 1.6450881958007812e-05 9.369850158691406e-05 3.62396240234375e-05 2.86102294921875e-06 7.152557373046875e-07 1.6689300537109375e-06 1.8358230590820312e-05 0.00010395050048828125 6.937980651855469e-05 9.298324584960938e-06 1.9073486328125e-06 2.384185791015625e-06 1.7881393432617188e-05 9.846687316894531e-05 8.678436279296875e-05 1.6927719116210938e-05 5.0067901611328125e-06 6.198883056640625e-06 4.839897155761719e-05 0.00031113624572753906 0.0002224445343017578 2.5272369384765625e-05 5.0067901611328125e-06 8.58306884765625e-06 0.0002453327178955078 0.024171113967895508 0.1562349796295166 0.016941308975219727
