0.8284270763397217 0.0 0.0 0.0 0.0 0.0 0.0 0.0 0.0 0.0 0.0 0.0 0.0 0.0 0.0 0.0 0.0 0.0 0.0 0.0 0.0 0.0 0.0 0.0 0.0 0.0 0.0 0.0 0.0 0.0 0.0 0.0
0.7383878231048584 0.12159323692321777 0.0 0.0 0.0 0.0 0.0 0.0 0.0 0.0 0.0 0.0 0.0 0.0 0.0 0.0 0.0 0.0 0.0 0.0 0.0 0.0 0.0 0.0 0.0 0.0 0.0 0.0 0.0 0.0 0.0 0.0
0.7668311595916748 0.024423837661743164 0.06066274642944336 0.0 0.0 0.0 0.0 0.0 0.0 0.0 0.0 0.0 0.0 0.0 0.0 0.0 0.0 0.0 0.0 0.0 0.0 0.0 0.0 0.0 0.0 0.0 0.0 0.0 0.0 0.0 0.0 0.0
0.7673161029815674 0.012658357620239258 0.018984556198120117 0.053006887435913086 0.0 0.0 0.0 0.0 0.0 0.0 0.0 0.0 0.0 0.0 0.0 0.0 0.0 0.0 0.0 0.0 0.0 0.0 0.0 0.0 0.0 0.0 0.0 0.0 0.0 0.0 0.0 0.0
0.7664368152618408 0.009231328964233398 0.010109663009643555 0.017003297805786133 0.04963040351867676 0.0 0.0 0.0 0.0 0.0 0.0 0.0 0.0 0.0 0.0 0.0 0.0 0.0 0.0 0.0 0.0 0.0 0.0 0.0 0.0 0.0 0.0 0.0 0.0 0.0 0.0 0.0
0.7657139301300049 0.007569789886474609 0.006818056106567383 0.008492469787597656 0.015727519989013672 0.04841494560241699 0.0 0.0 0.0 0.0 0.0 0.0 0.0 0.0 0.0 0.0 0.0 0.0 0.0 0.0 0.0 0.0 0.0 0.0 0.0 0.0 0.0 0.0 0.0 0.0 0.0 0.0
0.7662608623504639 0.006989955902099609 0.005887269973754883 0.0065119266510009766 0.008417606353759766 0.015578269958496094 0.042992353439331055 0.0 0.0 0.0 0.0 0.0 0.0 0.0 0.0 0.0 0.0 0.0 0.0 0.0 0.0 0.0 0.0 0.0 0.0 0.0 0.0 0.0 0.0 0.0 0.0 0.0
0.7653913497924805 0.006688117980957031 0.005475759506225586 0.006179332733154297 0.006502628326416016 0.0077822208404541016 0.01324152946472168 0.04175567626953125 0.0 0.0 0.0 0.0 0.0 0.0 0.0 0.0 0.0 0.0 0.0 0.0 0.0 0.0 0.0 0.0 0.0 0.0 0.0 0.0 0.0 0.0 0.0 0.0
0.764815092086792 0.0059163570404052734 0.005151987075805664 0.004943370819091797 0.005353689193725586 0.0065708160400390625 0.006953001022338867 0.01410818099975586 0.03945446014404297 0.0 0.0 0.0 0.0 0.0 0.0 0.0 0.0 0.0 0.0 0.0 0.0 0.0 0.0 0.0 0.0 0.0 0.0 0.0 0.0 0.0 0.0 0.0
0.7648706436157227 0.005208015441894531 0.0045108795166015625 0.0045735836029052734 0.0048220157623291016 0.006064176559448242 0.005101680755615234 0.0070798397064208984 0.012438774108886719 0.03861188888549805 0.0 0.0 0.0 0.0 0.0 0.0 0.0 0.0 0.0 0.0 0.0 0.0 0.0 0.0 0.0 0.0 0.0 0.0 0.0 0.0 0.0 0.0
0.7643923759460449 0.004495859146118164 0.003719329833984375 0.003919839859008789 0.004346370697021484 0.0050563812255859375 0.004558563232421875 0.005494594573974609 0.006692647933959961 0.011922359466552734 0.03886842727661133 0.0 0.0 0.0 0.0 0.0 0.0 0.0 0.0 0.0 0.0 0.0 0.0 0.0 0.0 0.0 0.0 0.0 0.0 0.0 0.0 0.0
0.7659013271331787 0.004126548767089844 0.0036020278930664062 0.003574371337890625 0.0039577484130859375 0.004196882247924805 0.00410151481628418 0.004662752151489258 0.005513429641723633 0.006234884262084961 0.01272439956665039 0.03436732292175293 0.0 0.0 0.0 0.0 0.0 0.0 0.0 0.0 0.0 0.0 0.0 0.0 0.0 0.0 0.0 0.0 0.0 0.0 0.0 0.0
0.7633090019226074 0.004190206527709961 0.0036606788635253906 0.003184080123901367 0.00348663330078125 0.004204511642456055 0.0038118362426757812 0.0043487548828125 0.004792451858520508 0.005206584930419922 0.0074918270111083984 0.012431859970092773 0.03384542465209961 0.0 0.0 0.0 0.0 0.0 0.0 0.0 0.0 0.0 0.0 0.0 0.0 0.0 0.0 0.0 0.0 0.0 0.0 0.0
0.7598772048950195 0.003885984420776367 0.003558635711669922 0.0033419132232666016 0.003469705581665039 0.005441427230834961 0.0040225982666015625 0.004891872406005859 0.005084037780761719 0.0043299198150634766 0.0058934688568115234 0.006794929504394531 0.010295629501342773 0.03436875343322754 0.0 0.0 0.0 0.0 0.0 0.0 0.0 0.0 0.0 0.0 0.0 0.0 0.0 0.0 0.0 0.0 0.0 0.0
0.7584333419799805 0.0036797523498535156 0.003239154815673828 0.0033926963806152344 0.0032706260681152344 0.0036373138427734375 0.0036978721618652344 0.004025459289550781 0.0051746368408203125 0.004049062728881836 0.006243705749511719 0.0053064823150634766 0.006035566329956055 0.011115074157714844 0.03450202941894531 0.0 0.0 0.0 0.0 0.0 0.0 0.0 0.0 0.0 0.0 0.0 0.0 0.0 0.0 0.0 0.0 0.0
0.7599771022796631 0.0034112930297851562 0.003276348114013672 0.0033805370330810547 0.0033271312713623047 0.0035178661346435547 0.002637147903442383 0.0035538673400878906 0.004205226898193359 0.004389762878417969 0.004717826843261719 0.005183219909667969 0.0043981075286865234 0.005936622619628906 0.010646343231201172 0.03270220756530762 0.0 0.0 0.0 0.0 0.0 0.0 0.0 0.0 0.0 0.0 0.0 0.0 0.0 0.0 0.0 0.0
0.7563109397888184 0.0035130977630615234 0.0029451847076416016 0.0030739307403564453 0.003098011016845703 0.005631446838378906 0.002749919891357422 0.0031092166900634766 0.003561735153198242 0.0036454200744628906 0.005148887634277344 0.004705667495727539 0.00449061393737793 0.005129575729370117 0.006131410598754883 0.010150432586669922 0.033240318298339844 0.0 0.0 0.0 0.0 0.0 0.0 0.0 0.0 0.0 0.0 0.0 0.0 0.0 0.0 0.0
0.7569262981414795 0.00397181510925293 0.002718210220336914 0.0029573440551757812 0.0031180381774902344 0.003148794174194336 0.0029363632202148438 0.0031251907348632812 0.0032563209533691406 0.0030150413513183594 0.0043714046478271484 0.004899024963378906 0.004030704498291016 0.004229307174682617 0.004692792892456055 0.005735158920288086 0.010365009307861328 0.032917022705078125 0.0 0.0 0.0 0.0 0.0 0.0 0.0 0.0 0.0 0.0 0.0 0.0 0.0 0.0
0.7530519962310791 0.004515171051025391 0.0028531551361083984 0.002869844436645508 0.0026764869689941406 0.003989458084106445 0.0028734207153320312 0.0036950111389160156 0.0032477378845214844 0.003849029541015625 0.004162311553955078 0.0046117305755615234 0.004273891448974609 0.004111289978027344 0.0046885013580322266 0.004712581634521484 0.005892515182495117 0.009597063064575195 0.03220534324645996 0.0 0.0 0.0 0.0 0.0 0.0 0.0 0.0 0.0 0.0 0.0 0.0 0.0
0.7499134540557861 0.004954814910888672 0.0030667781829833984 0.003141641616821289 0.0026433467864990234 0.0028760433197021484 0.002691030502319336 0.004231691360473633 0.003466367721557617 0.0035734176635742188 0.004911899566650391 0.004286766052246094 0.0036072731018066406 0.004592180252075195 0.004863739013671875 0.0045850276947021484 0.004626750946044922 0.005649566650390625 0.010587692260742188 0.0308072566986084 0.0 0.0 0.0 0.0 0.0 0.0 0.0 0.0 0.0 0.0 0.0 0.0
0.7521066665649414 0.0045659542083740234 0.0033111572265625 0.0032401084899902344 0.0026390552520751953 0.0024089813232421875 0.002165555953979492 0.002881288528442383 0.003271341323852539 0.0031201839447021484 0.0038118362426757812 0.003381013870239258 0.0036046504974365234 0.003673076629638672 0.004969596862792969 0.004046916961669922 0.0050029754638671875 0.004174470901489258 0.005857229232788086 0.009981632232666016 0.03005838394165039 0.0 0.0 0.0 0.0 0.0 0.0 0.0 0.0 0.0 0.0 0.0
0.744920015335083 0.0038137435913085938 0.003076314926147461 0.0035266876220703125 0.0031425952911376953 0.0060617923736572266 0.002217531204223633 0.0028259754180908203 0.003017425537109375 0.0030755996704101562 0.0061719417572021484 0.0046079158782958984 0.003177642822265625 0.0036468505859375 0.004523754119873047 0.00424504280090332 0.004450082778930664 0.004298210144042969 0.0045049190521240234 0.005269527435302734 0.00941324234008789 0.030948400497436523 0.0 0.0 0.0 0.0 0.0 0.0 0.0 0.0 0.0 0.0
0.7484250068664551 0.0034627914428710938 0.002872943878173828 0.0032444000244140625 0.003170013427734375 0.0036652088165283203 0.0024132728576660156 0.002451181411743164 0.0028603076934814453 0.0027756690979003906 0.004187107086181641 0.003860950469970703 0.003488779067993164 0.0031142234802246094 0.0038542747497558594 0.003664731979370117 0.004386425018310547 0.003765106201171875 0.0042781829833984375 0.004364490509033203 0.0053217411041259766 0.009802579879760742 0.030217647552490234 0.0 0.0 0.0 0.0 0.0 0.0 0.0 0.0 0.0
0.7469329833984375 0.0033042430877685547 0.0024912357330322266 0.0029706954956054688 0.0032002925872802734 0.0034105777740478516 0.002920866012573242 0.002798318862915039 0.002738475799560547 0.0027170181274414062 0.0035507678985595703 0.004067420959472656 0.003513813018798828 0.0032110214233398438 0.0033485889434814453 0.0033538341522216797 0.0038809776306152344 0.0037517547607421875 0.004142045974731445 0.003963470458984375 0.004227876663208008 0.005736589431762695 0.009100198745727539 0.030865192413330078 0.0 0.0 0.0 0.0 0.0 0.0 0.0 0.0
0.7421298027038574 0.0037212371826171875 0.0025026798248291016 0.0028235912322998047 0.0030639171600341797 0.0034067630767822266 0.0025267601013183594 0.003337383270263672 0.002743959426879883 0.002408266067504883 0.003461599349975586 0.0038385391235351562 0.003462553024291992 0.0037517547607421875 0.004148721694946289 0.00341033935546875 0.0037698745727539062 0.0037009716033935547 0.0039920806884765625 0.003873586654663086 0.003923177719116211 0.004897117614746094 0.005572795867919922 0.011098146438598633 0.030414581298828125 0.0 0.0 0.0 0.0 0.0 0.0 0.0
0.7375879287719727 0.0041506290435791016 0.0025358200073242188 0.002549886703491211 0.002969980239868164 0.003506183624267578 0.002747058868408203 0.0038738250732421875 0.0029587745666503906 0.002582073211669922 0.003890514373779297 0.0037152767181396484 0.0032591819763183594 0.003238677978515625 0.0045528411865234375 0.0033919811248779297 0.0038847923278808594 0.0033981800079345703 0.0035881996154785156 0.0038826465606689453 0.00392460823059082 0.004004716873168945 0.004243135452270508 0.007332563400268555 0.0099334716796875 0.03192257881164551 0.0 0.0 0.0 0.0 0.0 0.0
0.7374701499938965 0.004363298416137695 0.0024378299713134766 0.0025823116302490234 0.0029811859130859375 0.0032765865325927734 0.0026438236236572266 0.0027413368225097656 0.0030007362365722656 0.002878904342651367 0.003538370132446289 0.0035779476165771484 0.0029239654541015625 0.0034537315368652344 0.00432133674621582 0.0030934810638427734 0.0036034584045410156 0.0031325817108154297 0.0036821365356445312 0.0034532546997070312 0.0039479732513427734 0.004266500473022461 0.003688335418701172 0.00694727897644043 0.005797386169433594 0.010406017303466797 0.029491901397705078 0.0 0.0 0.0 0.0 0.0
0.7380542755126953 0.0040836334228515625 0.0026259422302246094 0.0026085376739501953 0.0025141239166259766 0.002798318862915039 0.0027120113372802734 0.0023200511932373047 0.0029244422912597656 0.003022909164428711 0.0037360191345214844 0.0037529468536376953 0.002949953079223633 0.0031974315643310547 0.0040357112884521484 0.0033216476440429688 0.003758668899536133 0.003265380859375 0.003221750259399414 0.003360271453857422 0.0037794113159179688 0.003881216049194336 0.003799915313720703 0.004395246505737305 0.00460052490234375 0.005736351013183594 0.009562015533447266 0.029486656188964844 0.0 0.0 0.0 0.0
0.7352540493011475 0.0036635398864746094 0.0026280879974365234 0.0025985240936279297 0.0026094913482666016 0.003392457962036133 0.002648591995239258 0.003676176071166992 0.0027627944946289062 0.0030908584594726562 0.0037610530853271484 0.0031585693359375 0.002886533737182617 0.002982616424560547 0.003247976303100586 0.0032918453216552734 0.004105567932128906 0.0034761428833007812 0.0033795833587646484 0.003084897994995117 0.0036001205444335938 0.004148006439208984 0.0038988590240478516 0.005102872848510742 0.003997325897216797 0.004233598709106445 0.005476713180541992 0.009254217147827148 0.029123783111572266 0.0 0.0 0.0
0.735731840133667 0.0036330223083496094 0.00238800048828125 0.0024628639221191406 0.0025403499603271484 0.002592802047729492 0.0022983551025390625 0.0023772716522216797 0.002445220947265625 0.0023844242095947266 0.003969907760620117 0.0032765865325927734 0.0030176639556884766 0.0029001235961914062 0.0037412643432617188 0.003035306930541992 0.003587007522583008 0.0033652782440185547 0.0032913684844970703 0.0029768943786621094 0.0032820701599121094 0.0036966800689697266 0.003474712371826172 0.0049092769622802734 0.004015207290649414 0.004352092742919922 0.004540920257568359 0.0056209564208984375 0.009151458740234375 0.02930474281311035 0.0 0.0
0.7313601970672607 0.0034291744232177734 0.0023615360260009766 0.0025177001953125 0.002798318862915039 0.008535146713256836 0.0024466514587402344 0.0021364688873291016 0.0028471946716308594 0.0022513866424560547 0.004395246505737305 0.003311634063720703 0.0028667449951171875 0.0029981136322021484 0.0031359195709228516 0.0030221939086914062 0.0037267208099365234 0.003041505813598633 0.0031592845916748047 0.003174304962158203 0.002916097640991211 0.003226757049560547 0.0030252933502197266 0.0043485164642333984 0.0039746761322021484 0.0039501190185546875 0.0040094852447509766 0.004102945327758789 0.0053026676177978516 0.009062767028808594 0.028525590896606445 0.0
0.7265839576721191 0.0036077499389648438 0.0024504661560058594 0.0024695396423339844 0.002754688262939453 0.010097503662109375 0.002534627914428711 0.002532482147216797 0.0026366710662841797 0.002397298812866211 0.00296783447265625 0.002970457077026367 0.003107786178588867 0.0030646324157714844 0.003128528594970703 0.0028853416442871094 0.003708362579345703 0.0030624866485595703 0.0030672550201416016 0.0031630992889404297 0.003262758255004883 0.0033075809478759766 0.0030057430267333984 0.0044708251953125 0.0037810802459716797 0.0040607452392578125 0.004082202911376953 0.004134416580200195 0.004498004913330078 0.005618095397949219 0.00911092758178711 0.029160499572753906
