0.8284270763397217 0.0 0.0 0.0 0.0 0.0 0.0 0.0 0.0 0.0 0.0 0.0 0.0 0.0 0.0 0.0 0.0 0.0 0.0 0.0 0.0 0.0 0.0 0.0 0.0 0.0 0.0 0.0 0.0 0.0 0.0 0.0
0.763714075088501 0.08852052688598633 0.0 0.0 0.0 0.0 0.0 0.0 0.0 0.0 0.0 0.0 0.0 0.0 0.0 0.0 0.0 0.0 0.0 0.0 0.0 0.0 0.0 0.0 0.0 0.0 0.0 0.0 0.0 0.0 0.0 0.0
0.7997660636901855 0.015022039413452148 0.025089502334594727 0.0 0.0 0.0 0.0 0.0 0.0 0.0 0.0 0.0 0.0 0.0 0.0 0.0 0.0 0.0 0.0 0.0 0.0 0.0 0.0 0.0 0.0 0.0 0.0 0.0 0.0 0.0 0.0 0.0
0.8067564964294434 0.007416963577270508 0.005797147750854492 0.017222166061401367 0.0 0.0 0.0 0.0 0.0 0.0 0.0 0.0 0.0 0.0 0.0 0.0 0.0 0.0 0.0 0.0 0.0 0.0 0.0 0.0 0.0 0.0 0.0 0.0 0.0 0.0 0.0 0.0
0.806727409362793 0.0057260990142822266 0.0038559436798095703 0.005074977874755859 0.015829086303710938 0.0 0.0 0.0 0.0 0.0 0.0 0.0 0.0 0.0 0.0 0.0 0.0 0.0 0.0 0.0 0.0 0.0 0.0 0.0 0.0 0.0 0.0 0.0 0.0 0.0 0.0 0.0
0.8070669174194336 0.004675149917602539 0.0030303001403808594 0.003160715103149414 0.0045223236083984375 0.014636039733886719 0.0 0.0 0.0 0.0 0.0 0.0 0.0 0.0 0.0 0.0 0.0 0.0 0.0 0.0 0.0 0.0 0.0 0.0 0.0 0.0 0.0 0.0 0.0 0.0 0.0 0.0
0.8067605495452881 0.004044055938720703 0.002524852752685547 0.002534627914428711 0.0031554698944091797 0.004429817199707031 0.013770818710327148 0.0 0.0 0.0 0.0 0.0 0.0 0.0 0.0 0.0 0.0 0.0 0.0 0.0 0.0 0.0 0.0 0.0 0.0 0.0 0.0 0.0 0.0 0.0 0.0 0.0
0.806084156036377 0.0037963390350341797 0.0022706985473632812 0.002340078353881836 0.002601146697998047 0.003130197525024414 0.004075765609741211 0.013203620910644531 0.0 0.0 0.0 0.0 0.0 0.0 0.0 0.0 0.0 0.0 0.0 0.0 0.0 0.0 0.0 0.0 0.0 0.0 0.0 0.0 0.0 0.0 0.0 0.0
0.8064758777618408 0.003374814987182617 0.001966714859008789 0.001958608627319336 0.0021820068359375 0.002499818801879883 0.0027170181274414062 0.003785371780395508 0.012387275695800781 0.0 0.0 0.0 0.0 0.0 0.0 0.0 0.0 0.0 0.0 0.0 0.0 0.0 0.0 0.0 0.0 0.0 0.0 0.0 0.0 0.0 0.0 0.0
0.8056142330169678 0.0032317638397216797 0.0018525123596191406 0.0017766952514648438 0.0022933483123779297 0.0022678375244140625 0.0023300647735595703 0.002635955810546875 0.0037453174591064453 0.011954069137573242 0.0 0.0 0.0 0.0 0.0 0.0 0.0 0.0 0.0 0.0 0.0 0.0 0.0 0.0 0.0 0.0 0.0 0.0 0.0 0.0 0.0 0.0
0.8050925731658936 0.003000974655151367 0.0017001628875732422 0.0017197132110595703 0.001880645751953125 0.0019788742065429688 0.0022420883178710938 0.0023915767669677734 0.002564668655395508 0.0035505294799804688 0.011786222457885742 0.0 0.0 0.0 0.0 0.0 0.0 0.0 0.0 0.0 0.0 0.0 0.0 0.0 0.0 0.0 0.0 0.0 0.0 0.0 0.0 0.0
0.8042056560516357 0.002872943878173828 0.00162506103515625 0.0017762184143066406 0.0017998218536376953 0.001943349838256836 0.002008199691772461 0.002167940139770508 0.002326488494873047 0.002418994903564453 0.003504514694213867 0.011611461639404297 0.0 0.0 0.0 0.0 0.0 0.0 0.0 0.0 0.0 0.0 0.0 0.0 0.0 0.0 0.0 0.0 0.0 0.0 0.0 0.0
0.8040521144866943 0.002671480178833008 0.0015461444854736328 0.0015625953674316406 0.0017058849334716797 0.0017597675323486328 0.0018401145935058594 0.0019161701202392578 0.002081155776977539 0.002113819122314453 0.0023806095123291016 0.0033621788024902344 0.011342048645019531 0.0 0.0 0.0 0.0 0.0 0.0 0.0 0.0 0.0 0.0 0.0 0.0 0.0 0.0 0.0 0.0 0.0 0.0 0.0
0.8034255504608154 0.0026144981384277344 0.001451730728149414 0.0014843940734863281 0.0015635490417480469 0.0016717910766601562 0.0017840862274169922 0.0018086433410644531 0.0018951892852783203 0.001970529556274414 0.0021317005157470703 0.002279996871948242 0.0032999515533447266 0.011197328567504883 0.0 0.0 0.0 0.0 0.0 0.0 0.0 0.0 0.0 0.0 0.0 0.0 0.0 0.0 0.0 0.0 0.0 0.0
0.8025736808776855 0.002418041229248047 0.0013599395751953125 0.0014028549194335938 0.001512289047241211 0.0015842914581298828 0.0016791820526123047 0.0017306804656982422 0.0018112659454345703 0.0019004344940185547 0.002091646194458008 0.0021119117736816406 0.002357006072998047 0.003383636474609375 0.011007547378540039 0.0 0.0 0.0 0.0 0.0 0.0 0.0 0.0 0.0 0.0 0.0 0.0 0.0 0.0 0.0 0.0 0.0
0.8016741275787354 0.0023353099822998047 0.0013630390167236328 0.0014030933380126953 0.0015673637390136719 0.0015444755554199219 0.0016443729400634766 0.0016396045684814453 0.001714944839477539 0.001855611801147461 0.0020036697387695312 0.0019729137420654297 0.002143383026123047 0.0023729801177978516 0.0032339096069335938 0.010818243026733398 0.0 0.0 0.0 0.0 0.0 0.0 0.0 0.0 0.0 0.0 0.0 0.0 0.0 0.0 0.0 0.0
0.8012464046478271 0.002185821533203125 0.0012884140014648438 0.0013418197631835938 0.0014340877532958984 0.0014951229095458984 0.0015530586242675781 0.001592874526977539 0.0017466545104980469 0.001829385757446289 0.0017910003662109375 0.001855611801147461 0.0021257400512695312 0.0021088123321533203 0.0022869110107421875 0.003144502639770508 0.010431766510009766 0.0 0.0 0.0 0.0 0.0 0.0 0.0 0.0 0.0 0.0 0.0 0.0 0.0 0.0 0.0
0.7994749546051025 0.002121448516845703 0.0012290477752685547 0.0014450550079345703 0.0014939308166503906 0.0014781951904296875 0.0015177726745605469 0.001630544662475586 0.0017054080963134766 0.00171661376953125 0.0018169879913330078 0.0017848014831542969 0.0019478797912597656 0.002130270004272461 0.0021932125091552734 0.002656221389770508 0.0032215118408203125 0.010605096817016602 0.0 0.0 0.0 0.0 0.0 0.0 0.0 0.0 0.0 0.0 0.0 0.0 0.0 0.0
0.7991201877593994 0.0019800662994384766 0.0011484622955322266 0.0012850761413574219 0.001470804214477539 0.0014698505401611328 0.0014901161193847656 0.0015270709991455078 0.001657724380493164 0.0017306804656982422 0.0017101764678955078 0.0016853809356689453 0.0018696784973144531 0.001965045928955078 0.001971721649169922 0.002252817153930664 0.0022194385528564453 0.003088712692260742 0.010665178298950195 0.0 0.0 0.0 0.0 0.0 0.0 0.0 0.0 0.0 0.0 0.0 0.0 0.0
0.7983386516571045 0.0019588470458984375 0.0011451244354248047 0.0012633800506591797 0.0014529228210449219 0.0014493465423583984 0.0014672279357910156 0.0014655590057373047 0.0015079975128173828 0.001626729965209961 0.001657724380493164 0.0017952919006347656 0.001760244369506836 0.0019218921661376953 0.0018894672393798828 0.002141237258911133 0.001999378204345703 0.002126932144165039 0.0031862258911132812 0.010468721389770508 0.0 0.0 0.0 0.0 0.0 0.0 0.0 0.0 0.0 0.0 0.0 0.0
0.7974669933319092 0.001987934112548828 0.0011091232299804688 0.0012018680572509766 0.0012938976287841797 0.0014159679412841797 0.0014166831970214844 0.001520395278930664 0.0015857219696044922 0.0016107559204101562 0.0016012191772460938 0.0016181468963623047 0.001741170883178711 0.0018222332000732422 0.0017948150634765625 0.0019140243530273438 0.0019228458404541016 0.001977205276489258 0.002302408218383789 0.0031032562255859375 0.01055908203125 0.0 0.0 0.0 0.0 0.0 0.0 0.0 0.0 0.0 0.0 0.0
0.7971291542053223 0.001962423324584961 0.0011179447174072266 0.0011873245239257812 0.0013017654418945312 0.0013539791107177734 0.0013763904571533203 0.0014181137084960938 0.0014698505401611328 0.0015325546264648438 0.0015614032745361328 0.0016105175018310547 0.0016357898712158203 0.0017826557159423828 0.0016970634460449219 0.001903533935546875 0.0017971992492675781 0.0018486976623535156 0.002020120620727539 0.0021598339080810547 0.003033876419067383 0.010200977325439453 0.0 0.0 0.0 0.0 0.0 0.0 0.0 0.0 0.0 0.0
0.7962262630462646 0.0019729137420654297 0.0011432170867919922 0.0012407302856445312 0.001260519027709961 0.0013186931610107422 0.0013661384582519531 0.001392364501953125 0.0014672279357910156 0.0014452934265136719 0.001588582992553711 0.0016019344329833984 0.001592874526977539 0.0016682147979736328 0.001661539077758789 0.001756906509399414 0.0017392635345458984 0.0017871856689453125 0.0018954277038574219 0.002013683319091797 0.0021505355834960938 0.0030965805053710938 0.01008296012878418 0.0 0.0 0.0 0.0 0.0 0.0 0.0 0.0 0.0
0.7954630851745605 0.0019314289093017578 0.001094818115234375 0.00119781494140625 0.0012683868408203125 0.0013725757598876953 0.0013611316680908203 0.001346588134765625 0.0014057159423828125 0.0014052391052246094 0.0014982223510742188 0.001516580581665039 0.0015323162078857422 0.0016202926635742188 0.0015964508056640625 0.0016674995422363281 0.001619100570678711 0.001711130142211914 0.0018715858459472656 0.0018868446350097656 0.0019359588623046875 0.002126455307006836 0.003026723861694336 0.010313272476196289 0.0 0.0 0.0 0.0 0.0 0.0 0.0 0.0
0.7938714027404785 0.0019681453704833984 0.0011305809020996094 0.0011973381042480469 0.0013346672058105469 0.00140380859375 0.0013620853424072266 0.0013535022735595703 0.0014150142669677734 0.0014224052429199219 0.0015323162078857422 0.0015177726745605469 0.0016834735870361328 0.0016644001007080078 0.0016148090362548828 0.0015974044799804688 0.0016281604766845703 0.0016717910766601562 0.0017342567443847656 0.0018239021301269531 0.0018880367279052734 0.001963376998901367 0.0021436214447021484 0.0031168460845947266 0.01035761833190918 0.0 0.0 0.0 0.0 0.0 0.0 0.0
0.7935683727264404 0.002004861831665039 0.0010647773742675781 0.0011203289031982422 0.0012183189392089844 0.0013060569763183594 0.0013129711151123047 0.0012993812561035156 0.0014047622680664062 0.0014195442199707031 0.0014848709106445312 0.0014910697937011719 0.0015134811401367188 0.0015697479248046875 0.001561880111694336 0.0015742778778076172 0.001560211181640625 0.0015993118286132812 0.001669168472290039 0.0017061233520507812 0.0017561912536621094 0.0018820762634277344 0.001995086669921875 0.0021257400512695312 0.0030624866485595703 0.010242223739624023 0.0 0.0 0.0 0.0 0.0 0.0
0.79302978515625 0.002038717269897461 0.0010387897491455078 0.001100301742553711 0.0011830329895019531 0.0012769699096679688 0.0012907981872558594 0.001275777816772461 0.001352071762084961 0.0013580322265625 0.0014171600341796875 0.0014743804931640625 0.0015087127685546875 0.0014684200286865234 0.0015358924865722656 0.0015575885772705078 0.001573324203491211 0.0015950202941894531 0.0016241073608398438 0.0016353130340576172 0.001699209213256836 0.0018033981323242188 0.001870870590209961 0.001951456069946289 0.0020961761474609375 0.003045320510864258 0.009931087493896484 0.0 0.0 0.0 0.0 0.0
0.7923152446746826 0.0020287036895751953 0.001055002212524414 0.00107574462890625 0.0011262893676757812 0.0012154579162597656 0.001232147216796875 0.0012164115905761719 0.0012772083282470703 0.001318216323852539 0.0013241767883300781 0.0014181137084960938 0.0015130043029785156 0.0015363693237304688 0.0016303062438964844 0.0015087127685546875 0.0014851093292236328 0.0015711784362792969 0.0015978813171386719 0.0016016960144042969 0.0015897750854492188 0.001641988754272461 0.0017476081848144531 0.0018198490142822266 0.0019006729125976562 0.002089262008666992 0.003015279769897461 0.010157585144042969 0.0 0.0 0.0 0.0
0.7903282642364502 0.0020685195922851562 0.0011034011840820312 0.0011241436004638672 0.0011248588562011719 0.0011761188507080078 0.0012669563293457031 0.0012350082397460938 0.0012950897216796875 0.00131988525390625 0.001422882080078125 0.0014548301696777344 0.0015285015106201172 0.0015480518341064453 0.0015327930450439453 0.0015745162963867188 0.0014786720275878906 0.0015017986297607422 0.0015921592712402344 0.0016663074493408203 0.001619577407836914 0.0016505718231201172 0.0017628669738769531 0.001829385757446289 0.0018880367279052734 0.0020570755004882812 0.0022051334381103516 0.0031270980834960938 0.01031947135925293 0.0 0.0 0.0
0.790797233581543 0.001931905746459961 0.0010669231414794922 0.0011105537414550781 0.0011210441589355469 0.00112152099609375 0.0011725425720214844 0.0012195110321044922 0.0012676715850830078 0.0012989044189453125 0.0013213157653808594 0.0013315677642822266 0.0013828277587890625 0.00145721435546875 0.001447916030883789 0.0014867782592773438 0.0014004707336425781 0.0014681816101074219 0.001524209976196289 0.00153350830078125 0.0015463829040527344 0.0015819072723388672 0.0016651153564453125 0.0016379356384277344 0.0017299652099609375 0.0018885135650634766 0.0018777847290039062 0.0021288394927978516 0.0030295848846435547 0.01007080078125 0.0 0.0
0.7885255813598633 0.0018925666809082031 0.001074075698852539 0.00116729736328125 0.0012240409851074219 0.0011553764343261719 0.0011665821075439453 0.0011773109436035156 0.001239776611328125 0.0012640953063964844 0.001310110092163086 0.00146484375 0.0014007091522216797 0.0015377998352050781 0.0014772415161132812 0.0017061233520507812 0.0014312267303466797 0.0014102458953857422 0.001493692398071289 0.0017337799072265625 0.0015096664428710938 0.0016634464263916016 0.0018460750579833984 0.0017163753509521484 0.0016405582427978516 0.0017786026000976562 0.0018165111541748047 0.0019919872283935547 0.0022478103637695312 0.0031528472900390625 0.010294198989868164 0.0
0.7874979972839355 0.001916646957397461 0.0010218620300292969 0.0010995864868164062 0.0011982917785644531 0.0012753009796142578 0.0012288093566894531 0.0012469291687011719 0.001302480697631836 0.001341104507446289 0.0014772415161132812 0.0014538764953613281 0.0015304088592529297 0.0015261173248291016 0.0016727447509765625 0.0014696121215820312 0.001453399658203125 0.001399993896484375 0.001495361328125 0.0015103816986083984 0.0014889240264892578 0.001575469970703125 0.0016186237335205078 0.0016398429870605469 0.001634836196899414 0.0016674995422363281 0.0017809867858886719 0.001940011978149414 0.001992940902709961 0.002207040786743164 0.003177165985107422 0.010077238082885742
