0.8284270763397217 0.0 0.0 0.0 0.0 0.0 0.0 0.0 0.0 0.0 0.0 0.0 0.0 0.0 0.0 0.0 0.0 0.0 0.0 0.0 0.0 0.0 0.0 0.0 0.0 0.0 0.0 0.0 0.0 0.0 0.0 0.0
0.8064451217651367 0.030736923217773438 0.0 0.0 0.0 0.0 0.0 0.0 0.0 0.0 0.0 0.0 0.0 0.0 0.0 0.0 0.0 0.0 0.0 0.0 0.0 0.0 0.0 0.0 0.0 0.0 0.0 0.0 0.0 0.0 0.0 0.0
0.7368237972259521 0.07550716400146484 0.04989957809448242 0.0 0.0 0.0 0.0 0.0 0.0 0.0 0.0 0.0 0.0 0.0 0.0 0.0 0.0 0.0 0.0 0.0 0.0 0.0 0.0 0.0 0.0 0.0 0.0 0.0 0.0 0.0 0.0 0.0
0.717677116394043 0.030556201934814453 0.08493638038635254 0.035704851150512695 0.0 0.0 0.0 0.0 0.0 0.0 0.0 0.0 0.0 0.0 0.0 0.0 0.0 0.0 0.0 0.0 0.0 0.0 0.0 0.0 0.0 0.0 0.0 0.0 0.0 0.0 0.0 0.0
0.7308251857757568 0.014470100402832031 0.037129878997802734 0.054035186767578125 0.028674602508544922 0.0 0.0 0.0 0.0 0.0 0.0 0.0 0.0 0.0 0.0 0.0 0.0 0.0 0.0 0.0 0.0 0.0 0.0 0.0 0.0 0.0 0.0 0.0 0.0 0.0 0.0 0.0
0.7488250732421875 0.008390188217163086 0.015274524688720703 0.020618200302124023 0.04222416877746582 0.023714303970336914 0.0 0.0 0.0 0.0 0.0 0.0 0.0 0.0 0.0 0.0 0.0 0.0 0.0 0.0 0.0 0.0 0.0 0.0 0.0 0.0 0.0 0.0 0.0 0.0 0.0 0.0
0.7488775253295898 0.006491661071777344 0.010271549224853516 0.010792255401611328 0.0202789306640625 0.039598703384399414 0.02279067039489746 0.0 0.0 0.0 0.0 0.0 0.0 0.0 0.0 0.0 0.0 0.0 0.0 0.0 0.0 0.0 0.0 0.0 0.0 0.0 0.0 0.0 0.0 0.0 0.0 0.0
0.7481458187103271 0.005742788314819336 0.007994651794433594 0.007158041000366211 0.00947427749633789 0.0203244686126709 0.0351710319519043 0.025429964065551758 0.0 0.0 0.0 0.0 0.0 0.0 0.0 0.0 0.0 0.0 0.0 0.0 0.0 0.0 0.0 0.0 0.0 0.0 0.0 0.0 0.0 0.0 0.0 0.0
0.7565896511077881 0.0050067901611328125 0.0058858394622802734 0.005106449127197266 0.0055141448974609375 0.00813913345336914 0.015404701232910156 0.034963369369506836 0.019774675369262695 0.0 0.0 0.0 0.0 0.0 0.0 0.0 0.0 0.0 0.0 0.0 0.0 0.0 0.0 0.0 0.0 0.0 0.0 0.0 0.0 0.0 0.0 0.0
0.7557141780853271 0.007123470306396484 0.005437612533569336 0.004186391830444336 0.003788471221923828 0.004891872406005859 0.007354736328125 0.01514124870300293 0.03435921669006348 0.018740177154541016 0.0 0.0 0.0 0.0 0.0 0.0 0.0 0.0 0.0 0.0 0.0 0.0 0.0 0.0 0.0 0.0 0.0 0.0 0.0 0.0 0.0 0.0
0.7575063705444336 0.003525972366333008 0.004085063934326172 0.0036287307739257812 0.003505706787109375 0.004247188568115234 0.0044171810150146484 0.0074465274810791016 0.013663053512573242 0.03551602363586426 0.01851797103881836 0.0 0.0 0.0 0.0 0.0 0.0 0.0 0.0 0.0 0.0 0.0 0.0 0.0 0.0 0.0 0.0 0.0 0.0 0.0 0.0 0.0
0.7609784603118896 0.0030286312103271484 0.0037217140197753906 0.0035440921783447266 0.0029320716857910156 0.0035593509674072266 0.003239870071411133 0.005091667175292969 0.006845951080322266 0.014469385147094727 0.029430627822875977 0.018002748489379883 0.0 0.0 0.0 0.0 0.0 0.0 0.0 0.0 0.0 0.0 0.0 0.0 0.0 0.0 0.0 0.0 0.0 0.0 0.0 0.0
0.7593770027160645 0.0028901100158691406 0.0033206939697265625 0.0029311180114746094 0.0027930736541748047 0.0028569698333740234 0.003271818161010742 0.003900766372680664 0.005103349685668945 0.007955789566040039 0.015416145324707031 0.02910590171813965 0.016538143157958984 0.0 0.0 0.0 0.0 0.0 0.0 0.0 0.0 0.0 0.0 0.0 0.0 0.0 0.0 0.0 0.0 0.0 0.0 0.0
0.7636373043060303 0.002595663070678711 0.0028421878814697266 0.002417325973510742 0.0022182464599609375 0.002238035202026367 0.0023910999298095703 0.0029060840606689453 0.00290679931640625 0.0038788318634033203 0.006769895553588867 0.012842416763305664 0.028681039810180664 0.017538785934448242 0.0 0.0 0.0 0.0 0.0 0.0 0.0 0.0 0.0 0.0 0.0 0.0 0.0 0.0 0.0 0.0 0.0 0.0
0.7633159160614014 0.002751588821411133 0.0026395320892333984 0.002099275588989258 0.0019998550415039062 0.0019559860229492188 0.002058744430541992 0.002277374267578125 0.0024008750915527344 0.003110170364379883 0.00397038459777832 0.006077766418457031 0.012168645858764648 0.02966618537902832 0.017479896545410156 0.0 0.0 0.0 0.0 0.0 0.0 0.0 0.0 0.0 0.0 0.0 0.0 0.0 0.0 0.0 0.0 0.0
0.7648043632507324 0.002717733383178711 0.0027904510498046875 0.0018947124481201172 0.0016472339630126953 0.0016338825225830078 0.0017788410186767578 0.0023462772369384766 0.0022950172424316406 0.00225830078125 0.0028808116912841797 0.0035266876220703125 0.006291389465332031 0.013881921768188477 0.025711774826049805 0.016997337341308594 0.0 0.0 0.0 0.0 0.0 0.0 0.0 0.0 0.0 0.0 0.0 0.0 0.0 0.0 0.0 0.0
0.7589683532714844 0.002711772918701172 0.002906322479248047 0.0020029544830322266 0.0017995834350585938 0.0015683174133300781 0.0014917850494384766 0.0019338130950927734 0.002386808395385742 0.0028679370880126953 0.002592802047729492 0.002508878707885742 0.003894329071044922 0.008223533630371094 0.012207984924316406 0.03128528594970703 0.016260862350463867 0.0 0.0 0.0 0.0 0.0 0.0 0.0 0.0 0.0 0.0 0.0 0.0 0.0 0.0 0.0
0.7603859901428223 0.002468109130859375 0.002639293670654297 0.0020875930786132812 0.002017974853515625 0.0015964508056640625 0.001386880874633789 0.0014927387237548828 0.001977205276489258 0.0028104782104492188 0.002489805221557617 0.0021123886108398438 0.002523183822631836 0.004515171051025391 0.0054590702056884766 0.01625370979309082 0.02602076530456543 0.016883373260498047 0.0 0.0 0.0 0.0 0.0 0.0 0.0 0.0 0.0 0.0 0.0 0.0 0.0 0.0
0.7595906257629395 0.0020313262939453125 0.0024857521057128906 0.0021979808807373047 0.0018782615661621094 0.001653909683227539 0.0014705657958984375 0.0015125274658203125 0.0016019344329833984 0.0024559497833251953 0.002466917037963867 0.0018808841705322266 0.002218008041381836 0.003162384033203125 0.003152608871459961 0.007946968078613281 0.012058734893798828 0.028452157974243164 0.017190217971801758 0.0 0.0 0.0 0.0 0.0 0.0 0.0 0.0 0.0 0.0 0.0 0.0 0.0
0.7640817165374756 0.0018584728240966797 0.0020704269409179688 0.0018916130065917969 0.001638174057006836 0.001638174057006836 0.0014462471008300781 0.001398324966430664 0.0013630390167236328 0.0016186237335205078 0.0017087459564208984 0.001669168472290039 0.0019059181213378906 0.002663135528564453 0.0023005008697509766 0.005303382873535156 0.005331277847290039 0.012485027313232422 0.026189565658569336 0.015192031860351562 0.0 0.0 0.0 0.0 0.0 0.0 0.0 0.0 0.0 0.0 0.0 0.0
0.7681238651275635 0.0016469955444335938 0.002033710479736328 0.0018312931060791016 0.0016474723815917969 0.001516580581665039 0.0014524459838867188 0.0013663768768310547 0.0012199878692626953 0.0014874935150146484 0.0014410018920898438 0.0014765262603759766 0.0016717910766601562 0.0018839836120605469 0.0018854141235351562 0.002408266067504883 0.0031278133392333984 0.005402803421020508 0.011371135711669922 0.024289369583129883 0.014952659606933594 0.0 0.0 0.0 0.0 0.0 0.0 0.0 0.0 0.0 0.0 0.0
0.7647833824157715 0.0015337467193603516 0.0019769668579101562 0.0017237663269042969 0.001461029052734375 0.0015521049499511719 0.0014355182647705078 0.0016760826110839844 0.0013577938079833984 0.0012121200561523438 0.0012674331665039062 0.0012218952178955078 0.0013608932495117188 0.0017516613006591797 0.0016257762908935547 0.0021522045135498047 0.0022640228271484375 0.0035796165466308594 0.005369424819946289 0.01089024543762207 0.02832484245300293 0.01494598388671875 0.0 0.0 0.0 0.0 0.0 0.0 0.0 0.0 0.0 0.0
0.7651991844177246 0.0014879703521728516 0.001928567886352539 0.0017650127410888672 0.0014500617980957031 0.0013527870178222656 0.001295328140258789 0.0014240741729736328 0.0012862682342529297 0.001440286636352539 0.0012624263763427734 0.001214742660522461 0.0012423992156982422 0.0016047954559326172 0.0015265941619873047 0.002145051956176758 0.0019779205322265625 0.002462148666381836 0.003137826919555664 0.004881620407104492 0.012737274169921875 0.02621006965637207 0.014303922653198242 0.0 0.0 0.0 0.0 0.0 0.0 0.0 0.0 0.0
0.7665774822235107 0.0016701221466064453 0.0017669200897216797 0.0017080307006835938 0.0012280941009521484 0.0013108253479003906 0.0012369155883789062 0.0013539791107177734 0.0011746883392333984 0.0012786388397216797 0.0012807846069335938 0.0011811256408691406 0.001050710678100586 0.0012445449829101562 0.0013015270233154297 0.0015676021575927734 0.001786947250366211 0.0019381046295166016 0.0023338794708251953 0.002675294876098633 0.005476236343383789 0.012213468551635742 0.024829864501953125 0.014640569686889648 0.0 0.0 0.0 0.0 0.0 0.0 0.0 0.0
0.768547773361206 0.0015873908996582031 0.001834869384765625 0.0014865398406982422 0.00124359130859375 0.0011408329010009766 0.0012094974517822266 0.0011169910430908203 0.0010716915130615234 0.001294851303100586 0.0013909339904785156 0.0011205673217773438 0.0010936260223388672 0.0011472702026367188 0.001088857650756836 0.0013213157653808594 0.0014257431030273438 0.0017139911651611328 0.001901388168334961 0.002068042755126953 0.003014802932739258 0.005637407302856445 0.011327028274536133 0.02305769920349121 0.014258146286010742 0.0 0.0 0.0 0.0 0.0 0.0 0.0
0.7681436538696289 0.001687765121459961 0.0017712116241455078 0.0013163089752197266 0.0013010501861572266 0.0011661052703857422 0.0010862350463867188 0.0010986328125 0.001094818115234375 0.0012753009796142578 0.0013430118560791016 0.001211404800415039 0.0011203289031982422 0.001169443130493164 0.001007080078125 0.0010981559753417969 0.0012886524200439453 0.0014433860778808594 0.001800537109375 0.0016300678253173828 0.002321958541870117 0.0030329227447509766 0.005238056182861328 0.010160684585571289 0.023777008056640625 0.014667034149169922 0.0 0.0 0.0 0.0 0.0 0.0
0.7673759460449219 0.0015795230865478516 0.001729726791381836 0.0014078617095947266 0.0011985301971435547 0.0010459423065185547 0.0011317729949951172 0.0012173652648925781 0.0011744499206542969 0.0010457038879394531 0.0012254714965820312 0.0011899471282958984 0.0012540817260742188 0.001163482666015625 0.0010564327239990234 0.0009620189666748047 0.0011296272277832031 0.0012562274932861328 0.001687765121459961 0.0014729499816894531 0.0018849372863769531 0.0022735595703125 0.002850055694580078 0.00465846061706543 0.011318206787109375 0.02399301528930664 0.014261722564697266 0.0 0.0 0.0 0.0 0.0
0.7701666355133057 0.001615762710571289 0.001748800277709961 0.0012822151184082031 0.0011761188507080078 0.0009911060333251953 0.0009753704071044922 0.0009436607360839844 0.0009262561798095703 0.001058340072631836 0.0011820793151855469 0.0012035369873046875 0.0011556148529052734 0.0011513233184814453 0.0009889602661132812 0.0010051727294921875 0.0009181499481201172 0.0011262893676757812 0.00119781494140625 0.0012023448944091797 0.0015134811401367188 0.0018513202667236328 0.0024819374084472656 0.002641916275024414 0.0049359798431396484 0.010242223739624023 0.021971464157104492 0.013847589492797852 0.0 0.0 0.0 0.0
0.7692110538482666 0.001398324966430664 0.0017576217651367188 0.0014166831970214844 0.0010938644409179688 0.000982522964477539 0.0009093284606933594 0.0009248256683349609 0.0009262561798095703 0.0010311603546142578 0.0011157989501953125 0.0010688304901123047 0.001161336898803711 0.0011153221130371094 0.0010197162628173828 0.001003265380859375 0.0009129047393798828 0.0010390281677246094 0.0011484622955322266 0.0010881423950195312 0.0013394355773925781 0.0014355182647705078 0.0017790794372558594 0.002103090286254883 0.002830028533935547 0.005184650421142578 0.010000228881835938 0.023467302322387695 0.013395547866821289 0.0 0.0 0.0
0.7689869403839111 0.001447439193725586 0.0016865730285644531 0.0014846324920654297 0.0011034011840820312 0.0009691715240478516 0.0010085105895996094 0.0008950233459472656 0.0008511543273925781 0.0009694099426269531 0.0010325908660888672 0.0009453296661376953 0.0009779930114746094 0.0009760856628417969 0.0010590553283691406 0.0011315345764160156 0.001016855239868164 0.001087188720703125 0.0009827613830566406 0.0009481906890869141 0.0011441707611083984 0.0013589859008789062 0.0015451908111572266 0.0015997886657714844 0.0021028518676757812 0.003370523452758789 0.0048351287841796875 0.01083683967590332 0.022328615188598633 0.013267040252685547 0.0 0.0
0.7660214900970459 0.0016491413116455078 0.0017917156219482422 0.0013821125030517578 0.001184701919555664 0.0010292530059814453 0.0009596347808837891 0.0009670257568359375 0.0009081363677978516 0.0008676052093505859 0.0010063648223876953 0.0009601116180419922 0.0009648799896240234 0.0008835792541503906 0.0009553432464599609 0.0010638236999511719 0.001013040542602539 0.0010449886322021484 0.0018186569213867188 0.0008487701416015625 0.0010571479797363281 0.0011034011840820312 0.0012063980102539062 0.001409292221069336 0.0017237663269042969 0.002469301223754883 0.0027925968170166016 0.005161762237548828 0.01188206672668457 0.023245811462402344 0.013692140579223633 0.0
0.7637155055999756 0.0018393993377685547 0.0017611980438232422 0.0014145374298095703 0.0011944770812988281 0.001001119613647461 0.0009598731994628906 0.001239776611328125 0.0010323524475097656 0.0009434223175048828 0.0008728504180908203 0.0008718967437744141 0.0008769035339355469 0.0008695125579833984 0.0009186267852783203 0.0009703636169433594 0.0009531974792480469 0.0011603832244873047 0.005721330642700195 0.0007975101470947266 0.0009686946868896484 0.0010287761688232422 0.0010678768157958984 0.0012941360473632812 0.001444101333618164 0.0018661022186279297 0.001898050308227539 0.0028443336486816406 0.004979610443115234 0.009444713592529297 0.023910999298095703 0.014083385467529297
