0.8284270763397217 0.0 0.0 0.0 0.0 0.0 0.0 0.0 0.0 0.0 0.0 0.0 0.0 0.0 0.0 0.0 0.0 0.0 0.0 0.0 0.0 0.0 0.0 0.0 0.0 0.0 0.0 0.0 0.0 0.0 0.0 0.0
0.7900428771972656 0.05322980880737305 0.0 0.0 0.0 0.0 0.0 0.0 0.0 0.0 0.0 0.0 0.0 0.0 0.0 0.0 0.0 0.0 0.0 0.0 0.0 0.0 0.0 0.0 0.0 0.0 0.0 0.0 0.0 0.0 0.0 0.0
0.7554788589477539 0.04879903793334961 0.05175924301147461 0.0 0.0 0.0 0.0 0.0 0.0 0.0 0.0 0.0 0.0 0.0 0.0 0.0 0.0 0.0 0.0 0.0 0.0 0.0 0.0 0.0 0.0 0.0 0.0 0.0 0.0 0.0 0.0 0.0
0.7271623611450195 0.04442024230957031 0.03948616981506348 0.05509638786315918 0.0 0.0 0.0 0.0 0.0 0.0 0.0 0.0 0.0 0.0 0.0 0.0 0.0 0.0 0.0 0.0 0.0 0.0 0.0 0.0 0.0 0.0 0.0 0.0 0.0 0.0 0.0 0.0
0.6983277797698975 0.04420065879821777 0.03895854949951172 0.03969717025756836 0.054882049560546875 0.0 0.0 0.0 0.0 0.0 0.0 0.0 0.0 0.0 0.0 0.0 0.0 0.0 0.0 0.0 0.0 0.0 0.0 0.0 0.0 0.0 0.0 0.0 0.0 0.0 0.0 0.0
0.6760642528533936 0.041643619537353516 0.03420376777648926 0.04004526138305664 0.0375065803527832 0.0540614128112793 0.0 0.0 0.0 0.0 0.0 0.0 0.0 0.0 0.0 0.0 0.0 0.0 0.0 0.0 0.0 0.0 0.0 0.0 0.0 0.0 0.0 0.0 0.0 0.0 0.0 0.0
0.6597390174865723 0.039606571197509766 0.03173947334289551 0.03481173515319824 0.032894134521484375 0.03565859794616699 0.05446028709411621 0.0 0.0 0.0 0.0 0.0 0.0 0.0 0.0 0.0 0.0 0.0 0.0 0.0 0.0 0.0 0.0 0.0 0.0 0.0 0.0 0.0 0.0 0.0 0.0 0.0
0.6455512046813965 0.03716444969177246 0.02659130096435547 0.03157162666320801 0.030588388442993164 0.031981706619262695 0.03405189514160156 0.0559840202331543 0.0 0.0 0.0 0.0 0.0 0.0 0.0 0.0 0.0 0.0 0.0 0.0 0.0 0.0 0.0 0.0 0.0 0.0 0.0 0.0 0.0 0.0 0.0 0.0
0.6292750835418701 0.03479480743408203 0.023786067962646484 0.028684377670288086 0.027991771697998047 0.03264451026916504 0.03039860725402832 0.03504180908203125 0.0559542179107666 0.0 0.0 0.0 0.0 0.0 0.0 0.0 0.0 0.0 0.0 0.0 0.0 0.0 0.0 0.0 0.0 0.0 0.0 0.0 0.0 0.0 0.0 0.0
0.6131241321563721 0.03342843055725098 0.02337956428527832 0.024723052978515625 0.02681446075439453 0.030559301376342773 0.028857707977294922 0.03218698501586914 0.03349876403808594 0.05690956115722656 0.0 0.0 0.0 0.0 0.0 0.0 0.0 0.0 0.0 0.0 0.0 0.0 0.0 0.0 0.0 0.0 0.0 0.0 0.0 0.0 0.0 0.0
0.6089189052581787 0.032239675521850586 0.02014756202697754 0.022279024124145508 0.02255558967590332 0.023960351943969727 0.026009082794189453 0.02838301658630371 0.029903650283813477 0.033278703689575195 0.05718278884887695 0.0 0.0 0.0 0.0 0.0 0.0 0.0 0.0 0.0 0.0 0.0 0.0 0.0 0.0 0.0 0.0 0.0 0.0 0.0 0.0 0.0
0.59324049949646 0.032157182693481445 0.01980876922607422 0.02294754981994629 0.021136045455932617 0.025011777877807617 0.02282428741455078 0.02640056610107422 0.02656245231628418 0.028867244720458984 0.03285336494445801 0.057660818099975586 0.0 0.0 0.0 0.0 0.0 0.0 0.0 0.0 0.0 0.0 0.0 0.0 0.0 0.0 0.0 0.0 0.0 0.0 0.0 0.0
0.5803475379943848 0.03229498863220215 0.02206587791442871 0.02141880989074707 0.020714521408081055 0.023247241973876953 0.02073073387145996 0.02373361587524414 0.024301767349243164 0.02626180648803711 0.029160737991333008 0.032912254333496094 0.05602908134460449 0.0 0.0 0.0 0.0 0.0 0.0 0.0 0.0 0.0 0.0 0.0 0.0 0.0 0.0 0.0 0.0 0.0 0.0 0.0
0.5729529857635498 0.031096458435058594 0.018407106399536133 0.020322084426879883 0.0200803279876709 0.019755840301513672 0.019392728805541992 0.02148723602294922 0.02278280258178711 0.024167299270629883 0.026412248611450195 0.02896881103515625 0.03236055374145508 0.05716586112976074 0.0 0.0 0.0 0.0 0.0 0.0 0.0 0.0 0.0 0.0 0.0 0.0 0.0 0.0 0.0 0.0 0.0 0.0
0.5598084926605225 0.028570890426635742 0.016486644744873047 0.01962733268737793 0.01960611343383789 0.01985764503479004 0.019191265106201172 0.021513938903808594 0.0201568603515625 0.02253437042236328 0.02551865577697754 0.028884172439575195 0.029374361038208008 0.03275752067565918 0.05514931678771973 0.0 0.0 0.0 0.0 0.0 0.0 0.0 0.0 0.0 0.0 0.0 0.0 0.0 0.0 0.0 0.0 0.0
0.5503299236297607 0.027026891708374023 0.016933917999267578 0.01931452751159668 0.02123570442199707 0.021066665649414062 0.019155263900756836 0.019319772720336914 0.01839613914489746 0.02032923698425293 0.022349119186401367 0.026175260543823242 0.026032686233520508 0.02811884880065918 0.031041860580444336 0.05485939979553223 0.0 0.0 0.0 0.0 0.0 0.0 0.0 0.0 0.0 0.0 0.0 0.0 0.0 0.0 0.0 0.0
0.5431766510009766 0.02613973617553711 0.014996528625488281 0.017531871795654297 0.018862485885620117 0.018603086471557617 0.0188906192779541 0.01952528953552246 0.01907968521118164 0.019563674926757812 0.021118879318237305 0.021742820739746094 0.023241281509399414 0.025992870330810547 0.02724933624267578 0.031285762786865234 0.0566251277923584 0.0 0.0 0.0 0.0 0.0 0.0 0.0 0.0 0.0 0.0 0.0 0.0 0.0 0.0 0.0
0.532585620880127 0.026100873947143555 0.013761043548583984 0.016539812088012695 0.018010616302490234 0.017918109893798828 0.01799464225769043 0.019441843032836914 0.019340038299560547 0.018998384475708008 0.019446849822998047 0.019948720932006836 0.02149653434753418 0.024208545684814453 0.024710893630981445 0.027217626571655273 0.03195786476135254 0.056745290756225586 0.0 0.0 0.0 0.0 0.0 0.0 0.0 0.0 0.0 0.0 0.0 0.0 0.0 0.0
0.5205235481262207 0.026685714721679688 0.013208627700805664 0.016314983367919922 0.01798534393310547 0.017321348190307617 0.01741933822631836 0.019349098205566406 0.018297195434570312 0.01889824867248535 0.019562482833862305 0.01894664764404297 0.019759178161621094 0.020816802978515625 0.022113800048828125 0.024552345275878906 0.02826714515686035 0.032591819763183594 0.05692124366760254 0.0 0.0 0.0 0.0 0.0 0.0 0.0 0.0 0.0 0.0 0.0 0.0 0.0
0.5142621994018555 0.025919437408447266 0.013074398040771484 0.015528202056884766 0.01764965057373047 0.016772031784057617 0.01584935188293457 0.017791032791137695 0.017503738403320312 0.018903493881225586 0.019306182861328125 0.01899123191833496 0.01827716827392578 0.019114017486572266 0.020258426666259766 0.0224609375 0.02505946159362793 0.027530431747436523 0.03086066246032715 0.05608797073364258 0.0 0.0 0.0 0.0 0.0 0.0 0.0 0.0 0.0 0.0 0.0 0.0
0.5062358379364014 0.024430274963378906 0.01311945915222168 0.015396595001220703 0.01671123504638672 0.016696453094482422 0.0157778263092041 0.01672530174255371 0.01686406135559082 0.017833232879638672 0.01885986328125 0.018076419830322266 0.0177457332611084 0.01801276206970215 0.018858671188354492 0.020171165466308594 0.022614479064941406 0.02550053596496582 0.027967453002929688 0.02928638458251953 0.05635809898376465 0.0 0.0 0.0 0.0 0.0 0.0 0.0 0.0 0.0 0.0 0.0
0.4973130226135254 0.021943330764770508 0.01309823989868164 0.0153350830078125 0.016338586807250977 0.016765117645263672 0.015372514724731445 0.01658344268798828 0.016350984573364258 0.01702880859375 0.01798868179321289 0.01796555519104004 0.017450809478759766 0.0183868408203125 0.018004655838012695 0.018334388732910156 0.021035432815551758 0.02226853370666504 0.026396751403808594 0.02640247344970703 0.029644012451171875 0.055478811264038086 0.0 0.0 0.0 0.0 0.0 0.0 0.0 0.0 0.0 0.0
0.49335479736328125 0.02073192596435547 0.012459993362426758 0.014999866485595703 0.015016555786132812 0.015785694122314453 0.014806985855102539 0.015381336212158203 0.015619993209838867 0.01584005355834961 0.018140792846679688 0.019475698471069336 0.01813650131225586 0.01788187026977539 0.01763129234313965 0.01709604263305664 0.018006324768066406 0.019713163375854492 0.023231029510498047 0.02394700050354004 0.025542020797729492 0.029398441314697266 0.054331064224243164 0.0 0.0 0.0 0.0 0.0 0.0 0.0 0.0 0.0
0.4849216938018799 0.020097017288208008 0.011887550354003906 0.014738082885742188 0.014624357223510742 0.016018390655517578 0.015793800354003906 0.015195369720458984 0.015188455581665039 0.015127420425415039 0.01781630516052246 0.017372846603393555 0.01720714569091797 0.01838207244873047 0.01659107208251953 0.016775131225585938 0.01700448989868164 0.018354415893554688 0.01978468894958496 0.0227048397064209 0.023152828216552734 0.025507211685180664 0.02953648567199707 0.05478620529174805 0.0 0.0 0.0 0.0 0.0 0.0 0.0 0.0
0.4822273254394531 0.020383358001708984 0.011345863342285156 0.014011144638061523 0.014452457427978516 0.014969587326049805 0.014728069305419922 0.015171527862548828 0.015019416809082031 0.015317678451538086 0.016124248504638672 0.01625227928161621 0.016420841217041016 0.017651796340942383 0.016196489334106445 0.0157012939453125 0.016174793243408203 0.016381025314331055 0.01771378517150879 0.0190274715423584 0.02113056182861328 0.023668289184570312 0.025193214416503906 0.029226064682006836 0.05477333068847656 0.0 0.0 0.0 0.0 0.0 0.0 0.0
0.4757368564605713 0.02017378807067871 0.01116490364074707 0.012924671173095703 0.013547182083129883 0.013853788375854492 0.013848066329956055 0.014505624771118164 0.014481544494628906 0.014531135559082031 0.015602827072143555 0.01679825782775879 0.015781879425048828 0.0161893367767334 0.015569686889648438 0.016157865524291992 0.016249895095825195 0.015775203704833984 0.017602205276489258 0.017670869827270508 0.019086360931396484 0.02205681800842285 0.02290511131286621 0.02550959587097168 0.028561830520629883 0.054535627365112305 0.0 0.0 0.0 0.0 0.0 0.0
0.4652426242828369 0.020193815231323242 0.010156631469726562 0.012701988220214844 0.01339411735534668 0.01358342170715332 0.013669252395629883 0.015161514282226562 0.015201807022094727 0.014236688613891602 0.015800952911376953 0.015666484832763672 0.015747785568237305 0.015995025634765625 0.015223026275634766 0.016385316848754883 0.015938997268676758 0.016242265701293945 0.01746678352355957 0.01729869842529297 0.017296552658081055 0.018926382064819336 0.020347118377685547 0.02293682098388672 0.025496244430541992 0.02951836585998535 0.053436279296875 0.0 0.0 0.0 0.0 0.0
0.4606356620788574 0.01972174644470215 0.010888099670410156 0.012296915054321289 0.012410402297973633 0.013116836547851562 0.013602018356323242 0.013616561889648438 0.013767480850219727 0.01379084587097168 0.014795064926147461 0.014899730682373047 0.01639103889465332 0.015462160110473633 0.015009641647338867 0.015025854110717773 0.01529383659362793 0.017487525939941406 0.020118236541748047 0.015855789184570312 0.015931129455566406 0.016768217086791992 0.018460988998413086 0.020718812942504883 0.02254033088684082 0.02456974983215332 0.027741432189941406 0.05344533920288086 0.0 0.0 0.0 0.0
0.45343804359436035 0.018848419189453125 0.010102033615112305 0.012077808380126953 0.012191534042358398 0.01269078254699707 0.013077259063720703 0.013191461563110352 0.01348257064819336 0.013692378997802734 0.015042304992675781 0.015631675720214844 0.015585899353027344 0.015044450759887695 0.014657735824584961 0.014678001403808594 0.015392303466796875 0.015126228332519531 0.017479658126831055 0.01585078239440918 0.01563549041748047 0.01659369468688965 0.01667618751525879 0.019147634506225586 0.020667076110839844 0.022417306900024414 0.024255990982055664 0.028203725814819336 0.05508732795715332 0.0 0.0 0.0
0.4453434944152832 0.01873922348022461 0.009958028793334961 0.011967658996582031 0.012173175811767578 0.01214289665222168 0.012525796890258789 0.013202190399169922 0.01312875747680664 0.01337289810180664 0.01448202133178711 0.014888763427734375 0.01577281951904297 0.016107797622680664 0.014870166778564453 0.014491796493530273 0.014312028884887695 0.014353752136230469 0.016614913940429688 0.01563286781311035 0.015532493591308594 0.017025232315063477 0.01613163948059082 0.017148256301879883 0.018525362014770508 0.02155160903930664 0.021477222442626953 0.024786710739135742 0.02760910987854004 0.053923606872558594 0.0 0.0
0.4386582374572754 0.01866745948791504 0.009052276611328125 0.011051416397094727 0.011701345443725586 0.011694908142089844 0.011816978454589844 0.012188434600830078 0.012590646743774414 0.013663530349731445 0.014251947402954102 0.015481233596801758 0.01586771011352539 0.017515182495117188 0.01556253433227539 0.015379905700683594 0.015218019485473633 0.014047861099243164 0.01747870445251465 0.015321016311645508 0.015179157257080078 0.01606583595275879 0.015245437622070312 0.016093730926513672 0.016570329666137695 0.017969131469726562 0.01944732666015625 0.02231144905090332 0.02376580238342285 0.02723097801208496 0.05220842361450195 0.0
0.43630099296569824 0.018359899520874023 0.008911609649658203 0.010610103607177734 0.011532783508300781 0.012848854064941406 0.011707305908203125 0.013998985290527344 0.012644052505493164 0.013048648834228516 0.014126777648925781 0.014435291290283203 0.014726400375366211 0.014945745468139648 0.013955354690551758 0.014240503311157227 0.0144805908203125 0.01370382308959961 0.017411231994628906 0.014275074005126953 0.015067100524902344 0.015348672866821289 0.01512289047241211 0.01655745506286621 0.015398263931274414 0.0158083438873291 0.01722884178161621 0.019988059997558594 0.021137714385986328 0.023278474807739258 0.026597023010253906 0.05206561088562012
