0.8284270763397217 0.0 0.0 0.0 0.0 0.0 0.0 0.0 0.0 0.0 0.0 0.0 0.0 0.0 0.0 0.0 0.0 0.0 0.0 0.0 0.0 0.0 0.0 0.0 0.0 0.0 0.0 0.0 0.0 0.0 0.0 0.0
0.8008263111114502 0.03846621513366699 0.0 0.0 0.0 0.0 0.0 0.0 0.0 0.0 0.0 0.0 0.0 0.0 0.0 0.0 0.0 0.0 0.0 0.0 0.0 0.0 0.0 0.0 0.0 0.0 0.0 0.0 0.0 0.0 0.0 0.0
0.7686514854431152 0.05318903923034668 0.029530763626098633 0.0 0.0 0.0 0.0 0.0 0.0 0.0 0.0 0.0 0.0 0.0 0.0 0.0 0.0 0.0 0.0 0.0 0.0 0.0 0.0 0.0 0.0 0.0 0.0 0.0 0.0 0.0 0.0 0.0
0.7347915172576904 0.04928445816040039 0.04849529266357422 0.031012773513793945 0.0 0.0 0.0 0.0 0.0 0.0 0.0 0.0 0.0 0.0 0.0 0.0 0.0 0.0 0.0 0.0 0.0 0.0 0.0 0.0 0.0 0.0 0.0 0.0 0.0 0.0 0.0 0.0
0.6947202682495117 0.04464602470397949 0.05178642272949219 0.0527496337890625 0.03329801559448242 0.0 0.0 0.0 0.0 0.0 0.0 0.0 0.0 0.0 0.0 0.0 0.0 0.0 0.0 0.0 0.0 0.0 0.0 0.0 0.0 0.0 0.0 0.0 0.0 0.0 0.0 0.0
0.666982889175415 0.03884124755859375 0.043990135192871094 0.052593231201171875 0.05153322219848633 0.03236055374145508 0.0 0.0 0.0 0.0 0.0 0.0 0.0 0.0 0.0 0.0 0.0 0.0 0.0 0.0 0.0 0.0 0.0 0.0 0.0 0.0 0.0 0.0 0.0 0.0 0.0 0.0
0.6387157440185547 0.03591108322143555 0.0381312370300293 0.04705190658569336 0.051438331604003906 0.05107378959655762 0.032869577407836914 0.0 0.0 0.0 0.0 0.0 0.0 0.0 0.0 0.0 0.0 0.0 0.0 0.0 0.0 0.0 0.0 0.0 0.0 0.0 0.0 0.0 0.0 0.0 0.0 0.0
0.6106381416320801 0.032889604568481445 0.03447556495666504 0.04244804382324219 0.04722905158996582 0.05337786674499512 0.049623727798461914 0.03292989730834961 0.0 0.0 0.0 0.0 0.0 0.0 0.0 0.0 0.0 0.0 0.0 0.0 0.0 0.0 0.0 0.0 0.0 0.0 0.0 0.0 0.0 0.0 0.0 0.0
0.5910482406616211 0.03121185302734375 0.03133106231689453 0.036485910415649414 0.040701866149902344 0.04749798774719238 0.04853463172912598 0.04950714111328125 0.03307056427001953 0.0 0.0 0.0 0.0 0.0 0.0 0.0 0.0 0.0 0.0 0.0 0.0 0.0 0.0 0.0 0.0 0.0 0.0 0.0 0.0 0.0 0.0 0.0
0.569084644317627 0.028003931045532227 0.03005051612854004 0.03356146812438965 0.036373138427734375 0.04198813438415527 0.04461026191711426 0.04880952835083008 0.05028271675109863 0.03280282020568848 0.0 0.0 0.0 0.0 0.0 0.0 0.0 0.0 0.0 0.0 0.0 0.0 0.0 0.0 0.0 0.0 0.0 0.0 0.0 0.0 0.0 0.0
0.5560364723205566 0.02510976791381836 0.02654290199279785 0.030983924865722656 0.03206753730773926 0.03531980514526367 0.03890109062194824 0.04396176338195801 0.04806041717529297 0.0493621826171875 0.03290152549743652 0.0 0.0 0.0 0.0 0.0 0.0 0.0 0.0 0.0 0.0 0.0 0.0 0.0 0.0 0.0 0.0 0.0 0.0 0.0 0.0 0.0
0.5363101959228516 0.02356266975402832 0.024209976196289062 0.029205799102783203 0.030177593231201172 0.0323941707611084 0.033849239349365234 0.038336753845214844 0.04492998123168945 0.04842495918273926 0.04983878135681152 0.03322601318359375 0.0 0.0 0.0 0.0 0.0 0.0 0.0 0.0 0.0 0.0 0.0 0.0 0.0 0.0 0.0 0.0 0.0 0.0 0.0 0.0
0.5221233367919922 0.02213907241821289 0.021942853927612305 0.02648019790649414 0.028386831283569336 0.029736995697021484 0.03065967559814453 0.03379487991333008 0.04002737998962402 0.04352760314941406 0.04887676239013672 0.04842972755432129 0.03204941749572754 0.0 0.0 0.0 0.0 0.0 0.0 0.0 0.0 0.0 0.0 0.0 0.0 0.0 0.0 0.0 0.0 0.0 0.0 0.0
0.5096733570098877 0.020157814025878906 0.019438743591308594 0.023107528686523438 0.025624752044677734 0.027312278747558594 0.02835249900817871 0.03121805191040039 0.03515791893005371 0.03963780403137207 0.04409670829772949 0.047557830810546875 0.04770827293395996 0.03230905532836914 0.0 0.0 0.0 0.0 0.0 0.0 0.0 0.0 0.0 0.0 0.0 0.0 0.0 0.0 0.0 0.0 0.0 0.0
0.49617481231689453 0.01963639259338379 0.018719196319580078 0.02111196517944336 0.02309417724609375 0.02565312385559082 0.027024269104003906 0.028957843780517578 0.031297922134399414 0.033678293228149414 0.03848981857299805 0.04353618621826172 0.04624581336975098 0.049817562103271484 0.031255483627319336 0.0 0.0 0.0 0.0 0.0 0.0 0.0 0.0 0.0 0.0 0.0 0.0 0.0 0.0 0.0 0.0 0.0
0.4858524799346924 0.018172025680541992 0.018454790115356445 0.020456314086914062 0.02176642417907715 0.023133039474487305 0.025166749954223633 0.026555538177490234 0.028783798217773438 0.03116607666015625 0.03327369689941406 0.04029679298400879 0.042359352111816406 0.04573988914489746 0.04518437385559082 0.0309145450592041 0.0 0.0 0.0 0.0 0.0 0.0 0.0 0.0 0.0 0.0 0.0 0.0 0.0 0.0 0.0 0.0
0.47620320320129395 0.017225265502929688 0.017354965209960938 0.019683837890625 0.02030801773071289 0.021709203720092773 0.022813796997070312 0.024690628051757812 0.027451515197753906 0.027317523956298828 0.03126788139343262 0.033411502838134766 0.0362401008605957 0.04322385787963867 0.04464101791381836 0.04561614990234375 0.03045797348022461 0.0 0.0 0.0 0.0 0.0 0.0 0.0 0.0 0.0 0.0 0.0 0.0 0.0 0.0 0.0
0.4678184986114502 0.016255617141723633 0.01605057716369629 0.018949270248413086 0.01958942413330078 0.02022242546081543 0.02072906494140625 0.022311925888061523 0.024374723434448242 0.02617168426513672 0.028563976287841797 0.029996871948242188 0.0323178768157959 0.038527727127075195 0.040659189224243164 0.043555498123168945 0.04442715644836426 0.031111717224121094 0.0 0.0 0.0 0.0 0.0 0.0 0.0 0.0 0.0 0.0 0.0 0.0 0.0 0.0
0.4571824073791504 0.015191078186035156 0.01457357406616211 0.018219709396362305 0.019248008728027344 0.019746065139770508 0.020180940628051758 0.020782470703125 0.0231935977935791 0.02437877655029297 0.027286529541015625 0.027983665466308594 0.02947521209716797 0.033254384994506836 0.03586268424987793 0.04075455665588379 0.042850494384765625 0.043860673904418945 0.030066967010498047 0.0 0.0 0.0 0.0 0.0 0.0 0.0 0.0 0.0 0.0 0.0 0.0 0.0
0.44574713706970215 0.015091419219970703 0.013484477996826172 0.016777753829956055 0.01838231086730957 0.01969599723815918 0.019459009170532227 0.01997232437133789 0.02197098731994629 0.02453136444091797 0.02570199966430664 0.026535511016845703 0.027578353881835938 0.029256820678710938 0.03154277801513672 0.035180091857910156 0.03910660743713379 0.04318833351135254 0.043592214584350586 0.02985978126525879 0.0 0.0 0.0 0.0 0.0 0.0 0.0 0.0 0.0 0.0 0.0 0.0
0.44185853004455566 0.014822959899902344 0.01295328140258789 0.015691757202148438 0.016964197158813477 0.01780390739440918 0.018770456314086914 0.01988673210144043 0.02002882957458496 0.021797657012939453 0.023517370223999023 0.024398326873779297 0.025537967681884766 0.026558876037597656 0.027827978134155273 0.030526161193847656 0.03472399711608887 0.04016709327697754 0.04222846031188965 0.04220724105834961 0.029339075088500977 0.0 0.0 0.0 0.0 0.0 0.0 0.0 0.0 0.0 0.0 0.0
0.43236804008483887 0.014235734939575195 0.012966394424438477 0.015037059783935547 0.015725135803222656 0.016884565353393555 0.017843008041381836 0.018611907958984375 0.019160747528076172 0.020303010940551758 0.02100515365600586 0.023184537887573242 0.0235598087310791 0.025932788848876953 0.026137351989746094 0.029249191284179688 0.0301053524017334 0.03421974182128906 0.03888988494873047 0.04413938522338867 0.04102587699890137 0.02908802032470703 0.0 0.0 0.0 0.0 0.0 0.0 0.0 0.0 0.0 0.0
0.42604947090148926 0.014078855514526367 0.012323856353759766 0.01531529426574707 0.01539468765258789 0.016003847122192383 0.015928268432617188 0.017406225204467773 0.018258333206176758 0.018917083740234375 0.020291805267333984 0.024251461029052734 0.022327899932861328 0.02587890625 0.02454066276550293 0.026487350463867188 0.02641606330871582 0.02937793731689453 0.0334322452545166 0.04070568084716797 0.039200782775878906 0.04030585289001465 0.02820587158203125 0.0 0.0 0.0 0.0 0.0 0.0 0.0 0.0 0.0
0.421522855758667 0.013438940048217773 0.011379718780517578 0.014099836349487305 0.014285802841186523 0.015571832656860352 0.015358448028564453 0.016637802124023438 0.017596721649169922 0.018437623977661133 0.020560503005981445 0.020357847213745117 0.020920276641845703 0.02398514747619629 0.022821903228759766 0.02389073371887207 0.025020360946655273 0.028128385543823242 0.030260801315307617 0.0336451530456543 0.03641915321350098 0.039420366287231445 0.03996562957763672 0.028398990631103516 0.0 0.0 0.0 0.0 0.0 0.0 0.0 0.0
0.42255425453186035 0.013625144958496094 0.010698318481445312 0.01317143440246582 0.01374673843383789 0.014664888381958008 0.01471090316772461 0.015339851379394531 0.01630854606628418 0.017358064651489258 0.0188906192779541 0.019977331161499023 0.019652128219604492 0.022037029266357422 0.0210111141204834 0.022179365158081055 0.022996187210083008 0.023895263671875 0.025629043579101562 0.028951406478881836 0.0321810245513916 0.03610825538635254 0.038954973220825195 0.03937792778015137 0.02802729606628418 0.0 0.0 0.0 0.0 0.0 0.0 0.0
0.4152061939239502 0.013741016387939453 0.010356903076171875 0.012253761291503906 0.013491392135620117 0.014138460159301758 0.014499664306640625 0.014609813690185547 0.015519380569458008 0.016611814498901367 0.017548084259033203 0.01883721351623535 0.01901388168334961 0.020002126693725586 0.019757747650146484 0.02080845832824707 0.02158212661743164 0.02268528938293457 0.0246889591217041 0.027333974838256836 0.027700424194335938 0.0315399169921875 0.03582358360290527 0.0385594367980957 0.039695024490356445 0.027591466903686523 0.0 0.0 0.0 0.0 0.0 0.0
0.4088420867919922 0.01262664794921875 0.010180950164794922 0.011245012283325195 0.012126922607421875 0.01294398307800293 0.013711929321289062 0.014234542846679688 0.015585184097290039 0.016376256942749023 0.017134428024291992 0.017842531204223633 0.018616914749145508 0.019075870513916016 0.018962621688842773 0.01948833465576172 0.020533084869384766 0.022034645080566406 0.023470163345336914 0.025269508361816406 0.025177717208862305 0.027696847915649414 0.0315244197845459 0.03509044647216797 0.03924298286437988 0.038831472396850586 0.0270535945892334 0.0 0.0 0.0 0.0 0.0
0.404233455657959 0.011393308639526367 0.010348081588745117 0.011131763458251953 0.010930538177490234 0.011662006378173828 0.012472867965698242 0.013570070266723633 0.015087366104125977 0.014922142028808594 0.01575469970703125 0.017761945724487305 0.01761317253112793 0.01941514015197754 0.019490480422973633 0.02025771141052246 0.019115447998046875 0.020906925201416016 0.022431612014770508 0.023007631301879883 0.023113250732421875 0.024840116500854492 0.027927160263061523 0.03162193298339844 0.035231590270996094 0.03709220886230469 0.03733229637145996 0.02724003791809082 0.0 0.0 0.0 0.0
0.39866185188293457 0.010694742202758789 0.010050058364868164 0.011147737503051758 0.011057376861572266 0.011353492736816406 0.01180410385131836 0.012798070907592773 0.014215707778930664 0.014962196350097656 0.016286849975585938 0.016449689865112305 0.017012834548950195 0.018301725387573242 0.018172025680541992 0.018310546875 0.018307924270629883 0.019304990768432617 0.021803855895996094 0.02225947380065918 0.02188730239868164 0.023046493530273438 0.024782180786132812 0.026843786239624023 0.030977964401245117 0.034468650817871094 0.037232160568237305 0.03817939758300781 0.026672840118408203 0.0 0.0 0.0
0.3966860771179199 0.010120391845703125 0.009358882904052734 0.011182069778442383 0.011158943176269531 0.011229991912841797 0.011203765869140625 0.012090921401977539 0.013075113296508789 0.01386117935180664 0.014805316925048828 0.015796661376953125 0.01557016372680664 0.018953323364257812 0.017516374588012695 0.018363237380981445 0.017585039138793945 0.017897367477416992 0.019428253173828125 0.021152257919311523 0.020333051681518555 0.021282672882080078 0.023049592971801758 0.024384498596191406 0.02660679817199707 0.030750274658203125 0.033907413482666016 0.03656578063964844 0.036866188049316406 0.026737451553344727 0.0 0.0
0.3904263973236084 0.009736061096191406 0.008251428604125977 0.010508060455322266 0.011073112487792969 0.011107921600341797 0.010759353637695312 0.011375665664672852 0.012062311172485352 0.013193845748901367 0.014182806015014648 0.015327930450439453 0.015131711959838867 0.01815962791442871 0.0166933536529541 0.018771648406982422 0.017218828201293945 0.01732182502746582 0.019043684005737305 0.0194854736328125 0.0189359188079834 0.020250320434570312 0.0215909481048584 0.022863149642944336 0.02399921417236328 0.0265963077545166 0.030174970626831055 0.0336604118347168 0.03642463684082031 0.03782033920288086 0.02659320831298828 0.0
0.3883078098297119 0.010576486587524414 0.007729530334472656 0.009634733200073242 0.010808467864990234 0.012171030044555664 0.011050701141357422 0.011452436447143555 0.012291669845581055 0.012728452682495117 0.0135040283203125 0.014767646789550781 0.01497340202331543 0.01680302619934082 0.015617609024047852 0.01605391502380371 0.016330242156982422 0.017075061798095703 0.018491029739379883 0.0180511474609375 0.017743349075317383 0.01856088638305664 0.020032882690429688 0.02106952667236328 0.02186727523803711 0.02314591407775879 0.026202917098999023 0.029685020446777344 0.03361988067626953 0.03649592399597168 0.035980224609375 0.026412248611450195
