0.8284270763397217 0.0 0.0 0.0 0.0 0.0 0.0 0.0 0.0 0.0 0.0 0.0 0.0 0.0 0.0 0.0 0.0 0.0 0.0 0.0 0.0 0.0 0.0 0.0 0.0 0.0 0.0 0.0 0.0 0.0 0.0 0.0
0.8189918994903564 0.013285636901855469 0.0 0.0 0.0 0.0 0.0 0.0 0.0 0.0 0.0 0.0 0.0 0.0 0.0 0.0 0.0 0.0 0.0 0.0 0.0 0.0 0.0 0.0 0.0 0.0 0.0 0.0 0.0 0.0 0.0 0.0
0.808539628982544 0.008595466613769531 0.019330739974975586 0.0 0.0 0.0 0.0 0.0 0.0 0.0 0.0 0.0 0.0 0.0 0.0 0.0 0.0 0.0 0.0 0.0 0.0 0.0 0.0 0.0 0.0 0.0 0.0 0.0 0.0 0.0 0.0 0.0
0.8027095794677734 0.0055463314056396484 0.011190414428710938 0.01932835578918457 0.0 0.0 0.0 0.0 0.0 0.0 0.0 0.0 0.0 0.0 0.0 0.0 0.0 0.0 0.0 0.0 0.0 0.0 0.0 0.0 0.0 0.0 0.0 0.0 0.0 0.0 0.0 0.0
0.7980635166168213 0.003994464874267578 0.008178234100341797 0.010284423828125 0.02010202407836914 0.0 0.0 0.0 0.0 0.0 0.0 0.0 0.0 0.0 0.0 0.0 0.0 0.0 0.0 0.0 0.0 0.0 0.0 0.0 0.0 0.0 0.0 0.0 0.0 0.0 0.0 0.0
0.7922098636627197 0.003765106201171875 0.0063550472259521484 0.007139921188354492 0.012336492538452148 0.021115541458129883 0.0 0.0 0.0 0.0 0.0 0.0 0.0 0.0 0.0 0.0 0.0 0.0 0.0 0.0 0.0 0.0 0.0 0.0 0.0 0.0 0.0 0.0 0.0 0.0 0.0 0.0
0.7887454032897949 0.00336456298828125 0.005769968032836914 0.00602412223815918 0.009054422378540039 0.011798381805419922 0.019541501998901367 0.0 0.0 0.0 0.0 0.0 0.0 0.0 0.0 0.0 0.0 0.0 0.0 0.0 0.0 0.0 0.0 0.0 0.0 0.0 0.0 0.0 0.0 0.0 0.0 0.0
0.7855980396270752 0.003220796585083008 0.005101919174194336 0.005033731460571289 0.006991863250732422 0.007993698120117188 0.010538339614868164 0.021050453186035156 0.0 0.0 0.0 0.0 0.0 0.0 0.0 0.0 0.0 0.0 0.0 0.0 0.0 0.0 0.0 0.0 0.0 0.0 0.0 0.0 0.0 0.0 0.0 0.0
0.7814466953277588 0.0030760765075683594 0.004639148712158203 0.004600048065185547 0.00534367561340332 0.006974935531616211 0.00760650634765625 0.013234376907348633 0.0202178955078125 0.0 0.0 0.0 0.0 0.0 0.0 0.0 0.0 0.0 0.0 0.0 0.0 0.0 0.0 0.0 0.0 0.0 0.0 0.0 0.0 0.0 0.0 0.0
0.7799656391143799 0.002984285354614258 0.0038428306579589844 0.004007816314697266 0.004672527313232422 0.005391120910644531 0.00610661506652832 0.00886225700378418 0.011017322540283203 0.02086925506591797 0.0 0.0 0.0 0.0 0.0 0.0 0.0 0.0 0.0 0.0 0.0 0.0 0.0 0.0 0.0 0.0 0.0 0.0 0.0 0.0 0.0 0.0
0.7770416736602783 0.003590822219848633 0.0036394596099853516 0.003731966018676758 0.004148244857788086 0.00476837158203125 0.00487518310546875 0.006528377532958984 0.00734400749206543 0.010599374771118164 0.022582530975341797 0.0 0.0 0.0 0.0 0.0 0.0 0.0 0.0 0.0 0.0 0.0 0.0 0.0 0.0 0.0 0.0 0.0 0.0 0.0 0.0 0.0
0.7730844020843506 0.0027420520782470703 0.0032911300659179688 0.003571033477783203 0.003927946090698242 0.004349470138549805 0.004502058029174805 0.0055844783782958984 0.005850076675415039 0.007295131683349609 0.01464700698852539 0.021517515182495117 0.0 0.0 0.0 0.0 0.0 0.0 0.0 0.0 0.0 0.0 0.0 0.0 0.0 0.0 0.0 0.0 0.0 0.0 0.0 0.0
0.7704691886901855 0.0023794174194335938 0.003029346466064453 0.0032510757446289062 0.0036487579345703125 0.004444122314453125 0.004296302795410156 0.0052623748779296875 0.0052030086517333984 0.006040811538696289 0.011204242706298828 0.011540889739990234 0.0206143856048584 0.0 0.0 0.0 0.0 0.0 0.0 0.0 0.0 0.0 0.0 0.0 0.0 0.0 0.0 0.0 0.0 0.0 0.0 0.0
0.7705998420715332 0.0021543502807617188 0.0028455257415771484 0.003164529800415039 0.003428220748901367 0.0038836002349853516 0.003902912139892578 0.004734039306640625 0.004575967788696289 0.005129098892211914 0.007275819778442383 0.00783085823059082 0.010522127151489258 0.021293163299560547 0.0 0.0 0.0 0.0 0.0 0.0 0.0 0.0 0.0 0.0 0.0 0.0 0.0 0.0 0.0 0.0 0.0 0.0
0.7670893669128418 0.002113819122314453 0.002753019332885742 0.0029020309448242188 0.003278017044067383 0.003673076629638672 0.0038263797760009766 0.004149436950683594 0.004893779754638672 0.004830837249755859 0.006574869155883789 0.0066525936126708984 0.007384300231933594 0.01128077507019043 0.021281003952026367 0.0 0.0 0.0 0.0 0.0 0.0 0.0 0.0 0.0 0.0 0.0 0.0 0.0 0.0 0.0 0.0 0.0
0.7677285671234131 0.0020279884338378906 0.002620220184326172 0.002686023712158203 0.003151416778564453 0.0032334327697753906 0.0035178661346435547 0.003885507583618164 0.003959178924560547 0.0042302608489990234 0.004823446273803711 0.005396604537963867 0.005949258804321289 0.007561922073364258 0.010521173477172852 0.021155834197998047 0.0 0.0 0.0 0.0 0.0 0.0 0.0 0.0 0.0 0.0 0.0 0.0 0.0 0.0 0.0 0.0
0.7625372409820557 0.0021386146545410156 0.002546548843383789 0.002630472183227539 0.003014087677001953 0.003498554229736328 0.003330230712890625 0.003898143768310547 0.004076719284057617 0.004099845886230469 0.007184505462646484 0.004742622375488281 0.005181074142456055 0.006144046783447266 0.007398843765258789 0.010820388793945312 0.021178007125854492 0.0 0.0 0.0 0.0 0.0 0.0 0.0 0.0 0.0 0.0 0.0 0.0 0.0 0.0 0.0
0.7615540027618408 0.0020363330841064453 0.0023958683013916016 0.0024726390838623047 0.0030469894409179688 0.0030126571655273438 0.003016948699951172 0.003644227981567383 0.0035240650177001953 0.004062175750732422 0.0057489871978759766 0.004461050033569336 0.004691362380981445 0.0053234100341796875 0.005925655364990234 0.007485151290893555 0.010884761810302734 0.021504878997802734 0.0 0.0 0.0 0.0 0.0 0.0 0.0 0.0 0.0 0.0 0.0 0.0 0.0 0.0
0.7597782611846924 0.001965761184692383 0.0023276805877685547 0.0023698806762695312 0.0027310848236083984 0.0032057762145996094 0.0028891563415527344 0.0035355091094970703 0.0033075809478759766 0.003675222396850586 0.004694700241088867 0.004165172576904297 0.0042018890380859375 0.004645586013793945 0.005143404006958008 0.006018638610839844 0.007616281509399414 0.011222124099731445 0.021970510482788086 0.0 0.0 0.0 0.0 0.0 0.0 0.0 0.0 0.0 0.0 0.0 0.0 0.0
0.757983922958374 0.0020372867584228516 0.0023195743560791016 0.0023305416107177734 0.0027484893798828125 0.002861499786376953 0.0028998851776123047 0.0031168460845947266 0.0031151771545410156 0.0035376548767089844 0.004157066345214844 0.00404667854309082 0.004144906997680664 0.004410505294799805 0.004500389099121094 0.005352020263671875 0.00633692741394043 0.0077266693115234375 0.011333465576171875 0.02119302749633789 0.0 0.0 0.0 0.0 0.0 0.0 0.0 0.0 0.0 0.0 0.0 0.0
0.7572307586669922 0.0019578933715820312 0.002270936965942383 0.002346515655517578 0.00258636474609375 0.002735137939453125 0.0027763843536376953 0.002971649169921875 0.002984762191772461 0.003369569778442383 0.0037462711334228516 0.0034284591674804688 0.003676176071166992 0.003918886184692383 0.004151344299316406 0.0044939517974853516 0.005139350891113281 0.006342411041259766 0.0077402591705322266 0.010890483856201172 0.02167201042175293 0.0 0.0 0.0 0.0 0.0 0.0 0.0 0.0 0.0 0.0 0.0
0.7551395893096924 0.0018358230590820312 0.002256631851196289 0.002286672592163086 0.002370119094848633 0.0026831626892089844 0.0025184154510498047 0.0029420852661132812 0.0028777122497558594 0.002933979034423828 0.004449605941772461 0.0033829212188720703 0.0034291744232177734 0.0036666393280029297 0.003841876983642578 0.00403904914855957 0.004547119140625 0.005317211151123047 0.006145954132080078 0.00800776481628418 0.010959386825561523 0.021594524383544922 0.0 0.0 0.0 0.0 0.0 0.0 0.0 0.0 0.0 0.0
0.7522776126861572 0.001957416534423828 0.002124309539794922 0.002205371856689453 0.0024509429931640625 0.0026655197143554688 0.0025777816772460938 0.002810955047607422 0.0028078556060791016 0.002954721450805664 0.003876209259033203 0.0033142566680908203 0.0033483505249023438 0.0034852027893066406 0.003854036331176758 0.0037746429443359375 0.004137277603149414 0.004456758499145508 0.00515294075012207 0.006777524948120117 0.008264303207397461 0.011614561080932617 0.021403789520263672 0.0 0.0 0.0 0.0 0.0 0.0 0.0 0.0 0.0
0.753103494644165 0.0022177696228027344 0.002125978469848633 0.0022187232971191406 0.002485036849975586 0.002647876739501953 0.0024042129516601562 0.0024864673614501953 0.002616405487060547 0.0028624534606933594 0.0033369064331054688 0.0028874874114990234 0.002971649169921875 0.003283262252807617 0.0033915042877197266 0.0034945011138916016 0.0037720203399658203 0.003926753997802734 0.004408597946166992 0.0050830841064453125 0.0062258243560791016 0.008073091506958008 0.01117396354675293 0.02080059051513672 0.0 0.0 0.0 0.0 0.0 0.0 0.0 0.0
0.7519290447235107 0.0018284320831298828 0.00220489501953125 0.002296924591064453 0.0024623870849609375 0.0024292469024658203 0.002357959747314453 0.0024428367614746094 0.0025670528411865234 0.0027818679809570312 0.0034554004669189453 0.0029449462890625 0.0029382705688476562 0.003053426742553711 0.003242969512939453 0.0032243728637695312 0.0036253929138183594 0.0037212371826171875 0.00394892692565918 0.004470348358154297 0.00534510612487793 0.006010293960571289 0.00784611701965332 0.010734319686889648 0.020575523376464844 0.0 0.0 0.0 0.0 0.0 0.0 0.0
0.750173807144165 0.0016698837280273438 0.001974344253540039 0.0020940303802490234 0.002324342727661133 0.0022995471954345703 0.0022830963134765625 0.0024001598358154297 0.0024995803833007812 0.0026383399963378906 0.0031156539916992188 0.0027573108673095703 0.002796649932861328 0.0028412342071533203 0.003007650375366211 0.0030891895294189453 0.0034470558166503906 0.0036482810974121094 0.003798961639404297 0.004032611846923828 0.004782438278198242 0.005361080169677734 0.006445884704589844 0.007338285446166992 0.010540008544921875 0.021730422973632812 0.0 0.0 0.0 0.0 0.0 0.0
0.7484691143035889 0.0016744136810302734 0.001928091049194336 0.0019412040710449219 0.0022346973419189453 0.0023221969604492188 0.002277374267578125 0.0022432804107666016 0.002542734146118164 0.0025446414947509766 0.0029494762420654297 0.0028133392333984375 0.002786874771118164 0.0027513504028320312 0.002977609634399414 0.002980947494506836 0.0032029151916503906 0.003465890884399414 0.003542661666870117 0.0037086009979248047 0.0043489933013916016 0.004810810089111328 0.0050694942474365234 0.005968570709228516 0.00760197639465332 0.01170039176940918 0.020868778228759766 0.0 0.0 0.0 0.0 0.0
0.7483718395233154 0.0016338825225830078 0.0018682479858398438 0.0018794536590576172 0.0020852088928222656 0.002166748046875 0.002220630645751953 0.0022623538970947266 0.0024302005767822266 0.0023784637451171875 0.0030155181884765625 0.002689361572265625 0.0026023387908935547 0.002774953842163086 0.0027980804443359375 0.002866506576538086 0.002949953079223633 0.003281116485595703 0.003487110137939453 0.003467559814453125 0.0038785934448242188 0.004153013229370117 0.00441741943359375 0.005075931549072266 0.006021738052368164 0.007987499237060547 0.01039743423461914 0.0206148624420166 0.0 0.0 0.0 0.0
0.7473962306976318 0.0015919208526611328 0.001779794692993164 0.0018777847290039062 0.0020270347595214844 0.0021157264709472656 0.0021142959594726562 0.002216815948486328 0.002339601516723633 0.0023314952850341797 0.0025937557220458984 0.0029850006103515625 0.0026540756225585938 0.00260162353515625 0.0025780200958251953 0.0027608871459960938 0.002794981002807617 0.0028984546661376953 0.003056049346923828 0.0032770633697509766 0.0034987926483154297 0.003824472427368164 0.0040853023529052734 0.004251718521118164 0.00504612922668457 0.006736278533935547 0.007185697555541992 0.010752439498901367 0.020763874053955078 0.0 0.0 0.0
0.745093822479248 0.0017428398132324219 0.0018184185028076172 0.0018868446350097656 0.0019910335540771484 0.0020313262939453125 0.0020775794982910156 0.0022323131561279297 0.0023839473724365234 0.0024530887603759766 0.0027043819427490234 0.0026137828826904297 0.002505064010620117 0.0025904178619384766 0.0025048255920410156 0.002747774124145508 0.0028076171875 0.002757549285888672 0.002860546112060547 0.0031883716583251953 0.003350496292114258 0.0035796165466308594 0.0038878917694091797 0.003922700881958008 0.004503011703491211 0.005953550338745117 0.0057108402252197266 0.00751042366027832 0.010781526565551758 0.02080225944519043 0.0 0.0
0.7457118034362793 0.001649618148803711 0.001722097396850586 0.001852273941040039 0.001953601837158203 0.0020241737365722656 0.002064228057861328 0.002131938934326172 0.0021893978118896484 0.0022771358489990234 0.002493143081665039 0.0024068355560302734 0.002396821975708008 0.002386808395385742 0.0024657249450683594 0.0025992393493652344 0.002698183059692383 0.002632617950439453 0.0029201507568359375 0.0028543472290039062 0.003297090530395508 0.003322601318359375 0.003428220748901367 0.003631591796875 0.003875732421875 0.004856109619140625 0.00469517707824707 0.0057599544525146484 0.0071718692779541016 0.010882854461669922 0.020418882369995117 0.0
0.7430882453918457 0.0016579627990722656 0.0017392635345458984 0.0018086433410644531 0.0018591880798339844 0.0019805431365966797 0.0019276142120361328 0.0020682811737060547 0.0022780895233154297 0.00222015380859375 0.0027909278869628906 0.002370595932006836 0.0023157596588134766 0.0025293827056884766 0.0023603439331054688 0.0024111270904541016 0.0026018619537353516 0.0025823116302490234 0.002873659133911133 0.002615690231323242 0.0034914016723632812 0.003316640853881836 0.003201723098754883 0.0035266876220703125 0.0036046504974365234 0.004767179489135742 0.004060506820678711 0.005024909973144531 0.005865573883056641 0.007420778274536133 0.010521173477172852 0.020860671997070312
