0.8284270763397217 0.0 0.0 0.0 0.0 0.0 0.0 0.0 0.0 0.0 0.0 0.0 0.0 0.0 0.0 0.0 0.0 0.0 0.0 0.0 0.0 0.0 0.0 0.0 0.0 0.0 0.0 0.0 0.0 0.0 0.0 0.0
0.7903854846954346 0.052752017974853516 0.0 0.0 0.0 0.0 0.0 0.0 0.0 0.0 0.0 0.0 0.0 0.0 0.0 0.0 0.0 0.0 0.0 0.0 0.0 0.0 0.0 0.0 0.0 0.0 0.0 0.0 0.0 0.0 0.0 0.0
0.7906811237335205 0.027268648147583008 0.025405168533325195 0.0 0.0 0.0 0.0 0.0 0.0 0.0 0.0 0.0 0.0 0.0 0.0 0.0 0.0 0.0 0.0 0.0 0.0 0.0 0.0 0.0 0.0 0.0 0.0 0.0 0.0 0.0 0.0 0.0
0.7889246940612793 0.007029533386230469 0.024146080017089844 0.023996591567993164 0.0 0.0 0.0 0.0 0.0 0.0 0.0 0.0 0.0 0.0 0.0 0.0 0.0 0.0 0.0 0.0 0.0 0.0 0.0 0.0 0.0 0.0 0.0 0.0 0.0 0.0 0.0 0.0
0.7854633331298828 0.003984928131103516 0.006540060043334961 0.021866559982299805 0.02758193016052246 0.0 0.0 0.0 0.0 0.0 0.0 0.0 0.0 0.0 0.0 0.0 0.0 0.0 0.0 0.0 0.0 0.0 0.0 0.0 0.0 0.0 0.0 0.0 0.0 0.0 0.0 0.0
0.790123462677002 0.002868175506591797 0.0038671493530273438 0.0058746337890625 0.0186922550201416 0.02227783203125 0.0 0.0 0.0 0.0 0.0 0.0 0.0 0.0 0.0 0.0 0.0 0.0 0.0 0.0 0.0 0.0 0.0 0.0 0.0 0.0 0.0 0.0 0.0 0.0 0.0 0.0
0.7875375747680664 0.0028536319732666016 0.003368377685546875 0.0037806034088134766 0.00591588020324707 0.01867961883544922 0.02257823944091797 0.0 0.0 0.0 0.0 0.0 0.0 0.0 0.0 0.0 0.0 0.0 0.0 0.0 0.0 0.0 0.0 0.0 0.0 0.0 0.0 0.0 0.0 0.0 0.0 0.0
0.7882044315338135 0.0031282901763916016 0.0030634403228759766 0.003123044967651367 0.0036656856536865234 0.005406379699707031 0.017252206802368164 0.02063584327697754 0.0 0.0 0.0 0.0 0.0 0.0 0.0 0.0 0.0 0.0 0.0 0.0 0.0 0.0 0.0 0.0 0.0 0.0 0.0 0.0 0.0 0.0 0.0 0.0
0.7870237827301025 0.0030884742736816406 0.0030312538146972656 0.002673625946044922 0.0029761791229248047 0.0034761428833007812 0.005388021469116211 0.016606807708740234 0.020689010620117188 0.0 0.0 0.0 0.0 0.0 0.0 0.0 0.0 0.0 0.0 0.0 0.0 0.0 0.0 0.0 0.0 0.0 0.0 0.0 0.0 0.0 0.0 0.0
0.7869396209716797 0.002652883529663086 0.002832174301147461 0.002655029296875 0.002594470977783203 0.002728700637817383 0.0031325817108154297 0.005147218704223633 0.016507863998413086 0.019804954528808594 0.0 0.0 0.0 0.0 0.0 0.0 0.0 0.0 0.0 0.0 0.0 0.0 0.0 0.0 0.0 0.0 0.0 0.0 0.0 0.0 0.0 0.0
0.7815163135528564 0.0020437240600585938 0.0024602413177490234 0.0026330947875976562 0.002607107162475586 0.0023555755615234375 0.0023949146270751953 0.003243684768676758 0.0051877498626708984 0.02264261245727539 0.019977331161499023 0.0 0.0 0.0 0.0 0.0 0.0 0.0 0.0 0.0 0.0 0.0 0.0 0.0 0.0 0.0 0.0 0.0 0.0 0.0 0.0 0.0
0.7865791320800781 0.0017189979553222656 0.0019261837005615234 0.002309560775756836 0.0025713443756103516 0.002462625503540039 0.0022933483123779297 0.0026459693908691406 0.002936124801635742 0.004970073699951172 0.016083955764770508 0.01865983009338379 0.0 0.0 0.0 0.0 0.0 0.0 0.0 0.0 0.0 0.0 0.0 0.0 0.0 0.0 0.0 0.0 0.0 0.0 0.0 0.0
0.7858455181121826 0.0016682147979736328 0.001678466796875 0.0019016265869140625 0.002332448959350586 0.002504587173461914 0.0023386478424072266 0.0023255348205566406 0.0023679733276367188 0.0031304359436035156 0.005084514617919922 0.0158846378326416 0.018390417098999023 0.0 0.0 0.0 0.0 0.0 0.0 0.0 0.0 0.0 0.0 0.0 0.0 0.0 0.0 0.0 0.0 0.0 0.0 0.0
0.7847092151641846 0.0017538070678710938 0.0016176700592041016 0.0016367435455322266 0.0018315315246582031 0.002118349075317383 0.002253293991088867 0.0023810863494873047 0.0022759437561035156 0.0026938915252685547 0.0031113624572753906 0.004840373992919922 0.015409469604492188 0.0192563533782959 0.0 0.0 0.0 0.0 0.0 0.0 0.0 0.0 0.0 0.0 0.0 0.0 0.0 0.0 0.0 0.0 0.0 0.0
0.7760379314422607 0.0017385482788085938 0.0015974044799804688 0.0015759468078613281 0.0015301704406738281 0.0016934871673583984 0.0019702911376953125 0.0022766590118408203 0.0025391578674316406 0.002447366714477539 0.0024704933166503906 0.002886533737182617 0.005064487457275391 0.02545452117919922 0.019882917404174805 0.0 0.0 0.0 0.0 0.0 0.0 0.0 0.0 0.0 0.0 0.0 0.0 0.0 0.0 0.0 0.0 0.0
0.7836112976074219 0.0016176700592041016 0.0015938282012939453 0.0015327930450439453 0.0014786720275878906 0.0014963150024414062 0.0017066001892089844 0.002009868621826172 0.0022351741790771484 0.002289295196533203 0.002056121826171875 0.0022830963134765625 0.0029938220977783203 0.005089521408081055 0.015987873077392578 0.018337726593017578 0.0 0.0 0.0 0.0 0.0 0.0 0.0 0.0 0.0 0.0 0.0 0.0 0.0 0.0 0.0 0.0
0.7837667465209961 0.001432657241821289 0.0015120506286621094 0.0015919208526611328 0.0017871856689453125 0.0014767646789550781 0.0014567375183105469 0.0016374588012695312 0.002016782760620117 0.0023245811462402344 0.0021610260009765625 0.001985311508178711 0.0021347999572753906 0.003014087677001953 0.004827022552490234 0.015171289443969727 0.017971038818359375 0.0 0.0 0.0 0.0 0.0 0.0 0.0 0.0 0.0 0.0 0.0 0.0 0.0 0.0 0.0
0.783179521560669 0.001215219497680664 0.0013799667358398438 0.0014748573303222656 0.001615285873413086 0.0014660358428955078 0.0014278888702392578 0.0014469623565673828 0.0016980171203613281 0.0019600391387939453 0.0021109580993652344 0.0020287036895751953 0.0019843578338623047 0.002254009246826172 0.002714395523071289 0.004628181457519531 0.015431404113769531 0.018477201461791992 0.0 0.0 0.0 0.0 0.0 0.0 0.0 0.0 0.0 0.0 0.0 0.0 0.0 0.0
0.7786159515380859 0.0011899471282958984 0.0012059211730957031 0.0013554096221923828 0.0014486312866210938 0.0016021728515625 0.0014927387237548828 0.0016183853149414062 0.0016450881958007812 0.0018963813781738281 0.0026051998138427734 0.002014636993408203 0.0021381378173828125 0.0030007362365722656 0.0023381710052490234 0.003389596939086914 0.004910707473754883 0.016585111618041992 0.019205331802368164 0.0 0.0 0.0 0.0 0.0 0.0 0.0 0.0 0.0 0.0 0.0 0.0 0.0
0.7790136337280273 0.001253366470336914 0.0011334419250488281 0.0012447834014892578 0.0014421939849853516 0.0013968944549560547 0.0014731884002685547 0.0016503334045410156 0.0014338493347167969 0.0016436576843261719 0.002184152603149414 0.0018506050109863281 0.001981019973754883 0.0022728443145751953 0.0020868778228759766 0.0022919178009033203 0.002769947052001953 0.00550532341003418 0.016442060470581055 0.019036293029785156 0.0 0.0 0.0 0.0 0.0 0.0 0.0 0.0 0.0 0.0 0.0 0.0
0.7801315784454346 0.0013005733489990234 0.0011518001556396484 0.0011591911315917969 0.0013051033020019531 0.0012362003326416016 0.0012967586517333984 0.0014677047729492188 0.0013713836669921875 0.0019261837005615234 0.0015125274658203125 0.0015058517456054688 0.001722574234008789 0.002120494842529297 0.0023386478424072266 0.0020036697387695312 0.0020592212677001953 0.0031015872955322266 0.004721641540527344 0.014946937561035156 0.01929926872253418 0.0 0.0 0.0 0.0 0.0 0.0 0.0 0.0 0.0 0.0 0.0
0.7801074981689453 0.0012392997741699219 0.0011620521545410156 0.001146554946899414 0.0011982917785644531 0.001161336898803711 0.0012023448944091797 0.0014846324920654297 0.0013966560363769531 0.0015988349914550781 0.001581430435180664 0.0013356208801269531 0.001466989517211914 0.0022039413452148438 0.002469778060913086 0.001959562301635742 0.0019979476928710938 0.002316713333129883 0.0032317638397216797 0.00463104248046875 0.014636516571044922 0.01817488670349121 0.0 0.0 0.0 0.0 0.0 0.0 0.0 0.0 0.0 0.0
0.7812249660491943 0.0011208057403564453 0.0010988712310791016 0.001177072525024414 0.0011546611785888672 0.0010960102081298828 0.0010578632354736328 0.0012331008911132812 0.0013687610626220703 0.0016553401947021484 0.001680612564086914 0.0012242794036865234 0.0012521743774414062 0.0016701221466064453 0.0016968250274658203 0.0018422603607177734 0.0020067691802978516 0.002126932144165039 0.0021276473999023438 0.002666473388671875 0.0047681331634521484 0.015605926513671875 0.016416549682617188 0.0 0.0 0.0 0.0 0.0 0.0 0.0 0.0 0.0
0.7806198596954346 0.0010840892791748047 0.001054525375366211 0.0011222362518310547 0.0011696815490722656 0.001065969467163086 0.0010166168212890625 0.0011017322540283203 0.0012788772583007812 0.001344919204711914 0.0013573169708251953 0.001312255859375 0.001257181167602539 0.0014233589172363281 0.0015571117401123047 0.0017940998077392578 0.0018455982208251953 0.0018382072448730469 0.001970052719116211 0.0019505023956298828 0.002953767776489258 0.005060672760009766 0.015029191970825195 0.01729869842529297 0.0 0.0 0.0 0.0 0.0 0.0 0.0 0.0
0.7808840274810791 0.001130819320678711 0.001009225845336914 0.0010173320770263672 0.0011305809020996094 0.001096963882446289 0.0010304450988769531 0.0010368824005126953 0.0011444091796875 0.0013575553894042969 0.0012710094451904297 0.0013086795806884766 0.0012710094451904297 0.001329183578491211 0.0013587474822998047 0.0015490055084228516 0.0016169548034667969 0.0017592906951904297 0.0020635128021240234 0.0017542839050292969 0.0024597644805908203 0.0027284622192382812 0.004412412643432617 0.014714241027832031 0.01697683334350586 0.0 0.0 0.0 0.0 0.0 0.0 0.0
0.7808778285980225 0.0011110305786132812 0.001004934310913086 0.0009469985961914062 0.001043081283569336 0.0010139942169189453 0.0010008811950683594 0.0010104179382324219 0.0010833740234375 0.0014255046844482422 0.0013759136199951172 0.0011625289916992188 0.0011916160583496094 0.0014433860778808594 0.0012271404266357422 0.0011830329895019531 0.0013780593872070312 0.001538991928100586 0.0021533966064453125 0.0017566680908203125 0.0018906593322753906 0.002380847930908203 0.0024917125701904297 0.004380941390991211 0.014570951461791992 0.016770124435424805 0.0 0.0 0.0 0.0 0.0 0.0
0.7803258895874023 0.0010449886322021484 0.0009758472442626953 0.0009448528289794922 0.0010180473327636719 0.0009441375732421875 0.0009624958038330078 0.0009942054748535156 0.0010502338409423828 0.0011157989501953125 0.0012505054473876953 0.0010747909545898438 0.0011281967163085938 0.0013861656188964844 0.001280069351196289 0.001190185546875 0.0012447834014892578 0.0013232231140136719 0.0018229484558105469 0.0017490386962890625 0.0020422935485839844 0.002141237258911133 0.001966714859008789 0.002924680709838867 0.00415802001953125 0.014904499053955078 0.016666889190673828 0.0 0.0 0.0 0.0 0.0
0.7791304588317871 0.0009214878082275391 0.0009531974792480469 0.0009560585021972656 0.0009732246398925781 0.0008878707885742188 0.0009319782257080078 0.0009529590606689453 0.001031637191772461 0.0012428760528564453 0.001134634017944336 0.0010318756103515625 0.0010104179382324219 0.0012984275817871094 0.0012199878692626953 0.0011620521545410156 0.0011794567108154297 0.0011813640594482422 0.0019497871398925781 0.0016093254089355469 0.0021028518676757812 0.002223491668701172 0.001745462417602539 0.002171754837036133 0.002485990524291992 0.005614519119262695 0.014484882354736328 0.016511201858520508 0.0 0.0 0.0 0.0
0.7724111080169678 0.0007729530334472656 0.0009062290191650391 0.0009493827819824219 0.000988006591796875 0.0008847713470458984 0.0008790493011474609 0.0009324550628662109 0.0009772777557373047 0.0010349750518798828 0.0012116432189941406 0.0009124279022216797 0.0009002685546875 0.0013935565948486328 0.0011506080627441406 0.0011610984802246094 0.0011932849884033203 0.0011172294616699219 0.0019621849060058594 0.001331329345703125 0.0017185211181640625 0.002193927764892578 0.0017905235290527344 0.00220489501953125 0.0020780563354492188 0.0040171146392822266 0.004611492156982422 0.019766807556152344 0.019186019897460938 0.0 0.0 0.0
0.7805056571960449 0.0007679462432861328 0.0007884502410888672 0.0008671283721923828 0.0008971691131591797 0.0008819103240966797 0.0008356571197509766 0.0008502006530761719 0.0009381771087646484 0.0009751319885253906 0.0009944438934326172 0.0009438991546630859 0.0008959770202636719 0.0011167526245117188 0.0010671615600585938 0.0011398792266845703 0.0011286735534667969 0.001107931137084961 0.0012431144714355469 0.0010979175567626953 0.0014009475708007812 0.0017557144165039062 0.0016160011291503906 0.0018000602722167969 0.001692056655883789 0.002312183380126953 0.0025031566619873047 0.004248619079589844 0.014597654342651367 0.01659417152404785 0.0 0.0
0.7782869338989258 0.0007231235504150391 0.0006897449493408203 0.0007557868957519531 0.0009019374847412109 0.0009100437164306641 0.0008633136749267578 0.0008437633514404297 0.000865936279296875 0.0009603500366210938 0.0010273456573486328 0.0009403228759765625 0.0008857250213623047 0.0010714530944824219 0.0011675357818603516 0.0010371208190917969 0.001119852066040039 0.0011315345764160156 0.0012059211730957031 0.0010845661163330078 0.0013051033020019531 0.0019142627716064453 0.0014812946319580078 0.0018961429595947266 0.0016827583312988281 0.002134084701538086 0.0021119117736816406 0.0025517940521240234 0.004536628723144531 0.014922142028808594 0.017406225204467773 0.0
0.7786614894866943 0.0009288787841796875 0.0007257461547851562 0.0007302761077880859 0.0008652210235595703 0.0008981227874755859 0.0008857250213623047 0.0008890628814697266 0.0009024143218994141 0.0009551048278808594 0.0010747909545898438 0.0008983612060546875 0.0009262561798095703 0.0012030601501464844 0.0012078285217285156 0.0008909702301025391 0.001009225845336914 0.0010886192321777344 0.0015001296997070312 0.0011250972747802734 0.001313924789428711 0.0016982555389404297 0.0013403892517089844 0.0015850067138671875 0.001583099365234375 0.0019915103912353516 0.0017657279968261719 0.0018460750579833984 0.002685546875 0.004160165786743164 0.014894485473632812 0.016054153442382812
