10.020692825317383 0.0 0.0 0.0 0.0 0.0 0.0 0.0 0.0 0.0 0.0 0.0 0.0 0.0 0.0 0.0 0.0 0.0 0.0 0.0 0.0 0.0 0.0 0.0 0.0 0.0 0.0 0.0 0.0 0.0 0.0 0.0
10.004862785339355 5.8596930503845215 0.0 0.0 0.0 0.0 0.0 0.0 0.0 0.0 0.0 0.0 0.0 0.0 0.0 0.0 0.0 0.0 0.0 0.0 0.0 0.0 0.0 0.0 0.0 0.0 0.0 0.0 0.0 0.0 0.0 0.0
9.98760986328125 6.398470401763916 4.86599588394165 0.0 0.0 0.0 0.0 0.0 0.0 0.0 0.0 0.0 0.0 0.0 0.0 0.0 0.0 0.0 0.0 0.0 0.0 0.0 0.0 0.0 0.0 0.0 0.0 0.0 0.0 0.0 0.0 0.0
9.96228313446045 6.525404930114746 6.126814365386963 4.9104084968566895 0.0 0.0 0.0 0.0 0.0 0.0 0.0 0.0 0.0 0.0 0.0 0.0 0.0 0.0 0.0 0.0 0.0 0.0 0.0 0.0 0.0 0.0 0.0 0.0 0.0 0.0 0.0 0.0
9.933287620544434 6.497054576873779 6.477876663208008 6.062108516693115 4.941242694854736 0.0 0.0 0.0 0.0 0.0 0.0 0.0 0.0 0.0 0.0 0.0 0.0 0.0 0.0 0.0 0.0 0.0 0.0 0.0 0.0 0.0 0.0 0.0 0.0 0.0 0.0 0.0
9.907027244567871 6.414816856384277 6.512638568878174 6.39682149887085 5.985275745391846 4.913530349731445 0.0 0.0 0.0 0.0 0.0 0.0 0.0 0.0 0.0 0.0 0.0 0.0 0.0 0.0 0.0 0.0 0.0 0.0 0.0 0.0 0.0 0.0 0.0 0.0 0.0 0.0
9.879226684570312 6.3677473068237305 6.4902238845825195 6.49737024307251 6.331369876861572 5.927639961242676 4.8483381271362305 0.0 0.0 0.0 0.0 0.0 0.0 0.0 0.0 0.0 0.0 0.0 0.0 0.0 0.0 0.0 0.0 0.0 0.0 0.0 0.0 0.0 0.0 0.0 0.0 0.0
9.855104446411133 6.30150842666626 6.427645206451416 6.474902153015137 6.440456390380859 6.279708385467529 5.841014385223389 4.774069786071777 0.0 0.0 0.0 0.0 0.0 0.0 0.0 0.0 0.0 0.0 0.0 0.0 0.0 0.0 0.0 0.0 0.0 0.0 0.0 0.0 0.0 0.0 0.0 0.0
9.840319633483887 6.23717737197876 6.347032070159912 6.376565456390381 6.363796710968018 6.338868618011475 6.148922443389893 5.758741855621338 4.73836612701416 0.0 0.0 0.0 0.0 0.0 0.0 0.0 0.0 0.0 0.0 0.0 0.0 0.0 0.0 0.0 0.0 0.0 0.0 0.0 0.0 0.0 0.0 0.0
9.82228946685791 6.168883323669434 6.307281017303467 6.304301738739014 6.290168285369873 6.306822776794434 6.25139856338501 6.116979598999023 5.717546463012695 4.75058650970459 0.0 0.0 0.0 0.0 0.0 0.0 0.0 0.0 0.0 0.0 0.0 0.0 0.0 0.0 0.0 0.0 0.0 0.0 0.0 0.0 0.0 0.0
9.806073188781738 6.124375820159912 6.2797956466674805 6.275745868682861 6.224588394165039 6.236001014709473 6.221251010894775 6.210054397583008 6.028575897216797 5.665567874908447 4.677800178527832 0.0 0.0 0.0 0.0 0.0 0.0 0.0 0.0 0.0 0.0 0.0 0.0 0.0 0.0 0.0 0.0 0.0 0.0 0.0 0.0 0.0
9.788290977478027 6.0749077796936035 6.2552032470703125 6.273490905761719 6.208208084106445 6.166427135467529 6.149033069610596 6.211282253265381 6.14552116394043 5.993549823760986 5.6137895584106445 4.641754150390625 0.0 0.0 0.0 0.0 0.0 0.0 0.0 0.0 0.0 0.0 0.0 0.0 0.0 0.0 0.0 0.0 0.0 0.0 0.0 0.0
9.768643379211426 6.047948360443115 6.210089683532715 6.248974323272705 6.211172103881836 6.13797664642334 6.103894233703613 6.144338607788086 6.163998126983643 6.155290603637695 5.9537739753723145 5.585048198699951 4.675453186035156 0.0 0.0 0.0 0.0 0.0 0.0 0.0 0.0 0.0 0.0 0.0 0.0 0.0 0.0 0.0 0.0 0.0 0.0 0.0
9.756453514099121 5.953175067901611 6.124955177307129 6.192749500274658 6.170317649841309 6.124169826507568 6.070890426635742 6.101091384887695 6.158301830291748 6.125716209411621 6.068959712982178 5.924248695373535 5.525463104248047 4.58987283706665 0.0 0.0 0.0 0.0 0.0 0.0 0.0 0.0 0.0 0.0 0.0 0.0 0.0 0.0 0.0 0.0 0.0 0.0
9.74616813659668 5.91049861907959 6.07123327255249 6.116879940032959 6.108912467956543 6.080483436584473 6.051958084106445 6.077185153961182 6.052864074707031 6.060029029846191 6.073463439941406 6.057831287384033 5.860649108886719 5.492295265197754 4.57362174987793 0.0 0.0 0.0 0.0 0.0 0.0 0.0 0.0 0.0 0.0 0.0 0.0 0.0 0.0 0.0 0.0 0.0
9.727361679077148 5.854768753051758 6.0429301261901855 6.0995965003967285 6.0611443519592285 6.062126636505127 6.072098731994629 6.0591959953308105 6.024211406707764 6.023290634155273 6.0501627922058105 6.082608222961426 6.026663303375244 5.873658180236816 5.477950096130371 4.558069229125977 0.0 0.0 0.0 0.0 0.0 0.0 0.0 0.0 0.0 0.0 0.0 0.0 0.0 0.0 0.0 0.0
9.716936111450195 5.816973686218262 5.989800453186035 6.02987813949585 6.002496242523193 5.9987359046936035 6.001491546630859 6.047928333282471 6.033564567565918 6.015191078186035 5.9761433601379395 6.019228458404541 6.0327959060668945 5.9909515380859375 5.829057216644287 5.4605207443237305 4.545981407165527 0.0 0.0 0.0 0.0 0.0 0.0 0.0 0.0 0.0 0.0 0.0 0.0 0.0 0.0 0.0
9.700251579284668 5.785991191864014 5.932733535766602 6.007973670959473 5.982724666595459 5.94577169418335 5.961093425750732 6.002105712890625 6.018866062164307 5.995547294616699 5.957940101623535 6.009279251098633 6.004629611968994 6.0631022453308105 5.9735307693481445 5.825977325439453 5.450657367706299 4.524934768676758 0.0 0.0 0.0 0.0 0.0 0.0 0.0 0.0 0.0 0.0 0.0 0.0 0.0 0.0
9.69554328918457 5.7609381675720215 5.872766971588135 5.9482340812683105 5.946661472320557 5.9151611328125 5.882657527923584 5.927196025848389 5.9758524894714355 5.970546245574951 5.941662311553955 5.962885856628418 5.941059112548828 5.975635528564453 5.975052833557129 5.924108505249023 5.751915454864502 5.370933532714844 4.476212024688721 0.0 0.0 0.0 0.0 0.0 0.0 0.0 0.0 0.0 0.0 0.0 0.0 0.0
9.682367324829102 5.774011135101318 5.845263957977295 5.915041923522949 5.917547225952148 5.887646198272705 5.863432884216309 5.890590190887451 5.883368492126465 5.94136905670166 5.95263147354126 5.9558892250061035 5.921717643737793 5.921320915222168 5.934289455413818 5.942493915557861 5.888786315917969 5.720610618591309 5.375362396240234 4.500425815582275 0.0 0.0 0.0 0.0 0.0 0.0 0.0 0.0 0.0 0.0 0.0 0.0
9.667202949523926 5.765572547912598 5.827036380767822 5.870732307434082 5.8680548667907715 5.856431007385254 5.838860511779785 5.867350101470947 5.879479885101318 5.888899803161621 5.914276123046875 5.9364705085754395 5.916557788848877 5.938881874084473 5.914956092834473 5.920072078704834 5.921910762786865 5.866940498352051 5.743722915649414 5.363957405090332 4.465475082397461 0.0 0.0 0.0 0.0 0.0 0.0 0.0 0.0 0.0 0.0 0.0
9.654187202453613 5.715920448303223 5.832859516143799 5.856741428375244 5.818965435028076 5.828697681427002 5.808928489685059 5.851219654083252 5.864871978759766 5.844499588012695 5.864964008331299 5.909429550170898 5.917041778564453 5.960622787475586 5.904155731201172 5.8945512771606445 5.891308784484863 5.904043674468994 5.857515811920166 5.684177875518799 5.310020923614502 4.4276580810546875 0.0 0.0 0.0 0.0 0.0 0.0 0.0 0.0 0.0 0.0
9.644083976745605 5.6533074378967285 5.831145286560059 5.8839592933654785 5.826167583465576 5.798686504364014 5.770140647888184 5.794700622558594 5.807653427124023 5.818620204925537 5.8382391929626465 5.8743977546691895 5.897207736968994 5.893237590789795 5.885024070739746 5.875657558441162 5.857137680053711 5.886022567749023 5.87985372543335 5.806297302246094 5.6421356201171875 5.2832441329956055 4.417320728302002 0.0 0.0 0.0 0.0 0.0 0.0 0.0 0.0 0.0
9.634329795837402 5.604232311248779 5.786953926086426 5.857935905456543 5.819009780883789 5.772590160369873 5.738478660583496 5.756114482879639 5.791833400726318 5.799288272857666 5.80357027053833 5.827014923095703 5.835864543914795 5.87425422668457 5.896136283874512 5.8725972175598145 5.835837364196777 5.835545063018799 5.837837219238281 5.841572284698486 5.776849746704102 5.6186699867248535 5.271073341369629 4.430118083953857 0.0 0.0 0.0 0.0 0.0 0.0 0.0 0.0
9.619346618652344 5.643698215484619 5.756255626678467 5.841136932373047 5.818115234375 5.780750751495361 5.718930244445801 5.730727195739746 5.769595623016357 5.774864196777344 5.784787178039551 5.8097825050354 5.774956226348877 5.899456024169922 5.90541934967041 5.856791019439697 5.834597110748291 5.817356109619141 5.81581449508667 5.815860271453857 5.8048248291015625 5.7432355880737305 5.5887932777404785 5.257246017456055 4.399089336395264 0.0 0.0 0.0 0.0 0.0 0.0 0.0
9.60734748840332 5.64410924911499 5.714980125427246 5.785358428955078 5.802952766418457 5.778584003448486 5.730770111083984 5.721348762512207 5.7287187576293945 5.751613140106201 5.7766008377075195 5.800236225128174 5.777214527130127 5.835887432098389 5.831343650817871 5.840032577514648 5.8348541259765625 5.815021514892578 5.80730676651001 5.784020900726318 5.784207820892334 5.772039413452148 5.719438076019287 5.583222389221191 5.272039890289307 4.413491249084473 0.0 0.0 0.0 0.0 0.0 0.0
9.604521751403809 5.613986968994141 5.680497646331787 5.706705570220947 5.735712051391602 5.731956958770752 5.728299617767334 5.710943698883057 5.710056781768799 5.727908611297607 5.731524467468262 5.755606651306152 5.758430480957031 5.759586334228516 5.7768120765686035 5.782130241394043 5.808377265930176 5.802978992462158 5.7971720695495605 5.76470947265625 5.736913681030273 5.749531269073486 5.744030475616455 5.68883752822876 5.556243896484375 5.212766170501709 4.373066425323486 0.0 0.0 0.0 0.0 0.0
9.5894775390625 5.564691066741943 5.684842586517334 5.710381507873535 5.687671661376953 5.683320045471191 5.700030326843262 5.730061054229736 5.724884986877441 5.7022705078125 5.696084499359131 5.736091613769531 5.748675346374512 5.755612373352051 5.748284339904785 5.756958961486816 5.777811050415039 5.797235012054443 5.834311008453369 5.7773003578186035 5.742331027984619 5.718504428863525 5.729938507080078 5.732686996459961 5.686267375946045 5.586032390594482 5.204545497894287 4.375213146209717 0.0 0.0 0.0 0.0
9.581526756286621 5.508674621582031 5.6730780601501465 5.691992282867432 5.661786079406738 5.646773338317871 5.652740478515625 5.673807144165039 5.705181121826172 5.710869312286377 5.698635101318359 5.704757213592529 5.719623565673828 5.755599498748779 5.747406482696533 5.743894100189209 5.74320650100708 5.746517658233643 5.806695461273193 5.7710394859313965 5.750006198883057 5.71124267578125 5.697895050048828 5.704528331756592 5.714505195617676 5.66108512878418 5.508423328399658 5.179457187652588 4.366825103759766 0.0 0.0 0.0
9.57348346710205 5.433874130249023 5.626956462860107 5.696550369262695 5.653202533721924 5.6189422607421875 5.608699798583984 5.647151947021484 5.700351715087891 5.701536655426025 5.6950602531433105 5.703178882598877 5.6878581047058105 5.722409725189209 5.709191799163818 5.7207441329956055 5.706047058105469 5.720314979553223 5.751019477844238 5.759514331817627 5.719110488891602 5.713615894317627 5.693840980529785 5.68904972076416 5.709505081176758 5.700385093688965 5.6230926513671875 5.489677429199219 5.153682231903076 4.360617637634277 0.0 0.0
9.567350387573242 5.399413585662842 5.555466651916504 5.659698486328125 5.643041133880615 5.60087776184082 5.570454120635986 5.612059116363525 5.650756359100342 5.680220603942871 5.672053813934326 5.695504188537598 5.679651737213135 5.687008380889893 5.679103374481201 5.70002555847168 5.682671546936035 5.693138122558594 5.7026143074035645 5.725095272064209 5.697357177734375 5.695364952087402 5.694738864898682 5.672642230987549 5.6598100662231445 5.692334175109863 5.666276454925537 5.618685722351074 5.484518051147461 5.160490989685059 4.351547718048096 0.0
9.554462432861328 5.415682792663574 5.503796100616455 5.60593843460083 5.631074905395508 5.645655632019043 5.580341815948486 5.6022491455078125 5.6302170753479 5.674905300140381 5.664444923400879 5.691653251647949 5.687564849853516 5.671448230743408 5.673114776611328 5.675841331481934 5.681436061859131 5.674760818481445 5.70374059677124 5.685054779052734 5.667245388031006 5.686647891998291 5.689406871795654 5.678735256195068 5.6624603271484375 5.646841526031494 5.653356552124023 5.65513801574707 5.599305629730225 5.447126388549805 5.132037162780762 4.340945243835449
