10.020692825317383 0.0 0.0 0.0 0.0 0.0 0.0 0.0 0.0 0.0 0.0 0.0 0.0 0.0 0.0 0.0 0.0 0.0 0.0 0.0 0.0 0.0 0.0 0.0 0.0 0.0 0.0 0.0 0.0 0.0 0.0 0.0
9.925735473632812 7.618373870849609 0.0 0.0 0.0 0.0 0.0 0.0 0.0 0.0 0.0 0.0 0.0 0.0 0.0 0.0 0.0 0.0 0.0 0.0 0.0 0.0 0.0 0.0 0.0 0.0 0.0 0.0 0.0 0.0 0.0 0.0
9.979397773742676 5.828975677490234 6.343220233917236 0.0 0.0 0.0 0.0 0.0 0.0 0.0 0.0 0.0 0.0 0.0 0.0 0.0 0.0 0.0 0.0 0.0 0.0 0.0 0.0 0.0 0.0 0.0 0.0 0.0 0.0 0.0 0.0 0.0
9.989555358886719 5.124353885650635 4.879189491271973 5.965824127197266 0.0 0.0 0.0 0.0 0.0 0.0 0.0 0.0 0.0 0.0 0.0 0.0 0.0 0.0 0.0 0.0 0.0 0.0 0.0 0.0 0.0 0.0 0.0 0.0 0.0 0.0 0.0 0.0
9.989513397216797 4.866963863372803 4.47482442855835 4.7470550537109375 5.881346702575684 0.0 0.0 0.0 0.0 0.0 0.0 0.0 0.0 0.0 0.0 0.0 0.0 0.0 0.0 0.0 0.0 0.0 0.0 0.0 0.0 0.0 0.0 0.0 0.0 0.0 0.0 0.0
9.990004539489746 4.665626049041748 4.236770153045654 4.278327465057373 4.632680892944336 5.802921295166016 0.0 0.0 0.0 0.0 0.0 0.0 0.0 0.0 0.0 0.0 0.0 0.0 0.0 0.0 0.0 0.0 0.0 0.0 0.0 0.0 0.0 0.0 0.0 0.0 0.0 0.0
9.989561080932617 4.521942615509033 4.056992053985596 4.060803413391113 4.276631832122803 4.6121954917907715 5.741951942443848 0.0 0.0 0.0 0.0 0.0 0.0 0.0 0.0 0.0 0.0 0.0 0.0 0.0 0.0 0.0 0.0 0.0 0.0 0.0 0.0 0.0 0.0 0.0 0.0 0.0
9.988581657409668 4.459366798400879 3.952760934829712 3.9823718070983887 4.086332321166992 4.2687458992004395 4.529642105102539 5.699902057647705 0.0 0.0 0.0 0.0 0.0 0.0 0.0 0.0 0.0 0.0 0.0 0.0 0.0 0.0 0.0 0.0 0.0 0.0 0.0 0.0 0.0 0.0 0.0 0.0
9.98914909362793 4.343029499053955 3.812018871307373 3.8079497814178467 3.913654088973999 4.047237873077393 4.1292219161987305 4.456509113311768 5.6360955238342285 0.0 0.0 0.0 0.0 0.0 0.0 0.0 0.0 0.0 0.0 0.0 0.0 0.0 0.0 0.0 0.0 0.0 0.0 0.0 0.0 0.0 0.0 0.0
9.987900733947754 4.300230503082275 3.7535393238067627 3.7126219272613525 3.962555170059204 3.9514989852905273 3.9781289100646973 4.099340915679932 4.446012020111084 5.600508689880371 0.0 0.0 0.0 0.0 0.0 0.0 0.0 0.0 0.0 0.0 0.0 0.0 0.0 0.0 0.0 0.0 0.0 0.0 0.0 0.0 0.0 0.0
9.987144470214844 4.227161884307861 3.6697239875793457 3.680905342102051 3.768190860748291 3.817981481552124 3.9403128623962402 4.00379753112793 4.07236909866333 4.393187046051025 5.5863847732543945 0.0 0.0 0.0 0.0 0.0 0.0 0.0 0.0 0.0 0.0 0.0 0.0 0.0 0.0 0.0 0.0 0.0 0.0 0.0 0.0 0.0
9.985857963562012 4.184194564819336 3.6257190704345703 3.712432622909546 3.725271701812744 3.800302505493164 3.8323941230773926 3.9073123931884766 3.9766485691070557 4.014894962310791 4.380303382873535 5.571455001831055 0.0 0.0 0.0 0.0 0.0 0.0 0.0 0.0 0.0 0.0 0.0 0.0 0.0 0.0 0.0 0.0 0.0 0.0 0.0 0.0
9.985634803771973 4.112566947937012 3.5773141384124756 3.5875558853149414 3.673011064529419 3.703310012817383 3.7469630241394043 3.786541700363159 3.8673670291900635 3.8825693130493164 3.999176502227783 4.339293956756592 5.548008918762207 0.0 0.0 0.0 0.0 0.0 0.0 0.0 0.0 0.0 0.0 0.0 0.0 0.0 0.0 0.0 0.0 0.0 0.0 0.0
9.984724998474121 4.091317653656006 3.5161046981811523 3.5377004146575928 3.5881664752960205 3.6532769203186035 3.7167398929595947 3.7300713062286377 3.775742769241333 3.813920736312866 3.8908557891845703 3.956779718399048 4.320855617523193 5.535170078277588 0.0 0.0 0.0 0.0 0.0 0.0 0.0 0.0 0.0 0.0 0.0 0.0 0.0 0.0 0.0 0.0 0.0 0.0
9.983487129211426 4.014575958251953 3.4527010917663574 3.482771873474121 3.555694818496704 3.6009490489959717 3.657548666000366 3.687063694000244 3.7315123081207275 3.778378486633301 3.8723220825195312 3.8817131519317627 3.9894351959228516 4.345620155334473 5.518115043640137 0.0 0.0 0.0 0.0 0.0 0.0 0.0 0.0 0.0 0.0 0.0 0.0 0.0 0.0 0.0 0.0 0.0
9.982178688049316 3.980306386947632 3.4549641609191895 3.4830081462860107 3.5905120372772217 3.5762975215911865 3.6372621059417725 3.6343443393707275 3.678196907043457 3.755075693130493 3.830209255218506 3.8151068687438965 3.896174669265747 3.995999574661255 4.300858974456787 5.500786781311035 0.0 0.0 0.0 0.0 0.0 0.0 0.0 0.0 0.0 0.0 0.0 0.0 0.0 0.0 0.0 0.0
9.981554985046387 3.915475606918335 3.4004945755004883 3.439655065536499 3.5042388439178467 3.544609308242798 3.581582546234131 3.6062748432159424 3.6960887908935547 3.741283416748047 3.720428228378296 3.755098342895508 3.888078212738037 3.88032865524292 3.9597625732421875 4.273209095001221 5.464472770690918 0.0 0.0 0.0 0.0 0.0 0.0 0.0 0.0 0.0 0.0 0.0 0.0 0.0 0.0 0.0
9.978973388671875 3.8861074447631836 3.354959487915039 3.5116443634033203 3.5438449382781982 3.533566474914551 3.5592617988586426 3.628969192504883 3.6727542877197266 3.679126739501953 3.734546661376953 3.717148780822754 3.8025107383728027 3.890152931213379 3.9187824726104736 4.106905460357666 4.297134876251221 5.4809064865112305 0.0 0.0 0.0 0.0 0.0 0.0 0.0 0.0 0.0 0.0 0.0 0.0 0.0 0.0
9.978455543518066 3.818662166595459 3.289355754852295 3.397975206375122 3.528749465942383 3.52813458442688 3.5413143634796143 3.5651402473449707 3.645038604736328 3.6871097087860107 3.675499439239502 3.6611568927764893 3.762467622756958 3.811126232147217 3.8145060539245605 3.945032835006714 3.9303934574127197 4.2556257247924805 5.486555099487305 0.0 0.0 0.0 0.0 0.0 0.0 0.0 0.0 0.0 0.0 0.0 0.0 0.0
9.977313995361328 3.80812406539917 3.2866463661193848 3.3813869953155518 3.516890287399292 3.514468193054199 3.5263099670410156 3.525279998779297 3.553001642227173 3.6266353130340576 3.645113706588745 3.7228200435638428 3.7036008834838867 3.7893826961517334 3.7727696895599365 3.8952019214630127 3.828097105026245 3.888603687286377 4.286252498626709 5.4679789543151855 0.0 0.0 0.0 0.0 0.0 0.0 0.0 0.0 0.0 0.0 0.0 0.0
9.97603988647461 3.822467088699341 3.255976438522339 3.3333311080932617 3.4045462608337402 3.4918389320373535 3.492418050765991 3.560980796813965 3.601825714111328 3.6171507835388184 3.611389636993408 3.621526002883911 3.6929638385772705 3.7373390197753906 3.7225985527038574 3.785396099090576 3.789837598800659 3.8171935081481934 3.9664602279663086 4.260232448577881 5.476576328277588 0.0 0.0 0.0 0.0 0.0 0.0 0.0 0.0 0.0 0.0 0.0
9.975545883178711 3.8098342418670654 3.2635390758514404 3.321507692337036 3.4103147983551025 3.4485034942626953 3.4642879962921143 3.493257761001587 3.528156280517578 3.568699598312378 3.5868165493011475 3.6169869899749756 3.6321280002593994 3.7159323692321777 3.6680400371551514 3.7800798416137695 3.723808765411377 3.751530170440674 3.83817195892334 3.903660297393799 4.237888813018799 5.44213342666626 0.0 0.0 0.0 0.0 0.0 0.0 0.0 0.0 0.0 0.0
9.974224090576172 3.815051794052124 3.2849953174591064 3.364065408706665 3.3792128562927246 3.422814130783081 3.4570491313934326 3.4755282402038574 3.5262978076934814 3.5117857456207275 3.6036536693573 3.6117441654205322 3.606302499771118 3.651252031326294 3.647304058074951 3.701716184616089 3.691868543624878 3.718392848968506 3.775818347930908 3.8350398540496826 3.8994786739349365 4.258128643035889 5.4305219650268555 0.0 0.0 0.0 0.0 0.0 0.0 0.0 0.0 0.0
9.973106384277344 3.79423451423645 3.2433953285217285 3.329996109008789 3.3853557109832764 3.461604595184326 3.4535810947418213 3.4431707859039307 3.4847452640533447 3.48442006111145 3.5466630458831787 3.55839467048645 3.568549633026123 3.622886896133423 3.6084935665130615 3.6507346630096436 3.6221842765808105 3.6759750843048096 3.763467311859131 3.7713985443115234 3.7964975833892822 3.8884334564208984 4.235616683959961 5.453066825866699 0.0 0.0 0.0 0.0 0.0 0.0 0.0 0.0
9.970771789550781 3.812647581100464 3.2743990421295166 3.32973051071167 3.4345645904541016 3.48353910446167 3.454272508621216 3.448155641555786 3.491295576095581 3.4963388442993164 3.5684211254119873 3.5592429637908936 3.660088300704956 3.6489689350128174 3.619550943374634 3.608931064605713 3.627598762512207 3.6532630920410156 3.689115285873413 3.7382476329803467 3.7720391750335693 3.8103554248809814 3.8962759971618652 4.264495372772217 5.457337856292725 0.0 0.0 0.0 0.0 0.0 0.0 0.0
9.970282554626465 3.830739736557007 3.2166459560394287 3.2655251026153564 3.3464481830596924 3.4135076999664307 3.418661117553711 3.408569574356079 3.484161853790283 3.494211435317993 3.537853717803955 3.5419678688049316 3.5564777851104736 3.591906785964966 3.5870862007141113 3.5948498249053955 3.58608341217041 3.6101460456848145 3.6516640186309814 3.6730854511260986 3.7013638019561768 3.7688844203948975 3.825944423675537 3.888113021850586 4.247107028961182 5.446118354797363 0.0 0.0 0.0 0.0 0.0 0.0
9.969491004943848 3.8471240997314453 3.1930692195892334 3.248161792755127 3.3179516792297363 3.3918275833129883 3.402130126953125 3.3907699584960938 3.4470086097717285 3.4512698650360107 3.4926974773406982 3.530984878540039 3.5534162521362305 3.5271072387695312 3.5707404613494873 3.5844738483428955 3.5942351818084717 3.607435941696167 3.625084400177002 3.6317989826202393 3.669220209121704 3.727233409881592 3.7631170749664307 3.8043160438537598 3.874370813369751 4.2415452003479 5.415319919586182 0.0 0.0 0.0 0.0 0.0
9.968440055847168 3.8422422409057617 3.207777261734009 3.2265055179595947 3.270695447921753 3.3441989421844482 3.357264518737793 3.3449220657348633 3.3918707370758057 3.4224846363067627 3.4268381595611572 3.493293046951294 3.5561699867248535 3.5709664821624756 3.6288559436798096 3.553378105163574 3.538010835647583 3.59293270111084 3.6092238426208496 3.6115550994873047 3.604295253753662 3.6357176303863525 3.69657301902771 3.736072301864624 3.7784929275512695 3.8711254596710205 4.231802463531494 5.437839031219482 0.0 0.0 0.0 0.0
9.96551513671875 3.861276865005493 3.2508046627044678 3.268813133239746 3.2694413661956787 3.3122992515563965 3.3842060565948486 3.359574556350708 3.405395269393921 3.423663854598999 3.496514320373535 3.518108367919922 3.566060781478882 3.578502893447876 3.568685293197632 3.5949511528015137 3.533790111541748 3.5489253997802734 3.605724573135376 3.6499900817871094 3.62231707572937 3.6407480239868164 3.7049853801727295 3.7412493228912354 3.772005796432495 3.8559067249298096 3.9240119457244873 4.267732620239258 5.453610420227051 0.0 0.0 0.0
9.966206550598145 3.7943897247314453 3.218564033508301 3.2570738792419434 3.266218423843384 3.2665557861328125 3.3093903064727783 3.3472630977630615 3.384775161743164 3.4081358909606934 3.4248433113098145 3.432309150695801 3.46881103515625 3.5197248458862305 3.5134947299957275 3.5392019748687744 3.481229782104492 3.526902675628662 3.563230037689209 3.569246292114258 3.577458143234253 3.599428653717041 3.649294137954712 3.6332993507385254 3.6866989135742188 3.772273302078247 3.7666869163513184 3.8895211219787598 4.236474990844727 5.429256439208984 0.0 0.0
9.962855339050293 3.774362564086914 3.2249763011932373 3.3051071166992188 3.350844383239746 3.295193672180176 3.3045568466186523 3.313368320465088 3.3632776737213135 3.3820080757141113 3.4164819717407227 3.524763822555542 3.481250524520874 3.5719525814056396 3.5328855514526367 3.6730642318725586 3.5021860599517822 3.4879708290100098 3.54371976852417 3.688810348510742 3.5540504455566406 3.6484131813049316 3.7500555515289307 3.679002046585083 3.6348836421966553 3.713693141937256 3.7341766357421875 3.8243980407714844 3.9427807331085205 4.275771141052246 5.451159477233887 0.0
9.961337089538574 3.786710500717163 3.1771256923675537 3.247472047805786 3.3303658962249756 3.3905229568481445 3.354602336883545 3.3687381744384766 3.410949945449829 3.4392151832580566 3.532870054244995 3.517428398132324 3.567248821258545 3.5645272731781006 3.653792381286621 3.5279343128204346 3.517162799835205 3.4807679653167725 3.544804334640503 3.5544676780700684 3.5406298637390137 3.5955076217651367 3.6218621730804443 3.634434700012207 3.6314754486083984 3.6507492065429688 3.7149693965911865 3.798504590988159 3.824920415878296 3.9248838424682617 4.2834367752075195 5.42990255355835
