10.020692825317383 0.0 0.0 0.0 0.0 0.0 0.0 0.0 0.0 0.0 0.0 0.0 0.0 0.0 0.0 0.0 0.0 0.0 0.0 0.0 0.0 0.0 0.0 0.0 0.0 0.0 0.0 0.0 0.0 0.0 0.0 0.0
9.982649803161621 6.7301483154296875 0.0 0.0 0.0 0.0 0.0 0.0 0.0 0.0 0.0 0.0 0.0 0.0 0.0 0.0 0.0 0.0 0.0 0.0 0.0 0.0 0.0 0.0 0.0 0.0 0.0 0.0 0.0 0.0 0.0 0.0
9.90687084197998 7.265930652618408 6.895031929016113 0.0 0.0 0.0 0.0 0.0 0.0 0.0 0.0 0.0 0.0 0.0 0.0 0.0 0.0 0.0 0.0 0.0 0.0 0.0 0.0 0.0 0.0 0.0 0.0 0.0 0.0 0.0 0.0 0.0
9.835882186889648 7.033795356750488 7.399585723876953 6.932213306427002 0.0 0.0 0.0 0.0 0.0 0.0 0.0 0.0 0.0 0.0 0.0 0.0 0.0 0.0 0.0 0.0 0.0 0.0 0.0 0.0 0.0 0.0 0.0 0.0 0.0 0.0 0.0 0.0
9.777113914489746 6.7329792976379395 7.085874557495117 7.49968147277832 6.927879333496094 0.0 0.0 0.0 0.0 0.0 0.0 0.0 0.0 0.0 0.0 0.0 0.0 0.0 0.0 0.0 0.0 0.0 0.0 0.0 0.0 0.0 0.0 0.0 0.0 0.0 0.0 0.0
9.743099212646484 6.540516376495361 6.746430397033691 7.1445536613464355 7.397576332092285 6.9176554679870605 0.0 0.0 0.0 0.0 0.0 0.0 0.0 0.0 0.0 0.0 0.0 0.0 0.0 0.0 0.0 0.0 0.0 0.0 0.0 0.0 0.0 0.0 0.0 0.0 0.0 0.0
9.719613075256348 6.353450775146484 6.438356876373291 6.806280612945557 7.06179141998291 7.364603519439697 6.90802001953125 0.0 0.0 0.0 0.0 0.0 0.0 0.0 0.0 0.0 0.0 0.0 0.0 0.0 0.0 0.0 0.0 0.0 0.0 0.0 0.0 0.0 0.0 0.0 0.0 0.0
9.68368911743164 6.238741397857666 6.3014912605285645 6.58788537979126 6.790426254272461 7.105467319488525 7.326009750366211 6.9337687492370605 0.0 0.0 0.0 0.0 0.0 0.0 0.0 0.0 0.0 0.0 0.0 0.0 0.0 0.0 0.0 0.0 0.0 0.0 0.0 0.0 0.0 0.0 0.0 0.0
9.665800094604492 6.079260349273682 6.117363929748535 6.357746124267578 6.546086311340332 6.796314239501953 7.014138698577881 7.343774318695068 6.913646697998047 0.0 0.0 0.0 0.0 0.0 0.0 0.0 0.0 0.0 0.0 0.0 0.0 0.0 0.0 0.0 0.0 0.0 0.0 0.0 0.0 0.0 0.0 0.0
9.647165298461914 5.908454418182373 5.983971118927002 6.2175092697143555 6.324067115783691 6.511322021484375 6.719799041748047 7.027347087860107 7.340297698974609 6.928661346435547 0.0 0.0 0.0 0.0 0.0 0.0 0.0 0.0 0.0 0.0 0.0 0.0 0.0 0.0 0.0 0.0 0.0 0.0 0.0 0.0 0.0 0.0
9.632583618164062 5.79417085647583 5.840736389160156 6.07227897644043 6.151398658752441 6.296260356903076 6.463307857513428 6.737276554107666 7.018137454986572 7.323806285858154 6.912890911102295 0.0 0.0 0.0 0.0 0.0 0.0 0.0 0.0 0.0 0.0 0.0 0.0 0.0 0.0 0.0 0.0 0.0 0.0 0.0 0.0 0.0
9.611502647399902 5.683405876159668 5.713882923126221 6.039824485778809 6.061213493347168 6.203314304351807 6.260391712188721 6.456164836883545 6.706175327301025 6.998348236083984 7.322456359863281 6.940388202667236 0.0 0.0 0.0 0.0 0.0 0.0 0.0 0.0 0.0 0.0 0.0 0.0 0.0 0.0 0.0 0.0 0.0 0.0 0.0 0.0
9.590678215026855 5.63728666305542 5.607948303222656 5.856858253479004 5.932511329650879 6.081339359283447 6.144967555999756 6.271137714385986 6.515448093414307 6.705527305603027 7.019244194030762 7.341708660125732 6.909317493438721 0.0 0.0 0.0 0.0 0.0 0.0 0.0 0.0 0.0 0.0 0.0 0.0 0.0 0.0 0.0 0.0 0.0 0.0 0.0
9.582927703857422 5.5291242599487305 5.515039443969727 5.692633152008057 5.786712169647217 5.945611000061035 6.016660213470459 6.1382622718811035 6.279692649841309 6.458627700805664 6.728405475616455 7.003365516662598 7.286593437194824 6.9421610832214355 0.0 0.0 0.0 0.0 0.0 0.0 0.0 0.0 0.0 0.0 0.0 0.0 0.0 0.0 0.0 0.0 0.0 0.0
9.558730125427246 5.433685302734375 5.45501184463501 5.593929767608643 5.6725263595581055 5.847315311431885 5.911320209503174 6.040716171264648 6.143791675567627 6.332419395446777 6.535158157348633 6.733093738555908 6.978083610534668 7.3374342918396 6.913074970245361 0.0 0.0 0.0 0.0 0.0 0.0 0.0 0.0 0.0 0.0 0.0 0.0 0.0 0.0 0.0 0.0 0.0
9.554682731628418 5.280845642089844 5.389331817626953 5.552258491516113 5.586564540863037 5.674795627593994 5.80980110168457 5.916515827178955 6.052122592926025 6.116847515106201 6.266915798187256 6.508997917175293 6.719974517822266 6.995956897735596 7.289758682250977 6.897042751312256 0.0 0.0 0.0 0.0 0.0 0.0 0.0 0.0 0.0 0.0 0.0 0.0 0.0 0.0 0.0 0.0
9.531142234802246 5.12362813949585 5.278676509857178 5.518459320068359 5.583956718444824 5.608759880065918 5.676812648773193 5.817435264587402 5.98941707611084 6.09480094909668 6.233950614929199 6.297876834869385 6.4841108322143555 6.76856803894043 6.968501091003418 7.283822059631348 6.9052734375 0.0 0.0 0.0 0.0 0.0 0.0 0.0 0.0 0.0 0.0 0.0 0.0 0.0 0.0 0.0
9.527750015258789 5.040095806121826 5.153999328613281 5.448078632354736 5.543354034423828 5.56110143661499 5.6050190925598145 5.691006183624268 5.808460235595703 5.923230171203613 6.057126998901367 6.1572370529174805 6.259459018707275 6.491132736206055 6.686834335327148 6.973820209503174 7.268198013305664 6.936793804168701 0.0 0.0 0.0 0.0 0.0 0.0 0.0 0.0 0.0 0.0 0.0 0.0 0.0 0.0
9.507615089416504 5.010402679443359 5.043765068054199 5.360811710357666 5.434658527374268 5.550300121307373 5.574740409851074 5.620944023132324 5.6803059577941895 5.8091020584106445 5.983630657196045 6.0735392570495605 6.126064777374268 6.299449443817139 6.473637104034424 6.760535717010498 6.967972278594971 7.285068035125732 6.912858009338379 0.0 0.0 0.0 0.0 0.0 0.0 0.0 0.0 0.0 0.0 0.0 0.0 0.0
9.484472274780273 5.058453559875488 4.989029407501221 5.239941120147705 5.36113166809082 5.459095001220703 5.543365001678467 5.555236339569092 5.617359161376953 5.747833251953125 5.860306739807129 5.993967056274414 6.052927017211914 6.174458026885986 6.276643753051758 6.506646633148193 6.70708703994751 7.02458381652832 7.318531036376953 6.9042792320251465 0.0 0.0 0.0 0.0 0.0 0.0 0.0 0.0 0.0 0.0 0.0 0.0
9.492319107055664 5.108696937561035 5.011443138122559 5.160378932952881 5.198912620544434 5.31361722946167 5.451125621795654 5.571787357330322 5.594319820404053 5.635116100311279 5.717790603637695 5.834536075592041 5.921873569488525 6.075879096984863 6.121758460998535 6.24851655960083 6.432416915893555 6.7216267585754395 6.960092067718506 7.244385719299316 6.902060508728027 0.0 0.0 0.0 0.0 0.0 0.0 0.0 0.0 0.0 0.0 0.0
9.479559898376465 5.067245006561279 5.044210910797119 5.157539367675781 5.1495866775512695 5.215056419372559 5.331752777099609 5.469813823699951 5.575677871704102 5.587867736816406 5.6415791511535645 5.710464954376221 5.797530651092529 5.958177089691162 6.0262908935546875 6.124853610992432 6.242263317108154 6.462973117828369 6.716920375823975 6.94268798828125 7.255362510681152 6.899962902069092 0.0 0.0 0.0 0.0 0.0 0.0 0.0 0.0 0.0 0.0
9.463532447814941 5.021055221557617 5.1041178703308105 5.420376300811768 5.202964782714844 5.189149856567383 5.181717395782471 5.334476470947266 5.520599365234375 5.633437156677246 5.721426010131836 5.683339595794678 5.708438873291016 5.899438381195068 5.962472438812256 6.022620677947998 6.106187343597412 6.243956089019775 6.460285663604736 6.675954818725586 6.9211249351501465 7.2145304679870605 6.878758430480957 0.0 0.0 0.0 0.0 0.0 0.0 0.0 0.0 0.0
9.455012321472168 4.8656487464904785 5.009678363800049 5.298745632171631 5.185665130615234 5.151815414428711 5.098756790161133 5.18689489364624 5.363829612731934 5.51175594329834 5.640146255493164 5.65288782119751 5.628945350646973 5.798434734344482 5.83618688583374 5.9307966232299805 6.014162063598633 6.149742126464844 6.247119903564453 6.458088397979736 6.668935298919678 6.94050407409668 7.231670379638672 6.878046989440918 0.0 0.0 0.0 0.0 0.0 0.0 0.0 0.0
9.45301628112793 4.758320331573486 4.888372898101807 5.329235553741455 5.220266342163086 5.180819511413574 5.124441623687744 5.113281726837158 5.238775253295898 5.37735652923584 5.604852199554443 5.6704583168029785 5.628332614898682 5.686672687530518 5.7014923095703125 5.790008068084717 5.89264440536499 6.000877380371094 6.082931041717529 6.219893455505371 6.40866756439209 6.674909591674805 6.945075511932373 7.191317558288574 6.877530097961426 0.0 0.0 0.0 0.0 0.0 0.0 0.0
9.447689056396484 4.737579345703125 4.774848461151123 5.131598949432373 5.199676036834717 5.215052127838135 5.1902241706848145 5.117300033569336 5.212196350097656 5.210108280181885 5.386114120483398 5.530591011047363 5.571779727935791 5.632490158081055 5.641720294952393 5.665977954864502 5.788310527801514 5.888261318206787 6.039147853851318 6.092006206512451 6.19695520401001 6.411137104034424 6.663514614105225 6.91217041015625 7.20686674118042 6.8875346183776855 0.0 0.0 0.0 0.0 0.0 0.0
9.438199043273926 4.674613952636719 4.661259174346924 4.923174858093262 5.035499095916748 5.1675825119018555 5.185964584350586 5.164740562438965 5.211207389831543 5.1549391746521 5.297623634338379 5.413111209869385 5.524048805236816 5.601468086242676 5.602187156677246 5.616263389587402 5.672719955444336 5.796329975128174 5.9661359786987305 6.007877349853516 6.064174175262451 6.208770751953125 6.422826290130615 6.677570819854736 6.922368049621582 7.202154636383057 6.864285945892334 0.0 0.0 0.0 0.0 0.0
9.437665939331055 4.704217433929443 4.664644718170166 4.856145858764648 4.87961483001709 5.007126808166504 5.136862754821777 5.206533908843994 5.215916156768799 5.111277103424072 5.183043479919434 5.365896701812744 5.404573917388916 5.563962459564209 5.587347984313965 5.590025901794434 5.597271919250488 5.680116176605225 5.832087993621826 5.887759685516357 5.952081203460693 6.055044651031494 6.198646068572998 6.407172203063965 6.63962984085083 6.916487216949463 7.17444372177124 6.8730788230896 0.0 0.0 0.0 0.0
9.426046371459961 4.7061004638671875 4.6715874671936035 4.81108283996582 4.809491157531738 4.886367321014404 5.0268940925598145 5.152541160583496 5.21769380569458 5.17279577255249 5.177365303039551 5.192724704742432 5.286007881164551 5.4310832023620605 5.54051399230957 5.559122085571289 5.5600361824035645 5.589232921600342 5.748261451721191 5.786269187927246 5.87431001663208 5.962131977081299 6.054661750793457 6.18403434753418 6.395245552062988 6.656120777130127 6.914946556091309 7.216424942016602 6.8637800216674805 0.0 0.0 0.0
9.416149139404297 4.731563091278076 4.686387062072754 4.846858024597168 4.815464496612549 4.837678909301758 4.934448719024658 5.068570137023926 5.201776027679443 5.238346576690674 5.212173938751221 5.189602375030518 5.1860785484313965 5.305197238922119 5.408853530883789 5.507128715515137 5.541146755218506 5.557456970214844 5.626254558563232 5.662441730499268 5.764135360717773 5.888858318328857 5.994003772735596 6.069976806640625 6.206162452697754 6.42717981338501 6.655708312988281 6.91580867767334 7.16296911239624 6.871096611022949 0.0 0.0
9.411370277404785 4.741235256195068 4.655444145202637 4.834507942199707 4.8096923828125 4.83828067779541 4.823440074920654 4.941868305206299 5.108636379241943 5.211175918579102 5.267339706420898 5.243631839752197 5.170111656188965 5.219076633453369 5.316616058349609 5.430845260620117 5.501218795776367 5.56380558013916 5.676961898803711 5.605607509613037 5.624382019042969 5.753307342529297 5.861916542053223 5.951070785522461 6.042040824890137 6.1791768074035645 6.3973188400268555 6.677612781524658 6.8692755699157715 7.1621479988098145 6.861786842346191 0.0
9.395013809204102 4.8105950355529785 4.731912136077881 4.814925193786621 4.868398666381836 5.163359642028809 4.831311225891113 4.9201154708862305 5.049142360687256 5.19287109375 5.346573829650879 5.273524284362793 5.199827194213867 5.286289215087891 5.208558559417725 5.2717366218566895 5.383966445922852 5.497622966766357 5.786059856414795 5.535083293914795 5.533919811248779 5.61336612701416 5.767031192779541 5.885991096496582 5.922676086425781 6.0141191482543945 6.1705145835876465 6.3949103355407715 6.6144304275512695 6.870509624481201 7.154216766357422 6.872192859649658
