10.020692825317383 0.0 0.0 0.0 0.0 0.0 0.0 0.0 0.0 0.0 0.0 0.0 0.0 0.0 0.0 0.0 0.0 0.0 0.0 0.0 0.0 0.0 0.0 0.0 0.0 0.0 0.0 0.0 0.0 0.0 0.0 0.0
10.004129409790039 5.9074273109436035 0.0 0.0 0.0 0.0 0.0 0.0 0.0 0.0 0.0 0.0 0.0 0.0 0.0 0.0 0.0 0.0 0.0 0.0 0.0 0.0 0.0 0.0 0.0 0.0 0.0 0.0 0.0 0.0 0.0 0.0
9.986103057861328 5.984962463378906 5.903170585632324 0.0 0.0 0.0 0.0 0.0 0.0 0.0 0.0 0.0 0.0 0.0 0.0 0.0 0.0 0.0 0.0 0.0 0.0 0.0 0.0 0.0 0.0 0.0 0.0 0.0 0.0 0.0 0.0 0.0
9.975618362426758 5.801455974578857 5.678811073303223 5.906864166259766 0.0 0.0 0.0 0.0 0.0 0.0 0.0 0.0 0.0 0.0 0.0 0.0 0.0 0.0 0.0 0.0 0.0 0.0 0.0 0.0 0.0 0.0 0.0 0.0 0.0 0.0 0.0 0.0
9.962817192077637 5.697697639465332 5.575008869171143 5.66241979598999 6.030078411102295 0.0 0.0 0.0 0.0 0.0 0.0 0.0 0.0 0.0 0.0 0.0 0.0 0.0 0.0 0.0 0.0 0.0 0.0 0.0 0.0 0.0 0.0 0.0 0.0 0.0 0.0 0.0
9.955113410949707 5.507844924926758 5.38602876663208 5.464744567871094 5.717897415161133 6.049743175506592 0.0 0.0 0.0 0.0 0.0 0.0 0.0 0.0 0.0 0.0 0.0 0.0 0.0 0.0 0.0 0.0 0.0 0.0 0.0 0.0 0.0 0.0 0.0 0.0 0.0 0.0
9.946659088134766 5.480138301849365 5.1884002685546875 5.316457748413086 5.550756454467773 5.764770030975342 6.013113498687744 0.0 0.0 0.0 0.0 0.0 0.0 0.0 0.0 0.0 0.0 0.0 0.0 0.0 0.0 0.0 0.0 0.0 0.0 0.0 0.0 0.0 0.0 0.0 0.0 0.0
9.941202163696289 5.279736518859863 5.125858306884766 5.216822624206543 5.388527870178223 5.575586795806885 5.697862148284912 5.971802234649658 0.0 0.0 0.0 0.0 0.0 0.0 0.0 0.0 0.0 0.0 0.0 0.0 0.0 0.0 0.0 0.0 0.0 0.0 0.0 0.0 0.0 0.0 0.0 0.0
9.934361457824707 5.235386371612549 4.991082668304443 5.084636211395264 5.246192932128906 5.430032730102539 5.555450916290283 5.7176127433776855 5.960085391998291 0.0 0.0 0.0 0.0 0.0 0.0 0.0 0.0 0.0 0.0 0.0 0.0 0.0 0.0 0.0 0.0 0.0 0.0 0.0 0.0 0.0 0.0 0.0
9.928176879882812 5.171334266662598 4.969352722167969 5.00714111328125 5.1166791915893555 5.290284633636475 5.390090465545654 5.495678901672363 5.713459014892578 5.9729132652282715 0.0 0.0 0.0 0.0 0.0 0.0 0.0 0.0 0.0 0.0 0.0 0.0 0.0 0.0 0.0 0.0 0.0 0.0 0.0 0.0 0.0 0.0
9.927115440368652 5.049228191375732 4.767921447753906 4.893996715545654 5.012964725494385 5.141637802124023 5.238946914672852 5.313838481903076 5.466697692871094 5.647940635681152 5.9279632568359375 0.0 0.0 0.0 0.0 0.0 0.0 0.0 0.0 0.0 0.0 0.0 0.0 0.0 0.0 0.0 0.0 0.0 0.0 0.0 0.0 0.0
9.922789573669434 4.927395820617676 4.661809921264648 4.808867931365967 4.950300216674805 5.06003999710083 5.113797664642334 5.2054338455200195 5.299841403961182 5.462422847747803 5.70003604888916 5.8765363693237305 0.0 0.0 0.0 0.0 0.0 0.0 0.0 0.0 0.0 0.0 0.0 0.0 0.0 0.0 0.0 0.0 0.0 0.0 0.0 0.0
9.920492172241211 4.8702239990234375 4.579519271850586 4.729699611663818 4.8883795738220215 4.976213455200195 5.014382839202881 5.079946517944336 5.202936172485352 5.266299247741699 5.428053855895996 5.6049275398254395 5.851950645446777 0.0 0.0 0.0 0.0 0.0 0.0 0.0 0.0 0.0 0.0 0.0 0.0 0.0 0.0 0.0 0.0 0.0 0.0 0.0
9.91086196899414 4.825649261474609 4.541017055511475 4.693360805511475 4.863847255706787 4.948086738586426 4.98233699798584 5.030584812164307 5.1395111083984375 5.214176177978516 5.358800411224365 5.465733051300049 5.6619110107421875 5.888495445251465 0.0 0.0 0.0 0.0 0.0 0.0 0.0 0.0 0.0 0.0 0.0 0.0 0.0 0.0 0.0 0.0 0.0 0.0
9.907222747802734 4.74998140335083 4.485624313354492 4.609032154083252 4.749555587768555 4.872345924377441 4.9365129470825195 4.976139068603516 5.017073631286621 5.095088481903076 5.267639636993408 5.2834014892578125 5.425722122192383 5.640254497528076 5.924524307250977 0.0 0.0 0.0 0.0 0.0 0.0 0.0 0.0 0.0 0.0 0.0 0.0 0.0 0.0 0.0 0.0 0.0
9.905588150024414 4.730921745300293 4.44994592666626 4.553032398223877 4.692341327667236 4.779513835906982 4.835599899291992 4.873444557189941 4.950580596923828 4.994812488555908 5.092006206512451 5.153048515319824 5.265213966369629 5.391198635101318 5.6439127922058105 5.880670070648193 0.0 0.0 0.0 0.0 0.0 0.0 0.0 0.0 0.0 0.0 0.0 0.0 0.0 0.0 0.0 0.0
9.89909839630127 4.696420669555664 4.432727336883545 4.511672496795654 4.661806583404541 4.761836051940918 4.774152755737305 4.82523775100708 4.917625904083252 4.9388651847839355 5.026264667510986 5.077230930328369 5.151651859283447 5.258606910705566 5.46845817565918 5.628322601318359 5.907374382019043 0.0 0.0 0.0 0.0 0.0 0.0 0.0 0.0 0.0 0.0 0.0 0.0 0.0 0.0 0.0
9.897825241088867 4.594431400299072 4.388391017913818 4.484218597412109 4.6137003898620605 4.679220676422119 4.7113447189331055 4.741733074188232 4.8095269203186035 4.826958179473877 4.909492492675781 4.98043155670166 5.030637264251709 5.122490882873535 5.275844573974609 5.413033485412598 5.632091045379639 5.894503593444824 0.0 0.0 0.0 0.0 0.0 0.0 0.0 0.0 0.0 0.0 0.0 0.0 0.0 0.0
9.892730712890625 4.537605285644531 4.3489670753479 4.463775157928467 4.565243244171143 4.6573591232299805 4.676119327545166 4.686351299285889 4.757117748260498 4.783999443054199 4.88254451751709 4.909393787384033 4.962313652038574 5.025243282318115 5.172969341278076 5.27194356918335 5.435953140258789 5.625360012054443 5.897805213928223 0.0 0.0 0.0 0.0 0.0 0.0 0.0 0.0 0.0 0.0 0.0 0.0 0.0
9.885411262512207 4.528881072998047 4.3176727294921875 4.443552494049072 4.541881084442139 4.6345930099487305 4.66558313369751 4.644350051879883 4.7275071144104 4.7791242599487305 4.842728137969971 4.852612495422363 4.916086673736572 4.9635233879089355 5.075528621673584 5.161170482635498 5.343817234039307 5.421240329742432 5.650190830230713 5.94229793548584 0.0 0.0 0.0 0.0 0.0 0.0 0.0 0.0 0.0 0.0 0.0 0.0
9.884085655212402 4.5294575691223145 4.288210391998291 4.42561149597168 4.541677951812744 4.6194987297058105 4.585974216461182 4.5972442626953125 4.671701431274414 4.68157434463501 4.745720863342285 4.788056373596191 4.850767612457275 4.857988357543945 4.984783172607422 5.030239582061768 5.170036315917969 5.266768455505371 5.435295104980469 5.607490062713623 5.911566734313965 0.0 0.0 0.0 0.0 0.0 0.0 0.0 0.0 0.0 0.0 0.0
9.879627227783203 4.454930782318115 4.243111610412598 4.3701887130737305 4.4901204109191895 4.583665370941162 4.566964149475098 4.565489292144775 4.600627899169922 4.6096038818359375 4.705295562744141 4.78519344329834 4.78190279006958 4.827154159545898 4.972921371459961 4.9548659324646 5.073901653289795 5.149465084075928 5.330987453460693 5.420193672180176 5.621676921844482 5.88783073425293 0.0 0.0 0.0 0.0 0.0 0.0 0.0 0.0 0.0 0.0
9.876458168029785 4.422555446624756 4.229761123657227 4.347645282745361 4.455885410308838 4.541810989379883 4.543560981750488 4.5336127281188965 4.544925689697266 4.564935684204102 4.698768138885498 4.718359470367432 4.725946426391602 4.786062717437744 4.894338607788086 4.8693413734436035 5.006096363067627 5.029140472412109 5.158339977264404 5.2932891845703125 5.411396503448486 5.609326362609863 5.893517971038818 0.0 0.0 0.0 0.0 0.0 0.0 0.0 0.0 0.0
9.872368812561035 4.42268180847168 4.199182510375977 4.300527572631836 4.403789520263672 4.514443397521973 4.507695198059082 4.51023530960083 4.536787986755371 4.545500755310059 4.6099467277526855 4.619638919830322 4.6593170166015625 4.712666988372803 4.850481986999512 4.813925743103027 4.955810546875 4.935518741607666 5.060688495635986 5.189843654632568 5.3048834800720215 5.429078102111816 5.6392316818237305 5.872296333312988 0.0 0.0 0.0 0.0 0.0 0.0 0.0 0.0
9.874582290649414 4.346615314483643 4.151333808898926 4.273003101348877 4.353315830230713 4.441057205200195 4.445060729980469 4.454641342163086 4.467145919799805 4.481668472290039 4.530580043792725 4.5316081047058105 4.584766387939453 4.610264301300049 4.6906867027282715 4.7316741943359375 4.793520450592041 4.851042747497559 4.938042640686035 5.087686538696289 5.131329536437988 5.259796142578125 5.38565731048584 5.570305347442627 5.877310276031494 0.0 0.0 0.0 0.0 0.0 0.0 0.0
9.867070198059082 4.422051429748535 4.134861469268799 4.261059284210205 4.35089635848999 4.417998313903809 4.42781400680542 4.436283111572266 4.462812423706055 4.469376564025879 4.516866207122803 4.495669364929199 4.543120384216309 4.558674335479736 4.676185131072998 4.67172908782959 4.771831512451172 4.803740501403809 4.915477275848389 5.037263870239258 5.047551155090332 5.1587677001953125 5.2700276374816895 5.384944915771484 5.641913890838623 5.898252010345459 0.0 0.0 0.0 0.0 0.0 0.0
9.864675521850586 4.30971622467041 4.0690598487854 4.208857536315918 4.321869373321533 4.382714748382568 4.381397724151611 4.387688159942627 4.444190979003906 4.406190395355225 4.499623775482178 4.47842264175415 4.490428924560547 4.538250923156738 4.604487419128418 4.589504718780518 4.742574691772461 4.73471736907959 4.836673736572266 4.886684417724609 4.975722789764404 5.034423828125 5.168091297149658 5.282766819000244 5.447155952453613 5.610334873199463 5.8991217613220215 0.0 0.0 0.0 0.0 0.0
9.861687660217285 4.202409267425537 4.0583367347717285 4.17791223526001 4.2634406089782715 4.346739768981934 4.3688459396362305 4.356093883514404 4.3782196044921875 4.400893211364746 4.435116767883301 4.436990737915039 4.442694664001465 4.4615702629089355 4.561166763305664 4.557906627655029 4.613917827606201 4.670347690582275 4.744594097137451 4.887508392333984 4.869960784912109 4.948138236999512 5.059262752532959 5.169054985046387 5.291291236877441 5.4620866775512695 5.681284427642822 5.868026256561279 0.0 0.0 0.0 0.0
9.85779857635498 4.170139789581299 4.001277446746826 4.1421427726745605 4.24373197555542 4.352467060089111 4.324171543121338 4.326273441314697 4.378759384155273 4.3532562255859375 4.378780841827393 4.390641689300537 4.419168949127197 4.430427074432373 4.512157440185547 4.525250434875488 4.5652899742126465 4.6118550300598145 4.71037483215332 4.802157402038574 4.83928108215332 4.900713920593262 4.960312843322754 5.060844898223877 5.185392379760742 5.344358444213867 5.4869303703308105 5.590778827667236 5.904908180236816 0.0 0.0 0.0
9.858551979064941 4.107574462890625 3.970874071121216 4.0995988845825195 4.199329853057861 4.27214241027832 4.264498710632324 4.273812770843506 4.300922393798828 4.2731099128723145 4.321494102478027 4.33119535446167 4.369999408721924 4.369466304779053 4.43906307220459 4.479670524597168 4.499996185302734 4.545261383056641 4.61680793762207 4.70173978805542 4.756157398223877 4.82186222076416 4.88584566116333 4.984446048736572 5.062681198120117 5.188766002655029 5.344545364379883 5.403497219085693 5.597487449645996 5.870481491088867 0.0 0.0
9.851893424987793 4.085428237915039 3.93263578414917 4.062277793884277 4.150196075439453 4.248593330383301 4.25262975692749 4.226644039154053 4.25560188293457 4.236461639404297 4.297769546508789 4.279572010040283 4.328830242156982 4.358884811401367 4.47024393081665 4.440017223358154 4.495002746582031 4.482305526733398 4.597809314727783 4.649481296539307 4.725000858306885 4.81309700012207 4.866722106933594 4.876976013183594 4.977375030517578 5.121349334716797 5.311596393585205 5.323482513427734 5.515655994415283 5.603639125823975 5.8493733406066895 0.0
9.852251052856445 4.0791730880737305 3.941153049468994 4.05255651473999 4.142046928405762 4.225316524505615 4.2217864990234375 4.2062668800354 4.235960483551025 4.210241317749023 4.309981822967529 4.265645503997803 4.298266887664795 4.3257575035095215 4.389063835144043 4.389064311981201 4.471310138702393 4.4529218673706055 4.517230987548828 4.5444793701171875 4.661642551422119 4.783161640167236 4.79998254776001 4.833623886108398 4.894842147827148 4.993121147155762 5.1059250831604 5.182217597961426 5.285396099090576 5.4040327072143555 5.558879852294922 5.860342025756836
