10.020692825317383 0.0 0.0 0.0 0.0 0.0 0.0 0.0 0.0 0.0 0.0 0.0 0.0 0.0 0.0 0.0 0.0 0.0 0.0 0.0 0.0 0.0 0.0 0.0 0.0 0.0 0.0 0.0 0.0 0.0 0.0 0.0
9.953740119934082 7.282482624053955 0.0 0.0 0.0 0.0 0.0 0.0 0.0 0.0 0.0 0.0 0.0 0.0 0.0 0.0 0.0 0.0 0.0 0.0 0.0 0.0 0.0 0.0 0.0 0.0 0.0 0.0 0.0 0.0 0.0 0.0
9.942912101745605 6.814566135406494 6.64732027053833 0.0 0.0 0.0 0.0 0.0 0.0 0.0 0.0 0.0 0.0 0.0 0.0 0.0 0.0 0.0 0.0 0.0 0.0 0.0 0.0 0.0 0.0 0.0 0.0 0.0 0.0 0.0 0.0 0.0
9.92972183227539 6.54712438583374 6.281364917755127 6.584485054016113 0.0 0.0 0.0 0.0 0.0 0.0 0.0 0.0 0.0 0.0 0.0 0.0 0.0 0.0 0.0 0.0 0.0 0.0 0.0 0.0 0.0 0.0 0.0 0.0 0.0 0.0 0.0 0.0
9.91767692565918 6.325860977172852 6.07331657409668 6.2041239738464355 6.571513652801514 0.0 0.0 0.0 0.0 0.0 0.0 0.0 0.0 0.0 0.0 0.0 0.0 0.0 0.0 0.0 0.0 0.0 0.0 0.0 0.0 0.0 0.0 0.0 0.0 0.0 0.0 0.0
9.909913063049316 6.155725002288818 5.861682415008545 5.966634750366211 6.136188983917236 6.529112339019775 0.0 0.0 0.0 0.0 0.0 0.0 0.0 0.0 0.0 0.0 0.0 0.0 0.0 0.0 0.0 0.0 0.0 0.0 0.0 0.0 0.0 0.0 0.0 0.0 0.0 0.0
9.904121398925781 6.069647789001465 5.6256794929504395 5.739681720733643 5.89328145980835 6.1169281005859375 6.461663722991943 0.0 0.0 0.0 0.0 0.0 0.0 0.0 0.0 0.0 0.0 0.0 0.0 0.0 0.0 0.0 0.0 0.0 0.0 0.0 0.0 0.0 0.0 0.0 0.0 0.0
9.896839141845703 6.015371799468994 5.487224578857422 5.565609931945801 5.713630676269531 5.891892910003662 6.04813814163208 6.433836460113525 0.0 0.0 0.0 0.0 0.0 0.0 0.0 0.0 0.0 0.0 0.0 0.0 0.0 0.0 0.0 0.0 0.0 0.0 0.0 0.0 0.0 0.0 0.0 0.0
9.888245582580566 5.997312545776367 5.446994304656982 5.434609889984131 5.571940898895264 5.722691059112549 5.8274431228637695 6.043056011199951 6.3996734619140625 0.0 0.0 0.0 0.0 0.0 0.0 0.0 0.0 0.0 0.0 0.0 0.0 0.0 0.0 0.0 0.0 0.0 0.0 0.0 0.0 0.0 0.0 0.0
9.885236740112305 5.899864196777344 5.405616283416748 5.341169357299805 5.414252281188965 5.527043342590332 5.64755916595459 5.808633804321289 5.989293575286865 6.339354991912842 0.0 0.0 0.0 0.0 0.0 0.0 0.0 0.0 0.0 0.0 0.0 0.0 0.0 0.0 0.0 0.0 0.0 0.0 0.0 0.0 0.0 0.0
9.8800048828125 5.783018112182617 5.386054515838623 5.31217622756958 5.311962127685547 5.374693393707275 5.478160381317139 5.63623046875 5.773909568786621 5.96000862121582 6.335870265960693 0.0 0.0 0.0 0.0 0.0 0.0 0.0 0.0 0.0 0.0 0.0 0.0 0.0 0.0 0.0 0.0 0.0 0.0 0.0 0.0 0.0
9.875387191772461 5.655665397644043 5.257839202880859 5.287027359008789 5.301952362060547 5.333069801330566 5.363847732543945 5.486257076263428 5.618247032165527 5.741549968719482 5.930768966674805 6.305217266082764 0.0 0.0 0.0 0.0 0.0 0.0 0.0 0.0 0.0 0.0 0.0 0.0 0.0 0.0 0.0 0.0 0.0 0.0 0.0 0.0
9.868473052978516 5.599885940551758 5.136041641235352 5.216659069061279 5.269791603088379 5.322357654571533 5.310245990753174 5.381937503814697 5.496584415435791 5.611397743225098 5.760761260986328 5.940310955047607 6.263956546783447 0.0 0.0 0.0 0.0 0.0 0.0 0.0 0.0 0.0 0.0 0.0 0.0 0.0 0.0 0.0 0.0 0.0 0.0 0.0
9.866178512573242 5.551212787628174 5.018503189086914 5.090471267700195 5.173166275024414 5.2851386070251465 5.281644344329834 5.30782413482666 5.355782985687256 5.457682132720947 5.605562210083008 5.721626281738281 5.871657848358154 6.2290472984313965 0.0 0.0 0.0 0.0 0.0 0.0 0.0 0.0 0.0 0.0 0.0 0.0 0.0 0.0 0.0 0.0 0.0 0.0
9.858534812927246 5.565240383148193 4.984755516052246 5.008861541748047 5.076934814453125 5.187516212463379 5.252357482910156 5.295455455780029 5.319368362426758 5.355892658233643 5.481324672698975 5.591517448425293 5.708179950714111 5.887845039367676 6.222317695617676 0.0 0.0 0.0 0.0 0.0 0.0 0.0 0.0 0.0 0.0 0.0 0.0 0.0 0.0 0.0 0.0 0.0
9.853536605834961 5.532380104064941 4.982622146606445 4.958519458770752 5.007342338562012 5.086421966552734 5.192564010620117 5.246148586273193 5.284038543701172 5.304286956787109 5.373962879180908 5.442385196685791 5.577417373657227 5.691384792327881 5.843653678894043 6.216034412384033 0.0 0.0 0.0 0.0 0.0 0.0 0.0 0.0 0.0 0.0 0.0 0.0 0.0 0.0 0.0 0.0
9.845511436462402 5.469063758850098 4.972618579864502 4.955429553985596 4.962094783782959 5.017638206481934 5.09244966506958 5.179376125335693 5.270452976226807 5.294689178466797 5.334713459014893 5.333994388580322 5.449853897094727 5.59706974029541 5.688523292541504 5.8888630867004395 6.217537879943848 0.0 0.0 0.0 0.0 0.0 0.0 0.0 0.0 0.0 0.0 0.0 0.0 0.0 0.0 0.0
9.838571548461914 5.403388977050781 4.941322326660156 4.972451210021973 4.981602191925049 4.990894794464111 5.0167436599731445 5.100773811340332 5.241002559661865 5.274437427520752 5.312832355499268 5.309605121612549 5.37106466293335 5.475581169128418 5.559526443481445 5.7146830558776855 5.839005947113037 6.2027411460876465 0.0 0.0 0.0 0.0 0.0 0.0 0.0 0.0 0.0 0.0 0.0 0.0 0.0 0.0
9.833163261413574 5.379027843475342 4.876190185546875 4.942297458648682 4.970445156097412 5.004067420959473 4.988220691680908 5.033891201019287 5.137031078338623 5.218653202056885 5.294488906860352 5.284041881561279 5.296563148498535 5.344743728637695 5.423859119415283 5.583350658416748 5.671347618103027 5.842933654785156 6.195428371429443 0.0 0.0 0.0 0.0 0.0 0.0 0.0 0.0 0.0 0.0 0.0 0.0 0.0
9.827683448791504 5.376132488250732 4.7871413230896 4.863875865936279 4.933163166046143 4.992520809173584 4.98214864730835 5.004456043243408 5.0625410079956055 5.142119407653809 5.230785369873047 5.270543575286865 5.293516159057617 5.283263683319092 5.32681941986084 5.468998432159424 5.548872947692871 5.660120964050293 5.831704616546631 6.177489757537842 0.0 0.0 0.0 0.0 0.0 0.0 0.0 0.0 0.0 0.0 0.0 0.0
9.823189735412598 5.387861251831055 4.785735607147217 4.814041614532471 4.8826799392700195 4.9524455070495605 4.976017951965332 5.008236885070801 5.037011623382568 5.054853439331055 5.14902400970459 5.200641632080078 5.2552385330200195 5.264379501342773 5.261953830718994 5.340878963470459 5.412871360778809 5.537123203277588 5.658153057098389 5.798253059387207 6.156843662261963 0.0 0.0 0.0 0.0 0.0 0.0 0.0 0.0 0.0 0.0 0.0
9.817811012268066 5.356407642364502 4.819056034088135 4.796021938323975 4.828127861022949 4.921658039093018 4.946054458618164 4.984959602355957 5.0125532150268555 4.991799354553223 5.049010276794434 5.1158952713012695 5.18325662612915 5.2402520179748535 5.2503743171691895 5.275069236755371 5.309162139892578 5.410313129425049 5.540587425231934 5.644979953765869 5.8043293952941895 6.158942699432373 0.0 0.0 0.0 0.0 0.0 0.0 0.0 0.0 0.0 0.0
9.811580657958984 5.301426410675049 4.8464179039001465 4.843225955963135 4.848315715789795 4.877286911010742 4.907327651977539 4.965723514556885 4.999600887298584 4.989803791046143 5.007310390472412 5.08414363861084 5.136512279510498 5.181339263916016 5.220623970031738 5.2452802658081055 5.246791362762451 5.291656970977783 5.398406505584717 5.53222131729126 5.618171691894531 5.787469863891602 6.167674541473389 0.0 0.0 0.0 0.0 0.0 0.0 0.0 0.0 0.0
9.807575225830078 5.228934288024902 4.813807964324951 4.844810962677002 4.86008882522583 4.8667168617248535 4.85136604309082 4.9034953117370605 4.961406707763672 4.988078594207764 5.010050296783447 5.023066520690918 5.049005031585693 5.128350734710693 5.173478126525879 5.231616497039795 5.211929798126221 5.232100963592529 5.294356822967529 5.392251014709473 5.5033979415893555 5.61074686050415 5.773421764373779 6.14897346496582 0.0 0.0 0.0 0.0 0.0 0.0 0.0 0.0
9.801911354064941 5.218059062957764 4.760047912597656 4.819685935974121 4.837617874145508 4.854406356811523 4.824004173278809 4.852787017822266 4.933134078979492 4.99684476852417 5.02802848815918 5.021877765655518 5.008920669555664 5.051247596740723 5.088553428649902 5.170364856719971 5.194934844970703 5.212636947631836 5.241778373718262 5.287089824676514 5.382045745849609 5.513142108917236 5.604367256164551 5.764543533325195 6.143490791320801 0.0 0.0 0.0 0.0 0.0 0.0 0.0
9.798238754272461 5.209028244018555 4.688461780548096 4.74562406539917 4.801289081573486 4.841709613800049 4.8245086669921875 4.830318450927734 4.878231048583984 4.935762882232666 5.003933906555176 5.014954566955566 5.017612934112549 5.000224590301514 5.028017997741699 5.091965675354004 5.153368949890137 5.192704200744629 5.215384483337402 5.227941036224365 5.283331871032715 5.379478454589844 5.492395401000977 5.600425720214844 5.757867336273193 6.10636043548584 0.0 0.0 0.0 0.0 0.0 0.0
9.79180908203125 5.237453460693359 4.65966272354126 4.690864086151123 4.741838455200195 4.813561916351318 4.828243255615234 4.834160804748535 4.84151029586792 4.8593573570251465 4.937939167022705 5.007630825042725 5.040002346038818 5.026307582855225 5.016863822937012 5.026294231414795 5.087669372558594 5.142350196838379 5.204215049743652 5.208996772766113 5.220635890960693 5.275323390960693 5.36809778213501 5.507469177246094 5.623958110809326 5.760402202606201 6.091889381408691 0.0 0.0 0.0 0.0 0.0
9.790179252624512 5.236527442932129 4.69786262512207 4.664661407470703 4.671681880950928 4.732583522796631 4.799506664276123 4.832330703735352 4.848766803741455 4.826540946960449 4.869848728179932 4.926874160766602 4.9974541664123535 5.033200263977051 5.01421594619751 4.99171781539917 4.999644756317139 5.05989408493042 5.148451328277588 5.174263000488281 5.182728290557861 5.20908784866333 5.249797344207764 5.354987144470215 5.473179340362549 5.573264122009277 5.7041015625 6.090917110443115 0.0 0.0 0.0 0.0
9.784427642822266 5.182373046875 4.722319602966309 4.670191287994385 4.651496887207031 4.682595252990723 4.754141330718994 4.820028781890869 4.845077991485596 4.841150760650635 4.853452205657959 4.872604846954346 4.953152656555176 5.0079026222229 5.010205268859863 5.006908893585205 4.991727352142334 4.991633892059326 5.07652473449707 5.131313323974609 5.171612739562988 5.199484825134277 5.197301864624023 5.250192165374756 5.367020130157471 5.4727654457092285 5.546908855438232 5.721470355987549 6.077682018280029 0.0 0.0 0.0
9.778173446655273 5.1103410720825195 4.7345991134643555 4.714827060699463 4.678589344024658 4.672680854797363 4.704145908355713 4.776217460632324 4.8350396156311035 4.858190059661865 4.865772724151611 4.868343353271484 4.902289867401123 4.948623180389404 4.994602203369141 5.019924640655518 4.9841179847717285 4.959705829620361 5.004988670349121 5.064733982086182 5.118768692016602 5.207339763641357 5.1997809410095215 5.21160364151001 5.2788615226745605 5.35413122177124 5.439495086669922 5.5552287101745605 5.695587158203125 6.084952354431152 0.0 0.0
9.775411605834961 5.055888652801514 4.655831813812256 4.704555511474609 4.695885181427002 4.680349826812744 4.670382022857666 4.705908298492432 4.7744927406311035 4.827836990356445 4.860650062561035 4.867123126983643 4.8624444007873535 4.880934238433838 4.940274238586426 5.018826961517334 5.028987884521484 4.974609851837158 4.9950270652771 4.98759651184082 5.040532112121582 5.128015518188477 5.180048942565918 5.199758052825928 5.210720062255859 5.234957695007324 5.308562755584717 5.442242622375488 5.518823146820068 5.683750629425049 6.073793411254883 0.0
9.769285202026367 5.127377033233643 4.595033168792725 4.6595659255981445 4.705523490905762 4.7691121101379395 4.748331069946289 4.736863613128662 4.763852119445801 4.797003746032715 4.868474006652832 4.891707897186279 4.877442359924316 4.884637355804443 4.902073383331299 4.971098899841309 4.988821983337402 4.9976887702941895 5.006320953369141 4.952322959899902 4.956080913543701 5.028861999511719 5.117201328277588 5.158503532409668 5.158715724945068 5.161496639251709 5.198243141174316 5.306368350982666 5.3978681564331055 5.515350341796875 5.674161434173584 6.08243465423584
