10.020692825317383 0.0 0.0 0.0 0.0 0.0 0.0 0.0 0.0 0.0 0.0 0.0 0.0 0.0 0.0 0.0 0.0 0.0 0.0 0.0 0.0 0.0 0.0 0.0 0.0 0.0 0.0 0.0 0.0 0.0 0.0 0.0
9.988943099975586 6.552520275115967 0.0 0.0 0.0 0.0 0.0 0.0 0.0 0.0 0.0 0.0 0.0 0.0 0.0 0.0 0.0 0.0 0.0 0.0 0.0 0.0 0.0 0.0 0.0 0.0 0.0 0.0 0.0 0.0 0.0 0.0
9.94277286529541 7.038235664367676 6.30076789855957 0.0 0.0 0.0 0.0 0.0 0.0 0.0 0.0 0.0 0.0 0.0 0.0 0.0 0.0 0.0 0.0 0.0 0.0 0.0 0.0 0.0 0.0 0.0 0.0 0.0 0.0 0.0 0.0 0.0
9.903356552124023 6.832559585571289 6.968299865722656 6.2140302658081055 0.0 0.0 0.0 0.0 0.0 0.0 0.0 0.0 0.0 0.0 0.0 0.0 0.0 0.0 0.0 0.0 0.0 0.0 0.0 0.0 0.0 0.0 0.0 0.0 0.0 0.0 0.0 0.0
9.87385082244873 6.513781547546387 6.776397705078125 6.96054744720459 6.145191669464111 0.0 0.0 0.0 0.0 0.0 0.0 0.0 0.0 0.0 0.0 0.0 0.0 0.0 0.0 0.0 0.0 0.0 0.0 0.0 0.0 0.0 0.0 0.0 0.0 0.0 0.0 0.0
9.861857414245605 6.056081771850586 6.376123428344727 6.712639808654785 6.9294328689575195 6.098981857299805 0.0 0.0 0.0 0.0 0.0 0.0 0.0 0.0 0.0 0.0 0.0 0.0 0.0 0.0 0.0 0.0 0.0 0.0 0.0 0.0 0.0 0.0 0.0 0.0 0.0 0.0
9.853090286254883 5.713984489440918 5.89024019241333 6.2841796875 6.704456806182861 6.9432573318481445 6.04030179977417 0.0 0.0 0.0 0.0 0.0 0.0 0.0 0.0 0.0 0.0 0.0 0.0 0.0 0.0 0.0 0.0 0.0 0.0 0.0 0.0 0.0 0.0 0.0 0.0 0.0
9.841715812683105 5.4481940269470215 5.5454277992248535 5.894381999969482 6.381974220275879 6.701180934906006 6.928152084350586 6.022520542144775 0.0 0.0 0.0 0.0 0.0 0.0 0.0 0.0 0.0 0.0 0.0 0.0 0.0 0.0 0.0 0.0 0.0 0.0 0.0 0.0 0.0 0.0 0.0 0.0
9.83498477935791 5.328188419342041 5.372567176818848 5.54927396774292 5.94299840927124 6.328330039978027 6.679845333099365 6.915342330932617 5.97274112701416 0.0 0.0 0.0 0.0 0.0 0.0 0.0 0.0 0.0 0.0 0.0 0.0 0.0 0.0 0.0 0.0 0.0 0.0 0.0 0.0 0.0 0.0 0.0
9.82547378540039 5.133192539215088 5.279932975769043 5.304863929748535 5.577266693115234 5.895839691162109 6.306525707244873 6.672867774963379 6.977440357208252 5.9609551429748535 0.0 0.0 0.0 0.0 0.0 0.0 0.0 0.0 0.0 0.0 0.0 0.0 0.0 0.0 0.0 0.0 0.0 0.0 0.0 0.0 0.0 0.0
9.82331657409668 4.843835353851318 5.070514678955078 5.186112403869629 5.310398101806641 5.560428619384766 5.878827095031738 6.292474746704102 6.704786777496338 6.911613464355469 5.964386463165283 0.0 0.0 0.0 0.0 0.0 0.0 0.0 0.0 0.0 0.0 0.0 0.0 0.0 0.0 0.0 0.0 0.0 0.0 0.0 0.0 0.0
9.825349807739258 4.617162704467773 4.8409295082092285 5.020603656768799 5.154632091522217 5.320202827453613 5.513081073760986 5.847201347351074 6.259478569030762 6.632254600524902 6.884354591369629 5.961230278015137 0.0 0.0 0.0 0.0 0.0 0.0 0.0 0.0 0.0 0.0 0.0 0.0 0.0 0.0 0.0 0.0 0.0 0.0 0.0 0.0
9.8233642578125 4.5102858543396 4.637890815734863 4.747411251068115 4.939531326293945 5.126009464263916 5.259981632232666 5.539246082305908 5.84117317199707 6.279064655303955 6.638949871063232 6.858502388000488 5.934182643890381 0.0 0.0 0.0 0.0 0.0 0.0 0.0 0.0 0.0 0.0 0.0 0.0 0.0 0.0 0.0 0.0 0.0 0.0 0.0
9.817269325256348 4.480746746063232 4.492475986480713 4.534098148345947 4.720099925994873 4.928691387176514 5.086108684539795 5.272144317626953 5.485555171966553 5.8301568031311035 6.276615142822266 6.6377410888671875 6.913851261138916 5.961806297302246 0.0 0.0 0.0 0.0 0.0 0.0 0.0 0.0 0.0 0.0 0.0 0.0 0.0 0.0 0.0 0.0 0.0 0.0
9.813666343688965 4.392373085021973 4.4616007804870605 4.4000067710876465 4.492202281951904 4.743468284606934 4.934100151062012 5.1368889808654785 5.282931804656982 5.520864486694336 5.8625969886779785 6.3076395988464355 6.650821685791016 6.861135005950928 5.9375224113464355 0.0 0.0 0.0 0.0 0.0 0.0 0.0 0.0 0.0 0.0 0.0 0.0 0.0 0.0 0.0 0.0 0.0
9.81209659576416 4.23014497756958 4.405014991760254 4.404255390167236 4.403400421142578 4.459857940673828 4.664261341094971 4.871278762817383 5.064184665679932 5.271721839904785 5.5373711585998535 5.851657867431641 6.240012168884277 6.629497528076172 6.914247512817383 5.933218479156494 0.0 0.0 0.0 0.0 0.0 0.0 0.0 0.0 0.0 0.0 0.0 0.0 0.0 0.0 0.0 0.0
9.816129684448242 3.9427404403686523 4.239727973937988 4.320005893707275 4.317174434661865 4.330787658691406 4.492364883422852 4.674571990966797 4.888164043426514 5.072796821594238 5.251437664031982 5.472628593444824 5.839570999145508 6.21845006942749 6.612594127655029 6.844740867614746 5.938021183013916 0.0 0.0 0.0 0.0 0.0 0.0 0.0 0.0 0.0 0.0 0.0 0.0 0.0 0.0 0.0
9.80821704864502 3.684624433517456 3.9927165508270264 4.16492223739624 4.298871994018555 4.283785343170166 4.296301364898682 4.417386054992676 4.644247055053711 4.887117385864258 5.137839317321777 5.242782115936279 5.463914394378662 5.803632736206055 6.265951633453369 6.600430011749268 6.9620585441589355 5.930597305297852 0.0 0.0 0.0 0.0 0.0 0.0 0.0 0.0 0.0 0.0 0.0 0.0 0.0 0.0
9.805242538452148 3.610725164413452 3.7944722175598145 3.9799256324768066 4.2717509269714355 4.257809162139893 4.2828049659729 4.319411754608154 4.497732639312744 4.868952751159668 5.0419158935546875 5.153580188751221 5.281778812408447 5.481064796447754 5.8565216064453125 6.249411582946777 6.662212371826172 6.858225345611572 5.893947601318359 0.0 0.0 0.0 0.0 0.0 0.0 0.0 0.0 0.0 0.0 0.0 0.0 0.0
9.805768966674805 3.6909046173095703 3.680966377258301 3.7190191745758057 3.9513156414031982 4.131765365600586 4.3489155769348145 4.265276908874512 4.303492546081543 4.648892879486084 4.800605773925781 4.9071431159973145 5.0299859046936035 5.20059871673584 5.488602638244629 5.819657802581787 6.350085735321045 6.60036563873291 6.867738246917725 5.89702033996582 0.0 0.0 0.0 0.0 0.0 0.0 0.0 0.0 0.0 0.0 0.0 0.0
9.809208869934082 3.8451054096221924 3.7477407455444336 3.6156349182128906 3.683058023452759 3.839317560195923 4.039671421051025 4.247379302978516 4.312173366546631 4.313407897949219 4.467889308929443 4.630389213562012 4.814023494720459 5.04188871383667 5.234144687652588 5.440062999725342 5.865386962890625 6.2302961349487305 6.597036838531494 6.877858638763428 5.900193214416504 0.0 0.0 0.0 0.0 0.0 0.0 0.0 0.0 0.0 0.0 0.0
9.804946899414062 3.890857696533203 3.853611707687378 3.6451432704925537 3.5909879207611084 3.6335935592651367 3.816469192504883 4.073235988616943 4.181147575378418 4.248767852783203 4.483043670654297 4.496232032775879 4.589907169342041 4.82935905456543 5.049559116363525 5.183683395385742 5.548100471496582 5.827548980712891 6.221713066101074 6.671210289001465 6.8544020652771 5.886754035949707 0.0 0.0 0.0 0.0 0.0 0.0 0.0 0.0 0.0 0.0
9.802629470825195 3.7665555477142334 3.936239004135132 3.8356614112854004 3.62689208984375 3.5773537158966064 3.645639181137085 3.901219606399536 4.087375164031982 4.2025580406188965 4.341066837310791 4.442282676696777 4.409673690795898 4.5931477546691895 4.89174222946167 5.009157657623291 5.4851603507995605 5.452053546905518 5.786869049072266 6.245209217071533 6.6107096672058105 6.850647926330566 5.906202793121338 0.0 0.0 0.0 0.0 0.0 0.0 0.0 0.0 0.0
9.807784080505371 3.558138370513916 3.7590699195861816 3.8870468139648438 3.7713611125946045 3.599757671356201 3.4836134910583496 3.565666913986206 3.782191038131714 4.046460151672363 4.190133571624756 4.267103672027588 4.234079837799072 4.3651628494262695 4.590707778930664 4.80780553817749 5.029694557189941 5.175444602966309 5.449115753173828 5.825103282928467 6.222369194030762 6.585606098175049 6.861576080322266 5.902596950531006 0.0 0.0 0.0 0.0 0.0 0.0 0.0 0.0
9.803391456604004 3.6559293270111084 3.562591552734375 3.778735637664795 3.9928219318389893 3.834541082382202 3.6984786987304688 3.568826913833618 3.6777093410491943 3.8701393604278564 4.039126396179199 4.191813945770264 4.210596084594727 4.26746129989624 4.47698450088501 4.585029602050781 4.818726539611816 4.956037521362305 5.181238174438477 5.4891886711120605 5.832406044006348 6.2291035652160645 6.606646537780762 6.856523036956787 5.884599208831787 0.0 0.0 0.0 0.0 0.0 0.0 0.0
9.803041458129883 3.467780828475952 3.419933557510376 3.543344736099243 3.7888095378875732 3.741321563720703 3.684630870819092 3.572072744369507 3.497609853744507 3.6313722133636475 3.7778143882751465 4.017381191253662 4.135227203369141 4.220249652862549 4.304510116577148 4.383370399475098 4.595567226409912 4.7628302574157715 5.001588344573975 5.249964237213135 5.456984519958496 5.814480304718018 6.2360124588012695 6.622096538543701 6.869077682495117 5.875609874725342 0.0 0.0 0.0 0.0 0.0 0.0
9.804871559143066 3.590656042098999 3.436896324157715 3.4028890132904053 3.5529844760894775 3.647552013397217 3.72987699508667 3.6732370853424072 3.5152428150177 3.5033459663391113 3.5777804851531982 3.7757527828216553 4.0241193771362305 4.151061058044434 4.259109020233154 4.230912208557129 4.383176326751709 4.530482769012451 4.7912492752075195 5.023848533630371 5.178501605987549 5.45013952255249 5.807438850402832 6.2553582191467285 6.596775054931641 6.830836772918701 5.892579555511475 0.0 0.0 0.0 0.0 0.0
9.79463005065918 3.6476128101348877 3.605726957321167 3.4129881858825684 3.406402349472046 3.411695957183838 3.5869593620300293 3.785283088684082 3.6821041107177734 3.522411823272705 3.448028802871704 3.5775558948516846 3.7679409980773926 4.008109092712402 4.2227911949157715 4.24038553237915 4.242535591125488 4.3900275230407715 4.621613025665283 4.818525791168213 5.007598876953125 5.188981056213379 5.4532151222229 5.835525989532471 6.262785911560059 6.596397399902344 6.9611358642578125 5.879096984863281 0.0 0.0 0.0 0.0
9.800647735595703 3.548563241958618 3.699437379837036 3.5301897525787354 3.392137050628662 3.2991654872894287 3.372523784637451 3.5819480419158936 3.691821575164795 3.632718086242676 3.504464626312256 3.4552114009857178 3.512524366378784 3.7708232402801514 4.016900062561035 4.168057918548584 4.190597057342529 4.22705078125 4.39895486831665 4.605693340301514 4.823591232299805 4.98510217666626 5.177500247955322 5.460920810699463 5.8451151847839355 6.232537269592285 6.62387752532959 6.8489813804626465 5.843301773071289 0.0 0.0 0.0
9.799609184265137 3.3962395191192627 3.6004068851470947 3.6030070781707764 3.4649906158447266 3.284708261489868 3.3045735359191895 3.386063575744629 3.5458123683929443 3.6132140159606934 3.5832297801971436 3.4619436264038086 3.4252560138702393 3.5443177223205566 3.7728445529937744 3.9821038246154785 4.135609149932861 4.199071884155273 4.284598350524902 4.50209903717041 4.600896835327148 4.796975612640381 4.997729778289795 5.200850486755371 5.482863426208496 5.833510875701904 6.291560649871826 6.590193748474121 6.831570625305176 5.845549583435059 0.0 0.0
9.798322677612305 3.317981243133545 3.429598331451416 3.554943084716797 3.56945538520813 3.403567314147949 3.253077507019043 3.2237799167633057 3.3347978591918945 3.4974026679992676 3.6612935066223145 3.659450054168701 3.4599623680114746 3.452590227127075 3.5943336486816406 3.7891550064086914 3.9649040699005127 4.124052047729492 4.197871208190918 4.309316635131836 4.35280179977417 4.566707134246826 4.776059150695801 5.024977207183838 5.212237358093262 5.469817638397217 5.916297912597656 6.249518871307373 6.575468063354492 6.850221157073975 5.844544410705566 0.0
9.799476623535156 3.38457989692688 3.3050365447998047 3.3661575317382812 3.488849639892578 3.5870234966278076 3.4274368286132812 3.2669270038604736 3.2283473014831543 3.318418025970459 3.5443122386932373 3.652376174926758 3.564547538757324 3.480203866958618 3.4994242191314697 3.5738155841827393 3.802516222000122 3.9238665103912354 4.121545791625977 4.241917133331299 4.21870756149292 4.331814765930176 4.521010398864746 4.8071088790893555 5.006404876708984 5.183131217956543 5.484614849090576 5.816614627838135 6.271742343902588 6.6015520095825195 6.819832801818848 5.842587947845459
