10.020692825317383 0.0 0.0 0.0 0.0 0.0 0.0 0.0 0.0 0.0 0.0 0.0 0.0 0.0 0.0 0.0 0.0 0.0 0.0 0.0 0.0 0.0 0.0 0.0 0.0 0.0 0.0 0.0 0.0 0.0 0.0 0.0
9.96607494354248 7.084607124328613 0.0 0.0 0.0 0.0 0.0 0.0 0.0 0.0 0.0 0.0 0.0 0.0 0.0 0.0 0.0 0.0 0.0 0.0 0.0 0.0 0.0 0.0 0.0 0.0 0.0 0.0 0.0 0.0 0.0 0.0
9.86618423461914 7.36705207824707 7.39959192276001 0.0 0.0 0.0 0.0 0.0 0.0 0.0 0.0 0.0 0.0 0.0 0.0 0.0 0.0 0.0 0.0 0.0 0.0 0.0 0.0 0.0 0.0 0.0 0.0 0.0 0.0 0.0 0.0 0.0
9.804723739624023 6.699135780334473 7.508901596069336 7.457061290740967 0.0 0.0 0.0 0.0 0.0 0.0 0.0 0.0 0.0 0.0 0.0 0.0 0.0 0.0 0.0 0.0 0.0 0.0 0.0 0.0 0.0 0.0 0.0 0.0 0.0 0.0 0.0 0.0
9.75823974609375 6.315780162811279 6.919134616851807 7.549511909484863 7.4543843269348145 0.0 0.0 0.0 0.0 0.0 0.0 0.0 0.0 0.0 0.0 0.0 0.0 0.0 0.0 0.0 0.0 0.0 0.0 0.0 0.0 0.0 0.0 0.0 0.0 0.0 0.0 0.0
9.726399421691895 6.113546371459961 6.445281982421875 6.983804225921631 7.550882339477539 7.421652793884277 0.0 0.0 0.0 0.0 0.0 0.0 0.0 0.0 0.0 0.0 0.0 0.0 0.0 0.0 0.0 0.0 0.0 0.0 0.0 0.0 0.0 0.0 0.0 0.0 0.0 0.0
9.686309814453125 5.983761310577393 6.214371204376221 6.583102226257324 7.058119297027588 7.566744327545166 7.426268577575684 0.0 0.0 0.0 0.0 0.0 0.0 0.0 0.0 0.0 0.0 0.0 0.0 0.0 0.0 0.0 0.0 0.0 0.0 0.0 0.0 0.0 0.0 0.0 0.0 0.0
9.670754432678223 5.700023651123047 6.045100688934326 6.334170341491699 6.590946674346924 7.032621383666992 7.53268575668335 7.396117687225342 0.0 0.0 0.0 0.0 0.0 0.0 0.0 0.0 0.0 0.0 0.0 0.0 0.0 0.0 0.0 0.0 0.0 0.0 0.0 0.0 0.0 0.0 0.0 0.0
9.658496856689453 5.498251914978027 5.879131317138672 6.141551971435547 6.316189289093018 6.551847457885742 6.978945732116699 7.520090579986572 7.376953125 0.0 0.0 0.0 0.0 0.0 0.0 0.0 0.0 0.0 0.0 0.0 0.0 0.0 0.0 0.0 0.0 0.0 0.0 0.0 0.0 0.0 0.0 0.0
9.63486385345459 5.341475963592529 5.736931324005127 6.072421550750732 6.133006572723389 6.283553123474121 6.54608154296875 6.982049465179443 7.530574798583984 7.388583660125732 0.0 0.0 0.0 0.0 0.0 0.0 0.0 0.0 0.0 0.0 0.0 0.0 0.0 0.0 0.0 0.0 0.0 0.0 0.0 0.0 0.0 0.0
9.6279296875 5.270915508270264 5.557380676269531 5.852082252502441 5.955127716064453 6.08970308303833 6.2572102546691895 6.5442657470703125 6.9785590171813965 7.510109901428223 7.355928421020508 0.0 0.0 0.0 0.0 0.0 0.0 0.0 0.0 0.0 0.0 0.0 0.0 0.0 0.0 0.0 0.0 0.0 0.0 0.0 0.0 0.0
9.611858367919922 5.241872787475586 5.443903923034668 5.704456329345703 5.808152675628662 5.968776702880859 6.0778727531433105 6.254385471343994 6.538837909698486 6.975149631500244 7.522056579589844 7.3417840003967285 0.0 0.0 0.0 0.0 0.0 0.0 0.0 0.0 0.0 0.0 0.0 0.0 0.0 0.0 0.0 0.0 0.0 0.0 0.0 0.0
9.593978881835938 5.2173380851745605 5.386782646179199 5.609771728515625 5.6559157371521 5.80718994140625 5.942070484161377 6.0851850509643555 6.324604511260986 6.539234638214111 7.022254943847656 7.510676860809326 7.317509651184082 0.0 0.0 0.0 0.0 0.0 0.0 0.0 0.0 0.0 0.0 0.0 0.0 0.0 0.0 0.0 0.0 0.0 0.0 0.0
9.597918510437012 5.027162075042725 5.3960161209106445 5.510746479034424 5.528888702392578 5.648897647857666 5.789468288421631 5.903727054595947 6.090956211090088 6.254391193389893 6.57181453704834 6.9636006355285645 7.464749336242676 7.268078804016113 0.0 0.0 0.0 0.0 0.0 0.0 0.0 0.0 0.0 0.0 0.0 0.0 0.0 0.0 0.0 0.0 0.0 0.0
9.587613105773926 4.801146030426025 5.303894996643066 5.481287479400635 5.463001251220703 5.540892601013184 5.6587138175964355 5.78295373916626 5.929994106292725 6.11354923248291 6.312777996063232 6.5494065284729 6.935008525848389 7.44792366027832 7.2636613845825195 0.0 0.0 0.0 0.0 0.0 0.0 0.0 0.0 0.0 0.0 0.0 0.0 0.0 0.0 0.0 0.0 0.0
9.5741605758667 4.624185562133789 5.174637317657471 5.414272308349609 5.442281246185303 5.451009273529053 5.550259113311768 5.665606498718262 5.883637428283691 5.9698076248168945 6.098140239715576 6.283474922180176 6.520758152008057 6.9405646324157715 7.435774803161621 7.285082817077637 0.0 0.0 0.0 0.0 0.0 0.0 0.0 0.0 0.0 0.0 0.0 0.0 0.0 0.0 0.0 0.0
9.566094398498535 4.5023512840271 5.041193008422852 5.33094596862793 5.398910045623779 5.4358696937561035 5.49732780456543 5.585179805755615 5.73459529876709 5.848859786987305 5.995319366455078 6.12694787979126 6.2445759773254395 6.536154270172119 6.919284343719482 7.4449849128723145 7.223466873168945 0.0 0.0 0.0 0.0 0.0 0.0 0.0 0.0 0.0 0.0 0.0 0.0 0.0 0.0 0.0
9.571651458740234 4.548949241638184 4.929794788360596 5.21168851852417 5.280838966369629 5.347014904022217 5.423745632171631 5.4734086990356445 5.573090553283691 5.7168498039245605 5.87632417678833 5.963953495025635 6.071993350982666 6.246902942657471 6.467467784881592 6.908328533172607 7.3946309089660645 7.1903977394104 0.0 0.0 0.0 0.0 0.0 0.0 0.0 0.0 0.0 0.0 0.0 0.0 0.0 0.0
9.565646171569824 4.640834331512451 4.880294322967529 5.129292011260986 5.15947961807251 5.2643046379089355 5.365753650665283 5.438373565673828 5.485624313354492 5.57956075668335 5.796367168426514 5.86328125 5.941629409790039 6.058902263641357 6.213145732879639 6.499390602111816 6.878467559814453 7.36458158493042 7.178121566772461 0.0 0.0 0.0 0.0 0.0 0.0 0.0 0.0 0.0 0.0 0.0 0.0 0.0
9.568245887756348 4.627427101135254 4.876183986663818 5.088606357574463 5.03160285949707 5.107187271118164 5.254137992858887 5.3638014793396 5.433053493499756 5.520917892456055 5.635020732879639 5.711607933044434 5.778216361999512 5.928053379058838 6.03462553024292 6.193300247192383 6.46108341217041 6.8621649742126465 7.346302032470703 7.145443916320801 0.0 0.0 0.0 0.0 0.0 0.0 0.0 0.0 0.0 0.0 0.0 0.0
9.557125091552734 4.509206295013428 4.9202494621276855 5.082867622375488 4.981173992156982 5.048146724700928 5.1576080322265625 5.302810192108154 5.438230514526367 5.473896026611328 5.60797643661499 5.603954315185547 5.667324542999268 5.794811725616455 5.90167236328125 6.04036808013916 6.183013916015625 6.482834815979004 6.853194236755371 7.328052043914795 7.146793842315674 0.0 0.0 0.0 0.0 0.0 0.0 0.0 0.0 0.0 0.0 0.0
9.5621337890625 4.257753372192383 4.902762413024902 5.062117576599121 4.989439964294434 4.9799933433532715 5.038448333740234 5.1518778800964355 5.271971225738525 5.372908115386963 5.496048450469971 5.508586883544922 5.554369926452637 5.684483528137207 5.778109073638916 5.888380527496338 5.998928546905518 6.195672512054443 6.442296028137207 6.821845531463623 7.3076910972595215 7.121169090270996 0.0 0.0 0.0 0.0 0.0 0.0 0.0 0.0 0.0 0.0
9.562483787536621 4.066498279571533 4.7726593017578125 5.050107955932617 4.9976487159729 4.9661545753479 4.986002445220947 5.026759624481201 5.156508445739746 5.275429725646973 5.407945156097412 5.472682952880859 5.477522373199463 5.548415660858154 5.671222686767578 5.739242076873779 5.860164642333984 5.975683212280273 6.150649070739746 6.426693439483643 6.813751697540283 7.285796642303467 7.117178440093994 0.0 0.0 0.0 0.0 0.0 0.0 0.0 0.0 0.0
9.546194076538086 4.063704490661621 4.660787582397461 4.946544170379639 4.9763970375061035 4.971227169036865 4.958293437957764 4.985540866851807 5.082446575164795 5.2362565994262695 5.379090309143066 5.414577484130859 5.451730251312256 5.527221202850342 5.570262908935547 5.6158576011657715 5.727871894836426 5.880101203918457 5.965622901916504 6.171308517456055 6.406612396240234 6.846939563751221 7.326118469238281 7.107184886932373 0.0 0.0 0.0 0.0 0.0 0.0 0.0 0.0
9.546135902404785 4.163707256317139 4.587138652801514 4.870559215545654 4.914856910705566 4.950942039489746 4.967408180236816 4.981189250946045 5.035426139831543 5.142411708831787 5.255014896392822 5.334982395172119 5.40462064743042 5.454209327697754 5.485288619995117 5.494140625 5.593636989593506 5.711124420166016 5.829864501953125 5.961607456207275 6.1258320808410645 6.4291582107543945 6.867391109466553 7.2857985496521 7.087283134460449 0.0 0.0 0.0 0.0 0.0 0.0 0.0
9.546819686889648 4.2758002281188965 4.562097072601318 4.7619781494140625 4.831103801727295 4.915347576141357 4.978541374206543 4.986998081207275 5.046933174133301 5.0329813957214355 5.177557945251465 5.21588659286499 5.302709102630615 5.4089274406433105 5.458469867706299 5.429748058319092 5.511655330657959 5.57410192489624 5.696342468261719 5.848989486694336 5.9413981437683105 6.14396858215332 6.431392669677734 6.781035900115967 7.260129928588867 7.077954292297363 0.0 0.0 0.0 0.0 0.0 0.0
9.541661262512207 4.236775875091553 4.600542068481445 4.789753437042236 4.770918369293213 4.823435306549072 4.913057327270508 5.008116245269775 5.138794422149658 5.031833648681641 5.071104049682617 5.126911163330078 5.235257148742676 5.395822525024414 5.454985618591309 5.40186071395874 5.438917636871338 5.492706775665283 5.635838508605957 5.6889495849609375 5.808962345123291 5.930096626281738 6.131908416748047 6.368458271026611 6.782405853271484 7.25178861618042 7.050603866577148 0.0 0.0 0.0 0.0 0.0
9.54834270477295 4.102583408355713 4.63835334777832 4.801307201385498 4.711775779724121 4.702919006347656 4.821399211883545 4.885948657989502 5.005796909332275 5.077335834503174 5.144651412963867 5.142813682556152 5.111977577209473 5.235279083251953 5.289403915405273 5.400606632232666 5.360228061676025 5.431467533111572 5.486065864562988 5.544505596160889 5.653751373291016 5.807651519775391 5.962419509887695 6.13778018951416 6.340967655181885 6.759454250335693 7.201556205749512 7.020993709564209 0.0 0.0 0.0 0.0
9.541518211364746 3.9692091941833496 4.569965362548828 4.762329578399658 4.734898090362549 4.694586753845215 4.764649391174316 4.826297283172607 4.9710235595703125 5.00399112701416 5.116369247436523 5.103121280670166 5.114291667938232 5.158243656158447 5.230576515197754 5.29774284362793 5.324296474456787 5.3868727684021 5.404829978942871 5.453309535980225 5.53934907913208 5.661517143249512 5.8132405281066895 5.933386325836182 6.100897312164307 6.360591888427734 6.751370429992676 7.225800037384033 7.014954090118408 0.0 0.0 0.0
9.540836334228516 3.9311044216156006 4.524576187133789 4.755131721496582 4.7149152755737305 4.68723201751709 4.709320068359375 4.778883934020996 4.876801013946533 4.999582290649414 5.130295753479004 5.136735916137695 5.08939266204834 5.038454532623291 5.110137462615967 5.246912956237793 5.265375137329102 5.344627857208252 5.374607086181641 5.383936405181885 5.430932521820068 5.553187847137451 5.7245378494262695 5.863626480102539 5.903966426849365 6.077624797821045 6.314752578735352 6.728415489196777 7.179628372192383 7.012254238128662 0.0 0.0
9.545980453491211 3.977177381515503 4.457592010498047 4.6772074699401855 4.66682767868042 4.69945764541626 4.724759578704834 4.764928340911865 4.796079158782959 4.886754989624023 5.015659809112549 5.108482360839844 5.058661937713623 5.056646823883057 5.110605239868164 5.108391284942627 5.1448845863342285 5.243841648101807 5.312632083892822 5.354262351989746 5.353665828704834 5.4240946769714355 5.53450870513916 5.6435699462890625 5.742164134979248 5.88900089263916 6.0306010246276855 6.321556568145752 6.7074294090271 7.179709434509277 6.994354724884033 0.0
9.540337562561035 4.039161682128906 4.4159955978393555 4.638206481933594 4.6138505935668945 4.655519008636475 4.714278221130371 4.829472064971924 5.01148796081543 4.854061603546143 5.013763904571533 5.065507411956787 5.080697059631348 5.106003761291504 5.1127705574035645 5.048460483551025 5.052191257476807 5.169262886047363 5.292173862457275 5.273867130279541 5.351710796356201 5.334300994873047 5.464076519012451 5.524612903594971 5.625890254974365 5.724189281463623 5.837067604064941 6.057265281677246 6.285505771636963 6.693243026733398 7.148505210876465 6.987454414367676
