10.020692825317383 0.0 0.0 0.0 0.0 0.0 0.0 0.0 0.0 0.0 0.0 0.0 0.0 0.0 0.0 0.0 0.0 0.0 0.0 0.0 0.0 0.0 0.0 0.0 0.0 0.0 0.0 0.0 0.0 0.0 0.0 0.0
9.933858871459961 7.532904148101807 0.0 0.0 0.0 0.0 0.0 0.0 0.0 0.0 0.0 0.0 0.0 0.0 0.0 0.0 0.0 0.0 0.0 0.0 0.0 0.0 0.0 0.0 0.0 0.0 0.0 0.0 0.0 0.0 0.0 0.0
9.988481521606445 6.005660057067871 5.723890781402588 0.0 0.0 0.0 0.0 0.0 0.0 0.0 0.0 0.0 0.0 0.0 0.0 0.0 0.0 0.0 0.0 0.0 0.0 0.0 0.0 0.0 0.0 0.0 0.0 0.0 0.0 0.0 0.0 0.0
9.991209030151367 5.524582386016846 5.208914279937744 5.391402244567871 0.0 0.0 0.0 0.0 0.0 0.0 0.0 0.0 0.0 0.0 0.0 0.0 0.0 0.0 0.0 0.0 0.0 0.0 0.0 0.0 0.0 0.0 0.0 0.0 0.0 0.0 0.0 0.0
9.988748550415039 5.277006149291992 4.980844497680664 5.061276912689209 5.341214656829834 0.0 0.0 0.0 0.0 0.0 0.0 0.0 0.0 0.0 0.0 0.0 0.0 0.0 0.0 0.0 0.0 0.0 0.0 0.0 0.0 0.0 0.0 0.0 0.0 0.0 0.0 0.0
9.985161781311035 5.068391799926758 4.783888816833496 4.824153900146484 5.068598747253418 5.416276454925537 0.0 0.0 0.0 0.0 0.0 0.0 0.0 0.0 0.0 0.0 0.0 0.0 0.0 0.0 0.0 0.0 0.0 0.0 0.0 0.0 0.0 0.0 0.0 0.0 0.0 0.0
9.982575416564941 4.929364204406738 4.633123397827148 4.719754695892334 4.8563690185546875 5.064567565917969 5.317996978759766 0.0 0.0 0.0 0.0 0.0 0.0 0.0 0.0 0.0 0.0 0.0 0.0 0.0 0.0 0.0 0.0 0.0 0.0 0.0 0.0 0.0 0.0 0.0 0.0 0.0
9.98039722442627 4.790940284729004 4.608338832855225 4.670312404632568 4.724379539489746 4.873904228210449 4.9455790519714355 5.196532249450684 0.0 0.0 0.0 0.0 0.0 0.0 0.0 0.0 0.0 0.0 0.0 0.0 0.0 0.0 0.0 0.0 0.0 0.0 0.0 0.0 0.0 0.0 0.0 0.0
9.98084545135498 4.652590751647949 4.413409233093262 4.33323335647583 4.464537143707275 4.675596714019775 4.711009979248047 4.960715293884277 5.146726131439209 0.0 0.0 0.0 0.0 0.0 0.0 0.0 0.0 0.0 0.0 0.0 0.0 0.0 0.0 0.0 0.0 0.0 0.0 0.0 0.0 0.0 0.0 0.0
9.982752799987793 4.591812610626221 4.24650764465332 4.190991401672363 4.282613277435303 4.437551498413086 4.483598709106445 4.622645378112793 4.793043613433838 4.9455389976501465 0.0 0.0 0.0 0.0 0.0 0.0 0.0 0.0 0.0 0.0 0.0 0.0 0.0 0.0 0.0 0.0 0.0 0.0 0.0 0.0 0.0 0.0
9.981693267822266 4.56814432144165 4.164852619171143 4.111199378967285 4.192490100860596 4.295465469360352 4.3567585945129395 4.491835594177246 4.575347900390625 4.675605297088623 4.899190425872803 0.0 0.0 0.0 0.0 0.0 0.0 0.0 0.0 0.0 0.0 0.0 0.0 0.0 0.0 0.0 0.0 0.0 0.0 0.0 0.0 0.0
9.981575965881348 4.392099857330322 3.9874980449676514 4.030007362365723 4.1154937744140625 4.1912336349487305 4.220419883728027 4.348942279815674 4.469255447387695 4.473747730255127 4.717743873596191 4.787519454956055 0.0 0.0 0.0 0.0 0.0 0.0 0.0 0.0 0.0 0.0 0.0 0.0 0.0 0.0 0.0 0.0 0.0 0.0 0.0 0.0
9.980341911315918 4.290529251098633 3.88603138923645 3.9666929244995117 4.051192283630371 4.130862236022949 4.13922643661499 4.214909553527832 4.352707386016846 4.332656383514404 4.6141533851623535 4.629685401916504 4.757744312286377 0.0 0.0 0.0 0.0 0.0 0.0 0.0 0.0 0.0 0.0 0.0 0.0 0.0 0.0 0.0 0.0 0.0 0.0 0.0
9.982471466064453 4.203996181488037 3.790126323699951 3.8543920516967773 3.9478442668914795 4.028595924377441 4.033254623413086 4.059998989105225 4.122707843780518 4.166244029998779 4.300048351287842 4.3735527992248535 4.4907050132751465 4.644320487976074 0.0 0.0 0.0 0.0 0.0 0.0 0.0 0.0 0.0 0.0 0.0 0.0 0.0 0.0 0.0 0.0 0.0 0.0
9.98189640045166 4.142136573791504 3.7707231044769287 3.792877197265625 3.872049331665039 3.9552433490753174 3.9699580669403076 3.9950122833251953 4.019923210144043 4.05954647064209 4.176501274108887 4.2143659591674805 4.312705039978027 4.422875881195068 4.64296817779541 0.0 0.0 0.0 0.0 0.0 0.0 0.0 0.0 0.0 0.0 0.0 0.0 0.0 0.0 0.0 0.0 0.0
9.981011390686035 4.115855693817139 3.6995363235473633 3.720081329345703 3.802412748336792 3.9176173210144043 3.8814914226531982 3.9186391830444336 3.9554169178009033 3.970506191253662 4.059017658233643 4.098051071166992 4.189268589019775 4.2870659828186035 4.470368385314941 4.609370231628418 0.0 0.0 0.0 0.0 0.0 0.0 0.0 0.0 0.0 0.0 0.0 0.0 0.0 0.0 0.0 0.0
9.979601860046387 4.040558815002441 3.6697192192077637 3.6994640827178955 3.780846118927002 3.866528034210205 3.8374104499816895 3.865790367126465 3.908535957336426 3.9327139854431152 4.067442417144775 3.996913194656372 4.080682277679443 4.155128002166748 4.3600921630859375 4.419948577880859 4.584567070007324 0.0 0.0 0.0 0.0 0.0 0.0 0.0 0.0 0.0 0.0 0.0 0.0 0.0 0.0 0.0
9.9796142578125 3.9724538326263428 3.6065750122070312 3.6733548641204834 3.7464401721954346 3.8132572174072266 3.7727372646331787 3.794018507003784 3.8114211559295654 3.8057098388671875 3.944136619567871 3.9130001068115234 3.968348264694214 4.04872989654541 4.247150421142578 4.230404376983643 4.36769962310791 4.5480055809021 0.0 0.0 0.0 0.0 0.0 0.0 0.0 0.0 0.0 0.0 0.0 0.0 0.0 0.0
9.977409362792969 3.909306049346924 3.567094326019287 3.660372734069824 3.7221813201904297 3.797654628753662 3.735692262649536 3.7463016510009766 3.755483388900757 3.7478456497192383 3.918886661529541 3.863213062286377 3.9001197814941406 3.946671724319458 4.164863109588623 4.201786041259766 4.348466873168945 4.429893493652344 4.568182468414307 0.0 0.0 0.0 0.0 0.0 0.0 0.0 0.0 0.0 0.0 0.0 0.0 0.0
9.976848602294922 3.871886730194092 3.528618097305298 3.619642734527588 3.6845591068267822 3.8306562900543213 3.7209112644195557 3.690965414047241 3.704960584640503 3.691807985305786 3.8171935081481934 3.8333077430725098 3.8248820304870605 3.831834316253662 4.0733113288879395 4.062897205352783 4.22221040725708 4.2689104080200195 4.37824010848999 4.535828113555908 0.0 0.0 0.0 0.0 0.0 0.0 0.0 0.0 0.0 0.0 0.0 0.0
9.977718353271484 3.8313992023468018 3.496042251586914 3.570932149887085 3.658082962036133 3.6985809803009033 3.6517720222473145 3.635371685028076 3.662628412246704 3.6384592056274414 3.7074813842773438 3.704777956008911 3.7427773475646973 3.7557051181793213 3.9120545387268066 3.9061079025268555 4.028136253356934 4.0763630867004395 4.219015598297119 4.318047046661377 4.516211986541748 0.0 0.0 0.0 0.0 0.0 0.0 0.0 0.0 0.0 0.0 0.0
9.975565910339355 3.816507339477539 3.464249610900879 3.5391805171966553 3.62168025970459 3.666159152984619 3.617827892303467 3.6221601963043213 3.6247546672821045 3.5798120498657227 3.6539347171783447 3.7120473384857178 3.681497812271118 3.6935393810272217 3.9112250804901123 3.8552443981170654 3.9848313331604004 4.072103023529053 4.256283760070801 4.214595317840576 4.327378749847412 4.507969379425049 0.0 0.0 0.0 0.0 0.0 0.0 0.0 0.0 0.0 0.0
9.973423957824707 3.8100459575653076 3.468825340270996 3.558053970336914 3.6442720890045166 3.6257026195526123 3.621640920639038 3.6122617721557617 3.638836145401001 3.571415424346924 3.64815354347229 3.948760747909546 3.635866403579712 3.6285016536712646 3.7830944061279297 3.7894647121429443 3.9329638481140137 3.9607691764831543 4.075493812561035 4.121167182922363 4.2111406326293945 4.373680114746094 4.5647430419921875 0.0 0.0 0.0 0.0 0.0 0.0 0.0 0.0 0.0
9.97365951538086 3.792602777481079 3.460700511932373 3.519657850265503 3.5676279067993164 3.5990655422210693 3.558880090713501 3.5487380027770996 3.5515522956848145 3.542238712310791 3.6258864402770996 3.730093479156494 3.6094565391540527 3.5898873805999756 3.7248244285583496 3.686201333999634 3.782482862472534 3.7934930324554443 3.9301013946533203 3.9853475093841553 4.082887172698975 4.19966459274292 4.4853997230529785 4.502244472503662 0.0 0.0 0.0 0.0 0.0 0.0 0.0 0.0
9.973038673400879 3.7707183361053467 3.4148452281951904 3.5069773197174072 3.5491080284118652 3.581575870513916 3.5457887649536133 3.5235493183135986 3.514977216720581 3.5268285274505615 3.595996141433716 3.5573670864105225 3.5470383167266846 3.553391218185425 3.66454815864563 3.6350300312042236 3.713036298751831 3.735725164413452 3.8394999504089355 3.9032325744628906 4.018943786621094 4.139890670776367 4.253387451171875 4.335407733917236 4.513213634490967 0.0 0.0 0.0 0.0 0.0 0.0 0.0
9.971400260925293 3.756561756134033 3.4096696376800537 3.4741876125335693 3.5353050231933594 3.5691206455230713 3.5193710327148438 3.4820971488952637 3.4874207973480225 3.4826855659484863 3.545797109603882 3.50339412689209 3.5214931964874268 3.5004584789276123 3.6712734699249268 3.581205368041992 3.6710431575775146 3.6901071071624756 3.794407367706299 3.837087869644165 3.893810749053955 4.032419681549072 4.226901054382324 4.302635192871094 4.350154399871826 4.5024003982543945 0.0 0.0 0.0 0.0 0.0 0.0
9.971527099609375 3.701111316680908 3.3675782680511475 3.4605374336242676 3.5142199993133545 3.5412683486938477 3.482974052429199 3.4684722423553467 3.465437412261963 3.4491302967071533 3.4948606491088867 3.491746664047241 3.48919415473938 3.4969749450683594 3.5494816303253174 3.531839609146118 3.5743234157562256 3.6025142669677734 3.7186732292175293 3.757012128829956 3.814047336578369 3.8960483074188232 4.01820182800293 4.109072685241699 4.259058952331543 4.332029819488525 4.482344150543213 0.0 0.0 0.0 0.0 0.0
9.9706392288208 3.6578309535980225 3.344740629196167 3.4319405555725098 3.5024073123931885 3.545344829559326 3.523872137069702 3.473045587539673 3.441164255142212 3.4431400299072266 3.4997572898864746 3.4605720043182373 3.4344098567962646 3.455399513244629 3.554379463195801 3.4823129177093506 3.505154848098755 3.560908555984497 3.6362125873565674 3.703324556350708 3.74424409866333 3.829115152359009 3.942606210708618 4.050602436065674 4.117810249328613 4.2018632888793945 4.288265705108643 4.452236175537109 0.0 0.0 0.0 0.0
9.97048282623291 3.610196113586426 3.326528310775757 3.416705846786499 3.491201400756836 3.514315128326416 3.4727556705474854 3.4461240768432617 3.420994758605957 3.379577875137329 3.410910129547119 3.4059715270996094 3.410729169845581 3.4012229442596436 3.4717917442321777 3.4536757469177246 3.48342227935791 3.4878742694854736 3.5704281330108643 3.6265060901641846 3.6814680099487305 3.741020679473877 3.8211607933044434 3.9063501358032227 4.046344757080078 4.100337505340576 4.178998947143555 4.255702018737793 4.458634853363037 0.0 0.0 0.0
9.969432830810547 3.582690715789795 3.3085148334503174 3.411602735519409 3.473341226577759 3.4834532737731934 3.4567949771881104 3.4165658950805664 3.4002578258514404 3.36195707321167 3.4077985286712646 3.3825271129608154 3.3611128330230713 3.370027780532837 3.4338011741638184 3.415133476257324 3.463742256164551 3.4615261554718018 3.525454521179199 3.581496000289917 3.635707139968872 3.6985199451446533 3.7753512859344482 3.8385090827941895 3.922222375869751 4.004515171051025 4.0831074714660645 4.15702486038208 4.283958435058594 4.467021942138672 0.0 0.0
9.968527793884277 3.545628547668457 3.3013482093811035 3.386992931365967 3.4529850482940674 3.4645938873291016 3.426913261413574 3.3941848278045654 3.3694703578948975 3.338416576385498 3.3673315048217773 3.3324692249298096 3.3073601722717285 3.3309268951416016 3.4122002124786377 3.3797428607940674 3.4479856491088867 3.439383029937744 3.506589889526367 3.517906904220581 3.5606040954589844 3.666227102279663 3.7575724124908447 3.7558724880218506 3.8520004749298096 3.919794797897339 3.988614559173584 4.08777379989624 4.1995015144348145 4.264917373657227 4.451552391052246 0.0
9.968745231628418 3.526784658432007 3.28826904296875 3.367645502090454 3.4369895458221436 3.482804775238037 3.4137380123138428 3.3618202209472656 3.3431665897369385 3.30891752243042 3.370269536972046 3.29813551902771 3.2809183597564697 3.25108003616333 3.346017599105835 3.3496508598327637 3.4063708782196045 3.3960065841674805 3.475306749343872 3.455230236053467 3.5044443607330322 3.553392171859741 3.620619773864746 3.6836774349212646 3.767592668533325 3.7903356552124023 3.8809988498687744 3.974395990371704 4.05806827545166 4.125622272491455 4.242525100708008 4.425520420074463
