10.020692825317383 0.0 0.0 0.0 0.0 0.0 0.0 0.0 0.0 0.0 0.0 0.0 0.0 0.0 0.0 0.0 0.0 0.0 0.0 0.0 0.0 0.0 0.0 0.0 0.0 0.0 0.0 0.0 0.0 0.0 0.0 0.0
10.001716613769531 6.042980670928955 0.0 0.0 0.0 0.0 0.0 0.0 0.0 0.0 0.0 0.0 0.0 0.0 0.0 0.0 0.0 0.0 0.0 0.0 0.0 0.0 0.0 0.0 0.0 0.0 0.0 0.0 0.0 0.0 0.0 0.0
9.982217788696289 6.3187971115112305 5.679340839385986 0.0 0.0 0.0 0.0 0.0 0.0 0.0 0.0 0.0 0.0 0.0 0.0 0.0 0.0 0.0 0.0 0.0 0.0 0.0 0.0 0.0 0.0 0.0 0.0 0.0 0.0 0.0 0.0 0.0
9.958877563476562 6.296323299407959 6.183537483215332 5.770263195037842 0.0 0.0 0.0 0.0 0.0 0.0 0.0 0.0 0.0 0.0 0.0 0.0 0.0 0.0 0.0 0.0 0.0 0.0 0.0 0.0 0.0 0.0 0.0 0.0 0.0 0.0 0.0 0.0
9.935138702392578 6.143130302429199 6.290888786315918 6.207282543182373 5.8389458656311035 0.0 0.0 0.0 0.0 0.0 0.0 0.0 0.0 0.0 0.0 0.0 0.0 0.0 0.0 0.0 0.0 0.0 0.0 0.0 0.0 0.0 0.0 0.0 0.0 0.0 0.0 0.0
9.913156509399414 6.057024002075195 6.2276291847229 6.303459644317627 6.171093463897705 5.816888332366943 0.0 0.0 0.0 0.0 0.0 0.0 0.0 0.0 0.0 0.0 0.0 0.0 0.0 0.0 0.0 0.0 0.0 0.0 0.0 0.0 0.0 0.0 0.0 0.0 0.0 0.0
9.890748977661133 5.975508213043213 6.112707614898682 6.260390281677246 6.301279544830322 6.188289165496826 5.835448265075684 0.0 0.0 0.0 0.0 0.0 0.0 0.0 0.0 0.0 0.0 0.0 0.0 0.0 0.0 0.0 0.0 0.0 0.0 0.0 0.0 0.0 0.0 0.0 0.0 0.0
9.877165794372559 5.926863670349121 5.982807159423828 6.116497993469238 6.204990863800049 6.218191623687744 6.1278815269470215 5.79994010925293 0.0 0.0 0.0 0.0 0.0 0.0 0.0 0.0 0.0 0.0 0.0 0.0 0.0 0.0 0.0 0.0 0.0 0.0 0.0 0.0 0.0 0.0 0.0 0.0
9.862932205200195 5.893585681915283 5.9202070236206055 5.999776840209961 6.0736308097839355 6.146258354187012 6.170759677886963 6.089795112609863 5.790833473205566 0.0 0.0 0.0 0.0 0.0 0.0 0.0 0.0 0.0 0.0 0.0 0.0 0.0 0.0 0.0 0.0 0.0 0.0 0.0 0.0 0.0 0.0 0.0
9.845977783203125 5.812436103820801 5.888627052307129 5.9312944412231445 5.97036600112915 6.024532318115234 6.122682094573975 6.170169830322266 6.123470306396484 5.837151527404785 0.0 0.0 0.0 0.0 0.0 0.0 0.0 0.0 0.0 0.0 0.0 0.0 0.0 0.0 0.0 0.0 0.0 0.0 0.0 0.0 0.0 0.0
9.834217071533203 5.755431175231934 5.831428527832031 5.899819850921631 5.885532379150391 5.9189863204956055 6.000887393951416 6.097348213195801 6.128127574920654 6.086524486541748 5.80526065826416 0.0 0.0 0.0 0.0 0.0 0.0 0.0 0.0 0.0 0.0 0.0 0.0 0.0 0.0 0.0 0.0 0.0 0.0 0.0 0.0 0.0
9.81906509399414 5.71468448638916 5.776238918304443 5.900068283081055 5.863778114318848 5.847137451171875 5.886763095855713 6.000837802886963 6.093170642852783 6.096229076385498 6.0890727043151855 5.807834625244141 0.0 0.0 0.0 0.0 0.0 0.0 0.0 0.0 0.0 0.0 0.0 0.0 0.0 0.0 0.0 0.0 0.0 0.0 0.0 0.0
9.801234245300293 5.7076640129089355 5.708410739898682 5.831015586853027 5.845846652984619 5.8209662437438965 5.8456573486328125 5.907444953918457 6.027889251708984 6.089306831359863 6.121247291564941 6.126426696777344 5.802186965942383 0.0 0.0 0.0 0.0 0.0 0.0 0.0 0.0 0.0 0.0 0.0 0.0 0.0 0.0 0.0 0.0 0.0 0.0 0.0
9.787089347839355 5.645822048187256 5.634415149688721 5.758068084716797 5.7741899490356445 5.7939300537109375 5.830611228942871 5.84120512008667 5.933741569519043 5.98783016204834 6.141536235809326 6.1426310539245605 6.070893287658691 5.831003665924072 0.0 0.0 0.0 0.0 0.0 0.0 0.0 0.0 0.0 0.0 0.0 0.0 0.0 0.0 0.0 0.0 0.0 0.0
9.777190208435059 5.608513355255127 5.58589506149292 5.690138816833496 5.684781074523926 5.7284064292907715 5.781105995178223 5.796132564544678 5.833841800689697 5.8730854988098145 6.072176456451416 6.099761486053467 6.092150688171387 6.072305679321289 5.793528079986572 0.0 0.0 0.0 0.0 0.0 0.0 0.0 0.0 0.0 0.0 0.0 0.0 0.0 0.0 0.0 0.0 0.0
9.770111083984375 5.550231456756592 5.5715131759643555 5.641965866088867 5.629368782043457 5.655820846557617 5.7459821701049805 5.7638092041015625 5.787813663482666 5.790088653564453 5.880686283111572 5.984805107116699 6.034297943115234 6.071493148803711 6.026487350463867 5.781845569610596 0.0 0.0 0.0 0.0 0.0 0.0 0.0 0.0 0.0 0.0 0.0 0.0 0.0 0.0 0.0 0.0
9.760172843933105 5.530838489532471 5.528188228607178 5.613779067993164 5.617936134338379 5.603878021240234 5.664801597595215 5.712820529937744 5.770276069641113 5.785603046417236 5.819858074188232 5.857950687408447 5.932385444641113 6.013917922973633 6.013430118560791 6.011439323425293 5.761834621429443 0.0 0.0 0.0 0.0 0.0 0.0 0.0 0.0 0.0 0.0 0.0 0.0 0.0 0.0 0.0
9.742037773132324 5.464917182922363 5.455957889556885 5.573704719543457 5.589356422424316 5.5567545890808105 5.601566791534424 5.685481548309326 5.817126750946045 5.76334285736084 5.804851531982422 5.816624641418457 5.870856285095215 6.018779754638672 6.0261101722717285 6.030423641204834 6.0154314041137695 5.797664165496826 0.0 0.0 0.0 0.0 0.0 0.0 0.0 0.0 0.0 0.0 0.0 0.0 0.0 0.0
9.730057716369629 5.454904079437256 5.407369613647461 5.5705790519714355 5.583056449890137 5.567564964294434 5.613095760345459 5.638031959533691 5.736508846282959 5.720577716827393 5.799166202545166 5.804654598236084 5.788193702697754 5.8673200607299805 5.923643589019775 6.021407127380371 6.034911155700684 5.989205837249756 5.783579349517822 0.0 0.0 0.0 0.0 0.0 0.0 0.0 0.0 0.0 0.0 0.0 0.0 0.0
9.715787887573242 5.443380832672119 5.382566928863525 5.511136054992676 5.5365118980407715 5.570828437805176 5.557641983032227 5.6009087562561035 5.627239227294922 5.677316665649414 5.747696399688721 5.795051097869873 5.762998104095459 5.812780857086182 5.863241672515869 5.921443462371826 5.986298561096191 6.001625061035156 6.152256965637207 5.772889137268066 0.0 0.0 0.0 0.0 0.0 0.0 0.0 0.0 0.0 0.0 0.0 0.0
9.713436126708984 5.4482245445251465 5.396921157836914 5.492347240447998 5.498165607452393 5.49943208694458 5.576533317565918 5.555912017822266 5.594958305358887 5.6313652992248535 5.700782775878906 5.720226764678955 5.736763000488281 5.744163513183594 5.748652935028076 5.829229354858398 5.8984785079956055 5.948115825653076 5.963341236114502 5.961441516876221 5.720284461975098 0.0 0.0 0.0 0.0 0.0 0.0 0.0 0.0 0.0 0.0 0.0
9.705448150634766 5.385407447814941 5.404361248016357 5.498696804046631 5.4400129318237305 5.4503374099731445 5.502785682678223 5.548741340637207 5.568678379058838 5.56613826751709 5.624398708343506 5.6869916915893555 5.693324089050293 5.731448650360107 5.71985387802124 5.768435478210449 5.787222385406494 5.869619846343994 5.9382147789001465 5.9382500648498535 5.942023754119873 5.712032794952393 0.0 0.0 0.0 0.0 0.0 0.0 0.0 0.0 0.0 0.0
9.696545600891113 5.356895923614502 5.395668029785156 5.565363883972168 5.463405609130859 5.439836025238037 5.4328999519348145 5.49933385848999 5.539299488067627 5.549156188964844 5.605925559997559 5.649322032928467 5.666378974914551 5.712163925170898 5.7145256996154785 5.704788684844971 5.69914436340332 5.757484436035156 5.854281425476074 5.8734354972839355 5.901412010192871 5.907596588134766 5.689669609069824 0.0 0.0 0.0 0.0 0.0 0.0 0.0 0.0 0.0
9.6875638961792 5.300548553466797 5.331897258758545 5.4919304847717285 5.4514031410217285 5.43992805480957 5.422850608825684 5.4658942222595215 5.51003360748291 5.543294906616211 5.604737758636475 5.610642910003662 5.591262340545654 5.674674987792969 5.672183036804199 5.684908390045166 5.667468070983887 5.684670448303223 5.743682861328125 5.823290824890137 5.8739471435546875 5.897221088409424 5.903157711029053 5.712013244628906 0.0 0.0 0.0 0.0 0.0 0.0 0.0 0.0
9.679741859436035 5.35081148147583 5.250954627990723 5.428391933441162 5.457496166229248 5.459421157836914 5.430866718292236 5.438815116882324 5.474545001983643 5.514572620391846 5.566192626953125 5.589570045471191 5.549978256225586 5.615489482879639 5.605318069458008 5.640921115875244 5.639505863189697 5.622256755828857 5.668663024902344 5.710768222808838 5.795390605926514 5.862913608551025 5.876827239990234 5.898529052734375 5.72895622253418 0.0 0.0 0.0 0.0 0.0 0.0 0.0
9.675629615783691 5.349635601043701 5.196578025817871 5.318976402282715 5.397846698760986 5.415783405303955 5.427152633666992 5.40596866607666 5.430688381195068 5.453598976135254 5.511893272399902 5.5464887619018555 5.540797233581543 5.548017978668213 5.556519508361816 5.58439826965332 5.613748550415039 5.617993354797363 5.642824649810791 5.6463799476623535 5.697424411773682 5.776510715484619 5.848320007324219 5.8632097244262695 5.877905368804932 5.696676731109619 0.0 0.0 0.0 0.0 0.0 0.0
9.662961959838867 5.291949272155762 5.181689739227295 5.27768087387085 5.347133159637451 5.380230903625488 5.44720458984375 5.41254186630249 5.44209098815918 5.432039737701416 5.499477863311768 5.512441635131836 5.523208141326904 5.537614345550537 5.542201995849609 5.553109645843506 5.597854137420654 5.613855838775635 5.633464813232422 5.614291191101074 5.625767230987549 5.680258750915527 5.776306629180908 5.848247051239014 5.8996262550354 5.887063026428223 5.691052436828613 0.0 0.0 0.0 0.0 0.0
9.650020599365234 5.2552571296691895 5.188089370727539 5.257184028625488 5.258901119232178 5.287832736968994 5.365684509277344 5.393565654754639 5.427133083343506 5.408782005310059 5.437591075897217 5.49086856842041 5.501429557800293 5.541513919830322 5.57889986038208 5.526104927062988 5.531596660614014 5.59660005569458 5.692033290863037 5.607649803161621 5.67824125289917 5.651152610778809 5.750977993011475 5.822007656097412 5.846614360809326 5.864014625549316 5.862694263458252 5.676328182220459 0.0 0.0 0.0 0.0
9.648797988891602 5.240128040313721 5.198215961456299 5.256089210510254 5.249486446380615 5.245669364929199 5.308416366577148 5.342466831207275 5.407034873962402 5.419557571411133 5.459107398986816 5.4637579917907715 5.46714448928833 5.4919753074646 5.522012233734131 5.51908016204834 5.478846549987793 5.519937038421631 5.575030326843262 5.569704532623291 5.620972156524658 5.582141876220703 5.6162333488464355 5.6612396240234375 5.765231609344482 5.834440231323242 5.83660888671875 5.840887069702148 5.667823314666748 0.0 0.0 0.0
9.63969898223877 5.186694622039795 5.1395978927612305 5.264390468597412 5.268451690673828 5.226672649383545 5.250046730041504 5.303293704986572 5.37937068939209 5.41066837310791 5.462749481201172 5.5114593505859375 5.453537940979004 5.488276481628418 5.493648052215576 5.513908386230469 5.480640411376953 5.47414493560791 5.535419464111328 5.542161464691162 5.550079345703125 5.562422275543213 5.5634331703186035 5.613361835479736 5.6801276206970215 5.762445449829102 5.792259216308594 5.8267717361450195 5.8309326171875 5.6539387702941895 0.0 0.0
9.633864402770996 5.163825035095215 5.074747562408447 5.226593494415283 5.228286266326904 5.216630935668945 5.225408554077148 5.264774322509766 5.3270368576049805 5.365998268127441 5.418233394622803 5.474940776824951 5.418840408325195 5.453219890594482 5.456636428833008 5.460745811462402 5.451107978820801 5.450534343719482 5.531142234802246 5.490198612213135 5.523563385009766 5.551664352416992 5.58103084564209 5.611616134643555 5.550167560577393 5.630077838897705 5.709654808044434 5.783555507659912 5.8556036949157715 5.848491668701172 5.668405055999756 0.0
9.626411437988281 5.222167015075684 5.03837251663208 5.153011322021484 5.2012200355529785 5.253222465515137 5.24558687210083 5.237766265869141 5.28230094909668 5.332731246948242 5.414097309112549 5.458138942718506 5.442836761474609 5.457255840301514 5.429102897644043 5.4424662590026855 5.450313091278076 5.436626434326172 5.540230751037598 5.453843593597412 5.4785027503967285 5.480700492858887 5.537890434265137 5.5692572593688965 5.5118408203125 5.536505699157715 5.616889476776123 5.7127766609191895 5.805766582489014 5.778078556060791 5.819147109985352 5.65424108505249
