10.020692825317383 0.0 0.0 0.0 0.0 0.0 0.0 0.0 0.0 0.0 0.0 0.0 0.0 0.0 0.0 0.0 0.0 0.0 0.0 0.0 0.0 0.0 0.0 0.0 0.0 0.0 0.0 0.0 0.0 0.0 0.0 0.0
9.961400985717773 7.164643287658691 0.0 0.0 0.0 0.0 0.0 0.0 0.0 0.0 0.0 0.0 0.0 0.0 0.0 0.0 0.0 0.0 0.0 0.0 0.0 0.0 0.0 0.0 0.0 0.0 0.0 0.0 0.0 0.0 0.0 0.0
9.957426071166992 6.556614875793457 6.512849807739258 0.0 0.0 0.0 0.0 0.0 0.0 0.0 0.0 0.0 0.0 0.0 0.0 0.0 0.0 0.0 0.0 0.0 0.0 0.0 0.0 0.0 0.0 0.0 0.0 0.0 0.0 0.0 0.0 0.0
9.946015357971191 6.040861129760742 6.364434719085693 6.424803733825684 0.0 0.0 0.0 0.0 0.0 0.0 0.0 0.0 0.0 0.0 0.0 0.0 0.0 0.0 0.0 0.0 0.0 0.0 0.0 0.0 0.0 0.0 0.0 0.0 0.0 0.0 0.0 0.0
9.932273864746094 5.701842308044434 5.929420471191406 6.368133068084717 6.470344543457031 0.0 0.0 0.0 0.0 0.0 0.0 0.0 0.0 0.0 0.0 0.0 0.0 0.0 0.0 0.0 0.0 0.0 0.0 0.0 0.0 0.0 0.0 0.0 0.0 0.0 0.0 0.0
9.917789459228516 5.553939342498779 5.685509204864502 5.93236780166626 6.438944339752197 6.4697346687316895 0.0 0.0 0.0 0.0 0.0 0.0 0.0 0.0 0.0 0.0 0.0 0.0 0.0 0.0 0.0 0.0 0.0 0.0 0.0 0.0 0.0 0.0 0.0 0.0 0.0 0.0
9.910608291625977 5.397364139556885 5.376188278198242 5.585254192352295 5.989854335784912 6.435091495513916 6.431193828582764 0.0 0.0 0.0 0.0 0.0 0.0 0.0 0.0 0.0 0.0 0.0 0.0 0.0 0.0 0.0 0.0 0.0 0.0 0.0 0.0 0.0 0.0 0.0 0.0 0.0
9.90428638458252 5.274907112121582 5.213278293609619 5.366466999053955 5.788361549377441 6.018554210662842 6.348628044128418 6.350142955780029 0.0 0.0 0.0 0.0 0.0 0.0 0.0 0.0 0.0 0.0 0.0 0.0 0.0 0.0 0.0 0.0 0.0 0.0 0.0 0.0 0.0 0.0 0.0 0.0
9.8983154296875 5.185662746429443 5.047839641571045 5.154838562011719 5.398631572723389 5.655803680419922 5.959225177764893 6.330557346343994 6.44828462600708 0.0 0.0 0.0 0.0 0.0 0.0 0.0 0.0 0.0 0.0 0.0 0.0 0.0 0.0 0.0 0.0 0.0 0.0 0.0 0.0 0.0 0.0 0.0
9.901113510131836 5.062340259552002 4.902004241943359 4.971301555633545 5.12916374206543 5.345832347869873 5.5891571044921875 5.891872406005859 6.299404621124268 6.31235408782959 0.0 0.0 0.0 0.0 0.0 0.0 0.0 0.0 0.0 0.0 0.0 0.0 0.0 0.0 0.0 0.0 0.0 0.0 0.0 0.0 0.0 0.0
9.898625373840332 4.802138328552246 4.746214866638184 4.906266212463379 5.031881332397461 5.14448881149292 5.341057300567627 5.582884311676025 5.891184329986572 6.2287092208862305 6.311413764953613 0.0 0.0 0.0 0.0 0.0 0.0 0.0 0.0 0.0 0.0 0.0 0.0 0.0 0.0 0.0 0.0 0.0 0.0 0.0 0.0 0.0
9.89102840423584 4.632652759552002 4.570647239685059 4.7867231369018555 4.9286322593688965 4.999888896942139 5.152556896209717 5.353065013885498 5.621723175048828 5.904306888580322 6.278434753417969 6.35727596282959 0.0 0.0 0.0 0.0 0.0 0.0 0.0 0.0 0.0 0.0 0.0 0.0 0.0 0.0 0.0 0.0 0.0 0.0 0.0 0.0
9.888114929199219 4.513657569885254 4.425998687744141 4.676761627197266 4.819363117218018 4.889554500579834 5.020370960235596 5.115479469299316 5.404489517211914 5.578603267669678 5.928454399108887 6.273497104644775 6.311577320098877 0.0 0.0 0.0 0.0 0.0 0.0 0.0 0.0 0.0 0.0 0.0 0.0 0.0 0.0 0.0 0.0 0.0 0.0 0.0
9.88239860534668 4.504471302032471 4.311868667602539 4.475125312805176 4.605225563049316 4.74066162109375 4.88308048248291 4.9816365242004395 5.187223434448242 5.378124237060547 5.763611793518066 5.901430130004883 6.257208347320557 6.341686725616455 0.0 0.0 0.0 0.0 0.0 0.0 0.0 0.0 0.0 0.0 0.0 0.0 0.0 0.0 0.0 0.0 0.0 0.0
9.87797737121582 4.511117458343506 4.294317722320557 4.4123921394348145 4.506409168243408 4.610394477844238 4.734978199005127 4.875217437744141 5.035828590393066 5.160487174987793 5.379889488220215 5.656687259674072 5.919867515563965 6.295316219329834 6.351590633392334 0.0 0.0 0.0 0.0 0.0 0.0 0.0 0.0 0.0 0.0 0.0 0.0 0.0 0.0 0.0 0.0 0.0
9.875062942504883 4.589862823486328 4.242730140686035 4.352104663848877 4.42917013168335 4.500766277313232 4.595634937286377 4.747585296630859 4.952141284942627 5.019114017486572 5.136858940124512 5.352954387664795 5.57712984085083 5.893738746643066 6.284611225128174 6.376652717590332 0.0 0.0 0.0 0.0 0.0 0.0 0.0 0.0 0.0 0.0 0.0 0.0 0.0 0.0 0.0 0.0
9.872919082641602 4.422355651855469 4.197047233581543 4.297093868255615 4.400793552398682 4.461398601531982 4.497300624847412 4.621011257171631 4.822109699249268 4.888240814208984 5.0252485275268555 5.125851154327393 5.333334445953369 5.584168910980225 5.8871636390686035 6.280135631561279 6.353335380554199 0.0 0.0 0.0 0.0 0.0 0.0 0.0 0.0 0.0 0.0 0.0 0.0 0.0 0.0 0.0
9.870929718017578 4.391818523406982 4.146311283111572 4.262092113494873 4.333793640136719 4.403616428375244 4.406247138977051 4.476897239685059 4.566342830657959 4.705735683441162 4.855925559997559 4.9717116355896 5.116403102874756 5.303699016571045 5.593491554260254 5.922340393066406 6.281648635864258 6.353998184204102 0.0 0.0 0.0 0.0 0.0 0.0 0.0 0.0 0.0 0.0 0.0 0.0 0.0 0.0
9.86410140991211 4.42088508605957 4.087462902069092 4.204158782958984 4.2553558349609375 4.432075023651123 4.4077324867248535 4.381894111633301 4.454135894775391 4.569857597351074 4.774203300476074 4.891446590423584 4.962063789367676 5.109053134918213 5.317558765411377 5.643561363220215 5.981506824493408 6.281521797180176 6.377671241760254 0.0 0.0 0.0 0.0 0.0 0.0 0.0 0.0 0.0 0.0 0.0 0.0 0.0
9.861719131469727 4.4327239990234375 4.063082695007324 4.158482551574707 4.207103729248047 4.365156173706055 4.35312557220459 4.336810111999512 4.464546203613281 4.562473773956299 4.616976261138916 4.729521751403809 4.82149600982666 4.961263179779053 5.097903251647949 5.3121161460876465 5.586287021636963 5.922847747802734 6.325943470001221 6.372072219848633 0.0 0.0 0.0 0.0 0.0 0.0 0.0 0.0 0.0 0.0 0.0 0.0
9.862543106079102 4.380335807800293 4.076366901397705 4.117053031921387 4.167281150817871 4.236104965209961 4.234978199005127 4.306285381317139 4.331462383270264 4.333212852478027 4.47899866104126 4.55282735824585 4.647889614105225 4.776633262634277 4.933819770812988 5.090423107147217 5.309260845184326 5.573671340942383 5.920540809631348 6.293760776519775 6.380317687988281 0.0 0.0 0.0 0.0 0.0 0.0 0.0 0.0 0.0 0.0 0.0
9.853668212890625 4.327945232391357 4.06417179107666 4.121286392211914 4.150609970092773 4.201461315155029 4.22624397277832 4.290703773498535 4.3224921226501465 4.329187870025635 4.434157371520996 4.453493118286133 4.509397506713867 4.673264026641846 4.85361909866333 4.974183559417725 5.2195329666137695 5.3315911293029785 5.637577056884766 5.96208381652832 6.329951763153076 6.389110088348389 0.0 0.0 0.0 0.0 0.0 0.0 0.0 0.0 0.0 0.0
9.849776268005371 4.195868492126465 4.022708892822266 4.1276044845581055 4.141079425811768 4.143865585327148 4.13839864730835 4.238408088684082 4.32661247253418 4.296053886413574 4.575672149658203 4.433810234069824 4.343864440917969 4.5454421043396 4.724315643310547 4.8468756675720215 4.97462272644043 5.091214656829834 5.338002681732178 5.588238716125488 5.97136926651001 6.3592119216918945 6.422583103179932 0.0 0.0 0.0 0.0 0.0 0.0 0.0 0.0 0.0
9.849508285522461 4.152001857757568 3.9527511596679688 4.035323143005371 4.1423258781433105 4.172977924346924 4.110813140869141 4.167500972747803 4.264829158782959 4.363150596618652 4.489495277404785 4.296215057373047 4.3317365646362305 4.435319900512695 4.523861885070801 4.669693946838379 4.8012375831604 4.905612945556641 5.069995403289795 5.296117305755615 5.60501766204834 5.956357479095459 6.366764545440674 6.405889511108398 0.0 0.0 0.0 0.0 0.0 0.0 0.0 0.0
9.847553253173828 4.1945061683654785 3.8741543292999268 4.054584503173828 4.121583938598633 4.1369147300720215 4.151352405548096 4.147601127624512 4.304930210113525 4.226291656494141 4.358503341674805 4.327412128448486 4.264272212982178 4.351110935211182 4.3933234214782715 4.532214164733887 4.647397994995117 4.783807277679443 4.951938629150391 5.0898637771606445 5.300787448883057 5.637932777404785 5.94118070602417 6.332136631011963 6.400504112243652 0.0 0.0 0.0 0.0 0.0 0.0 0.0
9.844612121582031 4.098823547363281 3.8196568489074707 3.930900812149048 4.042346477508545 4.118517875671387 4.116252422332764 4.0949625968933105 4.219330787658691 4.152069568634033 4.216182231903076 4.247813701629639 4.24364709854126 4.254823684692383 4.370204448699951 4.390069484710693 4.494479179382324 4.653152942657471 4.878360271453857 4.97469425201416 5.123762130737305 5.346861362457275 5.652042865753174 5.959624767303467 6.314990997314453 6.417151927947998 0.0 0.0 0.0 0.0 0.0 0.0
9.84560775756836 4.07065486907959 3.806236743927002 3.874337911605835 3.9608190059661865 4.013401985168457 4.003551006317139 4.080751419067383 4.165450096130371 4.088939666748047 4.275008201599121 4.150967597961426 4.186164379119873 4.309483528137207 4.342227935791016 4.3050856590271 4.401699542999268 4.5199666023254395 4.728416919708252 4.777416229248047 4.930573463439941 5.086467266082764 5.323563098907471 5.595794200897217 5.933623790740967 6.320005893707275 6.391018390655518 0.0 0.0 0.0 0.0 0.0
9.839322090148926 4.033697128295898 3.825148344039917 3.885157823562622 3.89139461517334 3.9546377658843994 3.968770980834961 4.08103084564209 4.229994297027588 4.125054836273193 4.18583345413208 4.146028518676758 4.136777400970459 4.271657943725586 4.298135280609131 4.286450386047363 4.274025917053223 4.390557289123535 4.598723411560059 4.714577674865723 4.802491188049316 4.946396827697754 5.099393367767334 5.338069915771484 5.6446533203125 5.95741081237793 6.33622932434082 6.424241065979004 0.0 0.0 0.0 0.0
9.839936256408691 3.9330241680145264 3.774824619293213 3.842383861541748 3.906925678253174 3.8871195316314697 3.9221301078796387 3.9868385791778564 4.07796573638916 4.045773029327393 4.0672197341918945 4.026971817016602 4.006875514984131 4.123785972595215 4.251824378967285 4.169434547424316 4.218196392059326 4.228800296783447 4.397180080413818 4.523716449737549 4.673375606536865 4.842067718505859 4.974216938018799 5.130250453948975 5.33652400970459 5.635975360870361 5.966162204742432 6.346913814544678 6.412932395935059 0.0 0.0 0.0
9.841961860656738 3.881037712097168 3.691377639770508 3.8037595748901367 3.8954925537109375 3.8960072994232178 3.8657422065734863 3.883014440536499 3.9692978858947754 3.9813358783721924 4.051809310913086 3.9763059616088867 3.9531214237213135 4.041792869567871 4.084312915802002 4.108945369720459 4.142411231994629 4.16934871673584 4.262435436248779 4.3485612869262695 4.507486343383789 4.654953479766846 4.828210830688477 4.976550579071045 5.115744113922119 5.321507453918457 5.599003314971924 5.926021575927734 6.332859992980957 6.413290977478027 0.0 0.0
9.837729454040527 3.885047674179077 3.642886161804199 3.7096052169799805 3.8151800632476807 3.887746810913086 3.8854072093963623 3.8776192665100098 3.9290237426757812 3.909430742263794 4.011810779571533 3.9684977531433105 3.9474198818206787 4.050869941711426 4.060832500457764 4.080804347991943 4.161667346954346 4.177623748779297 4.278294086456299 4.241130352020264 4.378875255584717 4.534644603729248 4.664250373840332 4.816801071166992 4.9423627853393555 5.127967357635498 5.343352317810059 5.594174861907959 5.958014965057373 6.343016624450684 6.423177242279053 0.0
9.835373878479004 3.958974838256836 3.6451613903045654 3.653900146484375 3.829441785812378 3.862450122833252 3.8773670196533203 3.9121949672698975 3.8793013095855713 3.9020888805389404 4.023963928222656 3.9476640224456787 3.9399352073669434 4.0022382736206055 4.074326515197754 3.983132839202881 4.054614067077637 4.139148235321045 4.311013221740723 4.186251163482666 4.2634501457214355 4.511030197143555 4.570143222808838 4.6807475090026855 4.778525352478027 4.944062232971191 5.120657444000244 5.300233364105225 5.59042501449585 5.927511692047119 6.336820602416992 6.434878826141357
