10.020692825317383 0.0 0.0 0.0 0.0 0.0 0.0 0.0 0.0 0.0 0.0 0.0 0.0 0.0 0.0 0.0 0.0 0.0 0.0 0.0 0.0 0.0 0.0 0.0 0.0 0.0 0.0 0.0 0.0 0.0 0.0 0.0
9.969225883483887 7.026118755340576 0.0 0.0 0.0 0.0 0.0 0.0 0.0 0.0 0.0 0.0 0.0 0.0 0.0 0.0 0.0 0.0 0.0 0.0 0.0 0.0 0.0 0.0 0.0 0.0 0.0 0.0 0.0 0.0 0.0 0.0
9.93540096282959 6.604159355163574 7.002328395843506 0.0 0.0 0.0 0.0 0.0 0.0 0.0 0.0 0.0 0.0 0.0 0.0 0.0 0.0 0.0 0.0 0.0 0.0 0.0 0.0 0.0 0.0 0.0 0.0 0.0 0.0 0.0 0.0 0.0
9.898677825927734 6.256804466247559 6.838261127471924 7.028581619262695 0.0 0.0 0.0 0.0 0.0 0.0 0.0 0.0 0.0 0.0 0.0 0.0 0.0 0.0 0.0 0.0 0.0 0.0 0.0 0.0 0.0 0.0 0.0 0.0 0.0 0.0 0.0 0.0
9.869363784790039 5.992475509643555 6.501414775848389 6.863227844238281 7.035401821136475 0.0 0.0 0.0 0.0 0.0 0.0 0.0 0.0 0.0 0.0 0.0 0.0 0.0 0.0 0.0 0.0 0.0 0.0 0.0 0.0 0.0 0.0 0.0 0.0 0.0 0.0 0.0
9.845893859863281 5.8032732009887695 6.360689163208008 6.441984176635742 6.825709342956543 7.046980857849121 0.0 0.0 0.0 0.0 0.0 0.0 0.0 0.0 0.0 0.0 0.0 0.0 0.0 0.0 0.0 0.0 0.0 0.0 0.0 0.0 0.0 0.0 0.0 0.0 0.0 0.0
9.827336311340332 5.6803297996521 6.123377799987793 6.238225936889648 6.4558939933776855 6.817027568817139 7.043430328369141 0.0 0.0 0.0 0.0 0.0 0.0 0.0 0.0 0.0 0.0 0.0 0.0 0.0 0.0 0.0 0.0 0.0 0.0 0.0 0.0 0.0 0.0 0.0 0.0 0.0
9.814297676086426 5.627922534942627 6.045900821685791 6.08541202545166 6.220312595367432 6.340779781341553 6.763935089111328 7.022464752197266 0.0 0.0 0.0 0.0 0.0 0.0 0.0 0.0 0.0 0.0 0.0 0.0 0.0 0.0 0.0 0.0 0.0 0.0 0.0 0.0 0.0 0.0 0.0 0.0
9.80158805847168 5.488184452056885 5.998866081237793 5.936043739318848 6.01793098449707 6.099944114685059 6.362685680389404 6.76976203918457 7.002157688140869 0.0 0.0 0.0 0.0 0.0 0.0 0.0 0.0 0.0 0.0 0.0 0.0 0.0 0.0 0.0 0.0 0.0 0.0 0.0 0.0 0.0 0.0 0.0
9.79060173034668 5.421181678771973 5.865289211273193 5.861807346343994 5.853423595428467 5.9069504737854 6.138521671295166 6.319965362548828 6.725789546966553 7.029391288757324 0.0 0.0 0.0 0.0 0.0 0.0 0.0 0.0 0.0 0.0 0.0 0.0 0.0 0.0 0.0 0.0 0.0 0.0 0.0 0.0 0.0 0.0
9.781018257141113 5.284357070922852 5.835362911224365 5.798046588897705 5.7667412757873535 5.7501444816589355 5.847539901733398 6.072789192199707 6.30528450012207 6.757725238800049 7.010412216186523 0.0 0.0 0.0 0.0 0.0 0.0 0.0 0.0 0.0 0.0 0.0 0.0 0.0 0.0 0.0 0.0 0.0 0.0 0.0 0.0 0.0
9.770971298217773 5.154791831970215 5.730190277099609 5.739450931549072 5.699459075927734 5.714868545532227 5.744685173034668 5.868913173675537 6.024774074554443 6.3077592849731445 6.742770195007324 7.008799076080322 0.0 0.0 0.0 0.0 0.0 0.0 0.0 0.0 0.0 0.0 0.0 0.0 0.0 0.0 0.0 0.0 0.0 0.0 0.0 0.0
9.761417388916016 5.06138277053833 5.681485176086426 5.666553497314453 5.619065761566162 5.654511451721191 5.712666988372803 5.731832504272461 5.873697757720947 6.021015167236328 6.313553810119629 6.7214035987854 6.987171173095703 0.0 0.0 0.0 0.0 0.0 0.0 0.0 0.0 0.0 0.0 0.0 0.0 0.0 0.0 0.0 0.0 0.0 0.0 0.0
9.761575698852539 4.963756084442139 5.646020889282227 5.60932731628418 5.521983623504639 5.545186996459961 5.611074924468994 5.6251397132873535 5.673086643218994 5.81477165222168 6.026458740234375 6.280514240264893 6.672511577606201 6.929606914520264 0.0 0.0 0.0 0.0 0.0 0.0 0.0 0.0 0.0 0.0 0.0 0.0 0.0 0.0 0.0 0.0 0.0 0.0
9.746992111206055 4.915229320526123 5.571595668792725 5.5835065841674805 5.495026588439941 5.489587783813477 5.569590091705322 5.582062244415283 5.6036906242370605 5.7194976806640625 5.846098899841309 6.094577312469482 6.282862186431885 6.668116092681885 6.936127185821533 0.0 0.0 0.0 0.0 0.0 0.0 0.0 0.0 0.0 0.0 0.0 0.0 0.0 0.0 0.0 0.0 0.0
9.740890502929688 4.831375598907471 5.535771369934082 5.52623987197876 5.424760341644287 5.417609214782715 5.473602294921875 5.493113040924072 5.547088146209717 5.612295627593994 5.68235969543457 5.8676438331604 6.047532558441162 6.2522101402282715 6.629909992218018 6.965725421905518 0.0 0.0 0.0 0.0 0.0 0.0 0.0 0.0 0.0 0.0 0.0 0.0 0.0 0.0 0.0 0.0
9.732266426086426 4.794117450714111 5.499331474304199 5.4840803146362305 5.404201507568359 5.396234512329102 5.407893657684326 5.439547538757324 5.4869866371154785 5.561980724334717 5.641820430755615 5.725654602050781 5.861312389373779 6.001294136047363 6.247271537780762 6.652795791625977 6.915501594543457 0.0 0.0 0.0 0.0 0.0 0.0 0.0 0.0 0.0 0.0 0.0 0.0 0.0 0.0 0.0
9.733592987060547 4.78200626373291 5.468049049377441 5.453545570373535 5.3502984046936035 5.3489251136779785 5.353984832763672 5.382976531982422 5.398143291473389 5.485414505004883 5.53752326965332 5.596671104431152 5.644906044006348 5.778426647186279 5.982242107391357 6.228691101074219 6.6150007247924805 6.850561141967773 0.0 0.0 0.0 0.0 0.0 0.0 0.0 0.0 0.0 0.0 0.0 0.0 0.0 0.0
9.726284980773926 4.743783950805664 5.418240070343018 5.419969081878662 5.330207824707031 5.319163799285889 5.285353660583496 5.364676475524902 5.319610118865967 5.4411211013793945 5.4842376708984375 5.549892425537109 5.554375648498535 5.589361667633057 5.778538703918457 5.97905969619751 6.222301959991455 6.580265045166016 6.8666462898254395 0.0 0.0 0.0 0.0 0.0 0.0 0.0 0.0 0.0 0.0 0.0 0.0 0.0
9.720405578613281 4.705628871917725 5.382381439208984 5.361538410186768 5.267553806304932 5.2168354988098145 5.257879734039307 5.293221473693848 5.31326150894165 5.386407852172852 5.440228462219238 5.562376022338867 5.510588645935059 5.542175769805908 5.602573871612549 5.739990711212158 5.955522060394287 6.210896015167236 6.591573715209961 6.833423614501953 0.0 0.0 0.0 0.0 0.0 0.0 0.0 0.0 0.0 0.0 0.0 0.0
9.716968536376953 4.70107889175415 5.404995441436768 5.335053443908691 5.255932807922363 5.209848880767822 5.259698867797852 5.286635875701904 5.254058361053467 5.373319149017334 5.398828506469727 5.417083263397217 5.449906349182129 5.4746527671813965 5.516871929168701 5.6109299659729 5.7014265060424805 5.915000915527344 6.184891700744629 6.538273811340332 6.812493324279785 0.0 0.0 0.0 0.0 0.0 0.0 0.0 0.0 0.0 0.0 0.0
9.712570190429688 4.648868083953857 5.419274806976318 5.423653602600098 5.236908912658691 5.185408115386963 5.199467658996582 5.205662727355957 5.243870258331299 5.309451103210449 5.345726490020752 5.359655857086182 5.394746780395508 5.412203311920166 5.4868245124816895 5.496997356414795 5.553650856018066 5.697936058044434 5.902644634246826 6.136568546295166 6.5164103507995605 6.7901611328125 0.0 0.0 0.0 0.0 0.0 0.0 0.0 0.0 0.0 0.0
9.708619117736816 4.578346252441406 5.340066432952881 5.3419036865234375 5.206136226654053 5.164464473724365 5.151267051696777 5.186302185058594 5.169615745544434 5.270851135253906 5.2820353507995605 5.3998799324035645 5.347865104675293 5.379205703735352 5.43575382232666 5.4165425300598145 5.471966743469238 5.542154788970947 5.683989524841309 5.875795364379883 6.135463237762451 6.508260726928711 6.7767415046691895 0.0 0.0 0.0 0.0 0.0 0.0 0.0 0.0 0.0
9.70357608795166 4.50566291809082 5.3056864738464355 5.258516311645508 5.179697513580322 5.1524763107299805 5.161296844482422 5.203898906707764 5.167633533477783 5.247941493988037 5.265427112579346 5.354329586029053 5.3042402267456055 5.393238067626953 5.328306198120117 5.354365348815918 5.416819095611572 5.428640365600586 5.505983829498291 5.657600402832031 5.854526042938232 6.123518943786621 6.501532077789307 6.772157192230225 0.0 0.0 0.0 0.0 0.0 0.0 0.0 0.0
9.689849853515625 4.581027507781982 5.365323543548584 5.350547790527344 5.158573627471924 5.120560646057129 5.153676986694336 5.14238166809082 5.152341365814209 5.213697910308838 5.238219261169434 5.27142858505249 5.281174659729004 5.649795055389404 5.274727821350098 5.366523265838623 5.342883110046387 5.400391578674316 5.423606872558594 5.515294075012207 5.616620063781738 5.852444171905518 6.1173319816589355 6.481438159942627 6.7823286056518555 0.0 0.0 0.0 0.0 0.0 0.0 0.0
9.691804885864258 4.498917579650879 5.275166988372803 5.217739105224609 5.145556449890137 5.108953952789307 5.0918450355529785 5.132842063903809 5.141900062561035 5.158874034881592 5.20635461807251 5.285613059997559 5.232774257659912 5.314600467681885 5.291055202484131 5.2870683670043945 5.3324127197265625 5.321969509124756 5.393543720245361 5.419999122619629 5.457122802734375 5.623890399932861 5.866152286529541 6.098663330078125 6.490161418914795 6.74146032333374 0.0 0.0 0.0 0.0 0.0 0.0
9.686945915222168 4.4925737380981445 5.251613616943359 5.210773468017578 5.089903831481934 5.039577960968018 5.123293399810791 5.091071128845215 5.1140289306640625 5.145744800567627 5.16871976852417 5.449097156524658 5.220612525939941 5.307314872741699 5.220407962799072 5.252094745635986 5.245235919952393 5.288969993591309 5.326595783233643 5.318421363830566 5.382228374481201 5.45310115814209 5.6192193031311035 5.823486804962158 6.112843990325928 6.444085597991943 6.733742713928223 0.0 0.0 0.0 0.0 0.0
9.68466854095459 4.441608905792236 5.269772052764893 5.189222812652588 5.049411296844482 4.9819231033325195 5.046982765197754 5.065138339996338 5.068406105041504 5.08493185043335 5.134713172912598 5.345670700073242 5.156524181365967 5.309031009674072 5.183468341827393 5.26193380355835 5.2027082443237305 5.238663196563721 5.294106960296631 5.275895595550537 5.264877796173096 5.357687950134277 5.46943998336792 5.594790935516357 5.848445415496826 6.0639567375183105 6.462505340576172 6.715678691864014 0.0 0.0 0.0 0.0
9.678194999694824 4.368061065673828 5.215801239013672 5.15446138381958 5.030406475067139 4.959512233734131 5.014309406280518 5.0680742263793945 5.05486536026001 5.131192684173584 5.130600929260254 5.220990180969238 5.146563529968262 5.240826606750488 5.145690441131592 5.237113952636719 5.169692516326904 5.213546276092529 5.246337413787842 5.252643585205078 5.276328086853027 5.333262920379639 5.420110702514648 5.49416446685791 5.58644437789917 5.808186054229736 6.065157890319824 6.455802917480469 6.714474201202393 0.0 0.0 0.0
9.673151016235352 4.410989284515381 5.215145587921143 5.192176818847656 4.99858283996582 4.965320110321045 4.988738059997559 5.043728828430176 5.034282684326172 5.0876641273498535 5.111133575439453 5.176112174987793 5.106594562530518 5.190559387207031 5.1728835105896 5.2867889404296875 5.144675254821777 5.157383918762207 5.1946258544921875 5.189113140106201 5.21113920211792 5.303242206573486 5.304792404174805 5.358255386352539 5.453284740447998 5.568289279937744 5.799299716949463 6.0563249588012695 6.427009582519531 6.7290358543396 0.0 0.0
9.678576469421387 4.335997104644775 5.167462348937988 5.139692783355713 5.01207971572876 4.9987640380859375 4.991516590118408 4.989638328552246 4.99713659286499 5.001878261566162 5.082536220550537 5.116765022277832 5.078688621520996 5.075109958648682 5.105483531951904 5.15533447265625 5.107594966888428 5.142214298248291 5.222775459289551 5.09912633895874 5.118039131164551 5.182806968688965 5.249757289886475 5.277166843414307 5.3003249168396 5.3952178955078125 5.533886432647705 5.756914138793945 6.0311150550842285 6.438465595245361 6.676548480987549 0.0
9.67429256439209 4.348979473114014 5.197594165802002 5.136904716491699 5.01220178604126 4.944436550140381 4.927913665771484 4.982741832733154 4.937154769897461 4.968982219696045 5.0596442222595215 5.107491970062256 5.0670671463012695 5.089776992797852 5.031442165374756 5.088455677032471 5.063926696777344 5.118922710418701 5.246495246887207 5.082699298858643 5.081796646118164 5.148543357849121 5.232425689697266 5.2487263679504395 5.238872051239014 5.3025736808776855 5.375795841217041 5.518021583557129 5.786044597625732 6.029685974121094 6.36776876449585 6.683656692504883
