10.020692825317383 0.0 0.0 0.0 0.0 0.0 0.0 0.0 0.0 0.0 0.0 0.0 0.0 0.0 0.0 0.0 0.0 0.0 0.0 0.0 0.0 0.0 0.0 0.0 0.0 0.0 0.0 0.0 0.0 0.0 0.0 0.0
9.97235107421875 6.965399265289307 0.0 0.0 0.0 0.0 0.0 0.0 0.0 0.0 0.0 0.0 0.0 0.0 0.0 0.0 0.0 0.0 0.0 0.0 0.0 0.0 0.0 0.0 0.0 0.0 0.0 0.0 0.0 0.0 0.0 0.0
9.935688018798828 6.446163177490234 7.091155529022217 0.0 0.0 0.0 0.0 0.0 0.0 0.0 0.0 0.0 0.0 0.0 0.0 0.0 0.0 0.0 0.0 0.0 0.0 0.0 0.0 0.0 0.0 0.0 0.0 0.0 0.0 0.0 0.0 0.0
9.9095458984375 5.962839126586914 6.660174369812012 7.086732864379883 0.0 0.0 0.0 0.0 0.0 0.0 0.0 0.0 0.0 0.0 0.0 0.0 0.0 0.0 0.0 0.0 0.0 0.0 0.0 0.0 0.0 0.0 0.0 0.0 0.0 0.0 0.0 0.0
9.897457122802734 5.562722206115723 6.188973903656006 6.610055923461914 7.019186496734619 0.0 0.0 0.0 0.0 0.0 0.0 0.0 0.0 0.0 0.0 0.0 0.0 0.0 0.0 0.0 0.0 0.0 0.0 0.0 0.0 0.0 0.0 0.0 0.0 0.0 0.0 0.0
9.889810562133789 5.236011981964111 5.862204074859619 6.1553955078125 6.513391494750977 6.980789661407471 0.0 0.0 0.0 0.0 0.0 0.0 0.0 0.0 0.0 0.0 0.0 0.0 0.0 0.0 0.0 0.0 0.0 0.0 0.0 0.0 0.0 0.0 0.0 0.0 0.0 0.0
9.887118339538574 4.974273204803467 5.575336456298828 5.82227087020874 6.009272575378418 6.4736857414245605 6.921078205108643 0.0 0.0 0.0 0.0 0.0 0.0 0.0 0.0 0.0 0.0 0.0 0.0 0.0 0.0 0.0 0.0 0.0 0.0 0.0 0.0 0.0 0.0 0.0 0.0 0.0
9.879396438598633 4.8892436027526855 5.4577956199646 5.542497634887695 5.6802544593811035 6.0328288078308105 6.432981014251709 6.919951438903809 0.0 0.0 0.0 0.0 0.0 0.0 0.0 0.0 0.0 0.0 0.0 0.0 0.0 0.0 0.0 0.0 0.0 0.0 0.0 0.0 0.0 0.0 0.0 0.0
9.87490177154541 4.773330211639404 5.317699432373047 5.32342004776001 5.4136810302734375 5.62833309173584 5.9555745124816895 6.454277038574219 6.912086009979248 0.0 0.0 0.0 0.0 0.0 0.0 0.0 0.0 0.0 0.0 0.0 0.0 0.0 0.0 0.0 0.0 0.0 0.0 0.0 0.0 0.0 0.0 0.0
9.866991996765137 4.71463680267334 5.296935558319092 5.289780616760254 5.232189655303955 5.357064723968506 5.563023090362549 5.95318603515625 6.466946125030518 6.919377326965332 0.0 0.0 0.0 0.0 0.0 0.0 0.0 0.0 0.0 0.0 0.0 0.0 0.0 0.0 0.0 0.0 0.0 0.0 0.0 0.0 0.0 0.0
9.864896774291992 4.4786601066589355 5.284200668334961 5.211268901824951 5.107112884521484 5.170933723449707 5.260198593139648 5.5518388748168945 5.943634510040283 6.409963130950928 6.909499168395996 0.0 0.0 0.0 0.0 0.0 0.0 0.0 0.0 0.0 0.0 0.0 0.0 0.0 0.0 0.0 0.0 0.0 0.0 0.0 0.0 0.0
9.860095977783203 4.3304314613342285 5.054040431976318 5.061995029449463 5.099289894104004 5.070408821105957 5.117196083068848 5.339961051940918 5.558882236480713 5.936466693878174 6.4346923828125 6.901747703552246 0.0 0.0 0.0 0.0 0.0 0.0 0.0 0.0 0.0 0.0 0.0 0.0 0.0 0.0 0.0 0.0 0.0 0.0 0.0 0.0
9.85146427154541 4.2786383628845215 5.018906116485596 5.009989261627197 5.0041069984436035 5.0468268394470215 5.059362888336182 5.232168197631836 5.337474822998047 5.535218715667725 5.969992160797119 6.447505950927734 6.910948276519775 0.0 0.0 0.0 0.0 0.0 0.0 0.0 0.0 0.0 0.0 0.0 0.0 0.0 0.0 0.0 0.0 0.0 0.0 0.0
9.853694915771484 4.216320991516113 4.904088020324707 4.900660514831543 4.872645854949951 4.958298206329346 4.951958179473877 4.996833324432373 5.087687015533447 5.2684454917907715 5.553756237030029 5.9447808265686035 6.395474910736084 6.881091117858887 0.0 0.0 0.0 0.0 0.0 0.0 0.0 0.0 0.0 0.0 0.0 0.0 0.0 0.0 0.0 0.0 0.0 0.0
9.8472900390625 4.206918239593506 4.89899206161499 4.876344680786133 4.82285737991333 4.825412750244141 4.917633056640625 4.9514079093933105 4.988770961761475 5.095491886138916 5.299159526824951 5.544029712677002 5.9459099769592285 6.414139270782471 6.8801751136779785 0.0 0.0 0.0 0.0 0.0 0.0 0.0 0.0 0.0 0.0 0.0 0.0 0.0 0.0 0.0 0.0 0.0
9.840439796447754 4.144427299499512 4.871232986450195 4.804870128631592 4.763771057128906 4.739400863647461 4.8004469871521 4.961522102355957 5.053586483001709 4.988892078399658 5.073016166687012 5.278643608093262 5.530027389526367 5.908123970031738 6.4290690422058105 6.918355941772461 0.0 0.0 0.0 0.0 0.0 0.0 0.0 0.0 0.0 0.0 0.0 0.0 0.0 0.0 0.0 0.0
9.83420467376709 4.060351371765137 4.838911533355713 4.803102493286133 4.725770473480225 4.745909690856934 4.7122297286987305 4.865515232086182 4.932103157043457 4.961866855621338 5.074418544769287 5.128784656524658 5.268310070037842 5.533855438232422 5.929447650909424 6.405312538146973 6.932587623596191 0.0 0.0 0.0 0.0 0.0 0.0 0.0 0.0 0.0 0.0 0.0 0.0 0.0 0.0 0.0
9.836195945739746 3.9508934020996094 4.784246444702148 4.806528091430664 4.707132339477539 4.787997722625732 4.674748420715332 4.735070705413818 4.764651775360107 4.838676929473877 4.954629421234131 5.048983573913574 5.059207439422607 5.210843563079834 5.5045485496521 5.906480312347412 6.380257606506348 6.878868103027344 0.0 0.0 0.0 0.0 0.0 0.0 0.0 0.0 0.0 0.0 0.0 0.0 0.0 0.0
9.828378677368164 3.88444447517395 4.754917621612549 4.740318775177002 4.648832321166992 4.6728410720825195 4.616092681884766 4.684914588928223 4.689610004425049 4.790834903717041 4.935545921325684 5.012631416320801 4.984228610992432 5.059995174407959 5.24894905090332 5.555984020233154 5.9123640060424805 6.40842342376709 6.908699035644531 0.0 0.0 0.0 0.0 0.0 0.0 0.0 0.0 0.0 0.0 0.0 0.0 0.0
9.827611923217773 3.858978271484375 4.622101783752441 4.639524936676025 4.59025764465332 4.598774433135986 4.629018783569336 4.7002692222595215 4.664677619934082 4.727968215942383 4.794816017150879 4.957058906555176 4.922067642211914 5.006023406982422 5.060592174530029 5.211684226989746 5.515355587005615 5.950413703918457 6.422319412231445 6.84995698928833 0.0 0.0 0.0 0.0 0.0 0.0 0.0 0.0 0.0 0.0 0.0 0.0
9.829719543457031 3.8138859272003174 4.700631141662598 4.592719078063965 4.517462730407715 4.557465553283691 4.598171710968018 4.621908187866211 4.629990577697754 4.689937591552734 4.6995038986206055 4.826133728027344 4.848003387451172 4.90187931060791 4.944556713104248 5.014092445373535 5.194894313812256 5.48635721206665 5.88560676574707 6.326624393463135 6.8505859375 0.0 0.0 0.0 0.0 0.0 0.0 0.0 0.0 0.0 0.0 0.0
9.824628829956055 3.806840419769287 4.7353057861328125 4.681060314178467 4.484853744506836 4.516726970672607 4.52351713180542 4.588834285736084 4.606081485748291 4.627325534820557 4.625328063964844 4.725509166717529 4.752139091491699 4.834845542907715 4.920680046081543 4.937950611114502 5.037880897521973 5.17770528793335 5.521728038787842 5.8419294357299805 6.370378017425537 6.844164848327637 0.0 0.0 0.0 0.0 0.0 0.0 0.0 0.0 0.0 0.0
9.81894302368164 3.780489444732666 4.562224864959717 4.588078022003174 4.458598613739014 4.466963291168213 4.455879211425781 4.562549114227295 4.619390487670898 4.654080390930176 4.668277263641357 4.70795202255249 4.720097064971924 4.835569858551025 4.890604019165039 4.905857086181641 4.964783668518066 5.011734962463379 5.227695465087891 5.470417022705078 5.938997268676758 6.338986873626709 6.846833229064941 0.0 0.0 0.0 0.0 0.0 0.0 0.0 0.0 0.0
9.818631172180176 3.7158260345458984 4.5474982261657715 4.545051097869873 4.469451904296875 4.415407657623291 4.425217628479004 4.482904434204102 4.51595401763916 4.617788791656494 4.635791301727295 4.683633327484131 4.664464950561523 4.787013530731201 4.753162860870361 4.81120491027832 4.897001266479492 4.90161657333374 5.024094581604004 5.17029333114624 5.481065273284912 5.860143184661865 6.321544170379639 6.856372833251953 0.0 0.0 0.0 0.0 0.0 0.0 0.0 0.0
9.814126014709473 3.764512062072754 4.587380409240723 4.578948020935059 4.4582085609436035 4.3817830085754395 4.405296325683594 4.425206661224365 4.4770731925964355 4.546027183532715 4.640504360198975 4.687241077423096 4.6459760665893555 4.705142021179199 4.672829627990723 4.755259037017822 4.821077823638916 4.8611226081848145 4.921215057373047 5.002866744995117 5.193531513214111 5.474177837371826 5.8554229736328125 6.318350791931152 6.860038757324219 0.0 0.0 0.0 0.0 0.0 0.0 0.0
9.805153846740723 3.8426291942596436 4.578514099121094 4.540280818939209 4.42133092880249 4.449600696563721 4.367250919342041 4.451629638671875 4.750484943389893 4.488231182098389 4.591393947601318 4.641275405883789 4.666451930999756 4.757382869720459 4.707827091217041 4.735307693481445 4.781593322753906 4.83495569229126 4.938543796539307 4.896158218383789 5.022105693817139 5.193575859069824 5.48262357711792 5.8498077392578125 6.352878570556641 6.849522590637207 0.0 0.0 0.0 0.0 0.0 0.0
9.807398796081543 3.8429887294769287 4.609054088592529 4.518199920654297 4.397557735443115 4.335477828979492 4.345448017120361 4.4142680168151855 4.418773651123047 4.420265197753906 4.508852958679199 4.619486331939697 4.645471572875977 4.809666156768799 4.689286708831787 4.62252950668335 4.662369728088379 4.743911266326904 4.839041709899902 4.81085729598999 4.902378082275391 4.978203296661377 5.144073009490967 5.457460403442383 5.889313220977783 6.300054550170898 6.833201885223389 0.0 0.0 0.0 0.0 0.0
9.810096740722656 3.8496992588043213 4.649473190307617 4.495389461517334 4.3638200759887695 4.270559787750244 4.314752578735352 4.322944164276123 4.3676958084106445 4.350404262542725 4.415151119232178 4.539661407470703 4.533378601074219 4.650361061096191 4.640397548675537 4.620392799377441 4.583378791809082 4.622072696685791 4.7119269371032715 4.7425432205200195 4.800175666809082 4.846677303314209 4.954213619232178 5.15455961227417 5.468127727508545 5.8255696296691895 6.2878289222717285 6.816638946533203 0.0 0.0 0.0 0.0
9.803971290588379 3.7863826751708984 4.656869411468506 4.513906002044678 4.410215854644775 4.293522834777832 4.32114839553833 4.348417282104492 4.380740165710449 4.443503379821777 4.449256420135498 4.477633476257324 4.508155822753906 4.62613582611084 4.63610315322876 4.646720886230469 4.594413757324219 4.610593795776367 4.6593241691589355 4.650823593139648 4.7777934074401855 4.8355913162231445 4.911568641662598 4.970225811004639 5.13478422164917 5.419684886932373 5.827422618865967 6.271888256072998 6.823153972625732 0.0 0.0 0.0
9.799971580505371 3.7563345432281494 4.645430088043213 4.573148727416992 4.3900465965271 4.308677673339844 4.2771406173706055 4.273585796356201 4.328691005706787 4.391751289367676 4.433080196380615 4.46293306350708 4.417202472686768 4.512148857116699 4.633786201477051 4.644237041473389 4.628481864929199 4.606573581695557 4.624887943267822 4.583767890930176 4.6937761306762695 4.770515441894531 4.822165012359619 4.863161087036133 4.963211536407471 5.117021083831787 5.426538944244385 5.808016300201416 6.271003246307373 6.8515520095825195 0.0 0.0
9.798521041870117 3.678534984588623 4.446918487548828 4.4724650382995605 4.389431953430176 4.360280513763428 4.322813034057617 4.37086296081543 4.323441505432129 4.317721843719482 4.380217552185059 4.4308929443359375 4.432273864746094 4.453840255737305 4.55338191986084 4.54713249206543 4.64292573928833 4.672961711883545 5.07982063293457 4.535601615905762 4.614603042602539 4.644822597503662 4.734910488128662 4.778899669647217 4.84636116027832 4.915842533111572 5.095129013061523 5.37583065032959 5.774958610534668 6.267665386199951 6.814603328704834 0.0
9.791830062866211 3.7258987426757812 4.651700496673584 4.4775872230529785 4.410892963409424 4.464019775390625 4.309746742248535 4.527902126312256 4.339375019073486 4.336523532867432 4.4437150955200195 4.411160469055176 4.409971237182617 4.5119524002075195 4.40510892868042 4.440282821655273 4.56445837020874 4.626230239868164 4.939092636108398 4.516695976257324 4.57407283782959 4.572266101837158 4.673152446746826 4.73439359664917 4.768408298492432 4.832662105560303 4.9236884117126465 5.08975887298584 5.408653259277344 5.789235591888428 6.255985736846924 6.843413352966309
