10.020692825317383 0.0 0.0 0.0 0.0 0.0 0.0 0.0 0.0 0.0 0.0 0.0 0.0 0.0 0.0 0.0 0.0 0.0 0.0 0.0 0.0 0.0 0.0 0.0 0.0 0.0 0.0 0.0 0.0 0.0 0.0 0.0
9.747275352478027 8.589898109436035 0.0 0.0 0.0 0.0 0.0 0.0 0.0 0.0 0.0 0.0 0.0 0.0 0.0 0.0 0.0 0.0 0.0 0.0 0.0 0.0 0.0 0.0 0.0 0.0 0.0 0.0 0.0 0.0 0.0 0.0
9.66858959197998 7.351389408111572 8.53986930847168 0.0 0.0 0.0 0.0 0.0 0.0 0.0 0.0 0.0 0.0 0.0 0.0 0.0 0.0 0.0 0.0 0.0 0.0 0.0 0.0 0.0 0.0 0.0 0.0 0.0 0.0 0.0 0.0 0.0
9.60305404663086 6.835185527801514 7.433774471282959 8.528129577636719 0.0 0.0 0.0 0.0 0.0 0.0 0.0 0.0 0.0 0.0 0.0 0.0 0.0 0.0 0.0 0.0 0.0 0.0 0.0 0.0 0.0 0.0 0.0 0.0 0.0 0.0 0.0 0.0
9.561793327331543 6.574835777282715 6.863868236541748 7.458682060241699 8.490439414978027 0.0 0.0 0.0 0.0 0.0 0.0 0.0 0.0 0.0 0.0 0.0 0.0 0.0 0.0 0.0 0.0 0.0 0.0 0.0 0.0 0.0 0.0 0.0 0.0 0.0 0.0 0.0
9.540316581726074 6.360227108001709 6.514822959899902 6.866018295288086 7.4233927726745605 8.453690528869629 0.0 0.0 0.0 0.0 0.0 0.0 0.0 0.0 0.0 0.0 0.0 0.0 0.0 0.0 0.0 0.0 0.0 0.0 0.0 0.0 0.0 0.0 0.0 0.0 0.0 0.0
9.520853996276855 6.202474594116211 6.342343330383301 6.53748083114624 6.849593162536621 7.38930606842041 8.419346809387207 0.0 0.0 0.0 0.0 0.0 0.0 0.0 0.0 0.0 0.0 0.0 0.0 0.0 0.0 0.0 0.0 0.0 0.0 0.0 0.0 0.0 0.0 0.0 0.0 0.0
9.493243217468262 6.06393575668335 6.189918518066406 6.350470066070557 6.535443305969238 6.848657608032227 7.348553657531738 8.421774864196777 0.0 0.0 0.0 0.0 0.0 0.0 0.0 0.0 0.0 0.0 0.0 0.0 0.0 0.0 0.0 0.0 0.0 0.0 0.0 0.0 0.0 0.0 0.0 0.0
9.478281021118164 5.9498138427734375 6.007835388183594 6.199587821960449 6.356852054595947 6.547863006591797 6.810179710388184 7.3584489822387695 8.386138916015625 0.0 0.0 0.0 0.0 0.0 0.0 0.0 0.0 0.0 0.0 0.0 0.0 0.0 0.0 0.0 0.0 0.0 0.0 0.0 0.0 0.0 0.0 0.0
9.459603309631348 5.882289409637451 5.813397407531738 6.0485310554504395 6.2154459953308105 6.3545989990234375 6.516439914703369 6.81817102432251 7.345165729522705 8.373483657836914 0.0 0.0 0.0 0.0 0.0 0.0 0.0 0.0 0.0 0.0 0.0 0.0 0.0 0.0 0.0 0.0 0.0 0.0 0.0 0.0 0.0 0.0
9.448570251464844 5.825782299041748 5.656624794006348 5.848633766174316 6.022387981414795 6.187146186828613 6.32803201675415 6.504683017730713 6.79774284362793 7.308096408843994 8.370245933532715 0.0 0.0 0.0 0.0 0.0 0.0 0.0 0.0 0.0 0.0 0.0 0.0 0.0 0.0 0.0 0.0 0.0 0.0 0.0 0.0 0.0
9.429323196411133 5.788778781890869 5.596169471740723 5.725083351135254 5.8471360206604 6.045479774475098 6.169342994689941 6.344548225402832 6.508585453033447 6.79057502746582 7.311168670654297 8.359701156616211 0.0 0.0 0.0 0.0 0.0 0.0 0.0 0.0 0.0 0.0 0.0 0.0 0.0 0.0 0.0 0.0 0.0 0.0 0.0 0.0
9.407247543334961 5.705104351043701 5.556654930114746 5.639771938323975 5.7190680503845215 5.864019393920898 6.007872581481934 6.185089588165283 6.344614028930664 6.523107051849365 6.8278326988220215 7.335587024688721 8.348294258117676 0.0 0.0 0.0 0.0 0.0 0.0 0.0 0.0 0.0 0.0 0.0 0.0 0.0 0.0 0.0 0.0 0.0 0.0 0.0
9.395729064941406 5.5956315994262695 5.4805684089660645 5.572715759277344 5.632124900817871 5.724236965179443 5.828638553619385 6.005605220794678 6.170191764831543 6.3254475593566895 6.525456428527832 6.814314365386963 7.305234432220459 8.351982116699219 0.0 0.0 0.0 0.0 0.0 0.0 0.0 0.0 0.0 0.0 0.0 0.0 0.0 0.0 0.0 0.0 0.0 0.0
9.384057998657227 5.492321491241455 5.3547892570495605 5.496674060821533 5.571821689605713 5.635924816131592 5.703766822814941 5.842898368835449 6.013955116271973 6.176084995269775 6.34422492980957 6.5330281257629395 6.814157962799072 7.327517509460449 8.327315330505371 0.0 0.0 0.0 0.0 0.0 0.0 0.0 0.0 0.0 0.0 0.0 0.0 0.0 0.0 0.0 0.0 0.0
9.379104614257812 5.4227752685546875 5.216583251953125 5.39265251159668 5.50238037109375 5.590512752532959 5.6449174880981445 5.716074466705322 5.835628509521484 5.982890605926514 6.170518398284912 6.3368000984191895 6.518596172332764 6.807175636291504 7.2880778312683105 8.31954574584961 0.0 0.0 0.0 0.0 0.0 0.0 0.0 0.0 0.0 0.0 0.0 0.0 0.0 0.0 0.0 0.0
9.369515419006348 5.3662333488464355 5.111523151397705 5.255486965179443 5.376136302947998 5.498888969421387 5.578831672668457 5.6592254638671875 5.745838165283203 5.845226287841797 6.0241289138793945 6.158843517303467 6.328039169311523 6.522279739379883 6.792609214782715 7.27324104309082 8.312237739562988 0.0 0.0 0.0 0.0 0.0 0.0 0.0 0.0 0.0 0.0 0.0 0.0 0.0 0.0 0.0
9.350137710571289 5.297935962677002 5.081965923309326 5.155810832977295 5.252744674682617 5.3765435218811035 5.4878411293029785 5.594838619232178 5.668234825134277 5.722792625427246 5.851222515106201 5.981839656829834 6.154824256896973 6.374357223510742 6.511913776397705 6.776434898376465 7.29536247253418 8.325504302978516 0.0 0.0 0.0 0.0 0.0 0.0 0.0 0.0 0.0 0.0 0.0 0.0 0.0 0.0
9.347513198852539 5.173210620880127 5.10971212387085 5.137432098388672 5.163637638092041 5.247526168823242 5.362454891204834 5.495615482330322 5.586575508117676 5.641510486602783 5.722613334655762 5.821281433105469 5.977534294128418 6.154458999633789 6.2984819412231445 6.504031181335449 6.802050590515137 7.281827449798584 8.31278133392334 0.0 0.0 0.0 0.0 0.0 0.0 0.0 0.0 0.0 0.0 0.0 0.0 0.0
9.332627296447754 5.023803234100342 5.120779037475586 5.1914286613464355 5.151928901672363 5.175829887390137 5.241079807281494 5.376025199890137 5.502770900726318 5.599366664886475 5.663446426391602 5.753549575805664 5.836218357086182 6.0054802894592285 6.139807224273682 6.29812479019165 6.507774353027344 6.792000770568848 7.285543918609619 8.307316780090332 0.0 0.0 0.0 0.0 0.0 0.0 0.0 0.0 0.0 0.0 0.0 0.0
9.329193115234375 4.882202625274658 5.0271124839782715 5.177556037902832 5.195112228393555 5.158465385437012 5.1493330001831055 5.255252361297607 5.393527984619141 5.502150058746338 5.619481563568115 5.638755798339844 5.701380729675293 5.841577053070068 5.963290691375732 6.109315395355225 6.29506254196167 6.509243011474609 6.800261974334717 7.264419078826904 8.298469543457031 0.0 0.0 0.0 0.0 0.0 0.0 0.0 0.0 0.0 0.0 0.0
9.317825317382812 4.78678035736084 4.855830192565918 5.084698677062988 5.19349479675293 5.198707580566406 5.141486167907715 5.160459995269775 5.249466896057129 5.385684490203857 5.527711868286133 5.587264060974121 5.619030475616455 5.71499490737915 5.803504467010498 5.9437713623046875 6.120419979095459 6.284617900848389 6.49980354309082 6.787893772125244 7.2642130851745605 8.309737205505371 0.0 0.0 0.0 0.0 0.0 0.0 0.0 0.0 0.0 0.0
9.311812400817871 4.792611122131348 4.723546028137207 4.960229873657227 5.098203659057617 5.211758613586426 5.170804023742676 5.143887996673584 5.17188024520874 5.249443531036377 5.395119667053223 5.571122169494629 5.5826311111450195 5.628441333770752 5.692748069763184 5.791982173919678 5.938887596130371 6.103805065155029 6.27916145324707 6.500136852264404 6.7709269523620605 7.264092445373535 8.299936294555664 0.0 0.0 0.0 0.0 0.0 0.0 0.0 0.0 0.0
9.307960510253906 4.872934341430664 4.681906223297119 4.813832759857178 4.929967403411865 5.1132049560546875 5.16903829574585 5.168437957763672 5.136945724487305 5.144649505615234 5.25287389755249 5.405696392059326 5.492987155914307 5.584029674530029 5.603701114654541 5.677778720855713 5.781132221221924 5.932880401611328 6.117275238037109 6.282122611999512 6.4932122230529785 6.779268264770508 7.260066509246826 8.289802551269531 0.0 0.0 0.0 0.0 0.0 0.0 0.0 0.0
9.301848411560059 4.946641445159912 4.689733505249023 4.7544660568237305 4.779953956604004 4.938186168670654 5.1139750480651855 5.199693202972412 5.225800037384033 5.1738996505737305 5.191104412078857 5.250473499298096 5.38472318649292 5.5150017738342285 5.55922794342041 5.571958541870117 5.664283752441406 5.7581400871276855 5.922368049621582 6.0960869789123535 6.265193939208984 6.479460716247559 6.768628120422363 7.25164794921875 8.287866592407227 0.0 0.0 0.0 0.0 0.0 0.0 0.0
9.289109230041504 4.990677356719971 4.775299072265625 4.781793117523193 4.729394912719727 4.774096488952637 4.9084930419921875 5.070666313171387 5.181176662445068 5.16827392578125 5.162968158721924 5.158876419067383 5.246338844299316 5.374115943908691 5.469688892364502 5.522037982940674 5.582762718200684 5.631775379180908 5.772543907165527 5.940273761749268 6.09058141708374 6.272546291351318 6.47432804107666 6.763817310333252 7.262495517730713 8.30004596710205 0.0 0.0 0.0 0.0 0.0 0.0
9.279851913452148 4.952610492706299 4.802272319793701 4.860500812530518 4.762953281402588 4.721778869628906 4.754905700683594 4.904651165008545 5.094096660614014 5.183461666107178 5.203248023986816 5.13566255569458 5.1940460205078125 5.29108190536499 5.3696489334106445 5.433233737945557 5.521578311920166 5.568644046783447 5.649598121643066 5.7853169441223145 5.913548469543457 6.085865497589111 6.2660040855407715 6.475980758666992 6.777902603149414 7.276025295257568 8.28652572631836 0.0 0.0 0.0 0.0 0.0
9.273324966430664 4.917194843292236 4.768628120422363 4.872763156890869 4.828357219696045 4.75662088394165 4.694705009460449 4.749020576477051 4.918065547943115 5.083524227142334 5.212667465209961 5.180873394012451 5.215206146240234 5.256200313568115 5.253738880157471 5.304104328155518 5.441197395324707 5.516819000244141 5.573709011077881 5.652250289916992 5.740006446838379 5.905721664428711 6.086650371551514 6.260786056518555 6.482445240020752 6.77430534362793 7.2450408935546875 8.289412498474121 0.0 0.0 0.0 0.0
9.27678394317627 4.863110065460205 4.671368598937988 4.816159725189209 4.85610818862915 4.832914352416992 4.73751974105835 4.68874979019165 4.753812313079834 4.886740207672119 5.090741157531738 5.165377140045166 5.194369316101074 5.152551651000977 5.136626720428467 5.180646896362305 5.3043131828308105 5.427192687988281 5.515228748321533 5.559074878692627 5.616091728210449 5.741287708282471 5.899258613586426 6.079798698425293 6.25480842590332 6.482400894165039 6.789726734161377 7.237384796142578 8.274406433105469 0.0 0.0 0.0
9.27150821685791 4.836851119995117 4.627773761749268 4.722436428070068 4.815935134887695 4.877633094787598 4.83169412612915 4.751120567321777 4.719724178314209 4.7559614181518555 4.937925338745117 5.0870280265808105 5.189206123352051 5.1968536376953125 5.119539737701416 5.103578090667725 5.180550575256348 5.299925804138184 5.434605121612549 5.5014567375183105 5.541593074798584 5.620500564575195 5.741868019104004 5.904425144195557 6.079251289367676 6.279311656951904 6.4928388595581055 6.763149738311768 7.23969030380249 8.261393547058105 0.0 0.0
9.258792877197266 4.787429332733154 4.626741886138916 4.667787075042725 4.729954242706299 4.818485736846924 4.856326580047607 4.82216215133667 4.751049518585205 4.704967498779297 4.790040969848633 5.000003337860107 5.113461971282959 5.20269250869751 5.161155700683594 5.133166790008545 5.109307765960693 5.168383598327637 5.329790115356445 5.4459943771362305 5.481165409088135 5.549711227416992 5.620709419250488 5.73215389251709 5.908206462860107 6.103840351104736 6.274755477905273 6.471120834350586 6.754711627960205 7.224787712097168 8.27535343170166 0.0
9.250479698181152 4.704974174499512 4.644773960113525 4.647068023681641 4.65867280960083 4.764951705932617 4.840305805206299 4.921660900115967 4.863754749298096 4.783773899078369 4.77748441696167 4.823102951049805 4.9499664306640625 5.151185512542725 5.182103633880615 5.122180938720703 5.087673664093018 5.088172912597656 5.23396635055542 5.287508010864258 5.400849342346191 5.486316680908203 5.547247886657715 5.612460613250732 5.718033313751221 5.914891242980957 6.08790922164917 6.241269588470459 6.475791931152344 6.742920875549316 7.224939823150635 8.280224800109863
