10.020692825317383 0.0 0.0 0.0 0.0 0.0 0.0 0.0 0.0 0.0 0.0 0.0 0.0 0.0 0.0 0.0 0.0 0.0 0.0 0.0 0.0 0.0 0.0 0.0 0.0 0.0 0.0 0.0 0.0 0.0 0.0 0.0
9.985224723815918 6.66080904006958 0.0 0.0 0.0 0.0 0.0 0.0 0.0 0.0 0.0 0.0 0.0 0.0 0.0 0.0 0.0 0.0 0.0 0.0 0.0 0.0 0.0 0.0 0.0 0.0 0.0 0.0 0.0 0.0 0.0 0.0
9.974778175354004 6.1859941482543945 6.258223533630371 0.0 0.0 0.0 0.0 0.0 0.0 0.0 0.0 0.0 0.0 0.0 0.0 0.0 0.0 0.0 0.0 0.0 0.0 0.0 0.0 0.0 0.0 0.0 0.0 0.0 0.0 0.0 0.0 0.0
9.95580005645752 6.120966911315918 6.150837421417236 6.191249370574951 0.0 0.0 0.0 0.0 0.0 0.0 0.0 0.0 0.0 0.0 0.0 0.0 0.0 0.0 0.0 0.0 0.0 0.0 0.0 0.0 0.0 0.0 0.0 0.0 0.0 0.0 0.0 0.0
9.938032150268555 6.031060218811035 6.09712553024292 6.111207962036133 6.160318374633789 0.0 0.0 0.0 0.0 0.0 0.0 0.0 0.0 0.0 0.0 0.0 0.0 0.0 0.0 0.0 0.0 0.0 0.0 0.0 0.0 0.0 0.0 0.0 0.0 0.0 0.0 0.0
9.9253511428833 5.876914978027344 5.962680816650391 6.03013801574707 5.995938777923584 6.181857585906982 0.0 0.0 0.0 0.0 0.0 0.0 0.0 0.0 0.0 0.0 0.0 0.0 0.0 0.0 0.0 0.0 0.0 0.0 0.0 0.0 0.0 0.0 0.0 0.0 0.0 0.0
9.91517162322998 5.77506160736084 5.864226341247559 5.9308857917785645 5.910865783691406 5.992764472961426 6.074787139892578 0.0 0.0 0.0 0.0 0.0 0.0 0.0 0.0 0.0 0.0 0.0 0.0 0.0 0.0 0.0 0.0 0.0 0.0 0.0 0.0 0.0 0.0 0.0 0.0 0.0
9.90295124053955 5.656666278839111 5.823404788970947 5.87398099899292 5.8416056632995605 5.918088436126709 5.88173770904541 6.103464603424072 0.0 0.0 0.0 0.0 0.0 0.0 0.0 0.0 0.0 0.0 0.0 0.0 0.0 0.0 0.0 0.0 0.0 0.0 0.0 0.0 0.0 0.0 0.0 0.0
9.896851539611816 5.53562593460083 5.739151477813721 5.777097702026367 5.746029376983643 5.794907569885254 5.799554347991943 5.851273059844971 6.035004615783691 0.0 0.0 0.0 0.0 0.0 0.0 0.0 0.0 0.0 0.0 0.0 0.0 0.0 0.0 0.0 0.0 0.0 0.0 0.0 0.0 0.0 0.0 0.0
9.887106895446777 5.426212310791016 5.66021728515625 5.740297794342041 5.679311275482178 5.719632148742676 5.712109088897705 5.795990943908691 5.850468158721924 6.030069351196289 0.0 0.0 0.0 0.0 0.0 0.0 0.0 0.0 0.0 0.0 0.0 0.0 0.0 0.0 0.0 0.0 0.0 0.0 0.0 0.0 0.0 0.0
9.881525039672852 5.313924789428711 5.582387924194336 5.655603408813477 5.595856666564941 5.621687412261963 5.6261773109436035 5.700520992279053 5.756338119506836 5.787252902984619 6.014346122741699 0.0 0.0 0.0 0.0 0.0 0.0 0.0 0.0 0.0 0.0 0.0 0.0 0.0 0.0 0.0 0.0 0.0 0.0 0.0 0.0 0.0
9.8734130859375 5.243101119995117 5.505937576293945 5.559117794036865 5.545499801635742 5.602361679077148 5.556594371795654 5.624122142791748 5.669835090637207 5.724272727966309 5.783959865570068 6.011844158172607 0.0 0.0 0.0 0.0 0.0 0.0 0.0 0.0 0.0 0.0 0.0 0.0 0.0 0.0 0.0 0.0 0.0 0.0 0.0 0.0
9.867386817932129 5.186708927154541 5.415380954742432 5.476212024688721 5.449882984161377 5.526762962341309 5.4958648681640625 5.561809539794922 5.589863300323486 5.675441741943359 5.708725929260254 5.776197910308838 5.9689531326293945 0.0 0.0 0.0 0.0 0.0 0.0 0.0 0.0 0.0 0.0 0.0 0.0 0.0 0.0 0.0 0.0 0.0 0.0 0.0
9.861090660095215 5.128637313842773 5.375152111053467 5.396058082580566 5.359304428100586 5.466156959533691 5.446076393127441 5.511472225189209 5.519802570343018 5.569114685058594 5.617338180541992 5.703802108764648 5.7308030128479 5.987152099609375 0.0 0.0 0.0 0.0 0.0 0.0 0.0 0.0 0.0 0.0 0.0 0.0 0.0 0.0 0.0 0.0 0.0 0.0
9.859315872192383 5.031149864196777 5.32081413269043 5.33461332321167 5.289490699768066 5.322604656219482 5.34677267074585 5.431721210479736 5.457696437835693 5.514283657073975 5.538723945617676 5.599905967712402 5.63409423828125 5.685731410980225 5.9232096672058105 0.0 0.0 0.0 0.0 0.0 0.0 0.0 0.0 0.0 0.0 0.0 0.0 0.0 0.0 0.0 0.0 0.0
9.851653099060059 5.017958641052246 5.309975624084473 5.3191046714782715 5.271055698394775 5.355354309082031 5.280571460723877 5.347159385681152 5.387521266937256 5.460341453552246 5.472488880157471 5.543053150177002 5.552184104919434 5.634407997131348 5.665735721588135 5.8999223709106445 0.0 0.0 0.0 0.0 0.0 0.0 0.0 0.0 0.0 0.0 0.0 0.0 0.0 0.0 0.0 0.0
9.848999977111816 4.913095951080322 5.228972911834717 5.2784576416015625 5.216537952423096 5.305258274078369 5.189148902893066 5.273557186126709 5.332602024078369 5.397449016571045 5.396409034729004 5.466219902038574 5.478875160217285 5.521044731140137 5.579533576965332 5.636136054992676 5.8914594650268555 0.0 0.0 0.0 0.0 0.0 0.0 0.0 0.0 0.0 0.0 0.0 0.0 0.0 0.0 0.0
9.844476699829102 4.872564792633057 5.152514934539795 5.202971458435059 5.217532157897949 5.283285140991211 5.152264595031738 5.182600498199463 5.250155448913574 5.306292533874512 5.337528228759766 5.405486106872559 5.444275379180908 5.458669185638428 5.508405685424805 5.564472675323486 5.630249500274658 5.868717193603516 0.0 0.0 0.0 0.0 0.0 0.0 0.0 0.0 0.0 0.0 0.0 0.0 0.0 0.0
9.842263221740723 4.9088263511657715 5.120401859283447 5.152534008026123 5.162130832672119 5.227355480194092 5.129701137542725 5.156511306762695 5.156359672546387 5.223809719085693 5.237706184387207 5.329469680786133 5.362438678741455 5.401856899261475 5.440436840057373 5.456546783447266 5.50870418548584 5.586977005004883 5.838436126708984 0.0 0.0 0.0 0.0 0.0 0.0 0.0 0.0 0.0 0.0 0.0 0.0 0.0
9.84116268157959 4.881993293762207 5.101655006408691 5.100874423980713 5.076548099517822 5.161375999450684 5.09811544418335 5.134199619293213 5.095026016235352 5.130313873291016 5.146368980407715 5.243956565856934 5.280068874359131 5.309622764587402 5.359076499938965 5.354155540466309 5.430445671081543 5.478728294372559 5.573413848876953 5.816527366638184 0.0 0.0 0.0 0.0 0.0 0.0 0.0 0.0 0.0 0.0 0.0 0.0
9.835986137390137 4.878066062927246 5.114475250244141 5.091411113739014 5.0235748291015625 5.069057464599609 5.036923408508301 5.1306376457214355 5.108948230743408 5.127171993255615 5.118274211883545 5.153702735900879 5.19879150390625 5.265078067779541 5.304226398468018 5.294996738433838 5.369354248046875 5.397541522979736 5.479016304016113 5.543340682983398 5.814129829406738 0.0 0.0 0.0 0.0 0.0 0.0 0.0 0.0 0.0 0.0 0.0
9.83410930633545 4.771792411804199 5.075132369995117 5.083066940307617 4.996739387512207 4.997628211975098 4.988195896148682 5.05615758895874 5.061110496520996 5.104456424713135 5.061975479125977 5.0814528465271 5.111142635345459 5.200076580047607 5.234979152679443 5.2574238777160645 5.288806915283203 5.327259540557861 5.389159679412842 5.433558464050293 5.5341715812683105 5.808372497558594 0.0 0.0 0.0 0.0 0.0 0.0 0.0 0.0 0.0 0.0
9.832330703735352 4.6875081062316895 5.020752906799316 5.050999164581299 4.987091541290283 4.976822853088379 4.939661502838135 4.984928607940674 5.011664390563965 5.065864086151123 5.061570167541504 5.039153099060059 5.0507988929748535 5.076434135437012 5.145964622497559 5.189639091491699 5.238058567047119 5.27860689163208 5.330204486846924 5.352138519287109 5.417886257171631 5.510465621948242 5.777630805969238 0.0 0.0 0.0 0.0 0.0 0.0 0.0 0.0 0.0
9.830240249633789 4.63056755065918 4.9504075050354 5.005579948425293 4.986855506896973 5.000670433044434 4.920804500579834 4.947604656219482 4.929214954376221 5.006280422210693 5.012924671173096 5.026589393615723 5.013906002044678 5.025654315948486 5.079563617706299 5.1071600914001465 5.184051513671875 5.211570739746094 5.251924514770508 5.283088207244873 5.3514723777771 5.3804121017456055 5.480506896972656 5.758298873901367 0.0 0.0 0.0 0.0 0.0 0.0 0.0 0.0
9.826140403747559 4.640791893005371 4.904361248016357 4.944450855255127 4.952945709228516 5.010390281677246 4.926197528839111 4.931557655334473 4.901721954345703 4.962732315063477 4.991765975952148 5.010064601898193 4.99725341796875 5.034315586090088 5.010234355926514 5.027220249176025 5.105753421783447 5.159265518188477 5.193026065826416 5.218413829803467 5.298486709594727 5.324765205383301 5.365726947784424 5.466336250305176 5.741159439086914 0.0 0.0 0.0 0.0 0.0 0.0 0.0
9.8223876953125 4.6617512702941895 4.899818420410156 4.914144992828369 4.884918689727783 4.952855587005615 4.9026947021484375 4.924352645874023 4.91588830947876 4.926596641540527 4.92963171005249 4.964341163635254 4.976846694946289 4.985835552215576 4.990196704864502 4.964433193206787 5.033974647521973 5.090884208679199 5.151907920837402 5.18440055847168 5.2311787605285645 5.257706642150879 5.301919460296631 5.347050666809082 5.511319637298584 5.709209442138672 0.0 0.0 0.0 0.0 0.0 0.0
9.822155952453613 4.598423004150391 4.8742356300354 4.8540873527526855 4.812108516693115 4.866460800170898 4.8517937660217285 4.8979949951171875 4.899358749389648 4.925922393798828 4.86683988571167 4.896498203277588 4.912727355957031 4.949892044067383 4.975480079650879 4.944494247436523 4.976772785186768 4.987124919891357 5.050745964050293 5.13883113861084 5.173030853271484 5.190805912017822 5.23318338394165 5.2851738929748535 5.340557098388672 5.433780670166016 5.714203357696533 0.0 0.0 0.0 0.0 0.0
9.818037033081055 4.564617156982422 4.862932205200195 4.862776756286621 4.7794718742370605 4.829334259033203 4.788891792297363 4.868335247039795 4.894986629486084 4.887392520904541 4.8753132820129395 4.863434314727783 4.8706207275390625 4.933808326721191 4.947537899017334 4.941777229309082 4.9353437423706055 4.942434310913086 4.9723005294799805 5.0473127365112305 5.138950824737549 5.148076057434082 5.180392265319824 5.218297958374023 5.302070617675781 5.315621852874756 5.445016384124756 5.710103511810303 0.0 0.0 0.0 0.0
9.816863059997559 4.5399065017700195 4.8267693519592285 4.858122825622559 4.785603046417236 4.775216102600098 4.748196125030518 4.8013014793396 4.814500331878662 4.876996040344238 4.862794876098633 4.855626583099365 4.829093933105469 4.876882553100586 4.885355472564697 4.890223979949951 4.9040656089782715 4.897715091705322 4.927937984466553 4.981818675994873 5.05244255065918 5.063783168792725 5.117117404937744 5.151866436004639 5.242865085601807 5.283787250518799 5.308928966522217 5.423441410064697 5.676544666290283 0.0 0.0 0.0
9.815787315368652 4.492236137390137 4.765883445739746 4.824255466461182 4.765700817108154 4.788057327270508 4.694864749908447 4.722712516784668 4.756739616394043 4.825119495391846 4.845512866973877 4.849836826324463 4.801211833953857 4.811677932739258 4.8260955810546875 4.842058181762695 4.883834362030029 4.9021477699279785 4.89835786819458 4.895673751831055 4.95224666595459 4.995020389556885 5.06076192855835 5.111434459686279 5.189947605133057 5.183779239654541 5.224333763122559 5.279300212860107 5.4105377197265625 5.697052001953125 0.0 0.0
9.814640045166016 4.513490200042725 4.754467487335205 4.7717790603637695 4.734706401824951 4.876494407653809 4.6878981590271 4.698116779327393 4.682066917419434 4.7547736167907715 4.783393383026123 4.830663204193115 4.790105819702148 4.8426899909973145 4.765783309936523 4.787795066833496 4.820253372192383 4.861469745635986 4.865053653717041 4.849027156829834 4.8813347816467285 4.900101184844971 4.975589752197266 5.028709888458252 5.093844413757324 5.116855621337891 5.16015100479126 5.194575786590576 5.247200965881348 5.42486572265625 5.688440799713135 0.0
9.808751106262207 4.516523361206055 4.720717906951904 4.711368560791016 4.701018810272217 4.806265354156494 4.71628999710083 4.726163864135742 4.728673458099365 4.742837905883789 4.745559215545654 4.791161060333252 4.798453330993652 4.811882972717285 4.80527400970459 4.756508827209473 4.786139011383057 4.832012176513672 4.884068012237549 4.888391971588135 4.8821539878845215 4.86176872253418 4.880509853363037 4.951055526733398 5.063326835632324 5.0741987228393555 5.1306986808776855 5.170300006866455 5.1929521560668945 5.272924900054932 5.399205684661865 5.7041778564453125
