10.020692825317383 0.0 0.0 0.0 0.0 0.0 0.0 0.0 0.0 0.0 0.0 0.0 0.0 0.0 0.0 0.0 0.0 0.0 0.0 0.0 0.0 0.0 0.0 0.0 0.0 0.0 0.0 0.0 0.0 0.0 0.0 0.0
10.003922462463379 5.919254779815674 0.0 0.0 0.0 0.0 0.0 0.0 0.0 0.0 0.0 0.0 0.0 0.0 0.0 0.0 0.0 0.0 0.0 0.0 0.0 0.0 0.0 0.0 0.0 0.0 0.0 0.0 0.0 0.0 0.0 0.0
9.922689437866211 7.403031826019287 6.125648498535156 0.0 0.0 0.0 0.0 0.0 0.0 0.0 0.0 0.0 0.0 0.0 0.0 0.0 0.0 0.0 0.0 0.0 0.0 0.0 0.0 0.0 0.0 0.0 0.0 0.0 0.0 0.0 0.0 0.0
9.880504608154297 6.705123424530029 7.478439807891846 5.873220920562744 0.0 0.0 0.0 0.0 0.0 0.0 0.0 0.0 0.0 0.0 0.0 0.0 0.0 0.0 0.0 0.0 0.0 0.0 0.0 0.0 0.0 0.0 0.0 0.0 0.0 0.0 0.0 0.0
9.874655723571777 5.54273796081543 6.662901878356934 7.392293930053711 5.978531837463379 0.0 0.0 0.0 0.0 0.0 0.0 0.0 0.0 0.0 0.0 0.0 0.0 0.0 0.0 0.0 0.0 0.0 0.0 0.0 0.0 0.0 0.0 0.0 0.0 0.0 0.0 0.0
9.862244606018066 4.597514629364014 5.564137935638428 6.609160423278809 7.4728779792785645 6.076169967651367 0.0 0.0 0.0 0.0 0.0 0.0 0.0 0.0 0.0 0.0 0.0 0.0 0.0 0.0 0.0 0.0 0.0 0.0 0.0 0.0 0.0 0.0 0.0 0.0 0.0 0.0
9.85214900970459 3.9700775146484375 4.564699172973633 5.531417369842529 6.776729583740234 7.503462791442871 5.985764026641846 0.0 0.0 0.0 0.0 0.0 0.0 0.0 0.0 0.0 0.0 0.0 0.0 0.0 0.0 0.0 0.0 0.0 0.0 0.0 0.0 0.0 0.0 0.0 0.0 0.0
9.83985424041748 4.184804439544678 4.1033124923706055 4.692916393280029 5.72592830657959 6.8247456550598145 7.525148391723633 6.010108947753906 0.0 0.0 0.0 0.0 0.0 0.0 0.0 0.0 0.0 0.0 0.0 0.0 0.0 0.0 0.0 0.0 0.0 0.0 0.0 0.0 0.0 0.0 0.0 0.0
9.846983909606934 3.7298686504364014 4.262516975402832 4.324820041656494 4.828304290771484 5.80406379699707 6.774311065673828 7.422490119934082 5.985368251800537 0.0 0.0 0.0 0.0 0.0 0.0 0.0 0.0 0.0 0.0 0.0 0.0 0.0 0.0 0.0 0.0 0.0 0.0 0.0 0.0 0.0 0.0 0.0
9.840083122253418 3.1350059509277344 3.796110153198242 4.8760576248168945 4.495406150817871 4.885195732116699 5.866878032684326 6.6360673904418945 7.497323989868164 5.947207450866699 0.0 0.0 0.0 0.0 0.0 0.0 0.0 0.0 0.0 0.0 0.0 0.0 0.0 0.0 0.0 0.0 0.0 0.0 0.0 0.0 0.0 0.0
9.844673156738281 2.483827829360962 3.16279673576355 3.8565773963928223 4.191075801849365 4.328484058380127 4.770813941955566 5.629979133605957 6.719037055969238 7.484223365783691 6.009241580963135 0.0 0.0 0.0 0.0 0.0 0.0 0.0 0.0 0.0 0.0 0.0 0.0 0.0 0.0 0.0 0.0 0.0 0.0 0.0 0.0 0.0
9.845592498779297 2.285442590713501 2.610135555267334 3.173139810562134 3.8602802753448486 4.737929344177246 4.330500602722168 4.756011009216309 5.699097633361816 6.655859470367432 7.470710754394531 5.958424091339111 0.0 0.0 0.0 0.0 0.0 0.0 0.0 0.0 0.0 0.0 0.0 0.0 0.0 0.0 0.0 0.0 0.0 0.0 0.0 0.0
9.83686637878418 2.3411929607391357 2.3151638507843018 2.611820697784424 3.1225311756134033 4.469165325164795 4.222049236297607 4.199927806854248 4.788301944732666 5.631216049194336 6.634912967681885 7.576226711273193 5.977463722229004 0.0 0.0 0.0 0.0 0.0 0.0 0.0 0.0 0.0 0.0 0.0 0.0 0.0 0.0 0.0 0.0 0.0 0.0 0.0
9.83996868133545 2.7686078548431396 2.6198036670684814 2.543592691421509 2.6843533515930176 3.1674749851226807 3.7658276557922363 4.292890548706055 4.324580669403076 4.872963905334473 5.610413074493408 6.707864761352539 7.517704010009766 5.97115421295166 0.0 0.0 0.0 0.0 0.0 0.0 0.0 0.0 0.0 0.0 0.0 0.0 0.0 0.0 0.0 0.0 0.0 0.0
9.844252586364746 2.7169580459594727 2.928487539291382 2.5985703468322754 2.4334139823913574 2.623321771621704 3.113478422164917 3.867781639099121 4.136041164398193 4.252763271331787 4.894440650939941 5.715426921844482 6.688638687133789 7.464111328125 5.961240768432617 0.0 0.0 0.0 0.0 0.0 0.0 0.0 0.0 0.0 0.0 0.0 0.0 0.0 0.0 0.0 0.0 0.0
9.847838401794434 2.0259251594543457 2.9123847484588623 2.7900502681732178 2.552631378173828 2.4412004947662354 2.6435680389404297 3.1124002933502197 3.7534923553466797 4.083199501037598 4.2605719566345215 4.864360332489014 5.6564130783081055 6.61652135848999 7.47196102142334 5.951860427856445 0.0 0.0 0.0 0.0 0.0 0.0 0.0 0.0 0.0 0.0 0.0 0.0 0.0 0.0 0.0 0.0
9.845743179321289 1.2845951318740845 2.179521083831787 2.726358413696289 2.7709317207336426 2.5308585166931152 2.4248239994049072 2.6475181579589844 3.140732765197754 3.6847593784332275 4.17107629776001 4.2303147315979 4.706273078918457 5.607395172119141 6.641357898712158 7.489599704742432 6.0051960945129395 0.0 0.0 0.0 0.0 0.0 0.0 0.0 0.0 0.0 0.0 0.0 0.0 0.0 0.0 0.0
9.83585262298584 0.8849446773529053 1.3308814764022827 2.046464204788208 2.69769024848938 2.7798776626586914 2.6755242347717285 2.3507142066955566 2.618574857711792 3.031862735748291 3.6675753593444824 4.108741283416748 4.236390113830566 4.775335311889648 5.643063545227051 6.703479290008545 7.563571453094482 5.972609996795654 0.0 0.0 0.0 0.0 0.0 0.0 0.0 0.0 0.0 0.0 0.0 0.0 0.0 0.0
9.848353385925293 1.0563024282455444 0.9661548137664795 1.2295321226119995 2.023874044418335 2.682652473449707 2.7469770908355713 2.4875664710998535 2.3718602657318115 2.5711801052093506 3.0360910892486572 3.6437692642211914 4.077810287475586 4.240071773529053 4.79643440246582 5.62565279006958 6.657746315002441 7.465938568115234 5.9400835037231445 0.0 0.0 0.0 0.0 0.0 0.0 0.0 0.0 0.0 0.0 0.0 0.0 0.0
9.847079277038574 1.6338226795196533 1.0924763679504395 0.8820062279701233 1.2162551879882812 1.985937476158142 2.6788909435272217 2.7027766704559326 2.482327461242676 2.332641839981079 2.6235315799713135 3.0102126598358154 3.763519525527954 4.036427974700928 4.219770908355713 4.714723587036133 5.60740327835083 6.675546646118164 7.474330902099609 5.956186771392822 0.0 0.0 0.0 0.0 0.0 0.0 0.0 0.0 0.0 0.0 0.0 0.0
9.847541809082031 2.2447991371154785 1.7389048337936401 1.0657901763916016 0.9670845866203308 1.2278797626495361 2.018887519836426 2.6645073890686035 2.7897253036499023 2.511186122894287 2.342069387435913 2.6144771575927734 3.0223495960235596 3.6542906761169434 4.072763919830322 4.190495491027832 4.72944450378418 5.609106063842773 6.656075954437256 7.467218399047852 5.981727123260498 0.0 0.0 0.0 0.0 0.0 0.0 0.0 0.0 0.0 0.0 0.0
9.841096878051758 2.154367208480835 2.383333921432495 1.5501939058303833 1.0512913465499878 0.9182183742523193 1.2028371095657349 1.944075584411621 2.665363311767578 2.694293260574341 2.451969861984253 2.556317090988159 2.537247896194458 2.986567497253418 3.6792666912078857 4.130561351776123 4.292215824127197 4.766194820404053 5.645011901855469 6.647683143615723 7.525012969970703 5.9624433517456055 0.0 0.0 0.0 0.0 0.0 0.0 0.0 0.0 0.0 0.0
9.849474906921387 1.5708304643630981 2.4018893241882324 2.089932441711426 1.5388572216033936 1.0543828010559082 0.9065377712249756 1.2326639890670776 1.9594178199768066 2.5769453048706055 2.6652722358703613 2.4306275844573975 2.2995994091033936 2.4730560779571533 2.974022150039673 3.6257050037384033 4.03732442855835 4.161317825317383 4.768091201782227 5.612716197967529 6.638911724090576 7.457777976989746 5.954099655151367 0.0 0.0 0.0 0.0 0.0 0.0 0.0 0.0 0.0
9.84215259552002 1.2216535806655884 1.9072552919387817 2.166264533996582 2.096143960952759 1.567291021347046 1.0597312450408936 0.9171416163444519 1.25276780128479 1.9061611890792847 2.582712173461914 2.6742584705352783 2.3923020362854004 2.3010222911834717 2.525609016418457 3.043409585952759 3.7138216495513916 4.0601301193237305 4.182277202606201 4.715616226196289 5.678095817565918 6.674325466156006 7.502166748046875 5.978954792022705 0.0 0.0 0.0 0.0 0.0 0.0 0.0 0.0
9.838601112365723 1.2565488815307617 1.475376844406128 1.701442003250122 2.123854398727417 2.0895020961761475 1.5553765296936035 1.0004311800003052 0.8760852217674255 1.1522258520126343 1.9346791505813599 2.5554232597351074 2.610614538192749 2.3944215774536133 2.26228928565979 2.460895299911499 2.9653635025024414 3.604130268096924 4.010894775390625 4.1828837394714355 4.7491350173950195 5.6288018226623535 6.713185787200928 7.53318977355957 5.973752975463867 0.0 0.0 0.0 0.0 0.0 0.0 0.0
9.839486122131348 1.6854569911956787 1.4335746765136719 1.3119007349014282 1.7001227140426636 2.109844923019409 2.0492770671844482 1.4937734603881836 0.9886121153831482 0.8407365679740906 1.2023632526397705 1.8800292015075684 2.5516741275787354 2.625220537185669 2.4058995246887207 2.2701940536499023 2.4974546432495117 2.9661970138549805 3.6674561500549316 4.084613800048828 4.174203872680664 4.6822590827941895 5.639908790588379 6.779224395751953 7.492903709411621 5.958830833435059 0.0 0.0 0.0 0.0 0.0 0.0
9.840775489807129 2.0847766399383545 1.7696508169174194 1.3227251768112183 1.302455186843872 1.60935378074646 2.0662951469421387 2.0276906490325928 1.4909993410110474 0.9652677178382874 0.8456138372421265 1.129919409751892 1.8470839262008667 2.5394325256347656 2.613126277923584 2.38720440864563 2.270426034927368 2.450162649154663 2.9832334518432617 3.6164603233337402 4.1270270347595215 4.165114879608154 4.750804424285889 5.713313579559326 6.705854892730713 7.4897894859313965 5.983397006988525 0.0 0.0 0.0 0.0 0.0
9.838397026062012 1.7795898914337158 2.0467565059661865 1.6754071712493896 1.3668607473373413 1.323111653327942 1.6050621271133423 2.04331374168396 2.025563955307007 1.4718784093856812 0.984766960144043 0.9081531167030334 1.141737461090088 1.8946260213851929 2.5549819469451904 2.6171751022338867 2.491060733795166 2.250190496444702 2.5304603576660156 3.0186100006103516 3.7416164875030518 4.0923638343811035 4.208495140075684 4.83368444442749 5.640269756317139 6.676680088043213 7.525731563568115 5.985601425170898 0.0 0.0 0.0 0.0
9.847697257995605 0.9138116240501404 1.6711597442626953 1.9358633756637573 1.7382749319076538 1.337860107421875 1.2726796865463257 1.5535439252853394 2.002814531326294 1.9979050159454346 1.4640090465545654 0.9638758301734924 0.8169612288475037 1.0984103679656982 1.8389661312103271 2.4878034591674805 2.6409406661987305 2.3543896675109863 2.2499172687530518 2.4857213497161865 2.9675633907318115 3.699697971343994 4.152966499328613 4.233364105224609 4.744277477264404 5.593813419342041 6.634220600128174 7.466958522796631 5.956648826599121 0.0 0.0 0.0
9.839579582214355 0.448364794254303 0.9235213994979858 1.5807145833969116 1.9580233097076416 1.6842942237854004 1.3180779218673706 1.2323776483535767 1.5451959371566772 1.969175934791565 1.99741530418396 1.4409335851669312 0.9441621899604797 0.8011243939399719 1.1053962707519531 1.8128701448440552 2.4989066123962402 2.567704677581787 2.357059955596924 2.2568018436431885 2.425825834274292 2.9430222511291504 3.6664695739746094 4.167238235473633 4.123798847198486 4.688195705413818 5.56812858581543 6.6357197761535645 7.557626724243164 5.979875087738037 0.0 0.0
9.848478317260742 0.4573676884174347 0.5328316688537598 0.8810518383979797 1.5949209928512573 1.950584888458252 1.7794283628463745 1.3036320209503174 1.3097805976867676 1.5441551208496094 2.1671674251556396 1.9572014808654785 1.4153579473495483 0.9293453693389893 0.8077622056007385 1.0957608222961426 1.843300700187683 2.5974159240722656 2.588383197784424 2.3680520057678223 2.2660934925079346 2.4659435749053955 3.01944899559021 3.6864521503448486 4.2187418937683105 4.132721900939941 4.700419902801514 5.640054702758789 6.649970054626465 7.444838523864746 5.9639387130737305 0.0
9.844135284423828 0.914152979850769 0.5509771108627319 0.4928625822067261 0.8920706510543823 1.6044790744781494 1.923952579498291 1.6585749387741089 1.3305199146270752 1.212417483329773 1.5361031293869019 1.9501155614852905 1.8934112787246704 1.4026756286621094 0.9231205582618713 0.7936486601829529 1.0938396453857422 1.7917962074279785 2.50099515914917 2.567718744277954 2.347299337387085 2.2923927307128906 2.418787717819214 2.9332122802734375 3.8173348903656006 4.11803674697876 4.178754806518555 4.660853385925293 5.5933332443237305 6.621739387512207 7.512607097625732 5.9749956130981445
