10.020692825317383 0.0 0.0 0.0 0.0 0.0 0.0 0.0 0.0 0.0 0.0 0.0 0.0 0.0 0.0 0.0 0.0 0.0 0.0 0.0 0.0 0.0 0.0 0.0 0.0 0.0 0.0 0.0 0.0 0.0 0.0 0.0
9.947281837463379 7.371295928955078 0.0 0.0 0.0 0.0 0.0 0.0 0.0 0.0 0.0 0.0 0.0 0.0 0.0 0.0 0.0 0.0 0.0 0.0 0.0 0.0 0.0 0.0 0.0 0.0 0.0 0.0 0.0 0.0 0.0 0.0
9.952646255493164 6.332420825958252 6.819509506225586 0.0 0.0 0.0 0.0 0.0 0.0 0.0 0.0 0.0 0.0 0.0 0.0 0.0 0.0 0.0 0.0 0.0 0.0 0.0 0.0 0.0 0.0 0.0 0.0 0.0 0.0 0.0 0.0 0.0
9.941930770874023 5.786113262176514 6.260472774505615 6.749810218811035 0.0 0.0 0.0 0.0 0.0 0.0 0.0 0.0 0.0 0.0 0.0 0.0 0.0 0.0 0.0 0.0 0.0 0.0 0.0 0.0 0.0 0.0 0.0 0.0 0.0 0.0 0.0 0.0
9.935972213745117 5.36936092376709 5.733865737915039 6.182151794433594 6.708843231201172 0.0 0.0 0.0 0.0 0.0 0.0 0.0 0.0 0.0 0.0 0.0 0.0 0.0 0.0 0.0 0.0 0.0 0.0 0.0 0.0 0.0 0.0 0.0 0.0 0.0 0.0 0.0
9.918277740478516 5.316811561584473 5.519908428192139 5.728887557983398 6.450620651245117 6.680648326873779 0.0 0.0 0.0 0.0 0.0 0.0 0.0 0.0 0.0 0.0 0.0 0.0 0.0 0.0 0.0 0.0 0.0 0.0 0.0 0.0 0.0 0.0 0.0 0.0 0.0 0.0
9.925537109375 5.237684726715088 5.177735805511475 5.187087059020996 5.835929870605469 6.151303291320801 6.533647060394287 0.0 0.0 0.0 0.0 0.0 0.0 0.0 0.0 0.0 0.0 0.0 0.0 0.0 0.0 0.0 0.0 0.0 0.0 0.0 0.0 0.0 0.0 0.0 0.0 0.0
9.932219505310059 5.019139766693115 4.944616794586182 4.833141326904297 5.240200519561768 5.685621738433838 5.939212322235107 6.442080497741699 0.0 0.0 0.0 0.0 0.0 0.0 0.0 0.0 0.0 0.0 0.0 0.0 0.0 0.0 0.0 0.0 0.0 0.0 0.0 0.0 0.0 0.0 0.0 0.0
9.937592506408691 4.841182231903076 4.87381649017334 4.546253681182861 4.81321382522583 5.000452995300293 5.337639331817627 5.99610710144043 6.336794853210449 0.0 0.0 0.0 0.0 0.0 0.0 0.0 0.0 0.0 0.0 0.0 0.0 0.0 0.0 0.0 0.0 0.0 0.0 0.0 0.0 0.0 0.0 0.0
9.94106674194336 4.696986675262451 4.929315567016602 4.408073425292969 4.483515739440918 4.598458766937256 4.830633163452148 5.398386478424072 5.792809009552002 6.282246112823486 0.0 0.0 0.0 0.0 0.0 0.0 0.0 0.0 0.0 0.0 0.0 0.0 0.0 0.0 0.0 0.0 0.0 0.0 0.0 0.0 0.0 0.0
9.945124626159668 4.408173561096191 4.539510726928711 4.470188617706299 4.396193504333496 4.528463840484619 4.502242088317871 4.798425674438477 5.10805606842041 5.787926197052002 6.221871376037598 0.0 0.0 0.0 0.0 0.0 0.0 0.0 0.0 0.0 0.0 0.0 0.0 0.0 0.0 0.0 0.0 0.0 0.0 0.0 0.0 0.0
9.936223983764648 4.208548545837402 4.249537944793701 4.318184852600098 4.385131359100342 4.290981769561768 4.326498985290527 4.736551761627197 4.657636642456055 5.1935715675354 6.2221198081970215 6.183858871459961 0.0 0.0 0.0 0.0 0.0 0.0 0.0 0.0 0.0 0.0 0.0 0.0 0.0 0.0 0.0 0.0 0.0 0.0 0.0 0.0
9.93382453918457 4.20558500289917 4.186314582824707 4.137561798095703 4.257080554962158 4.324166297912598 4.2545623779296875 4.498415946960449 4.394242763519287 4.65172815322876 6.069051265716553 5.605435371398926 6.190742492675781 0.0 0.0 0.0 0.0 0.0 0.0 0.0 0.0 0.0 0.0 0.0 0.0 0.0 0.0 0.0 0.0 0.0 0.0 0.0
9.948221206665039 4.118902206420898 4.028726577758789 3.9056715965270996 3.9454665184020996 4.187321186065674 4.16330623626709 4.333093166351318 4.25127649307251 4.349056720733643 4.9532670974731445 5.030819892883301 5.563939571380615 6.116939544677734 0.0 0.0 0.0 0.0 0.0 0.0 0.0 0.0 0.0 0.0 0.0 0.0 0.0 0.0 0.0 0.0 0.0 0.0
9.944881439208984 4.04929780960083 4.068463325500488 3.8820600509643555 3.80181884765625 3.9431982040405273 3.999648332595825 4.280630588531494 4.138206958770752 4.279376029968262 4.710427284240723 4.601960182189941 5.066350936889648 5.675145626068115 6.151273250579834 0.0 0.0 0.0 0.0 0.0 0.0 0.0 0.0 0.0 0.0 0.0 0.0 0.0 0.0 0.0 0.0 0.0
9.947793960571289 3.915517568588257 3.9513771533966064 3.8209097385406494 3.7762258052825928 3.861482858657837 3.8353705406188965 4.075492858886719 4.108940601348877 4.167479515075684 4.305786609649658 4.257997035980225 4.582092761993408 5.067495822906494 5.52787446975708 6.153785228729248 0.0 0.0 0.0 0.0 0.0 0.0 0.0 0.0 0.0 0.0 0.0 0.0 0.0 0.0 0.0 0.0
9.94436264038086 3.735699415206909 3.7840921878814697 3.778681993484497 3.8242745399475098 3.8177318572998047 3.7504217624664307 3.9759771823883057 3.9227938652038574 4.1081767082214355 4.812164783477783 4.070076942443848 4.234210014343262 4.559277534484863 4.935277462005615 5.539644718170166 6.210093975067139 0.0 0.0 0.0 0.0 0.0 0.0 0.0 0.0 0.0 0.0 0.0 0.0 0.0 0.0 0.0
9.944653511047363 3.624779224395752 3.551499843597412 3.638491630554199 3.7914626598358154 3.8563504219055176 3.7493956089019775 3.8013522624969482 3.709700584411621 3.9484035968780518 4.9209489822387695 4.004308700561523 4.093530178070068 4.254457950592041 4.485726833343506 4.949404239654541 5.604979991912842 6.1195268630981445 0.0 0.0 0.0 0.0 0.0 0.0 0.0 0.0 0.0 0.0 0.0 0.0 0.0 0.0
9.943119049072266 3.618880271911621 3.4652509689331055 3.4667487144470215 3.6652355194091797 3.8221020698547363 3.7828328609466553 3.864827871322632 3.692321300506592 3.7859385013580322 4.544253826141357 3.9785213470458984 4.021734714508057 4.066745758056641 4.1458940505981445 4.681681156158447 5.163472652435303 5.583440780639648 6.126572608947754 0.0 0.0 0.0 0.0 0.0 0.0 0.0 0.0 0.0 0.0 0.0 0.0 0.0
9.944290161132812 3.7620456218719482 3.4588723182678223 3.3548150062561035 3.4359872341156006 3.7187063694000244 3.7436935901641846 3.856379270553589 3.722942352294922 3.7666211128234863 4.112085819244385 3.770599842071533 3.9421041011810303 4.047693729400635 3.988771677017212 4.232597351074219 4.638756275177002 4.948328018188477 5.5849432945251465 6.1597089767456055 0.0 0.0 0.0 0.0 0.0 0.0 0.0 0.0 0.0 0.0 0.0 0.0
9.947578430175781 3.749790668487549 3.531165361404419 3.327883005142212 3.3072006702423096 3.457444667816162 3.546069622039795 3.7274999618530273 3.686021566390991 3.6987876892089844 3.806532859802246 3.639936685562134 3.816631555557251 3.9316232204437256 3.9091227054595947 4.016762733459473 4.2138166427612305 4.489893436431885 4.972921848297119 5.478362083435059 6.124405860900879 0.0 0.0 0.0 0.0 0.0 0.0 0.0 0.0 0.0 0.0 0.0
9.945868492126465 3.780984401702881 3.6135945320129395 3.4079062938690186 3.29423189163208 3.359485387802124 3.3483588695526123 3.488147497177124 3.6696126461029053 3.75567889213562 3.8901607990264893 3.602821111679077 3.6669211387634277 3.8765246868133545 3.9607670307159424 4.074146270751953 4.095848560333252 4.254776477813721 4.565397262573242 4.848402976989746 5.468748092651367 6.117001056671143 0.0 0.0 0.0 0.0 0.0 0.0 0.0 0.0 0.0 0.0
9.94207763671875 3.650094985961914 3.6820521354675293 3.575462579727173 3.3676538467407227 3.3044745922088623 3.27339506149292 3.6517555713653564 3.444441080093384 3.7013518810272217 4.50770378112793 3.5517661571502686 3.5592427253723145 3.786984443664551 3.9644527435302734 4.045258045196533 3.9544031620025635 4.231135845184326 4.267441272735596 4.416168689727783 4.862350940704346 5.498568534851074 6.106551170349121 0.0 0.0 0.0 0.0 0.0 0.0 0.0 0.0 0.0
9.94387435913086 3.624584436416626 3.509554862976074 3.5941364765167236 3.461442708969116 3.4507863521575928 3.2165448665618896 3.2264137268066406 3.242720603942871 3.5163357257843018 3.730458974838257 3.5924131870269775 3.553518533706665 3.6139447689056396 3.7369472980499268 3.887929677963257 3.9112772941589355 3.9430530071258545 4.142005920410156 4.076587200164795 4.444351673126221 4.983686923980713 5.472827434539795 6.150646209716797 0.0 0.0 0.0 0.0 0.0 0.0 0.0 0.0
9.932710647583008 3.6574337482452393 3.432408332824707 3.4463047981262207 3.4841222763061523 3.5086863040924072 3.376739740371704 3.196551561355591 3.1328790187835693 3.3590972423553467 3.7174386978149414 3.5953776836395264 3.637269973754883 3.923985004425049 3.6041207313537598 3.7106783390045166 3.8316490650177 3.9098660945892334 4.2317118644714355 4.006999969482422 4.116529941558838 4.858193874359131 5.0460333824157715 5.548274040222168 6.356851577758789 0.0 0.0 0.0 0.0 0.0 0.0 0.0
9.941493034362793 3.8087377548217773 3.3733670711517334 3.335552930831909 3.362730026245117 3.474179983139038 3.384211778640747 3.255647659301758 3.147634267807007 3.2910711765289307 3.4312407970428467 3.349893093109131 3.554832935333252 3.691255569458008 3.4963173866271973 3.560185194015503 3.6446890830993652 3.769859552383423 4.135692119598389 3.944375514984131 3.9646315574645996 4.256275653839111 4.41859769821167 4.836374282836914 5.519320964813232 6.182194232940674 0.0 0.0 0.0 0.0 0.0 0.0
9.939057350158691 3.719825267791748 3.421900987625122 3.35575532913208 3.254762649536133 3.3413443565368652 3.2936880588531494 3.2743828296661377 3.278463840484619 3.1548495292663574 3.389878273010254 3.131695508956909 3.4532806873321533 3.6046371459960938 3.6685445308685303 3.5305233001708984 3.512834072113037 3.5783185958862305 4.024555683135986 3.894824981689453 3.860771417617798 4.153051853179932 4.126737594604492 4.654088497161865 5.159917831420898 5.592588424682617 6.080526828765869 0.0 0.0 0.0 0.0 0.0
9.941810607910156 3.6623239517211914 3.4756722450256348 3.43924617767334 3.230250120162964 3.2723820209503174 3.198784589767456 3.2992753982543945 3.2356390953063965 3.1606264114379883 3.2286477088928223 3.0662007331848145 3.110334873199463 3.3783206939697266 3.547454833984375 3.509535789489746 3.4197771549224854 3.4136388301849365 3.669050693511963 3.7752857208251953 3.8138997554779053 4.132906436920166 4.0187668800354 4.336112976074219 4.69849967956543 5.126842975616455 5.375627517700195 6.0627593994140625 0.0 0.0 0.0 0.0
9.942129135131836 3.5451221466064453 3.4032464027404785 3.4547641277313232 3.331472158432007 3.261698007583618 3.12489914894104 3.1762423515319824 3.2305357456207275 3.225640296936035 3.140099048614502 2.9717116355895996 2.998619318008423 3.15736722946167 3.3848347663879395 3.4559011459350586 3.4653544425964355 3.4443180561065674 3.552375316619873 3.505661725997925 3.742478370666504 4.027618408203125 3.8951632976531982 4.059511661529541 4.533964157104492 4.557967662811279 4.836132049560547 5.414938926696777 6.113348007202148 0.0 0.0 0.0
9.939517974853516 3.513035297393799 3.333993434906006 3.4527323246002197 3.311079740524292 3.287996292114258 3.153287172317505 3.0816824436187744 3.1470673084259033 3.1447408199310303 3.203789472579956 3.1596877574920654 3.0223705768585205 3.0655972957611084 3.3548974990844727 3.3943755626678467 3.4553210735321045 3.6082069873809814 3.5054636001586914 3.4535744190216064 3.574270009994507 3.8221185207366943 3.8146955966949463 4.0178937911987305 4.413593769073486 4.250068664550781 4.445083141326904 4.8747878074646 5.512729167938232 6.127379894256592 0.0 0.0
9.943012237548828 3.5037825107574463 3.2123961448669434 3.3415353298187256 3.292654275894165 3.340031623840332 3.104656934738159 3.09623122215271 3.105203866958618 3.1015028953552246 3.1488237380981445 3.1188483238220215 3.0966742038726807 2.991499900817871 3.288520097732544 3.211568832397461 3.3273515701293945 3.5234215259552 3.786802053451538 3.4716548919677734 3.4413368701934814 3.636247396469116 3.7100844383239746 3.7973392009735107 4.018095970153809 4.094900131225586 4.090790748596191 4.356799125671387 4.8326945304870605 5.369157791137695 6.110020160675049 0.0
9.936286926269531 3.619131088256836 3.2266814708709717 3.3210737705230713 3.2681057453155518 3.404637336730957 3.2601661682128906 3.152480363845825 3.07886004447937 3.0580708980560303 3.7857000827789307 3.0981099605560303 3.1222548484802246 3.230034351348877 3.160433053970337 2.9595556259155273 3.1908774375915527 3.298865556716919 3.6915769577026367 3.403996229171753 3.377417802810669 4.024522304534912 3.58785343170166 3.815096139907837 3.959954023361206 4.202994346618652 4.011736869812012 4.072342395782471 4.439498424530029 4.778479099273682 5.506683826446533 6.172479629516602
