10.020692825317383 0.0 0.0 0.0 0.0 0.0 0.0 0.0 0.0 0.0 0.0 0.0 0.0 0.0 0.0 0.0 0.0 0.0 0.0 0.0 0.0 0.0 0.0 0.0 0.0 0.0 0.0 0.0 0.0 0.0 0.0 0.0
10.013784408569336 5.033128261566162 0.0 0.0 0.0 0.0 0.0 0.0 0.0 0.0 0.0 0.0 0.0 0.0 0.0 0.0 0.0 0.0 0.0 0.0 0.0 0.0 0.0 0.0 0.0 0.0 0.0 0.0 0.0 0.0 0.0 0.0
10.000921249389648 4.819283962249756 5.753914833068848 0.0 0.0 0.0 0.0 0.0 0.0 0.0 0.0 0.0 0.0 0.0 0.0 0.0 0.0 0.0 0.0 0.0 0.0 0.0 0.0 0.0 0.0 0.0 0.0 0.0 0.0 0.0 0.0 0.0
9.987367630004883 4.9649176597595215 5.363513469696045 5.9404296875 0.0 0.0 0.0 0.0 0.0 0.0 0.0 0.0 0.0 0.0 0.0 0.0 0.0 0.0 0.0 0.0 0.0 0.0 0.0 0.0 0.0 0.0 0.0 0.0 0.0 0.0 0.0 0.0
9.973830223083496 4.972687721252441 5.447439193725586 5.499648571014404 6.014155387878418 0.0 0.0 0.0 0.0 0.0 0.0 0.0 0.0 0.0 0.0 0.0 0.0 0.0 0.0 0.0 0.0 0.0 0.0 0.0 0.0 0.0 0.0 0.0 0.0 0.0 0.0 0.0
9.957904815673828 5.057906150817871 5.669612884521484 5.4698944091796875 5.481743812561035 6.099275588989258 0.0 0.0 0.0 0.0 0.0 0.0 0.0 0.0 0.0 0.0 0.0 0.0 0.0 0.0 0.0 0.0 0.0 0.0 0.0 0.0 0.0 0.0 0.0 0.0 0.0 0.0
9.951510429382324 4.840877532958984 5.456549644470215 5.365170955657959 5.329733848571777 5.473795413970947 6.187347888946533 0.0 0.0 0.0 0.0 0.0 0.0 0.0 0.0 0.0 0.0 0.0 0.0 0.0 0.0 0.0 0.0 0.0 0.0 0.0 0.0 0.0 0.0 0.0 0.0 0.0
9.940417289733887 5.180135250091553 5.320176124572754 5.336524486541748 5.361475467681885 5.435031890869141 5.516005516052246 6.125990390777588 0.0 0.0 0.0 0.0 0.0 0.0 0.0 0.0 0.0 0.0 0.0 0.0 0.0 0.0 0.0 0.0 0.0 0.0 0.0 0.0 0.0 0.0 0.0 0.0
9.933769226074219 4.872377395629883 5.270373821258545 5.298781394958496 5.286659240722656 5.413683891296387 5.456240177154541 5.485654354095459 6.119020938873291 0.0 0.0 0.0 0.0 0.0 0.0 0.0 0.0 0.0 0.0 0.0 0.0 0.0 0.0 0.0 0.0 0.0 0.0 0.0 0.0 0.0 0.0 0.0
9.926790237426758 4.81376314163208 5.27840518951416 5.230483531951904 5.156440734863281 5.278939247131348 5.395919322967529 5.363868713378906 5.466163635253906 6.1636271476745605 0.0 0.0 0.0 0.0 0.0 0.0 0.0 0.0 0.0 0.0 0.0 0.0 0.0 0.0 0.0 0.0 0.0 0.0 0.0 0.0 0.0 0.0
9.917236328125 4.782991886138916 5.561645984649658 5.114573955535889 5.064709186553955 5.1518473625183105 5.3497114181518555 5.352771759033203 5.342953205108643 5.50107479095459 6.139883041381836 0.0 0.0 0.0 0.0 0.0 0.0 0.0 0.0 0.0 0.0 0.0 0.0 0.0 0.0 0.0 0.0 0.0 0.0 0.0 0.0 0.0
9.911772727966309 4.897960662841797 5.32422399520874 5.1084747314453125 5.044518947601318 5.096259593963623 5.228922367095947 5.233466625213623 5.300091743469238 5.37667179107666 5.464138984680176 6.170702934265137 0.0 0.0 0.0 0.0 0.0 0.0 0.0 0.0 0.0 0.0 0.0 0.0 0.0 0.0 0.0 0.0 0.0 0.0 0.0 0.0
9.901816368103027 5.0441365242004395 5.435678958892822 5.106016635894775 5.021012306213379 5.051503658294678 5.169703960418701 5.1482157707214355 5.178494453430176 5.304567337036133 5.357785701751709 5.516372203826904 6.183027744293213 0.0 0.0 0.0 0.0 0.0 0.0 0.0 0.0 0.0 0.0 0.0 0.0 0.0 0.0 0.0 0.0 0.0 0.0 0.0
9.90401840209961 4.70790958404541 5.191040515899658 5.086077690124512 4.985870838165283 5.0127034187316895 5.036572456359863 5.010626316070557 5.051846981048584 5.182962894439697 5.284636974334717 5.357952117919922 5.445657253265381 6.126369953155518 0.0 0.0 0.0 0.0 0.0 0.0 0.0 0.0 0.0 0.0 0.0 0.0 0.0 0.0 0.0 0.0 0.0 0.0
9.893929481506348 4.714227199554443 5.164244174957275 5.109670162200928 4.972667217254639 5.020455837249756 5.109572887420654 4.991285800933838 5.0073652267456055 5.11417293548584 5.220971584320068 5.315216541290283 5.38214111328125 5.48846435546875 6.139241695404053 0.0 0.0 0.0 0.0 0.0 0.0 0.0 0.0 0.0 0.0 0.0 0.0 0.0 0.0 0.0 0.0 0.0
9.886871337890625 4.723184108734131 5.193002700805664 5.063257217407227 4.946493148803711 5.053250789642334 5.014349937438965 5.0073161125183105 4.965236663818359 5.019603252410889 5.0724029541015625 5.196566581726074 5.351244926452637 5.386374473571777 5.448902606964111 6.181961536407471 0.0 0.0 0.0 0.0 0.0 0.0 0.0 0.0 0.0 0.0 0.0 0.0 0.0 0.0 0.0 0.0
9.877073287963867 4.74833345413208 5.248630046844482 5.07760763168335 4.956238269805908 5.028252601623535 5.0100250244140625 4.960135459899902 4.964655876159668 5.006864547729492 5.058792591094971 5.104990482330322 5.231235980987549 5.327569484710693 5.452899932861328 5.506862163543701 6.174417972564697 0.0 0.0 0.0 0.0 0.0 0.0 0.0 0.0 0.0 0.0 0.0 0.0 0.0 0.0 0.0
9.873172760009766 4.746285915374756 5.465198993682861 5.0648674964904785 4.913355350494385 5.006855487823486 5.033423900604248 4.9653000831604 4.9494524002075195 4.937713623046875 4.96895170211792 5.076146125793457 5.0696330070495605 5.200650215148926 5.294345855712891 5.331794738769531 5.444820880889893 6.094406604766846 0.0 0.0 0.0 0.0 0.0 0.0 0.0 0.0 0.0 0.0 0.0 0.0 0.0 0.0
9.866111755371094 4.7405805587768555 5.439235687255859 5.076635837554932 4.875270843505859 4.972794055938721 4.985493183135986 4.947978973388672 4.933289051055908 4.952297687530518 4.951775550842285 5.052218914031982 5.034463405609131 5.084941387176514 5.224745750427246 5.290424823760986 5.358935356140137 5.42375373840332 6.111927509307861 0.0 0.0 0.0 0.0 0.0 0.0 0.0 0.0 0.0 0.0 0.0 0.0 0.0
9.856771469116211 4.668018817901611 5.256178855895996 5.0430707931518555 4.927842617034912 4.919325828552246 5.008551120758057 5.201634883880615 4.8860249519348145 5.006498336791992 4.975472927093506 5.047022342681885 4.99978494644165 5.198527812957764 5.093603134155273 5.217402458190918 5.3321075439453125 5.3405890464782715 5.454957008361816 6.104648590087891 0.0 0.0 0.0 0.0 0.0 0.0 0.0 0.0 0.0 0.0 0.0 0.0
9.854056358337402 4.679327964782715 5.572200298309326 5.048347473144531 4.910298824310303 4.913300037384033 4.969103813171387 4.9015302658081055 4.840689659118652 4.9362287521362305 4.95548677444458 4.965750694274902 4.911923408508301 5.029029846191406 5.038808822631836 5.041351318359375 5.177924156188965 5.252024173736572 5.317322731018066 5.406833171844482 6.105130195617676 0.0 0.0 0.0 0.0 0.0 0.0 0.0 0.0 0.0 0.0 0.0
9.847980499267578 4.716916561126709 5.3700947761535645 5.072393417358398 5.013889789581299 4.958817481994629 4.950887680053711 4.902944087982178 4.863856792449951 4.905860424041748 4.968262672424316 4.9872236251831055 4.930445671081543 4.996901512145996 5.026372909545898 5.004018783569336 5.0498504638671875 5.144808769226074 5.248497009277344 5.2982306480407715 5.447479724884033 6.079996109008789 0.0 0.0 0.0 0.0 0.0 0.0 0.0 0.0 0.0 0.0
9.845666885375977 4.667608261108398 5.281747817993164 5.032932758331299 4.897274017333984 4.931966304779053 4.935857772827148 4.890845775604248 4.815762042999268 4.878372669219971 4.894834518432617 4.980957508087158 4.934624195098877 5.044675827026367 4.94480037689209 4.956313610076904 4.98765754699707 4.991478443145752 5.129732131958008 5.216968536376953 5.330793857574463 5.422383785247803 6.08073091506958 0.0 0.0 0.0 0.0 0.0 0.0 0.0 0.0 0.0
9.840715408325195 4.676156520843506 5.280615329742432 5.0043416023254395 4.897565841674805 4.9373040199279785 4.909287452697754 4.890313625335693 4.811295986175537 4.883992671966553 4.860528945922852 4.96140718460083 4.911759376525879 5.055309772491455 4.857855796813965 4.9220967292785645 4.924043655395508 4.927770137786865 5.016078948974609 5.098294258117676 5.252881050109863 5.312479019165039 5.419735908508301 6.071218967437744 0.0 0.0 0.0 0.0 0.0 0.0 0.0 0.0
9.831286430358887 4.742231369018555 5.314133167266846 5.038379192352295 4.863872528076172 4.855960845947266 4.971283435821533 4.897025108337402 4.841369152069092 4.89838981628418 4.850281238555908 4.965667724609375 4.902741432189941 5.0239577293396 4.91613245010376 4.924043655395508 4.8740763664245605 4.8680548667907715 4.927945137023926 5.005725383758545 5.147942543029785 5.2320475578308105 5.289114475250244 5.3947954177856445 6.162104606628418 0.0 0.0 0.0 0.0 0.0 0.0 0.0
9.823238372802734 4.674830913543701 5.491655349731445 4.99653959274292 4.843282222747803 4.910550117492676 4.887455940246582 5.076065540313721 4.806110382080078 4.856353282928467 4.884496212005615 4.888341903686523 4.85876989364624 5.049337387084961 4.910895824432373 4.9693403244018555 4.943163871765137 4.877243518829346 4.913156509399414 4.9507012367248535 5.039033889770508 5.129914283752441 5.293233394622803 5.290332794189453 5.4354166984558105 6.035528659820557 0.0 0.0 0.0 0.0 0.0 0.0
9.819738388061523 4.667541027069092 5.53324031829834 4.9193806648254395 4.814888954162598 4.862411975860596 4.882756233215332 4.8649492263793945 4.780026435852051 4.830774307250977 4.88643741607666 4.993354320526123 4.879483699798584 5.150141716003418 4.969023704528809 4.856337547302246 4.904760837554932 4.8860859870910645 4.869348526000977 4.855926513671875 4.951282501220703 4.9911370277404785 5.130649566650391 5.236374378204346 5.342042446136475 5.346242904663086 6.025542259216309 0.0 0.0 0.0 0.0 0.0
9.81993293762207 4.665021896362305 5.429162502288818 4.9018120765686035 4.784841060638428 4.870832920074463 4.928802013397217 4.831529140472412 4.758403301239014 4.797903537750244 4.865686893463135 4.920447826385498 4.8030290603637695 4.969243049621582 4.897002696990967 4.817550182342529 4.866076946258545 4.856753349304199 4.839244842529297 4.792922496795654 4.853657245635986 4.888861656188965 4.9987688064575195 5.093478202819824 5.261262893676758 5.246450901031494 5.362156391143799 6.062256813049316 0.0 0.0 0.0 0.0
9.81362533569336 4.656837463378906 5.486142158508301 4.938233375549316 4.777385234832764 4.85524845123291 4.8644890785217285 4.876775741577148 4.780768394470215 4.822629451751709 4.791111469268799 4.884939670562744 4.870630264282227 4.891818523406982 4.852211952209473 4.822441577911377 4.85636043548584 4.837713718414307 4.831546306610107 4.8018879890441895 4.864930152893066 4.842225074768066 4.9246697425842285 5.031566143035889 5.107505798339844 5.17113733291626 5.248409271240234 5.442413806915283 6.020448684692383 0.0 0.0 0.0
9.808268547058105 4.6707353591918945 5.52414083480835 4.962246894836426 4.789333820343018 4.794485569000244 4.88442325592041 4.806631565093994 4.761687278747559 4.775879859924316 4.786392688751221 4.851475715637207 4.861054420471191 4.904227256774902 4.908005714416504 4.848006725311279 4.813783645629883 4.828606605529785 4.792827129364014 4.83058500289917 4.816077709197998 4.829018592834473 4.855752944946289 4.902524948120117 5.032049655914307 5.06522274017334 5.201590538024902 5.290440082550049 5.362315654754639 6.019674777984619 0.0 0.0
9.80314826965332 4.661156177520752 5.337393760681152 5.00814151763916 4.800321578979492 4.967639446258545 4.865428447723389 4.897130489349365 4.756648063659668 4.728719234466553 4.7968854904174805 4.785789966583252 4.815918445587158 4.864675521850586 4.88803243637085 4.8747687339782715 4.941291332244873 4.842930316925049 4.823544025421143 4.805370330810547 4.812425136566162 4.822237014770508 5.034576416015625 4.827805042266846 4.89013147354126 4.962075233459473 5.0743327140808105 5.1778693199157715 5.218591213226318 5.314585208892822 5.998612403869629 0.0
9.788844108581543 4.838112831115723 5.616098880767822 4.984158039093018 4.835729122161865 5.221035480499268 4.856532573699951 4.818688869476318 4.728458881378174 4.74876594543457 4.77789831161499 4.803349494934082 4.82598876953125 4.976542949676514 4.8267011642456055 4.869976997375488 4.8526458740234375 4.855869293212891 4.789731502532959 4.765571594238281 4.8073039054870605 4.880185604095459 4.9574737548828125 4.863714694976807 4.872130870819092 4.850214958190918 4.984986305236816 5.218621730804443 5.1972150802612305 5.190516948699951 5.301526069641113 6.0047607421875
