10.020692825317383 0.0 0.0 0.0 0.0 0.0 0.0 0.0 0.0 0.0 0.0 0.0 0.0 0.0 0.0 0.0 0.0 0.0 0.0 0.0 0.0 0.0 0.0 0.0 0.0 0.0 0.0 0.0 0.0 0.0 0.0 0.0
9.995866775512695 6.309000015258789 0.0 0.0 0.0 0.0 0.0 0.0 0.0 0.0 0.0 0.0 0.0 0.0 0.0 0.0 0.0 0.0 0.0 0.0 0.0 0.0 0.0 0.0 0.0 0.0 0.0 0.0 0.0 0.0 0.0 0.0
9.964856147766113 6.011384010314941 6.699761390686035 0.0 0.0 0.0 0.0 0.0 0.0 0.0 0.0 0.0 0.0 0.0 0.0 0.0 0.0 0.0 0.0 0.0 0.0 0.0 0.0 0.0 0.0 0.0 0.0 0.0 0.0 0.0 0.0 0.0
9.955759048461914 5.577585697174072 6.092785835266113 6.5604681968688965 0.0 0.0 0.0 0.0 0.0 0.0 0.0 0.0 0.0 0.0 0.0 0.0 0.0 0.0 0.0 0.0 0.0 0.0 0.0 0.0 0.0 0.0 0.0 0.0 0.0 0.0 0.0 0.0
9.944112777709961 5.319797515869141 5.7303080558776855 6.089515686035156 6.558351039886475 0.0 0.0 0.0 0.0 0.0 0.0 0.0 0.0 0.0 0.0 0.0 0.0 0.0 0.0 0.0 0.0 0.0 0.0 0.0 0.0 0.0 0.0 0.0 0.0 0.0 0.0 0.0
9.935192108154297 5.1698503494262695 5.4907145500183105 5.69881534576416 5.996958255767822 6.587322235107422 0.0 0.0 0.0 0.0 0.0 0.0 0.0 0.0 0.0 0.0 0.0 0.0 0.0 0.0 0.0 0.0 0.0 0.0 0.0 0.0 0.0 0.0 0.0 0.0 0.0 0.0
9.927450180053711 5.063868522644043 5.405832290649414 5.464696407318115 5.645289421081543 5.975680828094482 6.566830158233643 0.0 0.0 0.0 0.0 0.0 0.0 0.0 0.0 0.0 0.0 0.0 0.0 0.0 0.0 0.0 0.0 0.0 0.0 0.0 0.0 0.0 0.0 0.0 0.0 0.0
9.920767784118652 5.076126575469971 5.354454517364502 5.3392815589904785 5.3855881690979 5.619756698608398 5.910419464111328 6.550274848937988 0.0 0.0 0.0 0.0 0.0 0.0 0.0 0.0 0.0 0.0 0.0 0.0 0.0 0.0 0.0 0.0 0.0 0.0 0.0 0.0 0.0 0.0 0.0 0.0
9.909178733825684 5.0643229484558105 5.296237468719482 5.292787075042725 5.418491363525391 5.402202606201172 5.5656304359436035 5.9605584144592285 6.585507392883301 0.0 0.0 0.0 0.0 0.0 0.0 0.0 0.0 0.0 0.0 0.0 0.0 0.0 0.0 0.0 0.0 0.0 0.0 0.0 0.0 0.0 0.0 0.0
9.906827926635742 4.879406452178955 5.178099155426025 5.176133155822754 5.18804407119751 5.272011756896973 5.348598003387451 5.55421257019043 5.949002742767334 6.571291446685791 0.0 0.0 0.0 0.0 0.0 0.0 0.0 0.0 0.0 0.0 0.0 0.0 0.0 0.0 0.0 0.0 0.0 0.0 0.0 0.0 0.0 0.0
9.903634071350098 4.721325397491455 5.085906505584717 5.123568058013916 5.089001178741455 5.14415979385376 5.192803859710693 5.308682918548584 5.526768207550049 5.919442176818848 6.5651021003723145 0.0 0.0 0.0 0.0 0.0 0.0 0.0 0.0 0.0 0.0 0.0 0.0 0.0 0.0 0.0 0.0 0.0 0.0 0.0 0.0 0.0
9.897196769714355 4.708047866821289 5.018197536468506 5.062604904174805 5.015157699584961 5.085287094116211 5.09514856338501 5.199100017547607 5.29927921295166 5.516973495483398 5.964731693267822 6.558504104614258 0.0 0.0 0.0 0.0 0.0 0.0 0.0 0.0 0.0 0.0 0.0 0.0 0.0 0.0 0.0 0.0 0.0 0.0 0.0 0.0
9.890798568725586 4.69155216217041 4.989011287689209 4.995006561279297 4.9688262939453125 4.9959282875061035 5.044198989868164 5.128082752227783 5.199917793273926 5.299977779388428 5.643826007843018 5.933454513549805 6.53328800201416 0.0 0.0 0.0 0.0 0.0 0.0 0.0 0.0 0.0 0.0 0.0 0.0 0.0 0.0 0.0 0.0 0.0 0.0 0.0
9.887787818908691 4.57421350479126 4.969295978546143 4.9720964431762695 4.917341709136963 4.9495344161987305 4.9972758293151855 4.9945244789123535 5.066657543182373 5.155087947845459 5.37111759185791 5.524003505706787 5.895123481750488 6.535195827484131 0.0 0.0 0.0 0.0 0.0 0.0 0.0 0.0 0.0 0.0 0.0 0.0 0.0 0.0 0.0 0.0 0.0 0.0
9.882274627685547 4.520110130310059 4.9385857582092285 4.962303638458252 4.892457485198975 4.896484375 4.929239749908447 4.9375901222229 5.007328033447266 5.05412483215332 5.208432674407959 5.292819976806641 5.527018070220947 5.92022705078125 6.532203197479248 0.0 0.0 0.0 0.0 0.0 0.0 0.0 0.0 0.0 0.0 0.0 0.0 0.0 0.0 0.0 0.0 0.0
9.874595642089844 4.464187145233154 4.881378650665283 4.945427894592285 4.87375545501709 4.88923978805542 4.9141082763671875 4.923458099365234 4.942627429962158 5.002854347229004 5.117367267608643 5.178681373596191 5.324065685272217 5.560360431671143 5.888209342956543 6.569268226623535 0.0 0.0 0.0 0.0 0.0 0.0 0.0 0.0 0.0 0.0 0.0 0.0 0.0 0.0 0.0 0.0
9.864750862121582 4.478781700134277 4.8982439041137695 4.901271820068359 4.872968673706055 4.925230979919434 4.889634132385254 4.9052581787109375 4.956802845001221 4.949744701385498 5.105681896209717 5.09398078918457 5.206670761108398 5.340418338775635 5.526660442352295 5.987204551696777 6.572230339050293 0.0 0.0 0.0 0.0 0.0 0.0 0.0 0.0 0.0 0.0 0.0 0.0 0.0 0.0 0.0
9.86390495300293 4.4796061515808105 4.876418590545654 4.867869853973389 4.794332027435303 4.873234272003174 4.835943222045898 4.820580959320068 4.888522148132324 4.881188869476318 5.016788005828857 5.003645420074463 5.055958271026611 5.161619186401367 5.325965881347656 5.55105447769165 5.909736156463623 6.549118995666504 0.0 0.0 0.0 0.0 0.0 0.0 0.0 0.0 0.0 0.0 0.0 0.0 0.0 0.0
9.859553337097168 4.4258713722229 4.861961364746094 4.860570430755615 4.766712665557861 4.768683910369873 4.793515682220459 4.815210819244385 4.838338375091553 4.842198371887207 4.986495018005371 4.964322090148926 4.951967716217041 5.027982234954834 5.138637065887451 5.329355239868164 5.527338027954102 5.926794528961182 6.551551342010498 0.0 0.0 0.0 0.0 0.0 0.0 0.0 0.0 0.0 0.0 0.0 0.0 0.0
9.845845222473145 4.405551433563232 4.869874954223633 4.922539234161377 4.775983810424805 4.961246013641357 4.839915752410889 4.801886081695557 4.829188346862793 4.870944023132324 4.944608211517334 4.965731620788574 4.915046691894531 5.0429487228393555 5.108264446258545 5.230891704559326 5.313638210296631 5.57039737701416 5.9752726554870605 6.58197546005249 0.0 0.0 0.0 0.0 0.0 0.0 0.0 0.0 0.0 0.0 0.0 0.0
9.842822074890137 4.378111839294434 4.874535083770752 4.883509159088135 4.811971187591553 4.730950355529785 4.761824607849121 4.760418891906738 4.771303176879883 4.805035591125488 4.9220757484436035 4.95249080657959 4.8537445068359375 5.021140098571777 5.003013610839844 5.141262054443359 5.151272773742676 5.351104736328125 5.5879364013671875 5.923561096191406 6.5868144035339355 0.0 0.0 0.0 0.0 0.0 0.0 0.0 0.0 0.0 0.0 0.0
9.836398124694824 4.331851482391357 4.861395835876465 4.888870716094971 4.80824613571167 4.744717597961426 4.707117080688477 4.703656196594238 4.71838903427124 4.759897232055664 4.813894748687744 5.056427478790283 4.847822189331055 5.011162281036377 4.959853172302246 4.981396198272705 5.027318954467773 5.21641206741333 5.329320907592773 5.674767971038818 5.9546732902526855 6.566991329193115 0.0 0.0 0.0 0.0 0.0 0.0 0.0 0.0 0.0 0.0
9.837081909179688 4.312328815460205 4.76727819442749 4.854750633239746 4.768331050872803 4.756713390350342 4.725039958953857 4.718916893005371 4.686495780944824 4.748993396759033 4.826409816741943 4.930638790130615 4.846760272979736 4.954409122467041 4.8994903564453125 4.867115497589111 4.9339213371276855 5.0271806716918945 5.152317047119141 5.358901023864746 5.522495746612549 5.896177291870117 6.551828861236572 0.0 0.0 0.0 0.0 0.0 0.0 0.0 0.0 0.0
9.834709167480469 4.301959991455078 4.736669540405273 4.751102924346924 4.724725723266602 4.71959114074707 4.727432727813721 4.709981918334961 4.7026872634887695 4.7136430740356445 4.813475608825684 4.853085041046143 4.819640636444092 4.921906471252441 4.833083152770996 4.867152214050293 4.852194786071777 4.938918113708496 5.000544548034668 5.155308246612549 5.2779541015625 5.500553131103516 5.8966898918151855 6.551047325134277 0.0 0.0 0.0 0.0 0.0 0.0 0.0 0.0
9.825804710388184 4.345853805541992 4.799457550048828 4.820323467254639 4.678060054779053 4.692385196685791 4.747261047363281 4.710457801818848 4.714662551879883 4.722784519195557 4.7430853843688965 4.763701915740967 4.779208183288574 4.980155944824219 4.85073709487915 4.771557807922363 4.806107044219971 4.8450927734375 4.9081950187683105 5.052917003631592 5.139941692352295 5.277804374694824 5.530729293823242 5.881460189819336 6.622848033905029 0.0 0.0 0.0 0.0 0.0 0.0 0.0
9.817605972290039 4.347862720489502 4.807202339172363 4.810688495635986 4.668166160583496 4.741313934326172 4.696491718292236 4.735899925231934 4.740754127502441 4.7165656089782715 4.782811641693115 4.760700702667236 4.727519512176514 4.900223255157471 4.8326096534729 4.806434154510498 4.802112102508545 4.8266282081604 4.92482852935791 4.988588333129883 5.022307872772217 5.144593715667725 5.327803611755371 5.503909587860107 6.053100109100342 6.547992706298828 0.0 0.0 0.0 0.0 0.0 0.0
9.816954612731934 4.322350978851318 4.785812854766846 4.745385646820068 4.6438307762146 4.6321821212768555 4.628874778747559 4.680877208709717 4.702057838439941 4.734369277954102 4.7556986808776855 4.870781421661377 4.749475479125977 4.933113098144531 4.815587997436523 4.823613166809082 4.787325859069824 4.8154754638671875 4.836880683898926 4.843003273010254 4.911417484283447 5.01459264755249 5.109875202178955 5.267698287963867 5.547408103942871 5.870573043823242 6.570192337036133 0.0 0.0 0.0 0.0 0.0
9.815901756286621 4.287878036499023 4.771821975708008 4.709376811981201 4.621884822845459 4.615067005157471 4.617685317993164 4.632420063018799 4.661555767059326 4.7027482986450195 4.716050624847412 4.829456806182861 4.733832359313965 4.759027004241943 4.7679853439331055 4.744720935821533 4.727781295776367 4.763542175292969 4.86151647567749 4.796419143676758 4.80973482131958 4.9015374183654785 4.998928070068359 5.111709117889404 5.332087516784668 5.508197784423828 5.885194778442383 6.547495365142822 0.0 0.0 0.0 0.0
9.806852340698242 4.236781120300293 4.743372440338135 4.69800329208374 4.64145040512085 4.642577648162842 4.610402584075928 4.612369537353516 4.638994216918945 4.692237854003906 4.763941764831543 4.8218607902526855 4.746387958526611 4.748456954956055 4.76027774810791 4.752243995666504 4.722392559051514 4.761612892150879 4.840780735015869 4.791492462158203 4.781423568725586 4.8218560218811035 4.918615341186523 5.029973030090332 5.190465450286865 5.2815446853637695 5.525370121002197 5.956719398498535 6.565962314605713 0.0 0.0 0.0
9.798184394836426 4.30918025970459 4.850261688232422 4.703583240509033 4.62033748626709 4.6484246253967285 4.608283042907715 4.620590686798096 4.625853538513184 4.637842655181885 4.7440009117126465 4.934596538543701 4.750178813934326 4.719791889190674 4.782662868499756 4.771892070770264 4.694543361663818 4.760809898376465 4.793471813201904 4.800699710845947 4.747416973114014 4.815045356750488 4.906280994415283 4.985678195953369 5.116203784942627 5.122097492218018 5.303585052490234 5.549149990081787 5.889387607574463 6.58450984954834 0.0 0.0
9.795297622680664 4.255132675170898 4.724034309387207 4.699655055999756 4.614159107208252 4.6292338371276855 4.624187469482422 4.654110908508301 4.591006278991699 4.608851909637451 4.751129150390625 4.770618915557861 4.728482723236084 4.752869606018066 4.768951892852783 4.783787250518799 4.6798415184021 4.794929504394531 5.011938571929932 4.738384246826172 4.730026721954346 4.776402950286865 4.862144470214844 5.113020420074463 4.905074596405029 5.006157875061035 5.097772121429443 5.251370906829834 5.489218711853027 5.888123035430908 6.550255298614502 0.0
9.785767555236816 4.312832355499268 4.840235710144043 4.780849933624268 4.623946189880371 4.6136860847473145 4.591320514678955 4.700948715209961 4.686577320098877 4.665863037109375 4.776130199432373 4.737497806549072 4.694326400756836 4.867373943328857 4.75393009185791 4.759009838104248 4.651189804077148 4.761573314666748 5.001581192016602 4.731247901916504 4.744008541107178 4.769589900970459 4.867913722991943 4.883899688720703 4.907681465148926 4.991361618041992 5.01569128036499 5.171844005584717 5.285783290863037 5.498138427734375 5.872111797332764 6.549476146697998
