10.020692825317383 0.0 0.0 0.0 0.0 0.0 0.0 0.0 0.0 0.0 0.0 0.0 0.0 0.0 0.0 0.0 0.0 0.0 0.0 0.0 0.0 0.0 0.0 0.0 0.0 0.0 0.0 0.0 0.0 0.0 0.0 0.0
9.997393608093262 6.245002746582031 0.0 0.0 0.0 0.0 0.0 0.0 0.0 0.0 0.0 0.0 0.0 0.0 0.0 0.0 0.0 0.0 0.0 0.0 0.0 0.0 0.0 0.0 0.0 0.0 0.0 0.0 0.0 0.0 0.0 0.0
9.970382690429688 6.198596000671387 6.413901329040527 0.0 0.0 0.0 0.0 0.0 0.0 0.0 0.0 0.0 0.0 0.0 0.0 0.0 0.0 0.0 0.0 0.0 0.0 0.0 0.0 0.0 0.0 0.0 0.0 0.0 0.0 0.0 0.0 0.0
9.943184852600098 6.078117847442627 6.32991886138916 6.521895885467529 0.0 0.0 0.0 0.0 0.0 0.0 0.0 0.0 0.0 0.0 0.0 0.0 0.0 0.0 0.0 0.0 0.0 0.0 0.0 0.0 0.0 0.0 0.0 0.0 0.0 0.0 0.0 0.0
9.916126251220703 5.999232292175293 6.1566362380981445 6.437231540679932 6.598633766174316 0.0 0.0 0.0 0.0 0.0 0.0 0.0 0.0 0.0 0.0 0.0 0.0 0.0 0.0 0.0 0.0 0.0 0.0 0.0 0.0 0.0 0.0 0.0 0.0 0.0 0.0 0.0
9.898595809936523 5.914910316467285 5.967065334320068 6.1916584968566895 6.343944549560547 6.643754959106445 0.0 0.0 0.0 0.0 0.0 0.0 0.0 0.0 0.0 0.0 0.0 0.0 0.0 0.0 0.0 0.0 0.0 0.0 0.0 0.0 0.0 0.0 0.0 0.0 0.0 0.0
9.88920783996582 5.756844520568848 5.733010292053223 5.935125827789307 6.054236888885498 6.321767330169678 6.669265270233154 0.0 0.0 0.0 0.0 0.0 0.0 0.0 0.0 0.0 0.0 0.0 0.0 0.0 0.0 0.0 0.0 0.0 0.0 0.0 0.0 0.0 0.0 0.0 0.0 0.0
9.868310928344727 5.823526859283447 5.723353385925293 5.854903221130371 5.857671737670898 6.0645060539245605 6.333232402801514 6.740706920623779 0.0 0.0 0.0 0.0 0.0 0.0 0.0 0.0 0.0 0.0 0.0 0.0 0.0 0.0 0.0 0.0 0.0 0.0 0.0 0.0 0.0 0.0 0.0 0.0
9.856801986694336 5.653681755065918 5.519748210906982 5.698312759399414 5.86733341217041 5.861680030822754 6.0209269523620605 6.351704120635986 6.780924320220947 0.0 0.0 0.0 0.0 0.0 0.0 0.0 0.0 0.0 0.0 0.0 0.0 0.0 0.0 0.0 0.0 0.0 0.0 0.0 0.0 0.0 0.0 0.0
9.846460342407227 5.6145453453063965 5.488657474517822 5.5821404457092285 5.662805080413818 5.689703941345215 5.867000579833984 6.02205753326416 6.374248027801514 6.784132480621338 0.0 0.0 0.0 0.0 0.0 0.0 0.0 0.0 0.0 0.0 0.0 0.0 0.0 0.0 0.0 0.0 0.0 0.0 0.0 0.0 0.0 0.0
9.836197853088379 5.5342535972595215 5.407357692718506 5.489206314086914 5.508964538574219 5.562081336975098 5.678770542144775 5.858246803283691 6.053068161010742 6.346654415130615 6.836345672607422 0.0 0.0 0.0 0.0 0.0 0.0 0.0 0.0 0.0 0.0 0.0 0.0 0.0 0.0 0.0 0.0 0.0 0.0 0.0 0.0 0.0
9.81646728515625 5.624921798706055 5.474942684173584 5.557807445526123 5.499672889709473 5.548522472381592 5.5859246253967285 5.7166748046875 5.8198957443237305 5.96475887298584 6.349055290222168 6.923995494842529 0.0 0.0 0.0 0.0 0.0 0.0 0.0 0.0 0.0 0.0 0.0 0.0 0.0 0.0 0.0 0.0 0.0 0.0 0.0 0.0
9.801875114440918 5.62183952331543 5.431488990783691 5.505887031555176 5.386673927307129 5.454227447509766 5.474375247955322 5.582540988922119 5.872318744659424 5.7712721824646 6.060572147369385 6.479990005493164 6.871334552764893 0.0 0.0 0.0 0.0 0.0 0.0 0.0 0.0 0.0 0.0 0.0 0.0 0.0 0.0 0.0 0.0 0.0 0.0 0.0
9.803707122802734 5.3755974769592285 5.237299919128418 5.368312358856201 5.344841480255127 5.413696765899658 5.423222541809082 5.505724906921387 5.592660427093506 5.677417278289795 5.799253940582275 6.045560359954834 6.360933780670166 6.886598587036133 0.0 0.0 0.0 0.0 0.0 0.0 0.0 0.0 0.0 0.0 0.0 0.0 0.0 0.0 0.0 0.0 0.0 0.0
9.786109924316406 5.341935634613037 5.177407741546631 5.320645332336426 5.361793518066406 5.373135089874268 5.393136024475098 5.463967800140381 5.5484185218811035 5.621087551116943 5.756787300109863 5.898603439331055 6.049739360809326 6.46649694442749 6.863521099090576 0.0 0.0 0.0 0.0 0.0 0.0 0.0 0.0 0.0 0.0 0.0 0.0 0.0 0.0 0.0 0.0 0.0
9.782455444335938 5.273361682891846 5.130533695220947 5.209121227264404 5.232620716094971 5.246399879455566 5.331112384796143 5.425460338592529 5.536563873291016 5.493470668792725 5.588946342468262 5.761810779571533 5.860870361328125 6.019233226776123 6.400391578674316 6.8816022872924805 0.0 0.0 0.0 0.0 0.0 0.0 0.0 0.0 0.0 0.0 0.0 0.0 0.0 0.0 0.0 0.0
9.770330429077148 5.234701156616211 5.110933780670166 5.211852550506592 5.219961643218994 5.218654632568359 5.29073429107666 5.361383438110352 5.479832172393799 5.44961404800415 5.592301368713379 5.614615440368652 5.716964244842529 5.882927894592285 6.020709991455078 6.41662073135376 6.881013870239258 0.0 0.0 0.0 0.0 0.0 0.0 0.0 0.0 0.0 0.0 0.0 0.0 0.0 0.0 0.0
9.75833797454834 5.2195658683776855 5.080661296844482 5.247193336486816 5.24458646774292 5.236027717590332 5.239856719970703 5.294396877288818 5.382776260375977 5.381845474243164 5.512722969055176 5.5588226318359375 5.632518768310547 5.801208019256592 5.8312907218933105 6.044105529785156 6.378816604614258 6.90565299987793 0.0 0.0 0.0 0.0 0.0 0.0 0.0 0.0 0.0 0.0 0.0 0.0 0.0 0.0
9.745562553405762 5.2221527099609375 5.013779640197754 5.228627681732178 5.221617698669434 5.2126851081848145 5.202366828918457 5.26751184463501 5.31453800201416 5.3311543464660645 5.449589252471924 5.517550468444824 5.524857521057129 5.630496501922607 5.696565628051758 5.890017509460449 6.051518440246582 6.402398586273193 6.954949855804443 0.0 0.0 0.0 0.0 0.0 0.0 0.0 0.0 0.0 0.0 0.0 0.0 0.0
9.72712230682373 5.2246317863464355 4.978976249694824 5.226175785064697 5.219191551208496 5.20361328125 5.227694988250732 5.242040157318115 5.279003143310547 5.301177024841309 5.437970161437988 5.583766460418701 5.529440402984619 5.6305952072143555 5.665551662445068 5.808925151824951 5.854145050048828 6.063014984130859 6.505716323852539 6.8921098709106445 0.0 0.0 0.0 0.0 0.0 0.0 0.0 0.0 0.0 0.0 0.0 0.0
9.726859092712402 5.217952728271484 4.979823112487793 5.192311763763428 5.167737007141113 5.177639961242676 5.234668731689453 5.260725498199463 5.292145729064941 5.276329517364502 5.368253707885742 5.45014762878418 5.406412601470947 5.529735088348389 5.53383731842041 5.642416000366211 5.6867594718933105 5.8745598793029785 6.035398960113525 6.36120080947876 6.907362461090088 0.0 0.0 0.0 0.0 0.0 0.0 0.0 0.0 0.0 0.0 0.0
9.720602989196777 5.155946731567383 5.017624378204346 5.125949382781982 5.142503261566162 5.160823822021484 5.224902629852295 5.235796928405762 5.238127708435059 5.207965850830078 5.285172939300537 5.383065700531006 5.359415054321289 5.4432692527771 5.460597515106201 5.514374256134033 5.563958168029785 5.7114410400390625 5.886719703674316 5.988551139831543 6.3660383224487305 6.925899028778076 0.0 0.0 0.0 0.0 0.0 0.0 0.0 0.0 0.0 0.0
9.704160690307617 5.092902183532715 5.017233848571777 5.1793975830078125 5.201496601104736 5.13068962097168 5.15972375869751 5.269925594329834 5.28099250793457 5.291715621948242 5.394153118133545 5.36850643157959 5.365618705749512 5.4817023277282715 5.430008888244629 5.449208736419678 5.501591682434082 5.5973286628723145 5.726300239562988 5.814701557159424 6.01413106918335 6.372625350952148 6.921030521392822 0.0 0.0 0.0 0.0 0.0 0.0 0.0 0.0 0.0
9.697771072387695 5.062138557434082 5.028804302215576 5.155045986175537 5.154293537139893 5.214474201202393 5.1439337730407715 5.161856651306152 5.234543323516846 5.275211334228516 5.298192501068115 5.328651428222656 5.35767936706543 5.444406032562256 5.334146499633789 5.3882293701171875 5.411426544189453 5.487278938293457 5.6070780754089355 5.703362941741943 5.827104568481445 6.020402908325195 6.35362434387207 6.923855781555176 0.0 0.0 0.0 0.0 0.0 0.0 0.0 0.0
9.68571949005127 5.039297580718994 4.947481155395508 5.154997825622559 5.135651588439941 5.113035678863525 5.124381065368652 5.230525016784668 5.2124738693237305 5.274432182312012 5.381793975830078 5.3727521896362305 5.345292568206787 5.356741428375244 5.292690753936768 5.330944061279297 5.371601581573486 5.442347049713135 5.521319389343262 5.578275680541992 5.668966770172119 5.863156795501709 6.04929780960083 6.357633113861084 6.927900314331055 0.0 0.0 0.0 0.0 0.0 0.0 0.0
9.673798561096191 5.043643474578857 4.8993120193481445 5.0882086753845215 5.081859588623047 5.111092567443848 5.091804504394531 5.206418991088867 5.197488784790039 5.223252296447754 5.33926248550415 5.322511196136475 5.2962822914123535 5.388957500457764 5.317296981811523 5.293708324432373 5.335336685180664 5.428788661956787 5.479763031005859 5.4835286140441895 5.561224937438965 5.745929718017578 5.875180244445801 6.005976676940918 6.4141974449157715 6.933953285217285 0.0 0.0 0.0 0.0 0.0 0.0
9.658257484436035 5.097586154937744 4.843846797943115 5.005096435546875 5.034246444702148 5.0765180587768555 5.093408584594727 5.128897190093994 5.204426288604736 5.199465751647949 5.353952407836914 5.311645984649658 5.368289470672607 5.531954288482666 5.4581146240234375 5.280593395233154 5.310621738433838 5.383920669555664 5.567223072052002 5.396243572235107 5.486720085144043 5.574751853942871 5.669397354125977 5.838968276977539 6.041787624359131 6.434427738189697 6.920537948608398 0.0 0.0 0.0 0.0 0.0
9.668004989624023 5.112458229064941 4.828174591064453 4.945093154907227 4.9745588302612305 5.013509273529053 5.078078746795654 5.111232757568359 5.208394527435303 5.154217720031738 5.20965576171875 5.316227436065674 5.332878112792969 5.446807861328125 5.30000638961792 5.244123935699463 5.201183795928955 5.300825595855713 5.431323051452637 5.330414295196533 5.392179489135742 5.444415092468262 5.503335952758789 5.627959251403809 5.782402515411377 6.021145343780518 6.329742431640625 6.9001851081848145 0.0 0.0 0.0 0.0
9.658557891845703 5.067451477050781 4.863410949707031 4.958775520324707 4.959282875061035 4.988243103027344 5.073113441467285 5.085091590881348 5.119415283203125 5.115910053253174 5.1887359619140625 5.227447986602783 5.299899101257324 5.356683254241943 5.298174858093262 5.291979789733887 5.198673725128174 5.227272987365723 5.294984817504883 5.277115821838379 5.362125873565674 5.452297210693359 5.477234363555908 5.541033744812012 5.716616630554199 5.789888858795166 5.973818778991699 6.3582611083984375 6.907831192016602 0.0 0.0 0.0
9.645254135131836 5.078224182128906 4.927211284637451 5.041170120239258 4.964959144592285 5.016719818115234 5.0333662033081055 5.100487232208252 5.137783527374268 5.13993501663208 5.215505599975586 5.26514196395874 5.266364097595215 5.268366813659668 5.269864559173584 5.298868179321289 5.248727321624756 5.218596935272217 5.256594181060791 5.243748188018799 5.299675941467285 5.392668724060059 5.404804229736328 5.504839897155762 5.579075813293457 5.672161102294922 5.790673732757568 5.982989311218262 6.3105244636535645 6.931117534637451 0.0 0.0
9.64189624786377 5.04469108581543 4.83596134185791 4.992664813995361 4.970947265625 4.977837562561035 5.0076212882995605 5.062077045440674 5.11371374130249 5.163758277893066 5.174464702606201 5.247627258300781 5.224166393280029 5.256685256958008 5.2616376876831055 5.310100078582764 5.252635955810547 5.266452789306641 5.271847248077393 5.18900203704834 5.256372451782227 5.247770309448242 5.335075378417969 5.389737606048584 5.450100421905518 5.526236534118652 5.636870384216309 5.817897796630859 5.931981086730957 6.319517135620117 6.917869567871094 0.0
9.623998641967773 5.146168231964111 4.893877983093262 4.972496509552002 5.008441925048828 5.055267810821533 5.025592803955078 5.103827953338623 5.159303188323975 5.1410627365112305 5.236209869384766 5.202622413635254 5.2011027336120605 5.3596367835998535 5.264506816864014 5.263783931732178 5.233247756958008 5.250927448272705 5.271097660064697 5.152395725250244 5.219541549682617 5.2324652671813965 5.491009712219238 5.380463123321533 5.390578746795654 5.435727119445801 5.52443265914917 5.633040904998779 5.7339982986450195 5.93291711807251 6.331135272979736 6.925164699554443
