10.020692825317383 0.0 0.0 0.0 0.0 0.0 0.0 0.0 0.0 0.0 0.0 0.0 0.0 0.0 0.0 0.0 0.0 0.0 0.0 0.0 0.0 0.0 0.0 0.0 0.0 0.0 0.0 0.0 0.0 0.0 0.0 0.0
9.99278736114502 6.424903869628906 0.0 0.0 0.0 0.0 0.0 0.0 0.0 0.0 0.0 0.0 0.0 0.0 0.0 0.0 0.0 0.0 0.0 0.0 0.0 0.0 0.0 0.0 0.0 0.0 0.0 0.0 0.0 0.0 0.0 0.0
9.976128578186035 6.106917381286621 6.272986888885498 0.0 0.0 0.0 0.0 0.0 0.0 0.0 0.0 0.0 0.0 0.0 0.0 0.0 0.0 0.0 0.0 0.0 0.0 0.0 0.0 0.0 0.0 0.0 0.0 0.0 0.0 0.0 0.0 0.0
9.970863342285156 5.789391040802002 5.712702751159668 6.138902187347412 0.0 0.0 0.0 0.0 0.0 0.0 0.0 0.0 0.0 0.0 0.0 0.0 0.0 0.0 0.0 0.0 0.0 0.0 0.0 0.0 0.0 0.0 0.0 0.0 0.0 0.0 0.0 0.0
9.963678359985352 5.5696492195129395 5.556863784790039 5.582586288452148 6.131353378295898 0.0 0.0 0.0 0.0 0.0 0.0 0.0 0.0 0.0 0.0 0.0 0.0 0.0 0.0 0.0 0.0 0.0 0.0 0.0 0.0 0.0 0.0 0.0 0.0 0.0 0.0 0.0
9.958038330078125 5.405181407928467 5.30876350402832 5.45485782623291 5.589076042175293 6.090693950653076 0.0 0.0 0.0 0.0 0.0 0.0 0.0 0.0 0.0 0.0 0.0 0.0 0.0 0.0 0.0 0.0 0.0 0.0 0.0 0.0 0.0 0.0 0.0 0.0 0.0 0.0
9.955517768859863 5.1906819343566895 5.068622589111328 5.200631618499756 5.583799839019775 5.50689172744751 5.964648723602295 0.0 0.0 0.0 0.0 0.0 0.0 0.0 0.0 0.0 0.0 0.0 0.0 0.0 0.0 0.0 0.0 0.0 0.0 0.0 0.0 0.0 0.0 0.0 0.0 0.0
9.956114768981934 5.114902496337891 4.933537006378174 4.977808952331543 5.1903181076049805 5.29989767074585 5.3297014236450195 5.922791004180908 0.0 0.0 0.0 0.0 0.0 0.0 0.0 0.0 0.0 0.0 0.0 0.0 0.0 0.0 0.0 0.0 0.0 0.0 0.0 0.0 0.0 0.0 0.0 0.0
9.953741073608398 4.9731903076171875 4.85549259185791 4.796490669250488 4.965604305267334 5.091799736022949 5.223090171813965 5.320544719696045 5.916599750518799 0.0 0.0 0.0 0.0 0.0 0.0 0.0 0.0 0.0 0.0 0.0 0.0 0.0 0.0 0.0 0.0 0.0 0.0 0.0 0.0 0.0 0.0 0.0
9.957148551940918 4.801300048828125 4.714109420776367 4.622921943664551 4.7112345695495605 4.779422283172607 4.910211563110352 5.08590841293335 5.388921737670898 5.733755588531494 0.0 0.0 0.0 0.0 0.0 0.0 0.0 0.0 0.0 0.0 0.0 0.0 0.0 0.0 0.0 0.0 0.0 0.0 0.0 0.0 0.0 0.0
9.959868431091309 4.741873264312744 4.552009105682373 4.517407417297363 4.544610977172852 4.592623233795166 4.721836090087891 4.865206241607666 5.171813011169434 5.0894012451171875 5.558117389678955 0.0 0.0 0.0 0.0 0.0 0.0 0.0 0.0 0.0 0.0 0.0 0.0 0.0 0.0 0.0 0.0 0.0 0.0 0.0 0.0 0.0
9.950601577758789 4.70840311050415 4.516741752624512 4.530421257019043 4.560440540313721 4.560871124267578 4.605096817016602 4.6683030128479 5.467669486999512 5.081043720245361 5.282674312591553 5.490560054779053 0.0 0.0 0.0 0.0 0.0 0.0 0.0 0.0 0.0 0.0 0.0 0.0 0.0 0.0 0.0 0.0 0.0 0.0 0.0 0.0
9.946261405944824 4.665838718414307 4.435625076293945 4.4441351890563965 4.5461530685424805 4.483757495880127 4.47492790222168 4.529153347015381 5.210926055908203 5.061788558959961 5.526067733764648 4.976531982421875 5.503788948059082 0.0 0.0 0.0 0.0 0.0 0.0 0.0 0.0 0.0 0.0 0.0 0.0 0.0 0.0 0.0 0.0 0.0 0.0 0.0
9.94884204864502 4.663694858551025 4.4211626052856445 4.4227375984191895 4.467465877532959 4.458481311798096 4.44990348815918 4.465404033660889 4.869110584259033 4.724354267120361 4.940329551696777 4.961023330688477 5.070557594299316 5.5827813148498535 0.0 0.0 0.0 0.0 0.0 0.0 0.0 0.0 0.0 0.0 0.0 0.0 0.0 0.0 0.0 0.0 0.0 0.0
9.947466850280762 4.6534013748168945 4.400027751922607 4.374293804168701 4.342293739318848 4.359667778015137 4.38296365737915 4.377862453460693 4.537298679351807 4.547549724578857 4.844058990478516 4.855775356292725 4.998431205749512 5.1963043212890625 5.505942344665527 0.0 0.0 0.0 0.0 0.0 0.0 0.0 0.0 0.0 0.0 0.0 0.0 0.0 0.0 0.0 0.0 0.0
9.950295448303223 4.623269081115723 4.351285934448242 4.324922561645508 4.279119968414307 4.263211250305176 4.302776336669922 4.321469783782959 4.45759916305542 4.389293670654297 4.468451023101807 4.6006975173950195 4.760372638702393 5.00751256942749 5.030125617980957 5.395031929016113 0.0 0.0 0.0 0.0 0.0 0.0 0.0 0.0 0.0 0.0 0.0 0.0 0.0 0.0 0.0 0.0
9.947010040283203 4.548122882843018 4.310508728027344 4.283474922180176 4.203739643096924 4.177421569824219 4.170637130737305 4.210097312927246 4.470625400543213 4.340272426605225 4.485172271728516 4.394654273986816 4.643378257751465 4.755787372589111 5.253389358520508 4.901848793029785 5.4156389236450195 0.0 0.0 0.0 0.0 0.0 0.0 0.0 0.0 0.0 0.0 0.0 0.0 0.0 0.0 0.0
9.944708824157715 4.477177143096924 4.248260974884033 4.237462997436523 4.208949089050293 4.182074069976807 4.1825385093688965 4.171573162078857 4.358496189117432 4.277637481689453 4.445682525634766 4.321077823638916 4.485665798187256 4.632637977600098 5.235100746154785 4.789545059204102 4.973931312561035 5.36624813079834 0.0 0.0 0.0 0.0 0.0 0.0 0.0 0.0 0.0 0.0 0.0 0.0 0.0 0.0
9.94007396697998 4.4579596519470215 4.2351298332214355 4.184009075164795 4.190313339233398 4.2430925369262695 4.185530185699463 4.138154983520508 4.603257656097412 4.277683258056641 4.339465618133545 4.27478551864624 4.341792106628418 4.502766132354736 5.133439064025879 4.706520080566406 5.033751010894775 4.828384876251221 5.41719913482666 0.0 0.0 0.0 0.0 0.0 0.0 0.0 0.0 0.0 0.0 0.0 0.0 0.0
9.939799308776855 4.42716646194458 4.15015172958374 4.139405250549316 4.1496710777282715 4.163601875305176 4.168248176574707 4.116351127624512 4.307878017425537 4.178286552429199 4.286591053009033 4.273221969604492 4.319821357727051 4.308640003204346 4.960915565490723 4.489821434020996 4.8628058433532715 4.940629005432129 4.977627754211426 5.394585609436035 0.0 0.0 0.0 0.0 0.0 0.0 0.0 0.0 0.0 0.0 0.0 0.0
9.938963890075684 4.445794105529785 4.117926597595215 4.082675457000732 4.089886665344238 4.1094231605529785 4.116537094116211 4.14763879776001 4.134887218475342 4.102118015289307 4.0861687660217285 4.162402153015137 4.192804336547852 4.26791524887085 4.497633457183838 4.370621681213379 4.675359725952148 4.699029922485352 4.8846306800842285 5.256411552429199 5.4643120765686035 0.0 0.0 0.0 0.0 0.0 0.0 0.0 0.0 0.0 0.0 0.0
9.942230224609375 4.402150630950928 4.097699165344238 4.0445051193237305 4.024190425872803 4.040173530578613 4.078543186187744 4.07161808013916 4.319359302520752 4.120054244995117 4.09324836730957 4.099921226501465 4.138069152832031 4.265489101409912 4.397814750671387 4.255490303039551 4.522997856140137 4.437561511993408 4.670151233673096 4.871800899505615 4.844875812530518 5.307540416717529 0.0 0.0 0.0 0.0 0.0 0.0 0.0 0.0 0.0 0.0
9.939774513244629 4.351893424987793 4.088146686553955 4.090978145599365 4.021929740905762 4.012750625610352 4.00206184387207 3.995086431503296 4.404741287231445 4.040531158447266 4.099461078643799 4.103071212768555 4.026350021362305 4.094031810760498 4.343681335449219 4.168221950531006 4.313445091247559 4.305148124694824 4.496773719787598 4.914740085601807 4.921319007873535 4.779916763305664 5.305967330932617 0.0 0.0 0.0 0.0 0.0 0.0 0.0 0.0 0.0
9.940428733825684 4.317625522613525 4.086497783660889 4.073660850524902 4.021844387054443 3.9885458946228027 3.9363787174224854 3.9389939308166504 4.055461406707764 4.005608558654785 4.053995132446289 4.134623050689697 4.031396389007568 4.059154510498047 4.214245796203613 4.136115074157715 4.212137222290039 4.187665939331055 4.2383713722229 4.76378870010376 4.682387828826904 4.710556983947754 4.833824634552002 5.33184289932251 0.0 0.0 0.0 0.0 0.0 0.0 0.0 0.0
9.936888694763184 4.292281627655029 4.046732425689697 4.0688276290893555 4.023819923400879 3.9903252124786377 3.9459259510040283 3.9058010578155518 3.928363561630249 3.9640114307403564 4.047274112701416 4.034451961517334 3.9677810668945312 4.014255523681641 4.147044658660889 4.057578086853027 4.219582557678223 4.120349884033203 4.216812610626221 4.686996936798096 4.717956066131592 4.553706645965576 4.821597576141357 4.764283180236816 5.427524566650391 0.0 0.0 0.0 0.0 0.0 0.0 0.0
9.938570976257324 4.259095668792725 4.011890888214111 3.9903454780578613 3.9709560871124268 3.9964146614074707 3.9258105754852295 3.8560714721679688 3.8718812465667725 3.9014732837677 4.00909423828125 4.011702537536621 3.9678356647491455 4.018747806549072 4.0760884284973145 3.9775991439819336 4.155055522918701 4.050818920135498 4.1686553955078125 4.473401069641113 4.324958801269531 4.355539798736572 4.73460578918457 4.6674323081970215 4.817183017730713 5.342031002044678 0.0 0.0 0.0 0.0 0.0 0.0
9.93693733215332 4.243559837341309 4.006608009338379 4.013539791107178 3.932168960571289 3.9473419189453125 3.8934576511383057 3.8506970405578613 3.849461555480957 3.8252623081207275 4.015386581420898 3.9372975826263428 3.9448461532592773 3.953446865081787 4.0838823318481445 3.9031474590301514 3.996279239654541 3.9765071868896484 4.081718444824219 4.3532891273498535 4.23820161819458 4.202025413513184 4.508175373077393 4.555914878845215 4.867359638214111 4.835148334503174 5.37071418762207 0.0 0.0 0.0 0.0 0.0
9.933825492858887 4.231604099273682 3.9961061477661133 3.949265241622925 3.865962028503418 3.895362138748169 3.866943359375 3.8418784141540527 3.8132941722869873 3.789396286010742 3.8206727504730225 3.872119665145874 3.898205280303955 3.917917251586914 4.016079902648926 3.8486809730529785 3.8913941383361816 3.890554904937744 3.9909887313842773 4.412624835968018 4.120977878570557 4.085907459259033 4.241351127624512 4.372655391693115 4.763051986694336 4.721507549285889 5.369330406188965 5.266294479370117 0.0 0.0 0.0 0.0
9.939217567443848 4.15274715423584 3.982797861099243 3.94508957862854 3.88356614112854 3.8536088466644287 3.8438868522644043 3.8280866146087646 3.822974443435669 3.7721500396728516 3.807316541671753 3.7889468669891357 3.822880983352661 3.931588888168335 4.0407891273498535 3.8928732872009277 3.882598638534546 3.8536994457244873 3.928765058517456 4.160083770751953 4.097850322723389 4.027458190917969 4.134958267211914 4.1562700271606445 4.412276268005371 4.538276195526123 4.834439277648926 4.692142963409424 5.198322296142578 0.0 0.0 0.0
9.936562538146973 4.116409778594971 3.9714643955230713 3.9188215732574463 3.870051145553589 3.853134870529175 3.7999141216278076 3.7957754135131836 3.838836669921875 3.77034068107605 3.790259599685669 3.7610535621643066 3.789085865020752 3.835350751876831 3.9223504066467285 3.8552157878875732 3.8814291954040527 3.8143081665039062 3.855335235595703 4.035212516784668 4.038015842437744 3.977926731109619 4.090661525726318 4.104366302490234 4.247657299041748 4.3505377769470215 4.986964702606201 4.692442417144775 4.685656547546387 5.2231245040893555 0.0 0.0
9.929417610168457 4.107473850250244 3.9493048191070557 3.9239110946655273 3.8861920833587646 3.898611545562744 3.7999372482299805 3.7504069805145264 3.7897565364837646 3.789369583129883 3.8009774684906006 3.7681405544281006 3.761155605316162 3.8188424110412598 3.8754327297210693 3.85585355758667 3.871161699295044 3.817925453186035 3.8313536643981934 4.045627117156982 3.8947296142578125 3.9252731800079346 4.057428359985352 4.0286664962768555 4.131837368011475 4.2291436195373535 5.50666618347168 4.522937774658203 4.618950366973877 4.713128089904785 5.223954200744629 0.0
9.934113502502441 4.085564136505127 3.9214060306549072 3.891101121902466 3.8518171310424805 3.8928699493408203 3.8249809741973877 3.815303087234497 3.782506227493286 3.7399535179138184 3.7603397369384766 3.7906365394592285 3.804989814758301 3.8012523651123047 3.924389362335205 3.8330414295196533 3.80751895904541 3.815805673599243 3.8764917850494385 3.9771053791046143 3.8476364612579346 3.892582893371582 3.967061758041382 3.9692180156707764 4.109752178192139 4.151386260986328 4.613783359527588 4.297750949859619 4.491598129272461 4.679389476776123 4.630918025970459 5.266517639160156
