10.020692825317383 0.0 0.0 0.0 0.0 0.0 0.0 0.0 0.0 0.0 0.0 0.0 0.0 0.0 0.0 0.0 0.0 0.0 0.0 0.0 0.0 0.0 0.0 0.0 0.0 0.0 0.0 0.0 0.0 0.0 0.0 0.0
9.995198249816895 6.335626602172852 0.0 0.0 0.0 0.0 0.0 0.0 0.0 0.0 0.0 0.0 0.0 0.0 0.0 0.0 0.0 0.0 0.0 0.0 0.0 0.0 0.0 0.0 0.0 0.0 0.0 0.0 0.0 0.0 0.0 0.0
9.967365264892578 6.5465850830078125 6.152741432189941 0.0 0.0 0.0 0.0 0.0 0.0 0.0 0.0 0.0 0.0 0.0 0.0 0.0 0.0 0.0 0.0 0.0 0.0 0.0 0.0 0.0 0.0 0.0 0.0 0.0 0.0 0.0 0.0 0.0
9.936553955078125 6.764729022979736 6.308258533477783 5.988081932067871 0.0 0.0 0.0 0.0 0.0 0.0 0.0 0.0 0.0 0.0 0.0 0.0 0.0 0.0 0.0 0.0 0.0 0.0 0.0 0.0 0.0 0.0 0.0 0.0 0.0 0.0 0.0 0.0
9.887807846069336 7.0537519454956055 6.61356258392334 6.217104434967041 5.980525016784668 0.0 0.0 0.0 0.0 0.0 0.0 0.0 0.0 0.0 0.0 0.0 0.0 0.0 0.0 0.0 0.0 0.0 0.0 0.0 0.0 0.0 0.0 0.0 0.0 0.0 0.0 0.0
9.837075233459473 7.186527252197266 6.858366966247559 6.480683326721191 6.1653642654418945 5.919778347015381 0.0 0.0 0.0 0.0 0.0 0.0 0.0 0.0 0.0 0.0 0.0 0.0 0.0 0.0 0.0 0.0 0.0 0.0 0.0 0.0 0.0 0.0 0.0 0.0 0.0 0.0
9.78502082824707 7.214152812957764 7.016019821166992 6.73704195022583 6.435696601867676 6.110246658325195 5.811813831329346 0.0 0.0 0.0 0.0 0.0 0.0 0.0 0.0 0.0 0.0 0.0 0.0 0.0 0.0 0.0 0.0 0.0 0.0 0.0 0.0 0.0 0.0 0.0 0.0 0.0
9.747048377990723 7.1174774169921875 7.005427360534668 6.865513324737549 6.66689395904541 6.371922492980957 6.010706424713135 5.749261856079102 0.0 0.0 0.0 0.0 0.0 0.0 0.0 0.0 0.0 0.0 0.0 0.0 0.0 0.0 0.0 0.0 0.0 0.0 0.0 0.0 0.0 0.0 0.0 0.0
9.706201553344727 7.026164531707764 6.939491271972656 6.891366481781006 6.832624912261963 6.629589080810547 6.29932975769043 5.97318172454834 5.7350640296936035 0.0 0.0 0.0 0.0 0.0 0.0 0.0 0.0 0.0 0.0 0.0 0.0 0.0 0.0 0.0 0.0 0.0 0.0 0.0 0.0 0.0 0.0 0.0
9.670391082763672 6.955455780029297 6.850663185119629 6.821693420410156 6.857309341430664 6.780233383178711 6.562485694885254 6.26191520690918 5.954967498779297 5.675119876861572 0.0 0.0 0.0 0.0 0.0 0.0 0.0 0.0 0.0 0.0 0.0 0.0 0.0 0.0 0.0 0.0 0.0 0.0 0.0 0.0 0.0 0.0
9.638510704040527 6.885993957519531 6.773040771484375 6.729788780212402 6.7830281257629395 6.798106670379639 6.721638202667236 6.516225814819336 6.242064952850342 5.919543266296387 5.666386604309082 0.0 0.0 0.0 0.0 0.0 0.0 0.0 0.0 0.0 0.0 0.0 0.0 0.0 0.0 0.0 0.0 0.0 0.0 0.0 0.0 0.0
9.61336898803711 6.786491394042969 6.685460567474365 6.640331268310547 6.683269500732422 6.732509613037109 6.7466864585876465 6.673227787017822 6.493330955505371 6.204954624176025 5.906618595123291 5.620163917541504 0.0 0.0 0.0 0.0 0.0 0.0 0.0 0.0 0.0 0.0 0.0 0.0 0.0 0.0 0.0 0.0 0.0 0.0 0.0 0.0
9.579954147338867 6.703499794006348 6.610510349273682 6.5925116539001465 6.6282734870910645 6.657047748565674 6.695662498474121 6.715753555297852 6.675999641418457 6.488999843597412 6.205721855163574 5.880584716796875 5.573269367218018 0.0 0.0 0.0 0.0 0.0 0.0 0.0 0.0 0.0 0.0 0.0 0.0 0.0 0.0 0.0 0.0 0.0 0.0 0.0
9.566388130187988 6.576287269592285 6.481631755828857 6.498291015625 6.557706356048584 6.565858840942383 6.592878818511963 6.6403069496154785 6.69221830368042 6.6332783699035645 6.461784362792969 6.158133506774902 5.8241658210754395 5.55220365524292 0.0 0.0 0.0 0.0 0.0 0.0 0.0 0.0 0.0 0.0 0.0 0.0 0.0 0.0 0.0 0.0 0.0 0.0
9.5435791015625 6.476231098175049 6.361993312835693 6.393494129180908 6.478124618530273 6.522233009338379 6.532402992248535 6.566686630249023 6.645692825317383 6.68040657043457 6.635071277618408 6.42897367477417 6.1200852394104 5.8064470291137695 5.533534526824951 0.0 0.0 0.0 0.0 0.0 0.0 0.0 0.0 0.0 0.0 0.0 0.0 0.0 0.0 0.0 0.0 0.0
9.524680137634277 6.416406154632568 6.2634196281433105 6.276385307312012 6.374311447143555 6.457172870635986 6.4726409912109375 6.492502689361572 6.559166431427002 6.622973442077637 6.667882442474365 6.596045017242432 6.3983049392700195 6.107110023498535 5.799607753753662 5.516589641571045 0.0 0.0 0.0 0.0 0.0 0.0 0.0 0.0 0.0 0.0 0.0 0.0 0.0 0.0 0.0 0.0
9.500676155090332 6.370411396026611 6.205106735229492 6.176983833312988 6.263369083404541 6.356691360473633 6.406229019165039 6.439624786376953 6.493730545043945 6.537552833557129 6.618961334228516 6.6491475105285645 6.5901641845703125 6.396714210510254 6.113916397094727 5.798506259918213 5.539050102233887 0.0 0.0 0.0 0.0 0.0 0.0 0.0 0.0 0.0 0.0 0.0 0.0 0.0 0.0 0.0
9.499279022216797 6.264726638793945 6.129973888397217 6.079815864562988 6.135733127593994 6.201312065124512 6.272232532501221 6.336421966552734 6.40797758102417 6.437798500061035 6.507145404815674 6.568078517913818 6.604297161102295 6.560355186462402 6.390415191650391 6.100894451141357 5.815267562866211 5.491819381713867 0.0 0.0 0.0 0.0 0.0 0.0 0.0 0.0 0.0 0.0 0.0 0.0 0.0 0.0
9.483888626098633 6.187764644622803 6.074952125549316 6.029119491577148 6.069952011108398 6.106414794921875 6.164731502532959 6.23951530456543 6.332080364227295 6.380543231964111 6.435652732849121 6.479212284088135 6.553008556365967 6.595086574554443 6.55106782913208 6.365441799163818 6.098850250244141 5.761468410491943 5.497288703918457 0.0 0.0 0.0 0.0 0.0 0.0 0.0 0.0 0.0 0.0 0.0 0.0 0.0
9.461788177490234 6.10076904296875 5.994584560394287 5.974612712860107 6.018984794616699 6.045217990875244 6.083963394165039 6.140299320220947 6.246561050415039 6.329827308654785 6.387132167816162 6.424783229827881 6.47360897064209 6.542377471923828 6.602418422698975 6.546654224395752 6.391937732696533 6.073791980743408 5.780634880065918 5.512819766998291 0.0 0.0 0.0 0.0 0.0 0.0 0.0 0.0 0.0 0.0 0.0 0.0
9.461236000061035 5.987669944763184 5.882088661193848 5.876616954803467 5.932188034057617 5.956071853637695 5.975517749786377 6.016002178192139 6.1141839027404785 6.2039361000061035 6.293521404266357 6.3397088050842285 6.388351917266846 6.44462776184082 6.525057315826416 6.572463512420654 6.556277751922607 6.353752613067627 6.086573123931885 5.800507068634033 5.510471343994141 0.0 0.0 0.0 0.0 0.0 0.0 0.0 0.0 0.0 0.0 0.0
9.451422691345215 5.926937103271484 5.786159038543701 5.770808219909668 5.84531831741333 5.896990776062012 5.914501190185547 5.937481880187988 6.006711483001709 6.086269855499268 6.192068576812744 6.263868808746338 6.32464599609375 6.375079154968262 6.442601203918457 6.513506889343262 6.587460517883301 6.517106056213379 6.355258941650391 6.095870018005371 5.789034843444824 5.489339828491211 0.0 0.0 0.0 0.0 0.0 0.0 0.0 0.0 0.0 0.0
9.43906021118164 5.873389720916748 5.723728656768799 5.685957431793213 5.751648426055908 5.827595233917236 5.863171100616455 5.892482757568359 5.937960147857666 5.983987808227539 6.076858043670654 6.168346881866455 6.252396106719971 6.3092570304870605 6.372252464294434 6.43429708480835 6.533833980560303 6.553930759429932 6.520801067352295 6.362372398376465 6.081905841827393 5.765815734863281 5.478160858154297 0.0 0.0 0.0 0.0 0.0 0.0 0.0 0.0 0.0
9.433159828186035 5.791135787963867 5.660364627838135 5.610184669494629 5.648615837097168 5.708827972412109 5.764582633972168 5.82179069519043 5.876134395599365 5.905313968658447 5.972644329071045 6.0486555099487305 6.141641616821289 6.2240753173828125 6.304815292358398 6.360456943511963 6.4449357986450195 6.48974084854126 6.554811477661133 6.535799503326416 6.357241153717041 6.062524318695068 5.762216567993164 5.49153470993042 0.0 0.0 0.0 0.0 0.0 0.0 0.0 0.0
9.423437118530273 5.740868091583252 5.602931499481201 5.567527770996094 5.6035237312316895 5.626186847686768 5.674026012420654 5.7300825119018555 5.812455177307129 5.852506160736084 5.903561592102051 5.947983264923096 6.031457901000977 6.128273963928223 6.225582122802734 6.292942047119141 6.356574535369873 6.405099868774414 6.48989725112915 6.569591045379639 6.517979621887207 6.333889484405518 6.053866863250732 5.780948162078857 5.4981584548950195 0.0 0.0 0.0 0.0 0.0 0.0 0.0
9.424020767211914 5.614097595214844 5.493897438049316 5.481851577758789 5.5266242027282715 5.540223121643066 5.568243026733398 5.617522239685059 5.709024906158447 5.775691986083984 5.829447269439697 5.8531494140625 5.91245698928833 6.003614902496338 6.117205619812012 6.205443382263184 6.287274360656738 6.324762344360352 6.4017720222473145 6.507174491882324 6.551528453826904 6.494943618774414 6.325240135192871 6.062137126922607 5.802626609802246 5.476375102996826 0.0 0.0 0.0 0.0 0.0 0.0
9.41053295135498 5.543309688568115 5.404899597167969 5.3956732749938965 5.460200309753418 5.4936699867248535 5.508513927459717 5.537683010101318 5.613852024078369 5.704612731933594 5.776345729827881 5.805873870849609 5.839452266693115 5.90416955947876 6.00829553604126 6.114029407501221 6.221289157867432 6.269579887390137 6.331492900848389 6.443750858306885 6.505483150482178 6.537263870239258 6.49934196472168 6.337313652038574 6.084250450134277 5.772815227508545 5.500125408172607 0.0 0.0 0.0 0.0 0.0
9.415823936462402 5.478679180145264 5.314431190490723 5.286337375640869 5.358242034912109 5.413205146789551 5.437895774841309 5.457347869873047 5.514055252075195 5.569896697998047 5.664604187011719 5.723374843597412 5.767136096954346 5.81566858291626 5.889580249786377 5.979945182800293 6.101215839385986 6.175991535186768 6.258936882019043 6.343172550201416 6.399569988250732 6.463259220123291 6.527313709259033 6.4993414878845215 6.347215175628662 6.0605340003967285 5.780437469482422 5.469385623931885 0.0 0.0 0.0 0.0
9.403854370117188 5.443232536315918 5.271815776824951 5.206943988800049 5.256937503814697 5.323020935058594 5.374114990234375 5.406528949737549 5.446072578430176 5.485517978668213 5.566345691680908 5.631556510925293 5.703300952911377 5.759408473968506 5.814581394195557 5.881031513214111 5.9889726638793945 6.073892116546631 6.191317081451416 6.279279708862305 6.343120574951172 6.389954090118408 6.479243755340576 6.535634517669678 6.517582893371582 6.3412065505981445 6.092796325683594 5.768019676208496 5.483046054840088 0.0 0.0 0.0
9.394508361816406 5.393181800842285 5.2560858726501465 5.164808750152588 5.180572032928467 5.230008602142334 5.284635066986084 5.339100360870361 5.394596099853516 5.420800685882568 5.480632305145264 5.531672477722168 5.6143035888671875 5.694085597991943 5.756626605987549 5.810376167297363 5.889305114746094 5.963207244873047 6.093635559082031 6.213724136352539 6.2808027267456055 6.324936866760254 6.394918918609619 6.48269510269165 6.549149513244629 6.502521514892578 6.357368469238281 6.056766033172607 5.780446529388428 5.488518714904785 0.0 0.0
9.395697593688965 5.2832159996032715 5.1956634521484375 5.121580123901367 5.124037265777588 5.142191410064697 5.186832904815674 5.243987083435059 5.323987007141113 5.352573394775391 5.403233051300049 5.436741352081299 5.50098180770874 5.5953593254089355 5.680229187011719 5.741592884063721 5.811470985412598 5.8547163009643555 5.96444845199585 6.100928783416748 6.1916823387146 6.2526068687438965 6.3157196044921875 6.391100883483887 6.487646579742432 6.523926734924316 6.507320404052734 6.3211493492126465 6.062236309051514 5.786307334899902 5.4857177734375 0.0
9.389608383178711 5.167956829071045 5.112122535705566 5.074705600738525 5.0888671875 5.13795804977417 5.124650001525879 5.17080020904541 5.247284889221191 5.298133850097656 5.361532211303711 5.378990650177002 5.414120674133301 5.495508193969727 5.590552806854248 5.672358989715576 5.7505292892456055 5.7751078605651855 5.85858678817749 5.98392915725708 6.086122989654541 6.168181419372559 6.2489237785339355 6.3139495849609375 6.395167827606201 6.471356391906738 6.545529842376709 6.482156753540039 6.331322193145752 6.063796043395996 5.7771525382995605 5.504362106323242
