10.020692825317383 0.0 0.0 0.0 0.0 0.0 0.0 0.0 0.0 0.0 0.0 0.0 0.0 0.0 0.0 0.0 0.0 0.0 0.0 0.0 0.0 0.0 0.0 0.0 0.0 0.0 0.0 0.0 0.0 0.0 0.0 0.0
10.01279067993164 5.162187099456787 0.0 0.0 0.0 0.0 0.0 0.0 0.0 0.0 0.0 0.0 0.0 0.0 0.0 0.0 0.0 0.0 0.0 0.0 0.0 0.0 0.0 0.0 0.0 0.0 0.0 0.0 0.0 0.0 0.0 0.0
9.99708366394043 5.508640766143799 5.623356819152832 0.0 0.0 0.0 0.0 0.0 0.0 0.0 0.0 0.0 0.0 0.0 0.0 0.0 0.0 0.0 0.0 0.0 0.0 0.0 0.0 0.0 0.0 0.0 0.0 0.0 0.0 0.0 0.0 0.0
9.983659744262695 5.166478633880615 5.956567287445068 5.544666767120361 0.0 0.0 0.0 0.0 0.0 0.0 0.0 0.0 0.0 0.0 0.0 0.0 0.0 0.0 0.0 0.0 0.0 0.0 0.0 0.0 0.0 0.0 0.0 0.0 0.0 0.0 0.0 0.0
9.97520923614502 4.868829250335693 5.476386070251465 5.828211784362793 5.677154064178467 0.0 0.0 0.0 0.0 0.0 0.0 0.0 0.0 0.0 0.0 0.0 0.0 0.0 0.0 0.0 0.0 0.0 0.0 0.0 0.0 0.0 0.0 0.0 0.0 0.0 0.0 0.0
9.96819019317627 4.6519880294799805 5.020261287689209 5.355139255523682 5.95221471786499 5.702284812927246 0.0 0.0 0.0 0.0 0.0 0.0 0.0 0.0 0.0 0.0 0.0 0.0 0.0 0.0 0.0 0.0 0.0 0.0 0.0 0.0 0.0 0.0 0.0 0.0 0.0 0.0
9.965811729431152 4.407008647918701 4.731093883514404 4.984477519989014 5.3804144859313965 5.916487693786621 5.612945079803467 0.0 0.0 0.0 0.0 0.0 0.0 0.0 0.0 0.0 0.0 0.0 0.0 0.0 0.0 0.0 0.0 0.0 0.0 0.0 0.0 0.0 0.0 0.0 0.0 0.0
9.963393211364746 4.3293070793151855 4.5663909912109375 4.669949531555176 4.940019130706787 5.336996078491211 5.8963422775268555 5.584188938140869 0.0 0.0 0.0 0.0 0.0 0.0 0.0 0.0 0.0 0.0 0.0 0.0 0.0 0.0 0.0 0.0 0.0 0.0 0.0 0.0 0.0 0.0 0.0 0.0
9.960561752319336 4.324102878570557 4.458216667175293 4.425772666931152 4.659396171569824 4.957171440124512 5.282528877258301 5.871289253234863 5.6081671714782715 0.0 0.0 0.0 0.0 0.0 0.0 0.0 0.0 0.0 0.0 0.0 0.0 0.0 0.0 0.0 0.0 0.0 0.0 0.0 0.0 0.0 0.0 0.0
9.951460838317871 4.2446184158325195 4.410244464874268 4.358614444732666 4.5196146965026855 4.695301055908203 4.974658489227295 5.300163269042969 6.117221355438232 5.635215759277344 0.0 0.0 0.0 0.0 0.0 0.0 0.0 0.0 0.0 0.0 0.0 0.0 0.0 0.0 0.0 0.0 0.0 0.0 0.0 0.0 0.0 0.0
9.956982612609863 4.078376770019531 4.373242378234863 4.252511024475098 4.328971862792969 4.431779384613037 4.591382026672363 4.839102268218994 5.239186763763428 5.866265296936035 5.5601806640625 0.0 0.0 0.0 0.0 0.0 0.0 0.0 0.0 0.0 0.0 0.0 0.0 0.0 0.0 0.0 0.0 0.0 0.0 0.0 0.0 0.0
9.954740524291992 3.951878070831299 4.208474159240723 4.149588108062744 4.214874744415283 4.3436598777771 4.322195053100586 4.508676528930664 4.973052024841309 5.255767345428467 5.859090328216553 5.572881698608398 0.0 0.0 0.0 0.0 0.0 0.0 0.0 0.0 0.0 0.0 0.0 0.0 0.0 0.0 0.0 0.0 0.0 0.0 0.0 0.0
9.954048156738281 3.891712188720703 4.070123195648193 4.004178047180176 4.142661094665527 4.233699321746826 4.2286272048950195 4.370442867279053 4.686384201049805 4.833333492279053 5.204524517059326 5.855803489685059 5.526691436767578 0.0 0.0 0.0 0.0 0.0 0.0 0.0 0.0 0.0 0.0 0.0 0.0 0.0 0.0 0.0 0.0 0.0 0.0 0.0
9.954631805419922 3.9504008293151855 3.9989466667175293 3.9034454822540283 3.978627920150757 4.118131637573242 4.166810989379883 4.247396945953369 4.30422306060791 4.508897304534912 4.806437969207764 5.207580089569092 5.778420448303223 5.517999649047852 0.0 0.0 0.0 0.0 0.0 0.0 0.0 0.0 0.0 0.0 0.0 0.0 0.0 0.0 0.0 0.0 0.0 0.0
9.953407287597656 3.767666816711426 3.9708330631256104 3.7678003311157227 3.8710038661956787 3.9821572303771973 4.081867218017578 4.189367294311523 4.221580505371094 4.300410270690918 4.532016754150391 4.853323459625244 5.162555694580078 5.779294967651367 5.5078301429748535 0.0 0.0 0.0 0.0 0.0 0.0 0.0 0.0 0.0 0.0 0.0 0.0 0.0 0.0 0.0 0.0 0.0
9.94897174835205 3.699620485305786 3.958397150039673 3.7862982749938965 3.7664811611175537 3.868699073791504 3.9171385765075684 4.089481830596924 4.098726272583008 4.2272820472717285 4.270659923553467 4.966877460479736 4.804094314575195 5.246464729309082 5.800413131713867 5.497488975524902 0.0 0.0 0.0 0.0 0.0 0.0 0.0 0.0 0.0 0.0 0.0 0.0 0.0 0.0 0.0 0.0
9.948004722595215 3.6218156814575195 3.939370632171631 3.7486355304718018 3.7522428035736084 3.725496530532837 3.7664906978607178 3.89139986038208 4.024582386016846 4.136845588684082 4.14838981628418 4.618582725524902 4.515978813171387 4.915414333343506 5.206274509429932 5.834464073181152 5.508005619049072 0.0 0.0 0.0 0.0 0.0 0.0 0.0 0.0 0.0 0.0 0.0 0.0 0.0 0.0 0.0
9.950796127319336 3.4532008171081543 3.796297311782837 3.6414599418640137 3.695781707763672 3.6893069744110107 3.674179792404175 3.812242031097412 3.965514659881592 3.9795663356781006 4.086214542388916 4.2028632164001465 4.265244007110596 4.439545631408691 4.807400703430176 5.15427827835083 5.7918806076049805 5.485354900360107 0.0 0.0 0.0 0.0 0.0 0.0 0.0 0.0 0.0 0.0 0.0 0.0 0.0 0.0
9.949849128723145 3.399970293045044 3.701323986053467 3.565688133239746 3.649841070175171 3.6632282733917236 3.602688789367676 3.6923253536224365 3.7184202671051025 3.8379368782043457 3.955717086791992 4.083669185638428 4.101159572601318 4.23207426071167 4.499023914337158 4.766020774841309 5.168831825256348 5.8456315994262695 5.462253570556641 0.0 0.0 0.0 0.0 0.0 0.0 0.0 0.0 0.0 0.0 0.0 0.0 0.0
9.947772026062012 3.448692798614502 3.6239328384399414 3.4238240718841553 3.5007708072662354 3.630741596221924 3.617541551589966 3.61330246925354 3.65185546875 3.684483289718628 3.8425276279449463 3.9336752891540527 3.9598145484924316 4.090571880340576 4.296411514282227 4.4786295890808105 5.226240158081055 5.1134562492370605 5.741617202758789 5.475631237030029 0.0 0.0 0.0 0.0 0.0 0.0 0.0 0.0 0.0 0.0 0.0 0.0
9.949567794799805 3.4948153495788574 3.586468458175659 3.36639666557312 3.362060785293579 3.4655373096466064 3.5382156372070312 3.6177544593811035 3.571117401123047 3.6757419109344482 3.8219728469848633 3.816654920578003 3.892932653427124 3.982867479324341 4.098376750946045 4.2187089920043945 4.486087322235107 4.770730495452881 5.137033462524414 5.7570319175720215 5.4799089431762695 0.0 0.0 0.0 0.0 0.0 0.0 0.0 0.0 0.0 0.0 0.0
9.94894790649414 3.587486505508423 3.6224377155303955 3.3577418327331543 3.3069803714752197 3.373074531555176 3.430311441421509 3.5235867500305176 3.616002082824707 3.604625701904297 3.727099657058716 3.6985855102539062 3.7782740592956543 3.937556028366089 4.014754772186279 4.048534870147705 4.258340835571289 4.3752031326293945 4.725946426391602 5.098994255065918 5.782400608062744 5.465018272399902 0.0 0.0 0.0 0.0 0.0 0.0 0.0 0.0 0.0 0.0
9.946147918701172 3.453723430633545 3.665813446044922 3.3785173892974854 3.3132970333099365 3.2774696350097656 3.272397994995117 3.3687095642089844 3.473222494125366 3.5316224098205566 3.5847055912017822 3.5736260414123535 3.686335325241089 3.7398674488067627 3.9505457878112793 3.956984519958496 4.149257659912109 4.203719615936279 4.407005310058594 4.832693099975586 5.234573841094971 5.806347370147705 5.491601943969727 0.0 0.0 0.0 0.0 0.0 0.0 0.0 0.0 0.0
9.947171211242676 3.438293218612671 3.6551411151885986 3.378540277481079 3.3432352542877197 3.309682607650757 3.2097978591918945 3.248375177383423 3.3910491466522217 3.4907243251800537 3.5371532440185547 3.6042652130126953 3.5324008464813232 3.6660358905792236 3.7335989475250244 3.881312131881714 4.004793167114258 4.083386421203613 4.172938346862793 4.421698570251465 4.7714667320251465 5.1332106590271 5.803032875061035 5.437839508056641 0.0 0.0 0.0 0.0 0.0 0.0 0.0 0.0
9.94608211517334 3.4239776134490967 3.618436098098755 3.3403732776641846 3.378875732421875 3.3137969970703125 3.270399808883667 3.1655712127685547 3.300999402999878 3.381873607635498 3.4382286071777344 3.4937288761138916 3.514636993408203 3.516467332839966 3.6093060970306396 3.7711424827575684 3.892857313156128 3.940474033355713 4.019218921661377 4.245607852935791 4.553057670593262 4.7579827308654785 5.139237880706787 5.794968128204346 5.436709880828857 0.0 0.0 0.0 0.0 0.0 0.0 0.0
9.949361801147461 3.44136643409729 3.6148767471313477 3.300158739089966 3.2712228298187256 3.306201219558716 3.237175226211548 3.143657922744751 3.191324234008789 3.2209115028381348 3.258885383605957 3.356614112854004 3.384706974029541 3.491697311401367 3.4955902099609375 3.527590036392212 3.763472318649292 3.8345584869384766 3.8958187103271484 4.079960823059082 4.161441802978516 4.361202239990234 4.6931915283203125 5.113649368286133 5.69796895980835 5.411489486694336 0.0 0.0 0.0 0.0 0.0 0.0
9.94372272491455 3.5406715869903564 3.665174722671509 3.292046546936035 3.2525346279144287 3.257312059402466 3.2674877643585205 3.185631275177002 3.173217296600342 3.2030932903289795 3.1919257640838623 3.269390106201172 3.3488683700561523 3.468088388442993 3.500460624694824 3.521965503692627 3.6696345806121826 3.6433677673339844 3.856842041015625 3.9452385902404785 4.05725622177124 4.203216552734375 4.496400833129883 4.721458435058594 5.065804481506348 5.853081226348877 5.514876365661621 0.0 0.0 0.0 0.0 0.0
9.94505500793457 3.4183430671691895 3.636849880218506 3.3078877925872803 3.1756601333618164 3.1656317710876465 3.173265218734741 3.1997628211975098 3.1503100395202637 3.1784214973449707 3.0671327114105225 3.266287326812744 3.2781331539154053 3.342424154281616 3.453805685043335 3.4462778568267822 3.485299825668335 3.5579993724823 3.6802031993865967 3.7676475048065186 3.978438377380371 4.030741214752197 4.16162109375 4.368525505065918 4.7410969734191895 5.154919624328613 5.823518753051758 5.423578262329102 0.0 0.0 0.0 0.0
9.94587230682373 3.299603223800659 3.6117284297943115 3.353685140609741 3.222522258758545 3.15521240234375 3.111311674118042 3.152975082397461 3.2249460220336914 3.1479101181030273 3.1187615394592285 3.096040964126587 3.121224880218506 3.2814297676086426 3.3691353797912598 3.421574115753174 3.4604878425598145 3.421488046646118 3.4960005283355713 3.683441162109375 3.7578399181365967 3.9197371006011963 4.009921550750732 4.1833086013793945 4.3809685707092285 4.667285919189453 5.1769022941589355 5.759773254394531 5.4200215339660645 0.0 0.0 0.0
9.946063041687012 3.1562917232513428 3.485457181930542 3.333002805709839 3.250898599624634 3.1910362243652344 3.1182303428649902 3.1197896003723145 3.0850954055786133 3.133816957473755 3.137063980102539 3.0855154991149902 3.0722951889038086 3.1391971111297607 3.2783591747283936 3.377291440963745 3.411505699157715 3.424638509750366 3.4754862785339355 3.543980121612549 3.7218925952911377 3.789902448654175 3.930183172225952 4.081342697143555 4.1688714027404785 4.410654067993164 4.739518642425537 5.057155132293701 5.717441558837891 5.420764923095703 0.0 0.0
9.945332527160645 3.055088520050049 3.4540555477142334 3.2555148601531982 3.200978994369507 3.195101022720337 3.1010286808013916 3.0498297214508057 3.019883394241333 3.050213575363159 3.0652620792388916 3.1121444702148438 3.0357463359832764 3.0704705715179443 3.1209592819213867 3.230149984359741 3.280653238296509 3.3514716625213623 3.364882469177246 3.4369308948516846 3.608771562576294 3.70246958732605 3.7694900035858154 3.9515151977539062 3.9292917251586914 4.191514015197754 4.354420185089111 4.664114475250244 5.0341796875 5.809739112854004 5.4618096351623535 0.0
9.944321632385254 3.135408639907837 3.3403828144073486 3.133289098739624 3.136873483657837 3.2307708263397217 3.1677310466766357 3.09713077545166 3.0165255069732666 3.0187785625457764 3.0598719120025635 3.179759979248047 3.078298330307007 3.10361385345459 3.0885202884674072 3.097687244415283 3.2300798892974854 3.2823596000671387 3.3705954551696777 3.3726465702056885 3.4587907791137695 3.495419979095459 3.6213364601135254 3.7455220222473145 3.847106695175171 3.9199576377868652 4.148794651031494 4.399595260620117 4.743555545806885 5.180068492889404 5.7617082595825195 5.440471172332764
