10.020692825317383 0.0 0.0 0.0 0.0 0.0 0.0 0.0 0.0 0.0 0.0 0.0 0.0 0.0 0.0 0.0 0.0 0.0 0.0 0.0 0.0 0.0 0.0 0.0 0.0 0.0 0.0 0.0 0.0 0.0 0.0 0.0
9.953718185424805 7.282065391540527 0.0 0.0 0.0 0.0 0.0 0.0 0.0 0.0 0.0 0.0 0.0 0.0 0.0 0.0 0.0 0.0 0.0 0.0 0.0 0.0 0.0 0.0 0.0 0.0 0.0 0.0 0.0 0.0 0.0 0.0
9.978724479675293 6.017111301422119 6.240119934082031 0.0 0.0 0.0 0.0 0.0 0.0 0.0 0.0 0.0 0.0 0.0 0.0 0.0 0.0 0.0 0.0 0.0 0.0 0.0 0.0 0.0 0.0 0.0 0.0 0.0 0.0 0.0 0.0 0.0
9.97037410736084 5.786838531494141 5.862377166748047 6.054436206817627 0.0 0.0 0.0 0.0 0.0 0.0 0.0 0.0 0.0 0.0 0.0 0.0 0.0 0.0 0.0 0.0 0.0 0.0 0.0 0.0 0.0 0.0 0.0 0.0 0.0 0.0 0.0 0.0
9.958853721618652 5.744670391082764 5.666106700897217 5.821495532989502 6.017265796661377 0.0 0.0 0.0 0.0 0.0 0.0 0.0 0.0 0.0 0.0 0.0 0.0 0.0 0.0 0.0 0.0 0.0 0.0 0.0 0.0 0.0 0.0 0.0 0.0 0.0 0.0 0.0
9.949333190917969 5.711918354034424 5.530097961425781 5.606646537780762 5.781059741973877 5.990772247314453 0.0 0.0 0.0 0.0 0.0 0.0 0.0 0.0 0.0 0.0 0.0 0.0 0.0 0.0 0.0 0.0 0.0 0.0 0.0 0.0 0.0 0.0 0.0 0.0 0.0 0.0
9.938614845275879 5.710214138031006 5.4747209548950195 5.478310585021973 5.601710319519043 5.801312446594238 5.974703311920166 0.0 0.0 0.0 0.0 0.0 0.0 0.0 0.0 0.0 0.0 0.0 0.0 0.0 0.0 0.0 0.0 0.0 0.0 0.0 0.0 0.0 0.0 0.0 0.0 0.0
9.93288803100586 5.61345911026001 5.386213779449463 5.388423442840576 5.439722061157227 5.586133003234863 5.73486852645874 5.930735111236572 0.0 0.0 0.0 0.0 0.0 0.0 0.0 0.0 0.0 0.0 0.0 0.0 0.0 0.0 0.0 0.0 0.0 0.0 0.0 0.0 0.0 0.0 0.0 0.0
9.926889419555664 5.520621299743652 5.2989630699157715 5.312681674957275 5.354368686676025 5.426400661468506 5.5363006591796875 5.707315444946289 5.918604373931885 0.0 0.0 0.0 0.0 0.0 0.0 0.0 0.0 0.0 0.0 0.0 0.0 0.0 0.0 0.0 0.0 0.0 0.0 0.0 0.0 0.0 0.0 0.0
9.918914794921875 5.46553897857666 5.240286350250244 5.274760723114014 5.302254676818848 5.357619285583496 5.419493198394775 5.5295090675354 5.727354049682617 5.896283149719238 0.0 0.0 0.0 0.0 0.0 0.0 0.0 0.0 0.0 0.0 0.0 0.0 0.0 0.0 0.0 0.0 0.0 0.0 0.0 0.0 0.0 0.0
9.914664268493652 5.438962936401367 5.113657474517822 5.164977550506592 5.203933238983154 5.275967597961426 5.311460018157959 5.37865686416626 5.514403343200684 5.6674485206604 5.89491605758667 0.0 0.0 0.0 0.0 0.0 0.0 0.0 0.0 0.0 0.0 0.0 0.0 0.0 0.0 0.0 0.0 0.0 0.0 0.0 0.0 0.0
9.90902328491211 5.392361164093018 5.027351379394531 5.072335243225098 5.124129772186279 5.212383270263672 5.24497127532959 5.298304080963135 5.383793354034424 5.481312274932861 5.697474479675293 5.872100830078125 0.0 0.0 0.0 0.0 0.0 0.0 0.0 0.0 0.0 0.0 0.0 0.0 0.0 0.0 0.0 0.0 0.0 0.0 0.0 0.0
9.902271270751953 5.406754016876221 5.003565311431885 5.014547348022461 5.065917491912842 5.1401166915893555 5.199089527130127 5.241703033447266 5.320780277252197 5.358053207397461 5.512167930603027 5.672922134399414 5.837889671325684 0.0 0.0 0.0 0.0 0.0 0.0 0.0 0.0 0.0 0.0 0.0 0.0 0.0 0.0 0.0 0.0 0.0 0.0 0.0
9.899064064025879 5.35372257232666 4.960684299468994 4.956360816955566 4.9806671142578125 5.042343616485596 5.104681015014648 5.163755893707275 5.239647388458252 5.262450695037842 5.365450382232666 5.46666955947876 5.628316879272461 5.825077533721924 0.0 0.0 0.0 0.0 0.0 0.0 0.0 0.0 0.0 0.0 0.0 0.0 0.0 0.0 0.0 0.0 0.0 0.0
9.890983581542969 5.326876163482666 4.939153671264648 4.942972660064697 4.967121124267578 4.991931915283203 5.046274185180664 5.1137003898620605 5.1938796043396 5.237285137176514 5.322979927062988 5.360960006713867 5.469691753387451 5.648266315460205 5.831827163696289 0.0 0.0 0.0 0.0 0.0 0.0 0.0 0.0 0.0 0.0 0.0 0.0 0.0 0.0 0.0 0.0 0.0
9.88644027709961 5.284121990203857 4.887179851531982 4.922211647033691 4.945137977600098 4.957597732543945 4.984557151794434 5.033627033233643 5.121799945831299 5.179911136627197 5.2478437423706055 5.293643951416016 5.34415864944458 5.442757606506348 5.620578289031982 5.81908655166626 0.0 0.0 0.0 0.0 0.0 0.0 0.0 0.0 0.0 0.0 0.0 0.0 0.0 0.0 0.0 0.0
9.87997817993164 5.254003524780273 4.8229756355285645 4.873709678649902 4.91981840133667 4.945164680480957 4.952352046966553 4.984736919403076 5.069058895111084 5.112131118774414 5.198090553283691 5.244538307189941 5.263495445251465 5.346282958984375 5.452085494995117 5.62497091293335 5.840747356414795 0.0 0.0 0.0 0.0 0.0 0.0 0.0 0.0 0.0 0.0 0.0 0.0 0.0 0.0 0.0
9.874434471130371 5.260025501251221 4.777894973754883 4.820262432098389 4.8799214363098145 4.922508239746094 4.941716194152832 4.957099437713623 5.0023298263549805 5.039450168609619 5.137523651123047 5.183194160461426 5.224358081817627 5.277937889099121 5.338002681732178 5.450108528137207 5.623254299163818 5.817298412322998 0.0 0.0 0.0 0.0 0.0 0.0 0.0 0.0 0.0 0.0 0.0 0.0 0.0 0.0
9.866451263427734 5.262012958526611 4.773482322692871 4.795328140258789 4.8337812423706055 4.889192581176758 4.924101829528809 4.941479682922363 4.9803571701049805 4.995887279510498 5.086358547210693 5.130573749542236 5.179405689239502 5.231252670288086 5.2731523513793945 5.355030059814453 5.479552268981934 5.643282890319824 5.839049339294434 0.0 0.0 0.0 0.0 0.0 0.0 0.0 0.0 0.0 0.0 0.0 0.0 0.0
9.85798454284668 5.272492408752441 4.785826683044434 4.77250337600708 4.799697399139404 4.852091312408447 4.904057502746582 4.937368392944336 4.967400074005127 4.976535320281982 5.053127765655518 5.089934349060059 5.149542808532715 5.205698013305664 5.248740196228027 5.307559490203857 5.368852615356445 5.461282253265381 5.65649938583374 5.84532356262207 0.0 0.0 0.0 0.0 0.0 0.0 0.0 0.0 0.0 0.0 0.0 0.0
9.85697078704834 5.217800140380859 4.753007411956787 4.749361515045166 4.7632155418396 4.790171146392822 4.81791877746582 4.87108850479126 4.914511203765869 4.931731700897217 4.984387397766113 4.986295223236084 5.025104999542236 5.097771644592285 5.161731243133545 5.218027114868164 5.277182579040527 5.334803581237793 5.4687981605529785 5.6192097663879395 5.849203586578369 0.0 0.0 0.0 0.0 0.0 0.0 0.0 0.0 0.0 0.0 0.0
9.85269546508789 5.174811363220215 4.726875305175781 4.736344337463379 4.746254920959473 4.759376049041748 4.766047954559326 4.801959991455078 4.869931221008301 4.89127779006958 4.955041885375977 4.9550652503967285 4.971048831939697 5.027890205383301 5.098225116729736 5.164625644683838 5.243355751037598 5.261568546295166 5.344850063323975 5.445383071899414 5.622984886169434 5.823193550109863 0.0 0.0 0.0 0.0 0.0 0.0 0.0 0.0 0.0 0.0
9.846139907836914 5.173760890960693 4.69285774230957 4.738722801208496 4.74032735824585 4.7617034912109375 4.745132923126221 4.775510787963867 4.82289457321167 4.863336086273193 4.942843437194824 4.952123165130615 4.945374011993408 4.9857916831970215 5.043585777282715 5.094221591949463 5.194150924682617 5.218358039855957 5.279296398162842 5.339742660522461 5.4676127433776855 5.614541053771973 5.812636375427246 0.0 0.0 0.0 0.0 0.0 0.0 0.0 0.0 0.0
9.841506958007812 5.1974921226501465 4.6697516441345215 4.698119640350342 4.738533020019531 4.757217884063721 4.739566802978516 4.7399396896362305 4.778790473937988 4.805656433105469 4.8829545974731445 4.921954154968262 4.9268035888671875 4.946394920349121 4.974519729614258 5.020106792449951 5.1106767654418945 5.1629791259765625 5.222983360290527 5.269280433654785 5.367487907409668 5.451389312744141 5.595541000366211 5.800055980682373 0.0 0.0 0.0 0.0 0.0 0.0 0.0 0.0
9.835230827331543 5.1828508377075195 4.660682678222656 4.685581207275391 4.721861839294434 4.7258806228637695 4.740615367889404 4.729236602783203 4.766305923461914 4.776256561279297 4.860110282897949 4.878905773162842 4.904333114624023 4.92984676361084 4.948113441467285 4.971138000488281 5.0411696434021 5.124425411224365 5.181378364562988 5.233356475830078 5.304210662841797 5.345097064971924 5.432686805725098 5.59646463394165 5.800032615661621 0.0 0.0 0.0 0.0 0.0 0.0 0.0
9.828254699707031 5.16282320022583 4.662104606628418 4.675967216491699 4.700615406036377 4.706316947937012 4.739224433898926 4.727843284606934 4.7851481437683105 4.758006572723389 4.81434440612793 4.824954032897949 4.870012283325195 4.907946586608887 4.934718132019043 4.95308780670166 4.994321823120117 5.022186279296875 5.123113632202148 5.214990139007568 5.264682769775391 5.293022155761719 5.3538432121276855 5.4380316734313965 5.586263179779053 5.827276229858398 0.0 0.0 0.0 0.0 0.0 0.0
9.820594787597656 5.157443046569824 4.651051998138428 4.6807990074157715 4.707047939300537 4.705135822296143 4.715909957885742 4.709980010986328 4.765032768249512 4.74346923828125 4.769015789031982 4.808853626251221 4.820468425750732 4.875999927520752 4.921135902404785 4.930911064147949 4.968254566192627 4.975837230682373 5.068099498748779 5.154793739318848 5.242274284362793 5.25641393661499 5.27954626083374 5.330803394317627 5.445838451385498 5.6396284103393555 5.8540496826171875 0.0 0.0 0.0 0.0 0.0
9.821744918823242 5.088747978210449 4.593235969543457 4.628013610839844 4.643820285797119 4.646200180053711 4.661948204040527 4.662256240844727 4.714431285858154 4.717302322387695 4.766464710235596 4.772080421447754 4.773605823516846 4.801185607910156 4.856025695800781 4.907931804656982 4.90234899520874 4.935051441192627 4.9888916015625 5.055400848388672 5.11732292175293 5.162074565887451 5.215141296386719 5.251071453094482 5.318955898284912 5.44490909576416 5.60405158996582 5.8078293800354 0.0 0.0 0.0 0.0
9.813913345336914 5.105899333953857 4.5465168952941895 4.59905481338501 4.637948513031006 4.655720233917236 4.655937671661377 4.645509243011475 4.71312952041626 4.695858955383301 4.7490997314453125 4.760488986968994 4.74411153793335 4.761275291442871 4.813019752502441 4.872791290283203 4.889068603515625 4.917201519012451 4.972719192504883 5.012228965759277 5.0721964836120605 5.133261203765869 5.183419227600098 5.2157182693481445 5.279236316680908 5.348299026489258 5.463752269744873 5.609755992889404 5.82312536239624 0.0 0.0 0.0
9.811013221740723 5.1223626136779785 4.51992654800415 4.576925277709961 4.6253180503845215 4.63826322555542 4.643260955810547 4.633242607116699 4.675741195678711 4.658388614654541 4.735177516937256 4.744607925415039 4.730498313903809 4.715793609619141 4.750905513763428 4.813558578491211 4.847633361816406 4.9023895263671875 4.940729141235352 4.967814922332764 4.991776943206787 5.040485382080078 5.107662200927734 5.150161266326904 5.215383052825928 5.2671661376953125 5.339719772338867 5.429622173309326 5.603330135345459 5.808816432952881 0.0 0.0
9.804905891418457 5.165867805480957 4.5169196128845215 4.530066967010498 4.577647686004639 4.608525276184082 4.636227607727051 4.624439239501953 4.660277366638184 4.642358303070068 4.686739921569824 4.720852851867676 4.739983558654785 4.715900421142578 4.73961067199707 4.773159027099609 4.831318378448486 4.845014572143555 4.927304744720459 4.96339225769043 4.968885898590088 4.986645698547363 5.040006637573242 5.083649158477783 5.1605939865112305 5.215333461761475 5.3011651039123535 5.342345237731934 5.44803524017334 5.586207389831543 5.807212829589844 0.0
9.79855728149414 5.169948101043701 4.549627780914307 4.516562461853027 4.5386481285095215 4.586530685424805 4.614241123199463 4.628231525421143 4.670522212982178 4.653102874755859 4.676412582397461 4.691132068634033 4.707691669464111 4.751797676086426 4.73680305480957 4.714080810546875 4.8105950355529785 4.799152851104736 4.888964653015137 4.9276838302612305 4.996312618255615 4.975251197814941 4.987125396728516 5.031309127807617 5.100688934326172 5.167471885681152 5.241815090179443 5.319551944732666 5.33056116104126 5.412411689758301 5.586056709289551 5.803220272064209
