10.020692825317383 0.0 0.0 0.0 0.0 0.0 0.0 0.0 0.0 0.0 0.0 0.0 0.0 0.0 0.0 0.0 0.0 0.0 0.0 0.0 0.0 0.0 0.0 0.0 0.0 0.0 0.0 0.0 0.0 0.0 0.0 0.0
9.802596092224121 8.390243530273438 0.0 0.0 0.0 0.0 0.0 0.0 0.0 0.0 0.0 0.0 0.0 0.0 0.0 0.0 0.0 0.0 0.0 0.0 0.0 0.0 0.0 0.0 0.0 0.0 0.0 0.0 0.0 0.0 0.0 0.0
9.738344192504883 7.375024318695068 8.277644157409668 0.0 0.0 0.0 0.0 0.0 0.0 0.0 0.0 0.0 0.0 0.0 0.0 0.0 0.0 0.0 0.0 0.0 0.0 0.0 0.0 0.0 0.0 0.0 0.0 0.0 0.0 0.0 0.0 0.0
9.666884422302246 7.344381809234619 6.969396114349365 8.316292762756348 0.0 0.0 0.0 0.0 0.0 0.0 0.0 0.0 0.0 0.0 0.0 0.0 0.0 0.0 0.0 0.0 0.0 0.0 0.0 0.0 0.0 0.0 0.0 0.0 0.0 0.0 0.0 0.0
9.592016220092773 7.360518932342529 6.677858352661133 7.038660049438477 8.374131202697754 0.0 0.0 0.0 0.0 0.0 0.0 0.0 0.0 0.0 0.0 0.0 0.0 0.0 0.0 0.0 0.0 0.0 0.0 0.0 0.0 0.0 0.0 0.0 0.0 0.0 0.0 0.0
9.542469024658203 7.217708587646484 6.606834888458252 6.726879119873047 7.065316200256348 8.39862060546875 0.0 0.0 0.0 0.0 0.0 0.0 0.0 0.0 0.0 0.0 0.0 0.0 0.0 0.0 0.0 0.0 0.0 0.0 0.0 0.0 0.0 0.0 0.0 0.0 0.0 0.0
9.509832382202148 7.050699234008789 6.593786239624023 6.57873010635376 6.716565132141113 7.025214195251465 8.399250984191895 0.0 0.0 0.0 0.0 0.0 0.0 0.0 0.0 0.0 0.0 0.0 0.0 0.0 0.0 0.0 0.0 0.0 0.0 0.0 0.0 0.0 0.0 0.0 0.0 0.0
9.490562438964844 6.870949745178223 6.550239086151123 6.523858547210693 6.574195861816406 6.6805291175842285 6.989706993103027 8.369576454162598 0.0 0.0 0.0 0.0 0.0 0.0 0.0 0.0 0.0 0.0 0.0 0.0 0.0 0.0 0.0 0.0 0.0 0.0 0.0 0.0 0.0 0.0 0.0 0.0
9.464361190795898 6.7146077156066895 6.417629718780518 6.482702255249023 6.509584426879883 6.545073986053467 6.642314910888672 6.956762313842773 8.372167587280273 0.0 0.0 0.0 0.0 0.0 0.0 0.0 0.0 0.0 0.0 0.0 0.0 0.0 0.0 0.0 0.0 0.0 0.0 0.0 0.0 0.0 0.0 0.0
9.434839248657227 6.7013258934021 6.264804840087891 6.359989643096924 6.461523056030273 6.478982448577881 6.488058567047119 6.603124618530273 6.943709373474121 8.3746919631958 0.0 0.0 0.0 0.0 0.0 0.0 0.0 0.0 0.0 0.0 0.0 0.0 0.0 0.0 0.0 0.0 0.0 0.0 0.0 0.0 0.0 0.0
9.413505554199219 6.746877193450928 6.1397929191589355 6.2157464027404785 6.323600769042969 6.412810802459717 6.396084785461426 6.450625896453857 6.579415798187256 6.933104991912842 8.361652374267578 0.0 0.0 0.0 0.0 0.0 0.0 0.0 0.0 0.0 0.0 0.0 0.0 0.0 0.0 0.0 0.0 0.0 0.0 0.0 0.0 0.0
9.389243125915527 6.739177227020264 6.164137840270996 6.1238322257995605 6.201342582702637 6.302765846252441 6.3276286125183105 6.378748416900635 6.447078704833984 6.558889865875244 6.911064624786377 8.3501615524292 0.0 0.0 0.0 0.0 0.0 0.0 0.0 0.0 0.0 0.0 0.0 0.0 0.0 0.0 0.0 0.0 0.0 0.0 0.0 0.0
9.358580589294434 6.582114219665527 6.163293361663818 6.092740535736084 6.101376533508301 6.157140731811523 6.215935230255127 6.295976161956787 6.353053569793701 6.442842483520508 6.5615973472595215 6.907601356506348 8.38643741607666 0.0 0.0 0.0 0.0 0.0 0.0 0.0 0.0 0.0 0.0 0.0 0.0 0.0 0.0 0.0 0.0 0.0 0.0 0.0
9.3533296585083 6.381839275360107 6.123377799987793 6.118600368499756 6.078678131103516 6.075733661651611 6.101120948791504 6.202902317047119 6.3084845542907715 6.3351216316223145 6.40157413482666 6.524441719055176 6.922757148742676 8.350723266601562 0.0 0.0 0.0 0.0 0.0 0.0 0.0 0.0 0.0 0.0 0.0 0.0 0.0 0.0 0.0 0.0 0.0 0.0
9.330581665039062 6.160675048828125 5.942141532897949 6.075843811035156 6.093520164489746 6.068441390991211 5.99025297164917 6.060044765472412 6.224132061004639 6.261244297027588 6.313835620880127 6.382481575012207 6.531663417816162 6.905200958251953 8.382869720458984 0.0 0.0 0.0 0.0 0.0 0.0 0.0 0.0 0.0 0.0 0.0 0.0 0.0 0.0 0.0 0.0 0.0
9.313471794128418 6.087045669555664 5.743953704833984 5.934065341949463 6.071156978607178 6.114828109741211 6.047300815582275 5.987324237823486 6.044041156768799 6.167343616485596 6.254168510437012 6.3004865646362305 6.41083288192749 6.517554759979248 6.894582748413086 8.37555980682373 0.0 0.0 0.0 0.0 0.0 0.0 0.0 0.0 0.0 0.0 0.0 0.0 0.0 0.0 0.0 0.0
9.310751914978027 6.06878137588501 5.515108585357666 5.7235026359558105 5.891842365264893 6.039450645446777 6.030632972717285 5.9588117599487305 5.960876941680908 6.01408052444458 6.1376166343688965 6.241052627563477 6.306190490722656 6.33618688583374 6.48289155960083 6.871641635894775 8.382020950317383 0.0 0.0 0.0 0.0 0.0 0.0 0.0 0.0 0.0 0.0 0.0 0.0 0.0 0.0 0.0
9.294078826904297 6.17877197265625 5.471368312835693 5.57014274597168 5.7004923820495605 5.8853840827941895 6.008309841156006 6.013212203979492 5.9698405265808105 5.93432092666626 6.018962860107422 6.129757404327393 6.228614330291748 6.260990142822266 6.323822021484375 6.477652549743652 6.872593879699707 8.372506141662598 0.0 0.0 0.0 0.0 0.0 0.0 0.0 0.0 0.0 0.0 0.0 0.0 0.0 0.0
9.281462669372559 6.212001800537109 5.493783473968506 5.495401382446289 5.555860996246338 5.652265548706055 5.848114490509033 5.972539901733398 5.980818271636963 5.92299222946167 5.92195987701416 5.985177040100098 6.100728511810303 6.192325592041016 6.231960296630859 6.3187079429626465 6.4663310050964355 6.85883903503418 8.380806922912598 0.0 0.0 0.0 0.0 0.0 0.0 0.0 0.0 0.0 0.0 0.0 0.0 0.0
9.255486488342285 6.172128677368164 5.5932512283325195 5.537613868713379 5.490557670593262 5.503252029418945 5.6211161613464355 5.8215508460998535 5.972020149230957 5.980265140533447 5.921941757202148 5.9260382652282715 5.987353324890137 6.098834991455078 6.189080715179443 6.21856164932251 6.295471668243408 6.456458568572998 6.906827926635742 8.38730239868164 0.0 0.0 0.0 0.0 0.0 0.0 0.0 0.0 0.0 0.0 0.0 0.0
9.245415687561035 6.07021951675415 5.645959377288818 5.609831809997559 5.561537265777588 5.466625213623047 5.501608371734619 5.619287490844727 5.816130638122559 5.970625400543213 5.951469898223877 5.901571273803711 5.896559715270996 5.9540228843688965 6.068297863006592 6.142952919006348 6.195218563079834 6.275331020355225 6.510062217712402 6.85152530670166 8.38428783416748 0.0 0.0 0.0 0.0 0.0 0.0 0.0 0.0 0.0 0.0 0.0
9.234821319580078 5.959490776062012 5.618221759796143 5.640273094177246 5.64130973815918 5.5344672203063965 5.445080757141113 5.474270820617676 5.596438407897949 5.819684028625488 5.936359882354736 5.943014144897461 5.8914947509765625 5.872540473937988 5.946775913238525 6.058590412139893 6.144017696380615 6.177964210510254 6.312734127044678 6.419049263000488 6.863775253295898 8.376628875732422 0.0 0.0 0.0 0.0 0.0 0.0 0.0 0.0 0.0 0.0
9.21934986114502 5.881157875061035 5.542189121246338 5.602298259735107 5.669859886169434 5.611142635345459 5.48068904876709 5.411452293395996 5.456137657165527 5.602566242218018 5.808682918548584 5.968250274658203 5.958357334136963 5.888976097106934 5.881564140319824 5.946120262145996 6.0548624992370605 6.129834175109863 6.225350379943848 6.247078895568848 6.409178733825684 6.832832336425781 8.376296997070312 0.0 0.0 0.0 0.0 0.0 0.0 0.0 0.0 0.0
9.20950698852539 5.810328006744385 5.481912136077881 5.530307769775391 5.61306619644165 5.631166934967041 5.568503379821777 5.450083255767822 5.393100261688232 5.430948257446289 5.604047775268555 5.80541467666626 5.937112808227539 5.909221172332764 5.862224102020264 5.851466178894043 5.912079811096191 6.0291900634765625 6.22538948059082 6.155017375946045 6.257018089294434 6.386984825134277 6.821821212768555 8.377522468566895 0.0 0.0 0.0 0.0 0.0 0.0 0.0 0.0
9.198220252990723 5.742149829864502 5.438323020935059 5.473361492156982 5.506296157836914 5.59108304977417 5.613300800323486 5.579721450805664 5.462355613708496 5.39634895324707 5.434241771697998 5.595890522003174 5.816451549530029 5.9106574058532715 5.897772312164307 5.829086780548096 5.827375411987305 5.898283004760742 6.071447849273682 6.106575965881348 6.1426682472229 6.196291923522949 6.3682379722595215 6.830887794494629 8.384844779968262 0.0 0.0 0.0 0.0 0.0 0.0 0.0
9.186344146728516 5.679480075836182 5.400386810302734 5.454251766204834 5.464515209197998 5.492843151092529 5.541729927062988 5.585565567016602 5.550570964813232 5.460158348083496 5.389399528503418 5.431637287139893 5.598001003265381 5.779797077178955 5.879910469055176 5.860498428344727 5.814624309539795 5.8120269775390625 5.884151935577393 6.007876396179199 6.083710193634033 6.1017165184021 6.179915904998779 6.3693695068359375 6.821774005889893 8.40044116973877 0.0 0.0 0.0 0.0 0.0 0.0
9.1731538772583 5.6226487159729 5.320867538452148 5.464874267578125 5.474250316619873 5.4444122314453125 5.43389892578125 5.515556812286377 5.561229228973389 5.535036087036133 5.444742202758789 5.378807067871094 5.460993766784668 5.571716785430908 5.7572431564331055 5.85688591003418 5.859262466430664 5.823897361755371 5.8000335693359375 5.87542724609375 5.997254371643066 6.060949802398682 6.08799409866333 6.174332618713379 6.3719868659973145 6.8333940505981445 8.398895263671875 0.0 0.0 0.0 0.0 0.0
9.156534194946289 5.648926734924316 5.202378749847412 5.386824607849121 5.484086036682129 5.451941013336182 5.385081768035889 5.443458080291748 5.5115509033203125 5.565692901611328 5.504114627838135 5.418288707733154 5.400722026824951 5.463835716247559 5.5880537033081055 5.709115028381348 5.868890285491943 5.897827625274658 5.873989105224609 5.7890849113464355 5.882630825042725 5.96928071975708 6.052870750427246 6.088888168334961 6.173271179199219 6.365143775939941 6.851807117462158 8.388580322265625 0.0 0.0 0.0 0.0
9.157094955444336 5.675662994384766 5.112558364868164 5.238272190093994 5.4151482582092285 5.480521202087402 5.404134750366211 5.360339164733887 5.3925652503967285 5.462597370147705 5.529486179351807 5.4963579177856445 5.436741828918457 5.362088680267334 5.396663188934326 5.51876974105835 5.697147369384766 5.8407511711120605 5.8552398681640625 5.769948482513428 5.769958019256592 5.8392133712768555 5.9532952308654785 6.037333011627197 6.062144756317139 6.16061544418335 6.377065658569336 6.805034160614014 8.399837493896484 0.0 0.0 0.0
9.144932746887207 5.707718849182129 5.122511863708496 5.116501808166504 5.259984493255615 5.42457914352417 5.455331802368164 5.401496410369873 5.361312389373779 5.3889994621276855 5.464819431304932 5.522285461425781 5.5055036544799805 5.411098957061768 5.34798526763916 5.363710880279541 5.504425525665283 5.707951545715332 5.902703762054443 5.792889595031738 5.772844314575195 5.7437944412231445 5.821147441864014 5.943305969238281 6.023364067077637 6.071829319000244 6.172485828399658 6.340651512145996 6.827972412109375 8.39226245880127 0.0 0.0
9.147377014160156 5.633466720581055 5.198693752288818 5.0971784591674805 5.112617492675781 5.25294303894043 5.395805358886719 5.436640739440918 5.373520851135254 5.355180740356445 5.374021530151367 5.472406387329102 5.555364608764648 5.473113059997559 5.386511325836182 5.3312907218933105 5.35367488861084 5.527829647064209 5.715538024902344 5.788200855255127 5.786489963531494 5.718034267425537 5.719118595123291 5.811291217803955 5.9316725730896 6.009466171264648 6.063224792480469 6.1221208572387695 6.348447322845459 6.802619457244873 8.38599967956543 0.0
9.132303237915039 5.502779960632324 5.260956764221191 5.12748384475708 5.065084934234619 5.13364315032959 5.253388404846191 5.40611457824707 5.47171688079834 5.398399353027344 5.347259521484375 5.392284870147705 5.5011115074157715 5.49075984954834 5.464827537536621 5.3699235916137695 5.312130928039551 5.363070011138916 5.506617546081543 5.651490688323975 5.766092777252197 5.750994682312012 5.704763412475586 5.720856666564941 5.803978443145752 5.92743444442749 6.020851135253906 6.021743297576904 6.162468433380127 6.328104019165039 6.795150279998779 8.399138450622559
