10.020692825317383 0.0 0.0 0.0 0.0 0.0 0.0 0.0 0.0 0.0 0.0 0.0 0.0 0.0 0.0 0.0 0.0 0.0 0.0 0.0 0.0 0.0 0.0 0.0 0.0 0.0 0.0 0.0 0.0 0.0 0.0 0.0
9.996864318847656 6.267167091369629 0.0 0.0 0.0 0.0 0.0 0.0 0.0 0.0 0.0 0.0 0.0 0.0 0.0 0.0 0.0 0.0 0.0 0.0 0.0 0.0 0.0 0.0 0.0 0.0 0.0 0.0 0.0 0.0 0.0 0.0
9.921614646911621 7.467859745025635 5.912112236022949 0.0 0.0 0.0 0.0 0.0 0.0 0.0 0.0 0.0 0.0 0.0 0.0 0.0 0.0 0.0 0.0 0.0 0.0 0.0 0.0 0.0 0.0 0.0 0.0 0.0 0.0 0.0 0.0 0.0
9.8500337600708 7.184691905975342 7.504357814788818 5.97416353225708 0.0 0.0 0.0 0.0 0.0 0.0 0.0 0.0 0.0 0.0 0.0 0.0 0.0 0.0 0.0 0.0 0.0 0.0 0.0 0.0 0.0 0.0 0.0 0.0 0.0 0.0 0.0 0.0
9.794305801391602 6.767933368682861 7.295455455780029 7.510480880737305 5.9571638107299805 0.0 0.0 0.0 0.0 0.0 0.0 0.0 0.0 0.0 0.0 0.0 0.0 0.0 0.0 0.0 0.0 0.0 0.0 0.0 0.0 0.0 0.0 0.0 0.0 0.0 0.0 0.0
9.756281852722168 6.4375152587890625 6.887667179107666 7.287713050842285 7.488651275634766 5.918221950531006 0.0 0.0 0.0 0.0 0.0 0.0 0.0 0.0 0.0 0.0 0.0 0.0 0.0 0.0 0.0 0.0 0.0 0.0 0.0 0.0 0.0 0.0 0.0 0.0 0.0 0.0
9.735555648803711 6.12849760055542 6.477637767791748 6.888906002044678 7.264303684234619 7.447890758514404 5.848296165466309 0.0 0.0 0.0 0.0 0.0 0.0 0.0 0.0 0.0 0.0 0.0 0.0 0.0 0.0 0.0 0.0 0.0 0.0 0.0 0.0 0.0 0.0 0.0 0.0 0.0
9.71892261505127 5.856637001037598 6.195797920227051 6.513813018798828 6.868100166320801 7.232914447784424 7.418032169342041 5.817005157470703 0.0 0.0 0.0 0.0 0.0 0.0 0.0 0.0 0.0 0.0 0.0 0.0 0.0 0.0 0.0 0.0 0.0 0.0 0.0 0.0 0.0 0.0 0.0 0.0
9.70483112335205 5.609180450439453 5.972461223602295 6.213171005249023 6.511378765106201 6.8430585861206055 7.203408241271973 7.401645660400391 5.822699069976807 0.0 0.0 0.0 0.0 0.0 0.0 0.0 0.0 0.0 0.0 0.0 0.0 0.0 0.0 0.0 0.0 0.0 0.0 0.0 0.0 0.0 0.0 0.0
9.688307762145996 5.388310432434082 5.750466346740723 6.004619598388672 6.200421333312988 6.453916549682617 6.800745487213135 7.201462268829346 7.444751262664795 5.851064682006836 0.0 0.0 0.0 0.0 0.0 0.0 0.0 0.0 0.0 0.0 0.0 0.0 0.0 0.0 0.0 0.0 0.0 0.0 0.0 0.0 0.0 0.0
9.678621292114258 5.08144474029541 5.4965410232543945 5.770601749420166 5.942164421081543 6.135350227355957 6.439425468444824 6.813199520111084 7.20786190032959 7.454864501953125 5.8270416259765625 0.0 0.0 0.0 0.0 0.0 0.0 0.0 0.0 0.0 0.0 0.0 0.0 0.0 0.0 0.0 0.0 0.0 0.0 0.0 0.0 0.0
9.67234992980957 4.94107723236084 5.252721309661865 5.4908223152160645 5.70575475692749 5.905964374542236 6.117607593536377 6.437519550323486 6.800593852996826 7.206052780151367 7.4441633224487305 5.848526477813721 0.0 0.0 0.0 0.0 0.0 0.0 0.0 0.0 0.0 0.0 0.0 0.0 0.0 0.0 0.0 0.0 0.0 0.0 0.0 0.0
9.657938957214355 4.867000579833984 5.083590507507324 5.271215438842773 5.458209991455078 5.6725873947143555 5.882598400115967 6.1762895584106445 6.484047889709473 6.834855079650879 7.199134826660156 7.459118366241455 5.831619739532471 0.0 0.0 0.0 0.0 0.0 0.0 0.0 0.0 0.0 0.0 0.0 0.0 0.0 0.0 0.0 0.0 0.0 0.0 0.0
9.659199714660645 4.685056209564209 4.9728498458862305 5.058638095855713 5.211732864379883 5.412345886230469 5.6154279708862305 5.8779802322387695 6.142914295196533 6.458611488342285 6.813339710235596 7.211863040924072 7.422673225402832 5.8287434577941895 0.0 0.0 0.0 0.0 0.0 0.0 0.0 0.0 0.0 0.0 0.0 0.0 0.0 0.0 0.0 0.0 0.0 0.0
9.643553733825684 4.497310638427734 4.897312164306641 4.959079742431641 5.049078464508057 5.1908135414123535 5.402317523956299 5.647762298583984 5.893628120422363 6.231706142425537 6.488899230957031 6.842635631561279 7.205320835113525 7.448643684387207 5.824573993682861 0.0 0.0 0.0 0.0 0.0 0.0 0.0 0.0 0.0 0.0 0.0 0.0 0.0 0.0 0.0 0.0 0.0
9.64522647857666 4.294374465942383 4.769561767578125 4.860679626464844 4.942907810211182 5.047881603240967 5.193878650665283 5.376098155975342 5.642674446105957 5.900997638702393 6.140265464782715 6.479058265686035 6.81550407409668 7.212549686431885 7.415378093719482 5.845859527587891 0.0 0.0 0.0 0.0 0.0 0.0 0.0 0.0 0.0 0.0 0.0 0.0 0.0 0.0 0.0 0.0
9.639359474182129 4.081028938293457 4.5571136474609375 4.712418079376221 4.830076217651367 4.875927925109863 5.016955852508545 5.203842639923096 5.417200565338135 5.7274394035339355 5.929113864898682 6.179492950439453 6.454195022583008 6.8192138671875 7.1804680824279785 7.431634902954102 5.8397955894470215 0.0 0.0 0.0 0.0 0.0 0.0 0.0 0.0 0.0 0.0 0.0 0.0 0.0 0.0 0.0
9.644475936889648 4.0136942863464355 4.3613996505737305 4.526304244995117 4.644381999969482 4.747175216674805 4.847261428833008 4.998140335083008 5.1687912940979 5.436657905578613 5.656437873840332 5.88855504989624 6.11128044128418 6.437025547027588 6.793550968170166 7.1855058670043945 7.414191722869873 5.841683864593506 0.0 0.0 0.0 0.0 0.0 0.0 0.0 0.0 0.0 0.0 0.0 0.0 0.0 0.0
9.641839981079102 3.961063861846924 4.2205352783203125 4.3532562255859375 4.426880359649658 4.583887577056885 4.709685325622559 4.8451642990112305 4.963832855224609 5.142668724060059 5.38437032699585 5.653674602508545 5.877983570098877 6.13947057723999 6.433971405029297 6.814282417297363 7.180602073669434 7.416284084320068 5.828357219696045 0.0 0.0 0.0 0.0 0.0 0.0 0.0 0.0 0.0 0.0 0.0 0.0 0.0
9.63123607635498 3.8847005367279053 4.143503189086914 4.195929050445557 4.256721496582031 4.414119720458984 4.575156211853027 4.777900695800781 4.850929260253906 5.018308639526367 5.165923595428467 5.414698600769043 5.661078453063965 5.904716968536377 6.142784595489502 6.455742835998535 6.807948589324951 7.1960930824279785 7.440937042236328 5.840898513793945 0.0 0.0 0.0 0.0 0.0 0.0 0.0 0.0 0.0 0.0 0.0 0.0
9.638008117675781 3.673779249191284 4.073572158813477 4.145070552825928 4.1143798828125 4.20430326461792 4.3517656326293945 4.547489643096924 4.724729061126709 4.8384904861450195 4.9778900146484375 5.158252239227295 5.374648094177246 5.628754138946533 5.866178512573242 6.10733699798584 6.439923286437988 6.819693565368652 7.183050155639648 7.4050822257995605 5.853004455566406 0.0 0.0 0.0 0.0 0.0 0.0 0.0 0.0 0.0 0.0 0.0
9.633315086364746 3.406113386154175 3.9329516887664795 4.065534591674805 4.052619934082031 4.098631381988525 4.177401542663574 4.33665657043457 4.5257134437561035 4.701229095458984 4.819304943084717 4.966548442840576 5.1345343589782715 5.3895649909973145 5.646646022796631 5.881015300750732 6.150482654571533 6.453123569488525 6.810185432434082 7.181137561798096 7.421055316925049 5.843442440032959 0.0 0.0 0.0 0.0 0.0 0.0 0.0 0.0 0.0 0.0
9.627703666687012 3.2266688346862793 3.755908727645874 3.969212055206299 4.042060375213623 4.03505802154541 4.064816951751709 4.186539649963379 4.374602794647217 4.649633884429932 4.731113910675049 4.877161502838135 4.994572162628174 5.175281047821045 5.39973783493042 5.654962539672852 5.895520210266113 6.170019626617432 6.464264392852783 6.836138725280762 7.180430889129639 7.400548458099365 5.838617324829102 0.0 0.0 0.0 0.0 0.0 0.0 0.0 0.0 0.0
9.62303638458252 3.1594629287719727 3.601607322692871 3.793438196182251 3.9245071411132812 3.9552576541900635 3.9695346355438232 4.041255950927734 4.179111480712891 4.401513576507568 4.581212520599365 4.727277755737305 4.807022571563721 4.96546745300293 5.1693902015686035 5.3948845863342285 5.692347526550293 5.952395439147949 6.1490397453308105 6.4749603271484375 6.809405326843262 7.1926069259643555 7.422472953796387 5.869802474975586 0.0 0.0 0.0 0.0 0.0 0.0 0.0 0.0
9.618244171142578 3.366586685180664 3.6562321186065674 3.8489866256713867 3.920728921890259 3.898663282394409 4.0359978675842285 4.046623706817627 4.1262922286987305 4.292196750640869 4.462750434875488 4.697938919067383 4.690536022186279 4.854464054107666 5.006688117980957 5.190208911895752 5.430378437042236 5.645965099334717 5.881569862365723 6.155240535736084 6.455999374389648 6.811846733093262 7.18396520614624 7.426618576049805 5.889547348022461 0.0 0.0 0.0 0.0 0.0 0.0 0.0
9.61938190460205 3.366955041885376 3.6404805183410645 3.6405367851257324 3.735172986984253 3.734992742538452 3.917605400085449 3.987780809402466 4.074472427368164 4.224944114685059 4.2628092765808105 4.382696628570557 4.502020835876465 4.681804180145264 4.83736515045166 4.9643096923828125 5.197749137878418 5.393449306488037 5.656243324279785 5.889514446258545 6.13809871673584 6.446241855621338 6.80305814743042 7.17169713973999 7.4551310539245605 5.835668087005615 0.0 0.0 0.0 0.0 0.0 0.0
9.619904518127441 3.0966336727142334 3.6409385204315186 3.66933274269104 3.5983026027679443 3.5548739433288574 3.73503041267395 3.8429794311523438 3.9681246280670166 4.018416404724121 4.07098913192749 4.17583703994751 4.290989398956299 4.530241966247559 4.7153401374816895 4.798394203186035 4.997300624847412 5.153090953826904 5.3901777267456055 5.667341709136963 5.905333042144775 6.158690929412842 6.463174343109131 6.82123327255249 7.172359943389893 7.420433521270752 5.87685489654541 0.0 0.0 0.0 0.0 0.0
9.61878490447998 2.8924918174743652 3.490044593811035 3.676038980484009 3.605435848236084 3.49177622795105 3.592824935913086 3.6892387866973877 3.88214111328125 3.949087619781494 4.003880023956299 4.161674976348877 4.135385990142822 4.364643573760986 4.537084579467773 4.741499900817871 4.8411688804626465 4.969753265380859 5.16740083694458 5.39711856842041 5.656322002410889 5.888721942901611 6.167863845825195 6.466522693634033 6.806460380554199 7.169615745544434 7.425002098083496 5.845391273498535 0.0 0.0 0.0 0.0
9.62251091003418 2.615999937057495 3.2198359966278076 3.534884214401245 3.603198528289795 3.5549750328063965 3.4744250774383545 3.5140509605407715 3.6344046592712402 3.79868745803833 3.883336067199707 3.9434640407562256 3.965672492980957 4.0965352058410645 4.280245304107666 4.464076519012451 4.645744800567627 4.788546085357666 4.938940525054932 5.129340648651123 5.391829967498779 5.638282775878906 5.888457298278809 6.131137371063232 6.457101821899414 6.801097393035889 7.213726043701172 7.403903961181641 5.870204448699951 0.0 0.0 0.0
9.622520446777344 2.5524678230285645 2.93182373046875 3.3051042556762695 3.4866857528686523 3.546250820159912 3.5046005249023438 3.4776625633239746 3.5116353034973145 3.6326637268066406 3.784515142440796 3.880793809890747 3.9631190299987793 3.987358331680298 4.107268333435059 4.292038917541504 4.470930099487305 4.639505386352539 4.802191734313965 4.9466118812561035 5.173471450805664 5.417080879211426 5.6458234786987305 5.898321151733398 6.142733573913574 6.438052654266357 6.836827754974365 7.168589115142822 7.3976640701293945 5.886013984680176 0.0 0.0
9.625117301940918 2.6272945404052734 2.748783826828003 3.000929355621338 3.2209274768829346 3.428494930267334 3.48864483833313 3.472909688949585 3.4425888061523438 3.4499576091766357 3.592961072921753 3.7652249336242676 3.867042064666748 3.926537036895752 3.9844729900360107 4.087502956390381 4.269011497497559 4.459969997406006 4.641983985900879 4.800822734832764 4.951007843017578 5.1647844314575195 5.395235538482666 5.640063762664795 5.882248401641846 6.138926029205322 6.485562801361084 6.796025276184082 7.1668829917907715 7.395654678344727 5.857316970825195 0.0
9.621676445007324 2.9502859115600586 2.827197551727295 2.8255300521850586 2.9886460304260254 3.2657623291015625 3.403744697570801 3.5101535320281982 3.494781494140625 3.632136583328247 3.6476845741271973 3.6758289337158203 3.787384271621704 3.948287010192871 3.941375732421875 3.971795082092285 4.141448974609375 4.274503707885742 4.534860134124756 4.656462669372559 4.820621013641357 4.961470127105713 5.164440155029297 5.421158313751221 5.662606239318848 5.896504878997803 6.175276756286621 6.448385238647461 6.814042568206787 7.148654937744141 7.38272762298584 5.880611896514893
