10.020692825317383 0.0 0.0 0.0 0.0 0.0 0.0 0.0 0.0 0.0 0.0 0.0 0.0 0.0 0.0 0.0 0.0 0.0 0.0 0.0 0.0 0.0 0.0 0.0 0.0 0.0 0.0 0.0 0.0 0.0 0.0 0.0
10.007028579711914 5.71396017074585 0.0 0.0 0.0 0.0 0.0 0.0 0.0 0.0 0.0 0.0 0.0 0.0 0.0 0.0 0.0 0.0 0.0 0.0 0.0 0.0 0.0 0.0 0.0 0.0 0.0 0.0 0.0 0.0 0.0 0.0
10.000951766967773 5.263111591339111 5.502711296081543 0.0 0.0 0.0 0.0 0.0 0.0 0.0 0.0 0.0 0.0 0.0 0.0 0.0 0.0 0.0 0.0 0.0 0.0 0.0 0.0 0.0 0.0 0.0 0.0 0.0 0.0 0.0 0.0 0.0
9.993363380432129 4.910975933074951 5.485523223876953 5.435786247253418 0.0 0.0 0.0 0.0 0.0 0.0 0.0 0.0 0.0 0.0 0.0 0.0 0.0 0.0 0.0 0.0 0.0 0.0 0.0 0.0 0.0 0.0 0.0 0.0 0.0 0.0 0.0 0.0
9.9857816696167 4.850008487701416 5.438661575317383 5.298386096954346 5.368815898895264 0.0 0.0 0.0 0.0 0.0 0.0 0.0 0.0 0.0 0.0 0.0 0.0 0.0 0.0 0.0 0.0 0.0 0.0 0.0 0.0 0.0 0.0 0.0 0.0 0.0 0.0 0.0
9.981156349182129 4.798464775085449 5.199454307556152 4.865144729614258 5.400765419006348 5.39328145980835 0.0 0.0 0.0 0.0 0.0 0.0 0.0 0.0 0.0 0.0 0.0 0.0 0.0 0.0 0.0 0.0 0.0 0.0 0.0 0.0 0.0 0.0 0.0 0.0 0.0 0.0
9.982881546020508 4.525768756866455 4.655106067657471 4.673908710479736 4.793062210083008 5.329904079437256 5.325445175170898 0.0 0.0 0.0 0.0 0.0 0.0 0.0 0.0 0.0 0.0 0.0 0.0 0.0 0.0 0.0 0.0 0.0 0.0 0.0 0.0 0.0 0.0 0.0 0.0 0.0
9.981410026550293 4.377130031585693 4.544006824493408 4.393119812011719 4.576212406158447 4.720367431640625 5.349503517150879 5.27707576751709 0.0 0.0 0.0 0.0 0.0 0.0 0.0 0.0 0.0 0.0 0.0 0.0 0.0 0.0 0.0 0.0 0.0 0.0 0.0 0.0 0.0 0.0 0.0 0.0
9.971100807189941 4.280780792236328 4.727838516235352 4.305290222167969 4.425440788269043 4.64141321182251 4.980259895324707 5.69086217880249 5.321798324584961 0.0 0.0 0.0 0.0 0.0 0.0 0.0 0.0 0.0 0.0 0.0 0.0 0.0 0.0 0.0 0.0 0.0 0.0 0.0 0.0 0.0 0.0 0.0
9.975171089172363 4.4646806716918945 4.414559841156006 4.130093097686768 4.18422794342041 4.339065074920654 4.623634338378906 4.904897212982178 5.283642768859863 5.2922868728637695 0.0 0.0 0.0 0.0 0.0 0.0 0.0 0.0 0.0 0.0 0.0 0.0 0.0 0.0 0.0 0.0 0.0 0.0 0.0 0.0 0.0 0.0
9.973237037658691 4.570866107940674 4.210812091827393 4.095580101013184 4.145580291748047 4.2401957511901855 4.413490295410156 4.5619378089904785 4.758333683013916 5.288079738616943 5.296473503112793 0.0 0.0 0.0 0.0 0.0 0.0 0.0 0.0 0.0 0.0 0.0 0.0 0.0 0.0 0.0 0.0 0.0 0.0 0.0 0.0 0.0
9.973328590393066 4.106313228607178 4.107219219207764 4.101526260375977 4.122034549713135 4.168929576873779 4.286764621734619 4.353124141693115 4.479294776916504 4.765413284301758 5.197299957275391 5.314915657043457 0.0 0.0 0.0 0.0 0.0 0.0 0.0 0.0 0.0 0.0 0.0 0.0 0.0 0.0 0.0 0.0 0.0 0.0 0.0 0.0
9.970681190490723 4.082864284515381 4.007446765899658 3.9655234813690186 3.985391139984131 4.112616539001465 4.25720739364624 4.301340103149414 4.375109672546387 4.563165187835693 4.732905387878418 5.274338245391846 5.274755954742432 0.0 0.0 0.0 0.0 0.0 0.0 0.0 0.0 0.0 0.0 0.0 0.0 0.0 0.0 0.0 0.0 0.0 0.0 0.0
9.969315528869629 3.9315273761749268 3.8803048133850098 3.8803374767303467 3.8310327529907227 3.982938528060913 4.181151866912842 4.189493656158447 4.18930721282959 4.36223030090332 4.513581275939941 4.760812282562256 5.326459884643555 5.293177127838135 0.0 0.0 0.0 0.0 0.0 0.0 0.0 0.0 0.0 0.0 0.0 0.0 0.0 0.0 0.0 0.0 0.0 0.0
9.955337524414062 3.9981212615966797 3.8944945335388184 3.8443520069122314 3.8403289318084717 3.9400882720947266 4.126543045043945 4.123764991760254 4.282515048980713 4.401738166809082 4.467134475708008 4.597120761871338 4.904126167297363 5.905938148498535 5.389503479003906 0.0 0.0 0.0 0.0 0.0 0.0 0.0 0.0 0.0 0.0 0.0 0.0 0.0 0.0 0.0 0.0 0.0
9.964841842651367 3.834594488143921 3.7707879543304443 3.7057087421417236 3.748033285140991 3.831887722015381 4.018029689788818 4.143101215362549 4.084423065185547 4.2324676513671875 4.293043613433838 4.399415969848633 4.653957843780518 4.855165958404541 5.224137783050537 5.267638683319092 0.0 0.0 0.0 0.0 0.0 0.0 0.0 0.0 0.0 0.0 0.0 0.0 0.0 0.0 0.0 0.0
9.950028419494629 3.7915172576904297 3.7954652309417725 3.919766426086426 3.7226414680480957 3.8069212436676025 3.9335901737213135 3.9505491256713867 4.085019111633301 4.155735015869141 4.353914737701416 4.280923366546631 4.589109897613525 4.77657413482666 4.859908103942871 5.952929496765137 5.367315292358398 0.0 0.0 0.0 0.0 0.0 0.0 0.0 0.0 0.0 0.0 0.0 0.0 0.0 0.0 0.0
9.954376220703125 3.7694997787475586 3.6373820304870605 3.670135021209717 3.7227234840393066 3.75947642326355 3.9166455268859863 3.932644844055176 3.9867160320281982 4.109349727630615 4.158655643463135 4.523968696594238 4.556610107421875 4.803962707519531 4.742621421813965 4.976181983947754 5.3385467529296875 5.2716240882873535 0.0 0.0 0.0 0.0 0.0 0.0 0.0 0.0 0.0 0.0 0.0 0.0 0.0 0.0
9.953553199768066 3.7710564136505127 3.575631856918335 3.7044663429260254 3.614908456802368 3.741529941558838 3.830942153930664 3.903409481048584 3.915677070617676 3.982295513153076 4.077000617980957 4.374320983886719 4.330333709716797 4.4442973136901855 4.518186569213867 4.751266002655029 4.938600063323975 5.462984085083008 5.270151615142822 0.0 0.0 0.0 0.0 0.0 0.0 0.0 0.0 0.0 0.0 0.0 0.0 0.0
9.944576263427734 3.7861709594726562 3.5606091022491455 3.57867693901062 3.520585536956787 3.720568895339966 3.841154098510742 3.756483316421509 3.8190066814422607 3.948211908340454 4.008101463317871 4.118496894836426 4.403497219085693 4.333209037780762 4.4385223388671875 4.631409168243408 4.679230690002441 4.792105674743652 5.9709367752075195 5.324008464813232 0.0 0.0 0.0 0.0 0.0 0.0 0.0 0.0 0.0 0.0 0.0 0.0
9.949050903320312 3.7333390712738037 3.631303310394287 3.623213291168213 3.6200921535491943 3.8061318397521973 3.7516236305236816 3.7590203285217285 3.7995684146881104 4.001308917999268 4.0957441329956055 4.0163893699646 4.211452007293701 4.257410049438477 4.318385124206543 4.744136810302734 4.520147800445557 4.6590704917907715 4.939188003540039 5.358070373535156 5.270112991333008 0.0 0.0 0.0 0.0 0.0 0.0 0.0 0.0 0.0 0.0 0.0
9.946934700012207 3.6820123195648193 3.6261024475097656 3.570002794265747 3.6102635860443115 3.6081607341766357 3.7351856231689453 3.660112142562866 3.739961624145508 3.754262924194336 3.980302333831787 3.9943959712982178 4.193097114562988 4.18161678314209 4.369670391082764 4.936551570892334 4.441187858581543 4.472691535949707 4.684149265289307 4.828747272491455 5.3062825202941895 5.295687198638916 0.0 0.0 0.0 0.0 0.0 0.0 0.0 0.0 0.0 0.0
9.94896125793457 3.672372579574585 3.6552677154541016 3.705691337585449 3.679133892059326 3.6505236625671387 3.6647965908050537 3.597191333770752 3.705566167831421 3.726149082183838 3.8404288291931152 3.9420950412750244 4.0367937088012695 4.186283588409424 4.048447132110596 4.150679588317871 4.271224021911621 4.2902913093566895 4.559325695037842 4.61101770401001 4.842849254608154 5.349637508392334 5.306888103485107 0.0 0.0 0.0 0.0 0.0 0.0 0.0 0.0 0.0
9.94701862335205 3.6911873817443848 3.4858477115631104 3.594843864440918 3.5442769527435303 3.6390886306762695 3.630974292755127 3.5333571434020996 3.621654748916626 3.621757745742798 3.90246844291687 3.8911831378936768 4.224702835083008 4.191871166229248 4.113080024719238 4.142493724822998 4.268815040588379 4.191274166107178 4.359186172485352 4.455265998840332 4.5719499588012695 4.779428958892822 5.367226600646973 5.296074867248535 0.0 0.0 0.0 0.0 0.0 0.0 0.0 0.0
9.949495315551758 3.620943307876587 3.5501937866210938 3.5957281589508057 3.5184314250946045 3.5759851932525635 3.587796211242676 3.561955213546753 3.5846264362335205 3.7060177326202393 3.7061550617218018 3.791407585144043 3.8092041015625 3.885331869125366 4.035192966461182 3.9801063537597656 4.111637592315674 4.08976936340332 4.216180801391602 4.266074180603027 4.434963226318359 4.575290203094482 4.817556858062744 5.26210880279541 5.265279769897461 0.0 0.0 0.0 0.0 0.0 0.0 0.0
9.947760581970215 3.6370813846588135 3.47794246673584 3.4831736087799072 3.459336996078491 3.5065877437591553 3.526763916015625 3.531059980392456 3.5333192348480225 3.5989980697631836 3.696204423904419 3.7180209159851074 3.7293941974639893 3.7780086994171143 3.855072021484375 3.9012537002563477 3.911118745803833 3.96246600151062 4.122442245483398 4.175493240356445 4.256796360015869 4.379948139190674 4.644886016845703 4.822955131530762 5.376988410949707 5.335589408874512 0.0 0.0 0.0 0.0 0.0 0.0
9.943445205688477 3.698989152908325 3.472280740737915 3.4296693801879883 3.40596866607666 3.4319252967834473 3.468576431274414 3.4682390689849854 3.6403985023498535 3.57356858253479 3.6153907775878906 3.660306692123413 3.7427074909210205 3.8265089988708496 3.8144376277923584 3.8644704818725586 3.8647103309631348 3.9395699501037598 3.9958112239837646 4.099806785583496 4.155775547027588 4.198782920837402 4.375110149383545 4.576119899749756 4.79728364944458 5.636838912963867 5.354127883911133 0.0 0.0 0.0 0.0 0.0
9.944353103637695 3.687299966812134 3.530256509780884 3.473890781402588 3.456908702850342 3.4390361309051514 3.482283592224121 3.4547977447509766 3.5366742610931396 3.524379014968872 3.579047918319702 3.612797737121582 3.740353584289551 3.7663702964782715 3.769495964050293 3.8999812602996826 3.7786521911621094 3.8246161937713623 3.899616241455078 3.9407238960266113 4.1176300048828125 4.141672134399414 4.200141429901123 4.438870906829834 4.551738262176514 5.163272380828857 5.274592876434326 5.258392810821533 0.0 0.0 0.0 0.0
9.94361686706543 3.6351516246795654 3.4696030616760254 3.47296142578125 3.3838953971862793 3.4161040782928467 3.5479886531829834 3.4117114543914795 3.4605135917663574 3.522045135498047 3.5771210193634033 3.63124418258667 3.602391481399536 3.6692392826080322 3.7495555877685547 3.7755422592163086 3.7382638454437256 3.872130870819092 3.8952839374542236 4.07793664932251 4.027740001678467 4.081257343292236 4.154252052307129 4.289803981781006 4.50605583190918 4.694286823272705 4.7853007316589355 5.287419319152832 5.277454376220703 0.0 0.0 0.0
9.939654350280762 3.585909843444824 3.4373631477355957 3.4304041862487793 3.3552920818328857 3.390805721282959 3.4659423828125 3.3715691566467285 3.527132511138916 3.5457301139831543 3.509235382080078 3.5774917602539062 3.5741100311279297 3.697533130645752 3.7014412879943848 3.6950411796569824 3.6797714233398438 3.7073566913604736 3.7788960933685303 3.9976444244384766 3.9493966102600098 4.044671058654785 4.020176410675049 4.15311861038208 4.3771867752075195 4.568971633911133 4.778804779052734 4.786705017089844 5.4992499351501465 5.282007217407227 0.0 0.0
9.941805839538574 3.607496500015259 3.3154587745666504 3.3954007625579834 3.361112117767334 3.4256978034973145 3.4836599826812744 3.416149854660034 3.4801018238067627 3.4940707683563232 3.4844069480895996 3.569608449935913 3.674389362335205 3.6283371448516846 3.649620532989502 3.919332504272461 3.695050001144409 3.6419193744659424 3.6783370971679688 4.04034423828125 3.8577499389648438 3.95017147064209 3.9646224975585938 4.063088893890381 4.22989559173584 4.413524627685547 4.497328758239746 4.5529961585998535 4.755064010620117 5.233428955078125 5.252170562744141 0.0
9.938797950744629 3.6852147579193115 3.286505699157715 3.370093584060669 3.3898870944976807 3.3993186950683594 3.4534595012664795 3.443734645843506 3.48712420463562 3.474189281463623 3.5264761447906494 3.566242218017578 3.636875867843628 3.639556884765625 3.611267566680908 3.634328603744507 3.640376329421997 3.6556284427642822 3.734426975250244 3.792747974395752 3.8404200077056885 3.906266450881958 3.9076995849609375 4.04282808303833 4.0727620124816895 4.2631120681762695 4.317074298858643 4.4268693923950195 4.658822536468506 4.724249839782715 5.413552284240723 5.271564483642578
