10.020692825317383 0.0 0.0 0.0 0.0 0.0 0.0 0.0 0.0 0.0 0.0 0.0 0.0 0.0 0.0 0.0 0.0 0.0 0.0 0.0 0.0 0.0 0.0 0.0 0.0 0.0 0.0 0.0 0.0 0.0 0.0 0.0
9.888948440551758 7.927599906921387 0.0 0.0 0.0 0.0 0.0 0.0 0.0 0.0 0.0 0.0 0.0 0.0 0.0 0.0 0.0 0.0 0.0 0.0 0.0 0.0 0.0 0.0 0.0 0.0 0.0 0.0 0.0 0.0 0.0 0.0
9.92154598236084 6.301903247833252 7.362680912017822 0.0 0.0 0.0 0.0 0.0 0.0 0.0 0.0 0.0 0.0 0.0 0.0 0.0 0.0 0.0 0.0 0.0 0.0 0.0 0.0 0.0 0.0 0.0 0.0 0.0 0.0 0.0 0.0 0.0
9.929314613342285 5.640299320220947 6.073766708374023 7.129300594329834 0.0 0.0 0.0 0.0 0.0 0.0 0.0 0.0 0.0 0.0 0.0 0.0 0.0 0.0 0.0 0.0 0.0 0.0 0.0 0.0 0.0 0.0 0.0 0.0 0.0 0.0 0.0 0.0
9.9232177734375 5.433724403381348 5.505138874053955 5.999659538269043 7.099449634552002 0.0 0.0 0.0 0.0 0.0 0.0 0.0 0.0 0.0 0.0 0.0 0.0 0.0 0.0 0.0 0.0 0.0 0.0 0.0 0.0 0.0 0.0 0.0 0.0 0.0 0.0 0.0
9.909042358398438 5.445850849151611 5.411655426025391 5.492080211639404 6.019804000854492 7.144820213317871 0.0 0.0 0.0 0.0 0.0 0.0 0.0 0.0 0.0 0.0 0.0 0.0 0.0 0.0 0.0 0.0 0.0 0.0 0.0 0.0 0.0 0.0 0.0 0.0 0.0 0.0
9.904252052307129 5.459191799163818 5.30889368057251 5.247509956359863 5.462294578552246 6.04263162612915 7.082508563995361 0.0 0.0 0.0 0.0 0.0 0.0 0.0 0.0 0.0 0.0 0.0 0.0 0.0 0.0 0.0 0.0 0.0 0.0 0.0 0.0 0.0 0.0 0.0 0.0 0.0
9.903806686401367 5.356725215911865 5.235742568969727 5.136725425720215 5.164262771606445 5.420871734619141 5.942484378814697 7.032352924346924 0.0 0.0 0.0 0.0 0.0 0.0 0.0 0.0 0.0 0.0 0.0 0.0 0.0 0.0 0.0 0.0 0.0 0.0 0.0 0.0 0.0 0.0 0.0 0.0
9.900592803955078 5.174211502075195 5.188844203948975 5.11765718460083 5.092834949493408 5.172051906585693 5.408939361572266 5.914908409118652 6.997469902038574 0.0 0.0 0.0 0.0 0.0 0.0 0.0 0.0 0.0 0.0 0.0 0.0 0.0 0.0 0.0 0.0 0.0 0.0 0.0 0.0 0.0 0.0 0.0
9.897077560424805 4.992250919342041 5.092185974121094 5.057851314544678 5.061934471130371 5.056389808654785 5.127387046813965 5.359415531158447 5.883366107940674 7.001590251922607 0.0 0.0 0.0 0.0 0.0 0.0 0.0 0.0 0.0 0.0 0.0 0.0 0.0 0.0 0.0 0.0 0.0 0.0 0.0 0.0 0.0 0.0
9.895118713378906 4.923369407653809 4.963065147399902 4.991254806518555 4.998325347900391 5.043025493621826 5.042812347412109 5.087301254272461 5.330090522766113 5.918384552001953 6.9419708251953125 0.0 0.0 0.0 0.0 0.0 0.0 0.0 0.0 0.0 0.0 0.0 0.0 0.0 0.0 0.0 0.0 0.0 0.0 0.0 0.0 0.0
9.896879196166992 4.860540390014648 4.8541388511657715 4.883517742156982 4.879323959350586 5.00274658203125 5.006981372833252 4.977243423461914 5.037907600402832 5.284470558166504 5.8274736404418945 6.8788347244262695 0.0 0.0 0.0 0.0 0.0 0.0 0.0 0.0 0.0 0.0 0.0 0.0 0.0 0.0 0.0 0.0 0.0 0.0 0.0 0.0
9.892096519470215 4.878286838531494 4.807821273803711 4.786617279052734 4.777177333831787 4.8922810554504395 4.953656196594238 4.986445426940918 4.975694179534912 5.047511100769043 5.313519477844238 5.809120178222656 6.879034519195557 0.0 0.0 0.0 0.0 0.0 0.0 0.0 0.0 0.0 0.0 0.0 0.0 0.0 0.0 0.0 0.0 0.0 0.0 0.0
9.893248558044434 4.826616287231445 4.785372257232666 4.7476959228515625 4.671149253845215 4.758831024169922 4.857277870178223 4.927670955657959 4.929254531860352 4.914558410644531 5.034478664398193 5.230724334716797 5.753646373748779 6.8247809410095215 0.0 0.0 0.0 0.0 0.0 0.0 0.0 0.0 0.0 0.0 0.0 0.0 0.0 0.0 0.0 0.0 0.0 0.0
9.890174865722656 4.747740268707275 4.744075775146484 4.729308605194092 4.67997407913208 4.693454265594482 4.721184253692627 4.808315753936768 4.891434669494629 4.940357208251953 4.944966793060303 4.9886980056762695 5.228207588195801 5.744646072387695 6.811343193054199 0.0 0.0 0.0 0.0 0.0 0.0 0.0 0.0 0.0 0.0 0.0 0.0 0.0 0.0 0.0 0.0 0.0
9.88598918914795 4.645533084869385 4.688613414764404 4.682236194610596 4.69636344909668 4.696215629577637 4.694802284240723 4.715246200561523 4.853130340576172 4.880447864532471 4.881039142608643 4.902525901794434 4.944136619567871 5.254388809204102 5.720373630523682 6.826406002044678 0.0 0.0 0.0 0.0 0.0 0.0 0.0 0.0 0.0 0.0 0.0 0.0 0.0 0.0 0.0 0.0
9.884641647338867 4.6073150634765625 4.586801052093506 4.599084377288818 4.633252143859863 4.6727800369262695 4.662464618682861 4.641934871673584 4.7229413986206055 4.785994529724121 4.8580098152160645 4.894933223724365 4.852713584899902 4.986246585845947 5.189705848693848 5.7160868644714355 6.806686878204346 0.0 0.0 0.0 0.0 0.0 0.0 0.0 0.0 0.0 0.0 0.0 0.0 0.0 0.0 0.0
9.887996673583984 4.6184401512146 4.516958236694336 4.471971035003662 4.513697624206543 4.617891311645508 4.641695022583008 4.593682765960693 4.61425256729126 4.630526542663574 4.749811172485352 4.817681312561035 4.785979270935059 4.802942276000977 4.870549201965332 5.138247966766357 5.667787551879883 6.754889488220215 0.0 0.0 0.0 0.0 0.0 0.0 0.0 0.0 0.0 0.0 0.0 0.0 0.0 0.0
9.883783340454102 4.6312665939331055 4.534862041473389 4.4434027671813965 4.431149482727051 4.549920082092285 4.617543697357178 4.598098278045654 4.5910162925720215 4.578990936279297 4.674060344696045 4.7405476570129395 4.763222694396973 4.810753345489502 4.8147358894348145 4.891241073608398 5.176701545715332 5.63446044921875 6.7582502365112305 0.0 0.0 0.0 0.0 0.0 0.0 0.0 0.0 0.0 0.0 0.0 0.0 0.0
9.881776809692383 4.626460075378418 4.510286331176758 4.41934871673584 4.383113384246826 4.463883399963379 4.513792514801025 4.568417072296143 4.595566272735596 4.594448089599609 4.6177873611450195 4.614126205444336 4.667628765106201 4.752426624298096 4.781548023223877 4.779833793640137 4.874465465545654 5.118697166442871 5.663973331451416 6.750629425048828 0.0 0.0 0.0 0.0 0.0 0.0 0.0 0.0 0.0 0.0 0.0 0.0
9.880772590637207 4.486530780792236 4.493839740753174 4.447224140167236 4.366966247558594 4.3789472579956055 4.41453218460083 4.496042251586914 4.544388294219971 4.570664405822754 4.576198577880859 4.532780170440674 4.536635875701904 4.642452239990234 4.719024181365967 4.742378234863281 4.781601905822754 4.854279041290283 5.1121296882629395 5.636018753051758 6.756669044494629 0.0 0.0 0.0 0.0 0.0 0.0 0.0 0.0 0.0 0.0 0.0
9.882009506225586 4.293217182159424 4.428213119506836 4.419834613800049 4.396353721618652 4.405094623565674 4.339455604553223 4.349981307983398 4.4412736892700195 4.521468162536621 4.571252822875977 4.504334926605225 4.479100704193115 4.573401927947998 4.604733467102051 4.688170433044434 4.738138675689697 4.718912124633789 4.832024574279785 5.067754745483398 5.612166881561279 6.722537517547607 0.0 0.0 0.0 0.0 0.0 0.0 0.0 0.0 0.0 0.0
9.881381034851074 4.157254695892334 4.347944736480713 4.395594596862793 4.406076908111572 4.441361427307129 4.34743070602417 4.326298713684082 4.334898471832275 4.431727886199951 4.5714945793151855 4.524204254150391 4.456184387207031 4.485200881958008 4.541438579559326 4.608069896697998 4.713470458984375 4.686102867126465 4.714130401611328 4.797101020812988 5.067399978637695 5.586155891418457 6.690708160400391 0.0 0.0 0.0 0.0 0.0 0.0 0.0 0.0 0.0
9.879436492919922 4.155881881713867 4.2319793701171875 4.254881858825684 4.306212902069092 4.388906002044678 4.38394021987915 4.311715126037598 4.274995803833008 4.305103778839111 4.420597553253174 4.490382194519043 4.488554954528809 4.491706371307373 4.4821553230285645 4.495702266693115 4.6104302406311035 4.631486415863037 4.679247856140137 4.687058925628662 4.779677391052246 5.065040111541748 5.584009170532227 6.724169731140137 0.0 0.0 0.0 0.0 0.0 0.0 0.0 0.0
9.879966735839844 4.231973171234131 4.224125385284424 4.2289347648620605 4.199274063110352 4.317382335662842 4.35897159576416 4.3289618492126465 4.2671990394592285 4.223753929138184 4.281248092651367 4.430258750915527 4.447927474975586 4.460781097412109 4.433739185333252 4.4066386222839355 4.455921173095703 4.5276970863342285 4.6367363929748535 4.65652322769165 4.659205913543701 4.765051364898682 5.050345420837402 5.549951076507568 6.701794624328613 0.0 0.0 0.0 0.0 0.0 0.0 0.0
9.880571365356445 4.212917804718018 4.196840763092041 4.139872074127197 4.083092212677002 4.230603218078613 4.239922523498535 4.288684368133545 4.29118013381958 4.234794616699219 4.207459926605225 4.232879638671875 4.333739757537842 4.409252166748047 4.422628402709961 4.399855136871338 4.387014865875244 4.416079521179199 4.524084568023682 4.652726173400879 4.646700382232666 4.679102897644043 4.755437850952148 5.018167495727539 5.5333356857299805 6.684597969055176 0.0 0.0 0.0 0.0 0.0 0.0
9.875651359558105 4.199235439300537 4.2010178565979 4.16487979888916 4.101930141448975 4.152176380157471 4.136586666107178 4.204270839691162 4.297041893005371 4.294322967529297 4.243269920349121 4.206887245178223 4.239234924316406 4.411360263824463 4.407626152038574 4.42818021774292 4.410170555114746 4.365520000457764 4.465368747711182 4.518869876861572 4.590816497802734 4.644137382507324 4.660815715789795 4.741112232208252 5.029950141906738 5.669638633728027 6.684866428375244 0.0 0.0 0.0 0.0 0.0
9.878829956054688 4.0659003257751465 4.183967590332031 4.16522741317749 4.10973596572876 4.1022233963012695 4.038489818572998 4.100483417510986 4.186108112335205 4.268554210662842 4.276487350463867 4.230230808258057 4.149618148803711 4.2563347816467285 4.309826374053955 4.356069087982178 4.363221645355225 4.355099678039551 4.349039077758789 4.393669605255127 4.477867126464844 4.58408260345459 4.5973639488220215 4.609719753265381 4.802283763885498 5.027876377105713 5.49739408493042 6.668487548828125 0.0 0.0 0.0 0.0
9.877593994140625 3.9695024490356445 4.080538272857666 4.10407829284668 4.0922064781188965 4.112738132476807 4.054986476898193 4.028412818908691 4.091066837310791 4.1979570388793945 4.273828029632568 4.2495317459106445 4.19011116027832 4.159077167510986 4.227400779724121 4.271903991699219 4.335679054260254 4.36331844329834 4.338631629943848 4.371786117553711 4.40175199508667 4.479126453399658 4.573659420013428 4.59849214553833 4.682185173034668 4.735548973083496 4.980367183685303 5.503448486328125 6.667663097381592 0.0 0.0 0.0
9.87468433380127 3.9837136268615723 4.040667533874512 4.002246856689453 4.039278030395508 4.137676239013672 4.100793361663818 4.056142807006836 4.038311958312988 4.102391242980957 4.184758186340332 4.264690399169922 4.224727630615234 4.2100982666015625 4.174430847167969 4.185088157653809 4.249392986297607 4.339539527893066 4.359446048736572 4.356002330780029 4.339035511016846 4.372321128845215 4.492498874664307 4.596267223358154 4.659975051879883 4.628963947296143 4.679163932800293 4.97892427444458 5.515073299407959 6.684253692626953 0.0 0.0
9.876590728759766 4.032433032989502 3.9838409423828125 3.9200825691223145 3.9610729217529297 4.120205402374268 4.109612464904785 4.072714805603027 4.002715110778809 4.0362629890441895 4.07440185546875 4.142158031463623 4.206265449523926 4.195077419281006 4.170422554016113 4.124019622802734 4.154581546783447 4.2211833000183105 4.308669567108154 4.380475044250488 4.315454006195068 4.310896396636963 4.372870922088623 4.460777759552002 4.570525646209717 4.573722839355469 4.5695905685424805 4.668443202972412 4.9594316482543945 5.487633228302002 6.651938438415527 0.0
9.874579429626465 4.06582498550415 4.0282816886901855 3.9239227771759033 3.878006935119629 3.9704596996307373 4.041245460510254 4.065530300140381 4.061734199523926 4.002444744110107 4.06115198135376 4.023739814758301 4.094223976135254 4.206535339355469 4.206546783447266 4.120744228363037 4.094742774963379 4.118916034698486 4.323027610778809 4.314953327178955 4.339025497436523 4.306041240692139 4.310940742492676 4.340412139892578 4.466695785522461 4.538316249847412 4.572988510131836 4.550790309906006 4.676454067230225 4.9448723793029785 5.4842681884765625 6.665738582611084
