10.020692825317383 0.0 0.0 0.0 0.0 0.0 0.0 0.0 0.0 0.0 0.0 0.0 0.0 0.0 0.0 0.0 0.0 0.0 0.0 0.0 0.0 0.0 0.0 0.0 0.0 0.0 0.0 0.0 0.0 0.0 0.0 0.0
9.978843688964844 6.8234100341796875 0.0 0.0 0.0 0.0 0.0 0.0 0.0 0.0 0.0 0.0 0.0 0.0 0.0 0.0 0.0 0.0 0.0 0.0 0.0 0.0 0.0 0.0 0.0 0.0 0.0 0.0 0.0 0.0 0.0 0.0
9.944254875183105 6.604191303253174 6.8196306228637695 0.0 0.0 0.0 0.0 0.0 0.0 0.0 0.0 0.0 0.0 0.0 0.0 0.0 0.0 0.0 0.0 0.0 0.0 0.0 0.0 0.0 0.0 0.0 0.0 0.0 0.0 0.0 0.0 0.0
9.916074752807617 6.274038314819336 6.673458099365234 6.815542221069336 0.0 0.0 0.0 0.0 0.0 0.0 0.0 0.0 0.0 0.0 0.0 0.0 0.0 0.0 0.0 0.0 0.0 0.0 0.0 0.0 0.0 0.0 0.0 0.0 0.0 0.0 0.0 0.0
9.88915729522705 6.082553863525391 6.353888034820557 6.707720756530762 6.84683895111084 0.0 0.0 0.0 0.0 0.0 0.0 0.0 0.0 0.0 0.0 0.0 0.0 0.0 0.0 0.0 0.0 0.0 0.0 0.0 0.0 0.0 0.0 0.0 0.0 0.0 0.0 0.0
9.871810913085938 6.006849765777588 6.116742134094238 6.2885918617248535 6.681773662567139 6.821007251739502 0.0 0.0 0.0 0.0 0.0 0.0 0.0 0.0 0.0 0.0 0.0 0.0 0.0 0.0 0.0 0.0 0.0 0.0 0.0 0.0 0.0 0.0 0.0 0.0 0.0 0.0
9.859098434448242 6.008224964141846 5.956337928771973 6.082849025726318 6.239344120025635 6.639071464538574 6.7456374168396 0.0 0.0 0.0 0.0 0.0 0.0 0.0 0.0 0.0 0.0 0.0 0.0 0.0 0.0 0.0 0.0 0.0 0.0 0.0 0.0 0.0 0.0 0.0 0.0 0.0
9.846334457397461 5.834049701690674 5.883584022521973 5.880126953125 6.053984642028809 6.2309722900390625 6.5540289878845215 6.810420989990234 0.0 0.0 0.0 0.0 0.0 0.0 0.0 0.0 0.0 0.0 0.0 0.0 0.0 0.0 0.0 0.0 0.0 0.0 0.0 0.0 0.0 0.0 0.0 0.0
9.83752155303955 5.6178765296936035 5.785465717315674 5.795976638793945 5.893224239349365 5.940160751342773 6.1876044273376465 6.659940242767334 6.7205939292907715 0.0 0.0 0.0 0.0 0.0 0.0 0.0 0.0 0.0 0.0 0.0 0.0 0.0 0.0 0.0 0.0 0.0 0.0 0.0 0.0 0.0 0.0 0.0
9.830145835876465 5.539557456970215 5.628718376159668 5.6447553634643555 5.654418468475342 5.714431285858154 5.895376205444336 6.194212913513184 6.635002136230469 6.789339542388916 0.0 0.0 0.0 0.0 0.0 0.0 0.0 0.0 0.0 0.0 0.0 0.0 0.0 0.0 0.0 0.0 0.0 0.0 0.0 0.0 0.0 0.0
9.832796096801758 5.2618727684021 5.594381809234619 5.530862331390381 5.489059925079346 5.508596420288086 5.601726055145264 5.914052486419678 6.233437538146973 6.535244941711426 6.704926013946533 0.0 0.0 0.0 0.0 0.0 0.0 0.0 0.0 0.0 0.0 0.0 0.0 0.0 0.0 0.0 0.0 0.0 0.0 0.0 0.0 0.0
9.820724487304688 5.302069187164307 5.480845928192139 5.545936107635498 5.413118362426758 5.44246768951416 5.5193610191345215 5.798424243927002 5.956697940826416 6.11494779586792 6.530998706817627 6.717831611633301 0.0 0.0 0.0 0.0 0.0 0.0 0.0 0.0 0.0 0.0 0.0 0.0 0.0 0.0 0.0 0.0 0.0 0.0 0.0 0.0
9.79696273803711 5.503032684326172 5.505224704742432 5.469051361083984 5.363380432128906 5.419676303863525 5.439810276031494 5.755940914154053 5.801330089569092 5.811334133148193 6.150310039520264 6.664900779724121 6.785126686096191 0.0 0.0 0.0 0.0 0.0 0.0 0.0 0.0 0.0 0.0 0.0 0.0 0.0 0.0 0.0 0.0 0.0 0.0 0.0
9.817848205566406 4.985072135925293 5.3971734046936035 5.388025760650635 5.236001491546631 5.294417858123779 5.31675386428833 5.404880523681641 5.453134059906006 5.578075408935547 5.790859222412109 6.115222454071045 6.473534107208252 6.70153284072876 0.0 0.0 0.0 0.0 0.0 0.0 0.0 0.0 0.0 0.0 0.0 0.0 0.0 0.0 0.0 0.0 0.0 0.0
9.807870864868164 4.923065662384033 5.310995578765869 5.320891857147217 5.241793155670166 5.203651428222656 5.331601619720459 5.332757949829102 5.365724563598633 5.4554033279418945 5.633420944213867 5.84568452835083 6.088770389556885 6.53183650970459 6.674095630645752 0.0 0.0 0.0 0.0 0.0 0.0 0.0 0.0 0.0 0.0 0.0 0.0 0.0 0.0 0.0 0.0 0.0
9.8016357421875 4.933036804199219 5.211031436920166 5.2057366371154785 5.130374431610107 5.208136081695557 5.176090240478516 5.425320625305176 5.33623743057251 5.323415756225586 5.413177490234375 5.585549354553223 5.825306415557861 6.082045078277588 6.45190954208374 6.758368492126465 0.0 0.0 0.0 0.0 0.0 0.0 0.0 0.0 0.0 0.0 0.0 0.0 0.0 0.0 0.0 0.0
9.787285804748535 4.840394020080566 5.149054527282715 5.164186477661133 5.124111652374268 5.225667476654053 5.157693386077881 5.351782321929932 5.261274814605713 5.303402900695801 5.563863754272461 5.503208160400391 5.617191791534424 5.864810943603516 6.110943794250488 6.5520806312561035 6.687770366668701 0.0 0.0 0.0 0.0 0.0 0.0 0.0 0.0 0.0 0.0 0.0 0.0 0.0 0.0 0.0
9.787616729736328 4.811384201049805 5.148780345916748 5.1571736335754395 5.072821617126465 5.206201076507568 5.107259273529053 5.21693754196167 5.158041477203369 5.183873176574707 5.373608112335205 5.54787540435791 5.379061222076416 5.626626491546631 5.7643327713012695 6.119963645935059 6.500256538391113 6.647465229034424 0.0 0.0 0.0 0.0 0.0 0.0 0.0 0.0 0.0 0.0 0.0 0.0 0.0 0.0
9.784293174743652 4.767115116119385 5.105151653289795 5.155232906341553 5.040744304656982 5.085704803466797 5.000418663024902 5.181781768798828 5.073806285858154 5.1353349685668945 5.27404260635376 5.542448043823242 5.260319232940674 5.390817642211914 5.548006057739258 5.909525394439697 6.050430774688721 6.444794654846191 6.658878326416016 0.0 0.0 0.0 0.0 0.0 0.0 0.0 0.0 0.0 0.0 0.0 0.0 0.0
9.77438735961914 4.737438201904297 5.043909072875977 5.065934658050537 4.986985683441162 5.073190212249756 5.0397233963012695 5.6079487800598145 5.053846836090088 5.112880706787109 5.234308242797852 5.278463363647461 5.2484450340271 5.306368827819824 5.379646301269531 5.619093418121338 5.739264488220215 6.050846576690674 6.509286880493164 6.642126083374023 0.0 0.0 0.0 0.0 0.0 0.0 0.0 0.0 0.0 0.0 0.0 0.0
9.778204917907715 4.745690822601318 5.115211009979248 5.031905174255371 4.97982931137085 5.034392833709717 4.994230270385742 5.003486156463623 5.016728401184082 5.070908069610596 5.1576948165893555 5.234856128692627 5.1377739906311035 5.273017406463623 5.257458686828613 5.425863742828369 5.499492168426514 5.7397637367248535 6.064776420593262 6.437610626220703 6.635138034820557 0.0 0.0 0.0 0.0 0.0 0.0 0.0 0.0 0.0 0.0 0.0
9.772046089172363 4.698974609375 5.118637561798096 5.157634735107422 4.973666191101074 4.962996006011963 4.960684299468994 4.9737162590026855 4.9654154777526855 5.009951591491699 5.145009517669678 5.180341720581055 5.089779376983643 5.203505516052246 5.255437850952148 5.329427719116211 5.308021545410156 5.547859191894531 5.764156818389893 6.02476167678833 6.406797409057617 6.6350178718566895 0.0 0.0 0.0 0.0 0.0 0.0 0.0 0.0 0.0 0.0
9.766446113586426 4.6209588050842285 5.01716947555542 5.129932403564453 4.944518566131592 4.922959327697754 4.952213764190674 5.010096549987793 4.9733991622924805 4.998075008392334 5.144503116607666 5.142187118530273 5.101590156555176 5.219629764556885 5.27821683883667 5.201699733734131 5.224917411804199 5.338905334472656 5.497847557067871 5.739619255065918 6.008500576019287 6.381683826446533 6.643143653869629 0.0 0.0 0.0 0.0 0.0 0.0 0.0 0.0 0.0
9.76315689086914 4.569863319396973 4.966875076293945 4.998502731323242 4.949142932891846 4.988430023193359 4.8587117195129395 4.964066505432129 4.8801140785217285 4.973092555999756 5.14849328994751 5.113877773284912 5.029269695281982 5.216191291809082 5.159522533416748 5.109958171844482 5.138707160949707 5.255597114562988 5.31790828704834 5.491397380828857 5.6961870193481445 5.991983890533447 6.416426658630371 6.643375396728516 0.0 0.0 0.0 0.0 0.0 0.0 0.0 0.0
9.748801231384277 4.643939971923828 5.12601375579834 5.039191246032715 4.900153160095215 4.861966609954834 4.941954612731934 4.92636251449585 4.920103073120117 4.973811626434326 5.1635026931762695 5.1895928382873535 5.053168773651123 5.289616584777832 5.0627546310424805 5.110831260681152 5.093718528747559 5.2638773918151855 5.199178695678711 5.353359222412109 5.4622802734375 5.70352029800415 6.021924018859863 6.415840148925781 6.6640801429748535 0.0 0.0 0.0 0.0 0.0 0.0 0.0
9.751578330993652 4.57639741897583 4.93280029296875 4.91601037979126 4.848041534423828 4.914485454559326 4.865811347961426 5.2968268394470215 4.943033218383789 4.906772136688232 5.074212551116943 4.962899684906006 4.9416937828063965 5.140858173370361 5.047476768493652 5.050196170806885 5.044303894042969 5.1356120109558105 5.238999366760254 5.1925435066223145 5.297905921936035 5.472543716430664 5.740020275115967 5.990645408630371 6.388607025146484 6.58331823348999 0.0 0.0 0.0 0.0 0.0 0.0
9.742725372314453 4.525891304016113 4.928904056549072 4.903736591339111 4.808950901031494 4.783660411834717 4.967589855194092 4.935379505157471 4.936802387237549 4.898868083953857 5.014729022979736 5.1576972007751465 5.022347927093506 5.193970203399658 5.128212928771973 5.031744003295898 4.980119228363037 5.072385787963867 5.1279706954956055 5.12426233291626 5.159495830535889 5.282586097717285 5.506356239318848 5.7380194664001465 6.058295249938965 6.377885341644287 6.621837139129639 0.0 0.0 0.0 0.0 0.0
9.740734100341797 4.475607395172119 4.984563827514648 4.859188556671143 4.792680263519287 4.785043239593506 4.840996265411377 4.832772254943848 4.839116096496582 4.845801830291748 4.936962127685547 5.223108291625977 4.974526405334473 5.100316047668457 5.007110595703125 5.0425639152526855 4.960761547088623 4.990096569061279 5.121652126312256 5.0996174812316895 5.0511345863342285 5.203542232513428 5.327454566955566 5.554290771484375 5.717443943023682 6.056326866149902 6.365165710449219 6.594767093658447 0.0 0.0 0.0 0.0
9.736824035644531 4.390489101409912 4.89061164855957 4.8567423820495605 4.754120349884033 4.8303937911987305 4.733166694641113 4.796804904937744 4.841499328613281 4.855163097381592 4.866572380065918 5.083313941955566 4.899742603302002 5.057396411895752 4.987767696380615 5.060603141784668 4.915971279144287 4.997887134552002 5.202564716339111 5.07926082611084 5.025401592254639 5.120236873626709 5.271158218383789 5.507091045379639 5.423542499542236 5.663098335266113 5.97605037689209 6.392544746398926 6.589259624481201 0.0 0.0 0.0
9.731180191040039 4.438670635223389 4.958919525146484 4.875528812408447 4.770259857177734 4.755443572998047 4.760646820068359 4.721439361572266 4.746307849884033 4.856135368347168 4.972620487213135 5.146773338317871 4.868696689605713 4.951200485229492 4.985194206237793 5.1907830238342285 4.910953521728516 4.9274468421936035 4.975735664367676 5.028587818145752 4.995994567871094 5.052651405334473 5.194754600524902 5.27247428894043 5.302283763885498 5.519392967224121 5.668801307678223 5.956656455993652 6.354388236999512 6.615793228149414 0.0 0.0
9.732309341430664 4.388783931732178 4.8678717613220215 4.824503421783447 4.767474174499512 4.778686046600342 4.723062038421631 4.847947120666504 4.767561912536621 4.748011589050293 4.892550468444824 4.8957085609436035 4.870353698730469 4.863533973693848 4.901536464691162 5.00926399230957 4.868395805358887 4.998974800109863 5.376318454742432 4.882247447967529 4.90278959274292 4.954139709472656 5.164895534515381 5.170322418212891 5.1130194664001465 5.284106731414795 5.402810573577881 5.650658130645752 5.94016695022583 6.338186740875244 6.5986714363098145 0.0
9.719695091247559 4.5371832847595215 4.891877174377441 4.834758758544922 4.760448932647705 4.716538429260254 4.697636604309082 4.876189231872559 4.8023271560668945 4.76229190826416 4.955138683319092 4.939605236053467 4.871786117553711 4.992964267730713 4.831892490386963 4.915261268615723 4.843712329864502 4.94607400894165 5.25534725189209 4.931483745574951 4.861403942108154 4.92733907699585 5.178074836730957 5.2655229568481445 5.066586017608643 5.173623085021973 5.229100227355957 5.404047966003418 5.699307441711426 5.921747207641602 6.3806071281433105 6.617176532745361
