10.020692825317383 0.0 0.0 0.0 0.0 0.0 0.0 0.0 0.0 0.0 0.0 0.0 0.0 0.0 0.0 0.0 0.0 0.0 0.0 0.0 0.0 0.0 0.0 0.0 0.0 0.0 0.0 0.0 0.0 0.0 0.0 0.0
9.985958099365234 6.640349864959717 0.0 0.0 0.0 0.0 0.0 0.0 0.0 0.0 0.0 0.0 0.0 0.0 0.0 0.0 0.0 0.0 0.0 0.0 0.0 0.0 0.0 0.0 0.0 0.0 0.0 0.0 0.0 0.0 0.0 0.0
9.940382957458496 7.221288681030273 5.903083324432373 0.0 0.0 0.0 0.0 0.0 0.0 0.0 0.0 0.0 0.0 0.0 0.0 0.0 0.0 0.0 0.0 0.0 0.0 0.0 0.0 0.0 0.0 0.0 0.0 0.0 0.0 0.0 0.0 0.0
9.896671295166016 7.194031238555908 6.803567409515381 5.966858863830566 0.0 0.0 0.0 0.0 0.0 0.0 0.0 0.0 0.0 0.0 0.0 0.0 0.0 0.0 0.0 0.0 0.0 0.0 0.0 0.0 0.0 0.0 0.0 0.0 0.0 0.0 0.0 0.0
9.846522331237793 7.061851501464844 6.962300777435303 6.876376628875732 6.00044584274292 0.0 0.0 0.0 0.0 0.0 0.0 0.0 0.0 0.0 0.0 0.0 0.0 0.0 0.0 0.0 0.0 0.0 0.0 0.0 0.0 0.0 0.0 0.0 0.0 0.0 0.0 0.0
9.800400733947754 6.93176794052124 6.860980033874512 7.002143859863281 6.874478816986084 5.999106407165527 0.0 0.0 0.0 0.0 0.0 0.0 0.0 0.0 0.0 0.0 0.0 0.0 0.0 0.0 0.0 0.0 0.0 0.0 0.0 0.0 0.0 0.0 0.0 0.0 0.0 0.0
9.75399112701416 6.842854022979736 6.722092151641846 6.938211917877197 7.004988670349121 6.887725830078125 5.9565582275390625 0.0 0.0 0.0 0.0 0.0 0.0 0.0 0.0 0.0 0.0 0.0 0.0 0.0 0.0 0.0 0.0 0.0 0.0 0.0 0.0 0.0 0.0 0.0 0.0 0.0
9.707399368286133 6.750438213348389 6.672588348388672 6.864340782165527 6.94296932220459 7.0249128341674805 6.832037925720215 5.893131256103516 0.0 0.0 0.0 0.0 0.0 0.0 0.0 0.0 0.0 0.0 0.0 0.0 0.0 0.0 0.0 0.0 0.0 0.0 0.0 0.0 0.0 0.0 0.0 0.0
9.677032470703125 6.70486307144165 6.548269748687744 6.722487926483154 6.807053089141846 6.944252967834473 6.9122161865234375 6.7988739013671875 5.87784481048584 0.0 0.0 0.0 0.0 0.0 0.0 0.0 0.0 0.0 0.0 0.0 0.0 0.0 0.0 0.0 0.0 0.0 0.0 0.0 0.0 0.0 0.0 0.0
9.634211540222168 6.568140506744385 6.512549877166748 6.665248394012451 6.7264404296875 6.872295379638672 6.891597270965576 6.905328273773193 6.801825523376465 5.89674186706543 0.0 0.0 0.0 0.0 0.0 0.0 0.0 0.0 0.0 0.0 0.0 0.0 0.0 0.0 0.0 0.0 0.0 0.0 0.0 0.0 0.0 0.0
9.616705894470215 6.487158298492432 6.381520748138428 6.560903072357178 6.60098123550415 6.699542045593262 6.75067663192749 6.848968029022217 6.876014232635498 6.760556697845459 5.8548970222473145 0.0 0.0 0.0 0.0 0.0 0.0 0.0 0.0 0.0 0.0 0.0 0.0 0.0 0.0 0.0 0.0 0.0 0.0 0.0 0.0 0.0
9.584012031555176 6.429078578948975 6.284145832061768 6.466423988342285 6.522517681121826 6.581052303314209 6.638600826263428 6.737270832061768 6.862613201141357 6.8782196044921875 6.77872371673584 5.860786437988281 0.0 0.0 0.0 0.0 0.0 0.0 0.0 0.0 0.0 0.0 0.0 0.0 0.0 0.0 0.0 0.0 0.0 0.0 0.0 0.0
9.55445384979248 6.3047871589660645 6.164554595947266 6.387576103210449 6.485517501831055 6.518976211547852 6.567722320556641 6.6259307861328125 6.729489326477051 6.830254077911377 6.876760959625244 6.8125152587890625 5.802187442779541 0.0 0.0 0.0 0.0 0.0 0.0 0.0 0.0 0.0 0.0 0.0 0.0 0.0 0.0 0.0 0.0 0.0 0.0 0.0
9.52837085723877 6.226708889007568 6.047168731689453 6.253021240234375 6.3758134841918945 6.448601245880127 6.467707633972168 6.5503692626953125 6.661123275756836 6.763207912445068 6.875287055969238 6.885153293609619 6.722860813140869 5.761285305023193 0.0 0.0 0.0 0.0 0.0 0.0 0.0 0.0 0.0 0.0 0.0 0.0 0.0 0.0 0.0 0.0 0.0 0.0
9.506834983825684 6.218766689300537 6.025261402130127 6.1889729499816895 6.260730743408203 6.362240791320801 6.421530246734619 6.469098091125488 6.552263259887695 6.601686954498291 6.778463363647461 6.82921838760376 6.817497253417969 6.7014479637146 5.745693206787109 0.0 0.0 0.0 0.0 0.0 0.0 0.0 0.0 0.0 0.0 0.0 0.0 0.0 0.0 0.0 0.0 0.0
9.48359203338623 6.125796318054199 5.971024513244629 6.144646644592285 6.1964030265808105 6.268383502960205 6.345858573913574 6.40291690826416 6.471705913543701 6.540025234222412 6.643425941467285 6.704586505889893 6.836541175842285 6.810539722442627 6.670178413391113 5.699578762054443 0.0 0.0 0.0 0.0 0.0 0.0 0.0 0.0 0.0 0.0 0.0 0.0 0.0 0.0 0.0 0.0
9.46523380279541 6.059732913970947 5.908345699310303 6.08902645111084 6.142021179199219 6.211262226104736 6.261593818664551 6.336652755737305 6.441815376281738 6.444989204406738 6.561547756195068 6.5845818519592285 6.694199085235596 6.76708984375 6.7854533195495605 6.635495662689209 5.689655780792236 0.0 0.0 0.0 0.0 0.0 0.0 0.0 0.0 0.0 0.0 0.0 0.0 0.0 0.0 0.0
9.447225570678711 6.008490562438965 5.812652587890625 6.023630142211914 6.097437858581543 6.125255107879639 6.167478084564209 6.230047702789307 6.31066370010376 6.357082843780518 6.429352283477783 6.521801471710205 6.561850070953369 6.7002387046813965 6.755423069000244 6.794891357421875 6.672328948974609 5.696746826171875 0.0 0.0 0.0 0.0 0.0 0.0 0.0 0.0 0.0 0.0 0.0 0.0 0.0 0.0
9.418699264526367 5.957846164703369 5.714776515960693 5.976560592651367 6.07180643081665 6.096932411193848 6.1483893394470215 6.204351425170898 6.300779819488525 6.314877033233643 6.387935161590576 6.430775165557861 6.496204376220703 6.624301910400391 6.658039093017578 6.763982772827148 6.732873916625977 6.62900972366333 5.670623302459717 0.0 0.0 0.0 0.0 0.0 0.0 0.0 0.0 0.0 0.0 0.0 0.0 0.0
9.399621963500977 5.9492716789245605 5.640228271484375 5.881002426147461 6.003417491912842 6.106115341186523 6.088750839233398 6.148010730743408 6.1952900886535645 6.290473461151123 6.319683074951172 6.375334739685059 6.454011917114258 6.502188682556152 6.531833171844482 6.603308200836182 6.68599271774292 6.77215051651001 6.6492838859558105 5.666224002838135 0.0 0.0 0.0 0.0 0.0 0.0 0.0 0.0 0.0 0.0 0.0 0.0
9.386388778686523 5.942386150360107 5.605967998504639 5.818475246429443 5.920194625854492 6.010551929473877 6.0609846115112305 6.110108375549316 6.1438469886779785 6.197072982788086 6.254543304443359 6.3016228675842285 6.3561811447143555 6.419897079467773 6.434340953826904 6.517078876495361 6.6301727294921875 6.694314956665039 6.720707893371582 6.607295036315918 5.643592834472656 0.0 0.0 0.0 0.0 0.0 0.0 0.0 0.0 0.0 0.0 0.0
9.364392280578613 5.898157596588135 5.586623668670654 5.777111053466797 5.824924945831299 5.9165167808532715 6.0068039894104 6.036241054534912 6.082569599151611 6.111919403076172 6.164440155029297 6.231835842132568 6.2734694480896 6.378252983093262 6.355013370513916 6.447030067443848 6.518567085266113 6.66153621673584 6.713500499725342 6.745467185974121 6.606252193450928 5.632748603820801 0.0 0.0 0.0 0.0 0.0 0.0 0.0 0.0 0.0 0.0
9.351472854614258 5.883194923400879 5.557504653930664 5.757297515869141 5.791720867156982 5.845519065856934 5.883179664611816 5.956209659576416 6.02923583984375 6.0632781982421875 6.155930995941162 6.189999103546143 6.274190425872803 6.303895950317383 6.300325393676758 6.384888172149658 6.415680885314941 6.570584297180176 6.606489181518555 6.683796405792236 6.672450065612793 6.544215202331543 5.590408802032471 0.0 0.0 0.0 0.0 0.0 0.0 0.0 0.0 0.0
9.334090232849121 5.8222737312316895 5.464544296264648 5.691839694976807 5.74412727355957 5.822411060333252 5.841074466705322 5.892516136169434 5.9625749588012695 6.037703514099121 6.157985210418701 6.146557807922363 6.201781749725342 6.284430980682373 6.227750778198242 6.290979862213135 6.349603176116943 6.466386318206787 6.517998695373535 6.594605922698975 6.634529113769531 6.650122165679932 6.555408954620361 5.630884170532227 0.0 0.0 0.0 0.0 0.0 0.0 0.0 0.0
9.337971687316895 5.8144941329956055 5.43037223815918 5.649136543273926 5.7049336433410645 5.76585054397583 5.796629428863525 5.828830242156982 5.895550727844238 5.9597907066345215 6.046140670776367 6.14823055267334 6.104626655578613 6.181535720825195 6.186440467834473 6.2538299560546875 6.264588356018066 6.293058395385742 6.3744282722473145 6.449234485626221 6.529009819030762 6.602686882019043 6.639094352722168 6.53651762008667 5.59867525100708 0.0 0.0 0.0 0.0 0.0 0.0 0.0
9.320402145385742 5.810079574584961 5.406521320343018 5.585923671722412 5.6779890060424805 5.734567642211914 5.761895656585693 5.767155647277832 5.832389831542969 5.904860496520996 5.990843296051025 6.0680928230285645 6.069507598876953 6.129037857055664 6.110684394836426 6.172948360443115 6.210874080657959 6.2405314445495605 6.338861465454102 6.392915725708008 6.425936222076416 6.513008117675781 6.601400375366211 6.646891117095947 6.526793479919434 5.577816009521484 0.0 0.0 0.0 0.0 0.0 0.0
9.305274963378906 5.736897945404053 5.331405162811279 5.482646465301514 5.596497535705566 5.678792953491211 5.726115703582764 5.773455619812012 5.801730155944824 5.874956130981445 5.9450883865356445 6.000197887420654 6.059199333190918 6.078282356262207 6.074173927307129 6.110174655914307 6.147030353546143 6.201199531555176 6.30242919921875 6.3330464363098145 6.349424839019775 6.4165120124816895 6.513434886932373 6.589475154876709 6.631174087524414 6.506062984466553 5.565648555755615 0.0 0.0 0.0 0.0 0.0
9.283280372619629 5.670709133148193 5.307219982147217 5.430924415588379 5.4905290603637695 5.581236362457275 5.654191017150879 5.7517828941345215 5.78872537612915 5.801449775695801 5.86290979385376 5.953251838684082 5.980688571929932 6.087070465087891 6.128524303436279 6.33297872543335 6.069278717041016 6.108598709106445 6.239491939544678 6.219752788543701 6.262667655944824 6.321517467498779 6.468618392944336 6.527927875518799 6.581332683563232 6.598944664001465 6.477466106414795 5.562034606933594 0.0 0.0 0.0 0.0
9.272600173950195 5.643879413604736 5.267621994018555 5.423587799072266 5.471097469329834 5.540064811706543 5.571502685546875 5.6696367263793945 5.752175807952881 5.793179035186768 5.920101642608643 5.885671615600586 5.975248336791992 6.041585922241211 6.024041175842285 6.0023627281188965 6.048116683959961 6.109766483306885 6.186215877532959 6.181506156921387 6.205292224884033 6.261467933654785 6.319817066192627 6.394839763641357 6.527651786804199 6.578846454620361 6.612019062042236 6.537106037139893 5.555648326873779 0.0 0.0 0.0
9.266857147216797 5.613730430603027 5.230085372924805 5.411156177520752 5.447089672088623 5.49755859375 5.522449493408203 5.593400478363037 5.690072059631348 5.749422550201416 5.833858489990234 5.8463873863220215 5.86308479309082 6.07633113861084 5.987329959869385 5.984989643096924 5.99566125869751 6.017556667327881 6.081423282623291 6.123469352722168 6.132122993469238 6.185577869415283 6.252277851104736 6.312681198120117 6.4054341316223145 6.492755889892578 6.571197032928467 6.622920513153076 6.478938102722168 5.575314521789551 0.0 0.0
9.255546569824219 5.613412380218506 5.153531074523926 5.381202220916748 5.449479579925537 5.48564338684082 5.49543571472168 5.534592151641846 5.627625465393066 5.685224533081055 5.7550740242004395 5.817478179931641 5.833156585693359 6.047089576721191 5.922868728637695 5.95266056060791 5.948296546936035 5.975387096405029 6.008182048797607 6.03575325012207 6.05104923248291 6.115873336791992 6.196364402770996 6.250406265258789 6.3069891929626465 6.401289939880371 6.492461204528809 6.5598578453063965 6.606639385223389 6.500601768493652 5.549892902374268 0.0
9.246603965759277 5.6550774574279785 5.145468235015869 5.312541961669922 5.431073188781738 5.567294120788574 5.535696983337402 5.543543815612793 5.628863334655762 5.612412929534912 5.690491676330566 5.800778388977051 5.8057684898376465 5.836295127868652 5.861176490783691 5.9074625968933105 5.911541938781738 5.9488205909729 5.963896751403809 6.0072340965271 6.0182204246521 6.042871952056885 6.1268134117126465 6.152703285217285 6.205960750579834 6.261093616485596 6.3592987060546875 6.49778938293457 6.573725700378418 6.596738338470459 6.454568386077881 5.558741092681885
