10.020692825317383 0.0 0.0 0.0 0.0 0.0 0.0 0.0 0.0 0.0 0.0 0.0 0.0 0.0 0.0 0.0 0.0 0.0 0.0 0.0 0.0 0.0 0.0 0.0 0.0 0.0 0.0 0.0 0.0 0.0 0.0 0.0
9.962401390075684 7.147953510284424 0.0 0.0 0.0 0.0 0.0 0.0 0.0 0.0 0.0 0.0 0.0 0.0 0.0 0.0 0.0 0.0 0.0 0.0 0.0 0.0 0.0 0.0 0.0 0.0 0.0 0.0 0.0 0.0 0.0 0.0
9.978023529052734 6.228111743927002 6.067551136016846 0.0 0.0 0.0 0.0 0.0 0.0 0.0 0.0 0.0 0.0 0.0 0.0 0.0 0.0 0.0 0.0 0.0 0.0 0.0 0.0 0.0 0.0 0.0 0.0 0.0 0.0 0.0 0.0 0.0
9.966585159301758 6.139564037322998 5.8016276359558105 5.965367317199707 0.0 0.0 0.0 0.0 0.0 0.0 0.0 0.0 0.0 0.0 0.0 0.0 0.0 0.0 0.0 0.0 0.0 0.0 0.0 0.0 0.0 0.0 0.0 0.0 0.0 0.0 0.0 0.0
9.958242416381836 6.012714862823486 5.701923370361328 5.652935028076172 5.91146183013916 0.0 0.0 0.0 0.0 0.0 0.0 0.0 0.0 0.0 0.0 0.0 0.0 0.0 0.0 0.0 0.0 0.0 0.0 0.0 0.0 0.0 0.0 0.0 0.0 0.0 0.0 0.0
9.949041366577148 5.935149192810059 5.552389621734619 5.600142478942871 5.655454635620117 5.8989105224609375 0.0 0.0 0.0 0.0 0.0 0.0 0.0 0.0 0.0 0.0 0.0 0.0 0.0 0.0 0.0 0.0 0.0 0.0 0.0 0.0 0.0 0.0 0.0 0.0 0.0 0.0
9.941597938537598 5.849821090698242 5.583244800567627 5.532320976257324 5.494699954986572 5.602136135101318 5.80814266204834 0.0 0.0 0.0 0.0 0.0 0.0 0.0 0.0 0.0 0.0 0.0 0.0 0.0 0.0 0.0 0.0 0.0 0.0 0.0 0.0 0.0 0.0 0.0 0.0 0.0
9.94077205657959 5.771910190582275 5.418431282043457 5.3552985191345215 5.375166893005371 5.427535533905029 5.43950891494751 5.69990348815918 0.0 0.0 0.0 0.0 0.0 0.0 0.0 0.0 0.0 0.0 0.0 0.0 0.0 0.0 0.0 0.0 0.0 0.0 0.0 0.0 0.0 0.0 0.0 0.0
9.932703018188477 5.733241558074951 5.353210926055908 5.263927459716797 5.320856094360352 5.421952724456787 5.354825019836426 5.420401573181152 5.7589874267578125 0.0 0.0 0.0 0.0 0.0 0.0 0.0 0.0 0.0 0.0 0.0 0.0 0.0 0.0 0.0 0.0 0.0 0.0 0.0 0.0 0.0 0.0 0.0
9.929967880249023 5.647709846496582 5.336123466491699 5.238776206970215 5.21813440322876 5.331460952758789 5.264644145965576 5.264232635498047 5.353706359863281 5.660030364990234 0.0 0.0 0.0 0.0 0.0 0.0 0.0 0.0 0.0 0.0 0.0 0.0 0.0 0.0 0.0 0.0 0.0 0.0 0.0 0.0 0.0 0.0
9.926896095275879 5.560927391052246 5.24390983581543 5.161602020263672 5.179366588592529 5.233238220214844 5.197604179382324 5.197335720062256 5.180792808532715 5.2662458419799805 5.6982421875 0.0 0.0 0.0 0.0 0.0 0.0 0.0 0.0 0.0 0.0 0.0 0.0 0.0 0.0 0.0 0.0 0.0 0.0 0.0 0.0 0.0
9.916370391845703 5.567558288574219 5.380899906158447 5.26885986328125 5.193910598754883 5.295981407165527 5.186087608337402 5.148110389709473 5.159276485443115 5.148764133453369 5.322535991668701 5.637317657470703 0.0 0.0 0.0 0.0 0.0 0.0 0.0 0.0 0.0 0.0 0.0 0.0 0.0 0.0 0.0 0.0 0.0 0.0 0.0 0.0
9.914589881896973 5.467291355133057 5.170634746551514 5.113919734954834 5.125707626342773 5.2079691886901855 5.123687267303467 5.074141025543213 5.096573829650879 5.049166202545166 5.180403232574463 5.295094966888428 5.763315677642822 0.0 0.0 0.0 0.0 0.0 0.0 0.0 0.0 0.0 0.0 0.0 0.0 0.0 0.0 0.0 0.0 0.0 0.0 0.0
9.914710998535156 5.471095561981201 5.125010013580322 5.078374862670898 5.065439701080322 5.183642387390137 5.109264373779297 5.040615558624268 5.043764114379883 5.01957893371582 5.047839641571045 5.0875959396362305 5.175084590911865 5.509591102600098 0.0 0.0 0.0 0.0 0.0 0.0 0.0 0.0 0.0 0.0 0.0 0.0 0.0 0.0 0.0 0.0 0.0 0.0
9.911917686462402 5.41387939453125 5.121196269989014 5.002625942230225 4.9923014640808105 5.1015400886535645 5.054434299468994 5.023519039154053 5.0650177001953125 4.974696159362793 4.966363906860352 4.956709384918213 5.044091701507568 5.208010196685791 5.485136985778809 0.0 0.0 0.0 0.0 0.0 0.0 0.0 0.0 0.0 0.0 0.0 0.0 0.0 0.0 0.0 0.0 0.0
9.908427238464355 5.389206886291504 5.0982346534729 4.981051921844482 4.9592790603637695 5.08900260925293 4.989132404327393 4.971580505371094 5.017176151275635 4.937466621398926 4.928081512451172 4.885104179382324 4.951241493225098 5.081169128417969 5.209875106811523 5.436408042907715 0.0 0.0 0.0 0.0 0.0 0.0 0.0 0.0 0.0 0.0 0.0 0.0 0.0 0.0 0.0 0.0
9.906753540039062 5.307065010070801 5.0498199462890625 4.934336185455322 4.931040287017822 5.00816011428833 4.933701992034912 4.937923908233643 4.987555503845215 4.910734176635742 4.996994495391846 4.877671241760254 4.890157222747803 4.884751319885254 4.971602916717529 5.099529266357422 5.465381145477295 0.0 0.0 0.0 0.0 0.0 0.0 0.0 0.0 0.0 0.0 0.0 0.0 0.0 0.0 0.0
9.905765533447266 5.27781867980957 4.9939284324646 4.935302257537842 4.925291538238525 4.999796390533447 4.905364990234375 4.860331058502197 4.874434947967529 4.852799415588379 4.9539995193481445 4.805869102478027 4.808750152587891 4.813559532165527 4.86471700668335 4.966638088226318 5.076887130737305 5.395791530609131 0.0 0.0 0.0 0.0 0.0 0.0 0.0 0.0 0.0 0.0 0.0 0.0 0.0 0.0
9.899097442626953 5.266861438751221 4.9843268394470215 4.918881893157959 4.933450222015381 5.067813396453857 4.932536602020264 4.847052574157715 4.830616474151611 4.856997013092041 4.881385803222656 4.840989589691162 4.819400787353516 4.744967460632324 4.848503112792969 4.859405994415283 4.969143867492676 5.10508918762207 5.4495439529418945 0.0 0.0 0.0 0.0 0.0 0.0 0.0 0.0 0.0 0.0 0.0 0.0 0.0
9.898743629455566 5.193044185638428 4.922018051147461 4.887543201446533 4.881094455718994 4.9753947257995605 4.856100082397461 4.803603649139404 4.789004325866699 4.796624660491943 4.833476543426514 4.756573677062988 4.779898166656494 4.79540491104126 4.818723201751709 4.806888103485107 4.842113494873047 4.9414544105529785 5.085587024688721 5.406883716583252 0.0 0.0 0.0 0.0 0.0 0.0 0.0 0.0 0.0 0.0 0.0 0.0
9.895670890808105 5.1821112632751465 4.870293140411377 4.816084861755371 4.811560153961182 4.932698726654053 4.830450534820557 4.8370184898376465 4.813910484313965 4.743356227874756 4.737805366516113 4.778462886810303 4.731253147125244 4.763085842132568 4.795957565307617 4.755489826202393 4.86984395980835 4.8252854347229 5.008001327514648 5.03885555267334 5.3801727294921875 0.0 0.0 0.0 0.0 0.0 0.0 0.0 0.0 0.0 0.0 0.0
9.891454696655273 5.21245813369751 4.970571994781494 4.912381649017334 4.844847679138184 4.961108684539795 4.842628479003906 4.778017520904541 4.796041965484619 4.722827434539795 4.741252899169922 4.765722274780273 4.679994106292725 4.662569046020508 4.732701301574707 4.735097408294678 4.784684181213379 4.757048606872559 4.842188835144043 4.873916149139404 5.022189140319824 5.360927581787109 0.0 0.0 0.0 0.0 0.0 0.0 0.0 0.0 0.0 0.0
9.888678550720215 5.196017265319824 5.044400691986084 4.900753021240234 4.800786018371582 4.898558616638184 4.7625579833984375 4.736845016479492 4.753904819488525 4.697694301605225 4.72160530090332 4.703328609466553 4.613677978515625 4.6080780029296875 4.7044806480407715 4.702181339263916 4.752237796783447 4.721592903137207 4.798361778259277 4.808938980102539 4.885440826416016 5.011610984802246 5.385911464691162 0.0 0.0 0.0 0.0 0.0 0.0 0.0 0.0 0.0
9.887591361999512 5.131690979003906 4.898447036743164 4.785161972045898 4.766917705535889 4.858982086181641 4.7513346672058105 4.714444160461426 4.716164588928223 4.696255207061768 4.789491653442383 4.648303031921387 4.5721588134765625 4.615054130554199 4.619090557098389 4.667226314544678 4.700539588928223 4.679494857788086 4.745271682739258 4.77146577835083 4.8050007820129395 4.897296905517578 4.966228008270264 5.410285472869873 0.0 0.0 0.0 0.0 0.0 0.0 0.0 0.0
9.88671588897705 5.097159385681152 4.827596187591553 4.748437404632568 4.710268497467041 4.796530723571777 4.67087984085083 4.662453651428223 4.637552738189697 4.645559310913086 4.669508457183838 4.569820404052734 4.542619705200195 4.583045482635498 4.60670804977417 4.625060081481934 4.645264148712158 4.626480579376221 4.7094011306762695 4.711584091186523 4.743530750274658 4.786615371704102 4.866244316101074 5.069377899169922 5.460517883300781 0.0 0.0 0.0 0.0 0.0 0.0 0.0
9.886163711547852 5.127969264984131 4.79206657409668 4.770041465759277 4.730132579803467 4.776838302612305 4.628105163574219 4.615084648132324 4.598548412322998 4.5495500564575195 4.6195173263549805 4.564765930175781 4.544470310211182 4.486055850982666 4.539995193481445 4.525786399841309 4.599517345428467 4.596816539764404 4.651883602142334 4.638111114501953 4.637724876403809 4.701493263244629 4.7766828536987305 4.891526222229004 5.12986946105957 5.334844589233398 0.0 0.0 0.0 0.0 0.0 0.0
9.882548332214355 5.058572292327881 4.779069423675537 4.712825775146484 4.733546733856201 4.765098571777344 4.605591297149658 4.617254257202148 4.608029365539551 4.529191493988037 4.576176643371582 4.530711650848389 4.5248541831970215 4.547616958618164 4.5570878982543945 4.508648872375488 4.548068523406982 4.539339542388916 4.6038312911987305 4.597434997558594 4.611317157745361 4.6475677490234375 4.738542079925537 4.989577293395996 4.9884796142578125 5.000195026397705 5.294496536254883 0.0 0.0 0.0 0.0 0.0
9.882627487182617 5.026796340942383 4.766086578369141 4.6834540367126465 4.650187015533447 4.7246503829956055 4.607622146606445 4.54118013381958 4.553431034088135 4.4982733726501465 4.54946231842041 4.481825828552246 4.499416828155518 4.585688591003418 4.555639266967773 4.504887580871582 4.478137969970703 4.481751441955566 4.5699944496154785 4.563128471374512 4.619085311889648 4.623754501342773 4.647889614105225 4.716237545013428 4.842529773712158 4.879117012023926 4.993485450744629 5.28830099105835 0.0 0.0 0.0 0.0
9.879871368408203 4.999032020568848 4.721438407897949 4.669590950012207 4.665485382080078 4.724325656890869 4.611579895019531 4.5587053298950195 4.558285236358643 4.471823692321777 4.494060516357422 4.4354329109191895 4.440551280975342 4.50266170501709 4.542679309844971 4.479037761688232 4.477317810058594 4.444475173950195 4.569056034088135 4.510067462921143 4.584217071533203 4.620368957519531 4.613819122314453 4.731694221496582 4.79475212097168 4.77052640914917 4.867071628570557 4.940848350524902 5.291257381439209 0.0 0.0 0.0
9.87646484375 4.963921070098877 4.725521564483643 4.650703430175781 4.634786128997803 4.702530860900879 4.573468208312988 4.56038761138916 4.524560451507568 4.435806751251221 4.499721050262451 4.404656410217285 4.428523063659668 4.480989456176758 4.491286754608154 4.473572731018066 4.498112678527832 4.443866729736328 4.495675086975098 4.484699249267578 4.5634050369262695 4.569465637207031 4.5856194496154785 4.691903114318848 4.81780481338501 4.724488735198975 4.776556491851807 4.845098495483398 4.982587814331055 5.300890922546387 0.0 0.0
9.86991024017334 4.987840175628662 4.73681116104126 4.660244464874268 4.651517868041992 4.873780250549316 4.598066329956055 4.5343708992004395 4.541478157043457 4.454243183135986 4.504702568054199 4.395737171173096 4.374239444732666 4.409868240356445 4.472762584686279 4.45364236831665 4.474202632904053 4.474869251251221 4.562976360321045 4.687497615814209 4.5094146728515625 4.499260425567627 4.560150146484375 4.6519622802734375 4.760163307189941 4.717172622680664 4.708467960357666 4.7456278800964355 4.896960258483887 4.943556308746338 5.311511039733887 0.0
9.869221687316895 4.985090255737305 4.700981140136719 4.606513977050781 4.655328750610352 4.713428497314453 4.574609756469727 4.564798831939697 4.5464186668396 4.439253330230713 4.528446674346924 4.401179313659668 4.352788925170898 4.362916946411133 4.416115760803223 4.394197940826416 4.435111999511719 4.42450475692749 4.565004348754883 4.589836597442627 4.4874162673950195 4.4937920570373535 4.517988204956055 4.597245216369629 4.693595886230469 4.6406331062316895 4.639368534088135 4.657790660858154 4.748763084411621 4.8333587646484375 5.0019636154174805 5.3252387046813965
