10.020692825317383 0.0 0.0 0.0 0.0 0.0 0.0 0.0 0.0 0.0 0.0 0.0 0.0 0.0 0.0 0.0 0.0 0.0 0.0 0.0 0.0 0.0 0.0 0.0 0.0 0.0 0.0 0.0 0.0 0.0 0.0 0.0
9.996492385864258 6.283329010009766 0.0 0.0 0.0 0.0 0.0 0.0 0.0 0.0 0.0 0.0 0.0 0.0 0.0 0.0 0.0 0.0 0.0 0.0 0.0 0.0 0.0 0.0 0.0 0.0 0.0 0.0 0.0 0.0 0.0 0.0
9.958295822143555 7.019946098327637 5.482670783996582 0.0 0.0 0.0 0.0 0.0 0.0 0.0 0.0 0.0 0.0 0.0 0.0 0.0 0.0 0.0 0.0 0.0 0.0 0.0 0.0 0.0 0.0 0.0 0.0 0.0 0.0 0.0 0.0 0.0
9.918355941772461 7.084871292114258 6.602109909057617 5.548459053039551 0.0 0.0 0.0 0.0 0.0 0.0 0.0 0.0 0.0 0.0 0.0 0.0 0.0 0.0 0.0 0.0 0.0 0.0 0.0 0.0 0.0 0.0 0.0 0.0 0.0 0.0 0.0 0.0
9.869712829589844 7.029043674468994 6.923595905303955 6.612442493438721 5.572650909423828 0.0 0.0 0.0 0.0 0.0 0.0 0.0 0.0 0.0 0.0 0.0 0.0 0.0 0.0 0.0 0.0 0.0 0.0 0.0 0.0 0.0 0.0 0.0 0.0 0.0 0.0 0.0
9.82780647277832 6.874680042266846 6.905679225921631 6.914488315582275 6.573300361633301 5.556045055389404 0.0 0.0 0.0 0.0 0.0 0.0 0.0 0.0 0.0 0.0 0.0 0.0 0.0 0.0 0.0 0.0 0.0 0.0 0.0 0.0 0.0 0.0 0.0 0.0 0.0 0.0
9.784382820129395 6.726158618927002 6.778708457946777 6.917533874511719 6.903442859649658 6.623421669006348 5.578444480895996 0.0 0.0 0.0 0.0 0.0 0.0 0.0 0.0 0.0 0.0 0.0 0.0 0.0 0.0 0.0 0.0 0.0 0.0 0.0 0.0 0.0 0.0 0.0 0.0 0.0
9.748165130615234 6.5967116355896 6.661124229431152 6.832202434539795 6.905722141265869 6.867361545562744 6.567935943603516 5.547626495361328 0.0 0.0 0.0 0.0 0.0 0.0 0.0 0.0 0.0 0.0 0.0 0.0 0.0 0.0 0.0 0.0 0.0 0.0 0.0 0.0 0.0 0.0 0.0 0.0
9.722350120544434 6.466683864593506 6.502888202667236 6.685562610626221 6.797888278961182 6.857692241668701 6.791395664215088 6.5533447265625 5.543141841888428 0.0 0.0 0.0 0.0 0.0 0.0 0.0 0.0 0.0 0.0 0.0 0.0 0.0 0.0 0.0 0.0 0.0 0.0 0.0 0.0 0.0 0.0 0.0
9.689345359802246 6.356239318847656 6.423958778381348 6.548154354095459 6.646651744842529 6.785888195037842 6.831724166870117 6.816982746124268 6.561307430267334 5.541642665863037 0.0 0.0 0.0 0.0 0.0 0.0 0.0 0.0 0.0 0.0 0.0 0.0 0.0 0.0 0.0 0.0 0.0 0.0 0.0 0.0 0.0 0.0
9.667622566223145 6.230038166046143 6.29813289642334 6.465423107147217 6.513197422027588 6.6197123527526855 6.723470687866211 6.813600063323975 6.8051323890686035 6.528693675994873 5.520817756652832 0.0 0.0 0.0 0.0 0.0 0.0 0.0 0.0 0.0 0.0 0.0 0.0 0.0 0.0 0.0 0.0 0.0 0.0 0.0 0.0 0.0
9.638744354248047 6.141599655151367 6.217280864715576 6.3889288902282715 6.441103935241699 6.513656139373779 6.606978893280029 6.736257553100586 6.818984031677246 6.7688398361206055 6.511669635772705 5.494378566741943 0.0 0.0 0.0 0.0 0.0 0.0 0.0 0.0 0.0 0.0 0.0 0.0 0.0 0.0 0.0 0.0 0.0 0.0 0.0 0.0
9.616966247558594 6.035674571990967 6.060322284698486 6.308569431304932 6.3735785484313965 6.416411399841309 6.4876203536987305 6.613743782043457 6.749385356903076 6.78756856918335 6.740111827850342 6.4933390617370605 5.46315336227417 0.0 0.0 0.0 0.0 0.0 0.0 0.0 0.0 0.0 0.0 0.0 0.0 0.0 0.0 0.0 0.0 0.0 0.0 0.0
9.602653503417969 5.92914342880249 5.891892910003662 6.090606689453125 6.236297130584717 6.322149276733398 6.379379749298096 6.495361328125 6.620292663574219 6.713199615478516 6.78743839263916 6.7669782638549805 6.441554069519043 5.472143173217773 0.0 0.0 0.0 0.0 0.0 0.0 0.0 0.0 0.0 0.0 0.0 0.0 0.0 0.0 0.0 0.0 0.0 0.0
9.58403205871582 5.877457618713379 5.842538356781006 6.000787258148193 6.12368631362915 6.244782447814941 6.335876941680908 6.403975486755371 6.494468688964844 6.580409526824951 6.715873718261719 6.773021221160889 6.686468601226807 6.421885013580322 5.406582355499268 0.0 0.0 0.0 0.0 0.0 0.0 0.0 0.0 0.0 0.0 0.0 0.0 0.0 0.0 0.0 0.0 0.0
9.563908576965332 5.778366565704346 5.779550552368164 5.913299083709717 5.999916076660156 6.147860050201416 6.230828762054443 6.323498249053955 6.423907279968262 6.472808361053467 6.585261821746826 6.709160327911377 6.740021705627441 6.714931488037109 6.40301513671875 5.4035868644714355 0.0 0.0 0.0 0.0 0.0 0.0 0.0 0.0 0.0 0.0 0.0 0.0 0.0 0.0 0.0 0.0
9.547211647033691 5.6747212409973145 5.7050933837890625 5.864436149597168 5.935745716094971 6.024007797241211 6.1261515617370605 6.252401351928711 6.3563666343688965 6.405967712402344 6.4823150634765625 6.5728583335876465 6.660628318786621 6.749424457550049 6.674037933349609 6.375268936157227 5.3843183517456055 0.0 0.0 0.0 0.0 0.0 0.0 0.0 0.0 0.0 0.0 0.0 0.0 0.0 0.0 0.0
9.524721145629883 5.581734657287598 5.5794901847839355 5.773016929626465 5.869408130645752 5.923487186431885 6.013791084289551 6.126598358154297 6.243927001953125 6.327271938323975 6.398569107055664 6.4659953117370605 6.562845706939697 6.740909576416016 6.759059906005859 6.678430080413818 6.404088497161865 5.421090126037598 0.0 0.0 0.0 0.0 0.0 0.0 0.0 0.0 0.0 0.0 0.0 0.0 0.0 0.0
9.508366584777832 5.518976211547852 5.466058254241943 5.698824405670166 5.80671501159668 5.8732099533081055 5.945289611816406 6.051966190338135 6.181653022766113 6.248771667480469 6.348105430603027 6.398548603057861 6.47021484375 6.635530471801758 6.673474311828613 6.708725929260254 6.653913974761963 6.346501350402832 5.361423015594482 0.0 0.0 0.0 0.0 0.0 0.0 0.0 0.0 0.0 0.0 0.0 0.0 0.0
9.49978256225586 5.496890068054199 5.389726161956787 5.589242458343506 5.709335803985596 5.825645923614502 5.883056163787842 5.962051868438721 6.052992343902588 6.145134449005127 6.254358768463135 6.319750785827637 6.386877536773682 6.485523223876953 6.543946743011475 6.637879371643066 6.694164752960205 6.635860443115234 6.354159832000732 5.335366249084473 0.0 0.0 0.0 0.0 0.0 0.0 0.0 0.0 0.0 0.0 0.0 0.0
9.472721099853516 5.467442035675049 5.330644607543945 5.514099597930908 5.618116855621338 5.728333473205566 5.821645259857178 5.912437915802002 5.995254039764404 6.072080612182617 6.183563232421875 6.2506103515625 6.333583354949951 6.398616313934326 6.459305286407471 6.549429893493652 6.658967018127441 6.687573432922363 6.6637163162231445 6.417782783508301 5.319490909576416 0.0 0.0 0.0 0.0 0.0 0.0 0.0 0.0 0.0 0.0 0.0
9.466620445251465 5.440004348754883 5.32790470123291 5.456305980682373 5.512301921844482 5.630186080932617 5.719839096069336 5.8162055015563965 5.901341915130615 5.96334981918335 6.050611972808838 6.156477451324463 6.228886127471924 6.353174686431885 6.371941089630127 6.4706902503967285 6.52383279800415 6.620367527008057 6.7108049392700195 6.646361827850342 6.327355861663818 5.302013874053955 0.0 0.0 0.0 0.0 0.0 0.0 0.0 0.0 0.0 0.0
9.45611572265625 5.408265590667725 5.327600479125977 5.503835201263428 5.505733966827393 5.555479049682617 5.6269731521606445 5.736387252807617 5.855177879333496 5.890637397766113 5.982665538787842 6.075810432434082 6.143375396728516 6.26069450378418 6.312374591827393 6.403130531311035 6.425655364990234 6.502142429351807 6.612220764160156 6.663148403167725 6.580300807952881 6.28551721572876 5.284121990203857 0.0 0.0 0.0 0.0 0.0 0.0 0.0 0.0 0.0
9.44190788269043 5.344563007354736 5.238135814666748 5.435771942138672 5.4749603271484375 5.522484302520752 5.556184768676758 5.640087604522705 5.766545295715332 5.8280534744262695 5.935761451721191 6.0181193351745605 6.049963474273682 6.168378829956055 6.259481906890869 6.354628086090088 6.35277795791626 6.396276950836182 6.498557090759277 6.60508394241333 6.629340171813965 6.580028057098389 6.295175552368164 5.30128288269043 0.0 0.0 0.0 0.0 0.0 0.0 0.0 0.0
9.438142776489258 5.3442182540893555 5.219508647918701 5.407861232757568 5.4598846435546875 5.502569675445557 5.518856525421143 5.561558246612549 5.693181037902832 5.763903617858887 5.867881774902344 5.964504241943359 5.968012809753418 6.04796838760376 6.141561031341553 6.20375919342041 6.2628936767578125 6.286789417266846 6.391470432281494 6.476293563842773 6.564127445220947 6.615636825561523 6.5791521072387695 6.2790679931640625 5.263171195983887 0.0 0.0 0.0 0.0 0.0 0.0 0.0
9.423894882202148 5.313427925109863 5.1401166915893555 5.279801845550537 5.394428253173828 5.4669389724731445 5.4838151931762695 5.505618095397949 5.615644931793213 5.685810089111328 5.789639949798584 5.8861894607543945 5.914698600769043 5.973226547241211 6.061305522918701 6.134671688079834 6.188017845153809 6.235143661499023 6.346622943878174 6.391031742095947 6.460709571838379 6.563982009887695 6.6345109939575195 6.5663957595825195 6.267813205718994 5.255100250244141 0.0 0.0 0.0 0.0 0.0 0.0
9.413766860961914 5.236506938934326 5.07976770401001 5.18536901473999 5.298348903656006 5.409189701080322 5.465569496154785 5.491591930389404 5.581824779510498 5.632364749908447 5.721784591674805 5.788234233856201 5.852102279663086 5.906592845916748 5.96873664855957 6.024177551269531 6.109063625335693 6.1691365242004395 6.295367240905762 6.362565517425537 6.382026672363281 6.462813377380371 6.566967010498047 6.611651420593262 6.528165340423584 6.247294902801514 5.244421482086182 0.0 0.0 0.0 0.0 0.0
9.403050422668457 5.16080904006958 5.063879013061523 5.168096542358398 5.202675819396973 5.297033309936523 5.372899532318115 5.4620490074157715 5.536345958709717 5.547645568847656 5.612346172332764 5.704117298126221 5.7494378089904785 5.8650221824646 5.910500526428223 5.961440086364746 6.002260208129883 6.094633102416992 6.208229064941406 6.233340740203857 6.302083492279053 6.369959831237793 6.506900310516357 6.597134590148926 6.604394912719727 6.563429832458496 6.2352519035339355 5.258023738861084 0.0 0.0 0.0 0.0
9.390886306762695 5.09013557434082 5.032792568206787 5.157063007354736 5.1807026863098145 5.250772953033447 5.300165176391602 5.392279148101807 5.497770309448242 5.519471168518066 5.580369472503662 5.636799335479736 5.683629989624023 5.788312911987305 5.8470892906188965 5.9083170890808105 5.934213638305664 6.0172200202941895 6.138240814208984 6.190464019775391 6.243566989898682 6.284755229949951 6.383274555206299 6.470283031463623 6.54111909866333 6.650462627410889 6.5296430587768555 6.241089820861816 5.232385158538818 0.0 0.0 0.0
9.388937950134277 5.020641803741455 4.9574360847473145 5.143260955810547 5.191812038421631 5.223444938659668 5.243353366851807 5.33035945892334 5.448936939239502 5.505781650543213 5.5536088943481445 5.608046054840088 5.616237640380859 5.714016914367676 5.787613391876221 5.852169036865234 5.872313976287842 5.928940773010254 6.013869285583496 6.096030235290527 6.170044422149658 6.228379249572754 6.303370475769043 6.3467230796813965 6.4148736000061035 6.547299861907959 6.565041542053223 6.523642063140869 6.203749656677246 5.241598606109619 0.0 0.0
9.376888275146484 4.952178478240967 4.818613529205322 5.072858810424805 5.180462837219238 5.203479766845703 5.214079856872559 5.2647809982299805 5.370019912719727 5.461275577545166 5.52255916595459 5.5807013511657715 5.578632354736328 5.654857635498047 5.697025775909424 5.7863335609436035 5.823419094085693 5.866053581237793 5.948793411254883 5.9833502769470215 6.079148292541504 6.159970760345459 6.2606587409973145 6.2731733322143555 6.330112457275391 6.447397232055664 6.514772891998291 6.5619707107543945 6.533395767211914 6.234103679656982 5.255533695220947 0.0
9.369039535522461 5.021101474761963 4.788387775421143 4.956597328186035 5.158349514007568 5.347004413604736 5.351083278656006 5.26563024520874 5.343753814697266 5.4025115966796875 5.467667102813721 5.554657459259033 5.5399861335754395 5.627095699310303 5.650177001953125 5.717101573944092 5.753547191619873 5.79713773727417 5.870797634124756 5.903184413909912 5.991163730621338 6.04175329208374 6.15568733215332 6.191965103149414 6.245596408843994 6.306407928466797 6.396033763885498 6.515129566192627 6.563516139984131 6.496549129486084 6.210763931274414 5.247941017150879
