1.0 0.0 0.0 0.0 0.0 0.0 0.0 0.0 0.0 0.0 0.0 0.0 0.0 0.0 0.0 0.0 0.0 0.0 0.0 0.0 0.0 0.0 0.0 0.0 0.0 0.0 0.0 0.0 0.0 0.0 0.0 0.0
0.9775592684745789 0.022413339465856552 0.0 0.0 0.0 0.0 0.0 0.0 0.0 0.0 0.0 0.0 0.0 0.0 0.0 0.0 0.0 0.0 0.0 0.0 0.0 0.0 0.0 0.0 0.0 0.0 0.0 0.0 0.0 0.0 0.0 0.0
0.9710167050361633 0.008773945271968842 0.020211776718497276 0.0 0.0 0.0 0.0 0.0 0.0 0.0 0.0 0.0 0.0 0.0 0.0 0.0 0.0 0.0 0.0 0.0 0.0 0.0 0.0 0.0 0.0 0.0 0.0 0.0 0.0 0.0 0.0 0.0
0.9592282176017761 0.0064732786267995834 0.012833758257329464 0.021460598334670067 0.0 0.0 0.0 0.0 0.0 0.0 0.0 0.0 0.0 0.0 0.0 0.0 0.0 0.0 0.0 0.0 0.0 0.0 0.0 0.0 0.0 0.0 0.0 0.0 0.0 0.0 0.0 0.0
0.9527364373207092 0.004848036915063858 0.011912177316844463 0.011039978824555874 0.019459376111626625 0.0 0.0 0.0 0.0 0.0 0.0 0.0 0.0 0.0 0.0 0.0 0.0 0.0 0.0 0.0 0.0 0.0 0.0 0.0 0.0 0.0 0.0 0.0 0.0 0.0 0.0 0.0
0.9456818103790283 0.004968774039298296 0.008684670552611351 0.009098675101995468 0.011325150728225708 0.020236283540725708 0.0 0.0 0.0 0.0 0.0 0.0 0.0 0.0 0.0 0.0 0.0 0.0 0.0 0.0 0.0 0.0 0.0 0.0 0.0 0.0 0.0 0.0 0.0 0.0 0.0 0.0
0.9479225277900696 0.003754450473934412 0.00577909778803587 0.0056762960739433765 0.008934061042964458 0.010600739158689976 0.017336294054985046 0.0 0.0 0.0 0.0 0.0 0.0 0.0 0.0 0.0 0.0 0.0 0.0 0.0 0.0 0.0 0.0 0.0 0.0 0.0 0.0 0.0 0.0 0.0 0.0 0.0
0.9446028470993042 0.0035732947289943695 0.005036685150116682 0.0049458639696240425 0.006278559565544128 0.009593650698661804 0.009416240267455578 0.0165517907589674 0.0 0.0 0.0 0.0 0.0 0.0 0.0 0.0 0.0 0.0 0.0 0.0 0.0 0.0 0.0 0.0 0.0 0.0 0.0 0.0 0.0 0.0 0.0 0.0
0.9458358287811279 0.003274554619565606 0.004032309632748365 0.004125501494854689 0.005253712646663189 0.0060826572589576244 0.007774919271469116 0.008734045550227165 0.014878872781991959 0.0 0.0 0.0 0.0 0.0 0.0 0.0 0.0 0.0 0.0 0.0 0.0 0.0 0.0 0.0 0.0 0.0 0.0 0.0 0.0 0.0 0.0 0.0
0.9421268701553345 0.004668477922677994 0.006177409552037716 0.003608565079048276 0.004225836601108313 0.005008685402572155 0.005395772401243448 0.007156076841056347 0.007506315130740404 0.014128074049949646 0.0 0.0 0.0 0.0 0.0 0.0 0.0 0.0 0.0 0.0 0.0 0.0 0.0 0.0 0.0 0.0 0.0 0.0 0.0 0.0 0.0 0.0
0.9472717642784119 0.002745033474639058 0.0035480158403515816 0.0032439623028039932 0.0037464220076799393 0.004074548836797476 0.004465331789106131 0.005068901926279068 0.0059607489965856075 0.00676400400698185 0.013113012537360191 0.0 0.0 0.0 0.0 0.0 0.0 0.0 0.0 0.0 0.0 0.0 0.0 0.0 0.0 0.0 0.0 0.0 0.0 0.0 0.0 0.0
0.945817768573761 0.0024483308661729097 0.002893097698688507 0.0029912234749644995 0.0037998997140675783 0.0036369930021464825 0.0038688238710165024 0.00455984054133296 0.004839901812374592 0.005584593862295151 0.006772852037101984 0.01278682891279459 0.0 0.0 0.0 0.0 0.0 0.0 0.0 0.0 0.0 0.0 0.0 0.0 0.0 0.0 0.0 0.0 0.0 0.0 0.0 0.0
0.9453486204147339 0.002227130578830838 0.002708425046876073 0.0027470733039081097 0.003274110145866871 0.0034955667797476053 0.0034052268601953983 0.0038101670797914267 0.004489473067224026 0.004416708834469318 0.005326488520950079 0.006453981157392263 0.012291957624256611 0.0 0.0 0.0 0.0 0.0 0.0 0.0 0.0 0.0 0.0 0.0 0.0 0.0 0.0 0.0 0.0 0.0 0.0 0.0
0.9451630115509033 0.0020278231240808964 0.002573158359155059 0.0024687673430889845 0.0028237926308065653 0.003184862434864044 0.0032399436458945274 0.003300921991467476 0.00373434997163713 0.003862377954646945 0.004221466835588217 0.004948600195348263 0.006520225200802088 0.011935492046177387 0.0 0.0 0.0 0.0 0.0 0.0 0.0 0.0 0.0 0.0 0.0 0.0 0.0 0.0 0.0 0.0 0.0 0.0
0.9430306553840637 0.001928224810399115 0.002459501149132848 0.0023899266961961985 0.002717980882152915 0.0028570634312927723 0.0029355536680668592 0.00319930468685925 0.003511066548526287 0.0035699664149433374 0.004011748358607292 0.004251434002071619 0.004935063421726227 0.006554948631674051 0.011651012115180492 0.0 0.0 0.0 0.0 0.0 0.0 0.0 0.0 0.0 0.0 0.0 0.0 0.0 0.0 0.0 0.0 0.0
0.9419814348220825 0.0017730925465002656 0.0020895630586892366 0.002237053122371435 0.002597118727862835 0.0026536844670772552 0.002734749112278223 0.002971992827951908 0.003363868687301874 0.0033623934723436832 0.003599588293582201 0.0038102997932583094 0.004170697182416916 0.005015169735997915 0.006327700801193714 0.011317132972180843 0.0 0.0 0.0 0.0 0.0 0.0 0.0 0.0 0.0 0.0 0.0 0.0 0.0 0.0 0.0 0.0
0.9386500716209412 0.0016946069663390517 0.0017790551064535975 0.00211320910602808 0.00258126319386065 0.002601043554022908 0.002651706337928772 0.0027103382162749767 0.0030975083354860544 0.0030771964229643345 0.00391152361407876 0.0033963967580348253 0.0037426466587930918 0.004426638130098581 0.00499691953882575 0.0073677063919603825 0.011203661561012268 0.0 0.0 0.0 0.0 0.0 0.0 0.0 0.0 0.0 0.0 0.0 0.0 0.0 0.0 0.0
0.9389248490333557 0.001660833484493196 0.001641850103624165 0.00196555582806468 0.002462786855176091 0.002493516309186816 0.002555273938924074 0.0026887464337050915 0.0028320567216724157 0.002770338673144579 0.003070691367611289 0.0034879327286034822 0.0035119918175041676 0.004008717369288206 0.0041403439827263355 0.0046576084569096565 0.0059867361560463905 0.011142202652990818 0.0 0.0 0.0 0.0 0.0 0.0 0.0 0.0 0.0 0.0 0.0 0.0 0.0 0.0
0.9377105832099915 0.0016784972976893187 0.001572117442265153 0.0018189032562077045 0.002030795905739069 0.002310840180143714 0.002451895736157894 0.00254178699105978 0.0026759905740618706 0.002691565779969096 0.0028474333230406046 0.003158003091812134 0.0031300599221140146 0.0035155368968844414 0.0037314987275749445 0.004122085403650999 0.004778499249368906 0.006180892698466778 0.011050575412809849 0.0 0.0 0.0 0.0 0.0 0.0 0.0 0.0 0.0 0.0 0.0 0.0 0.0
0.9338648915290833 0.001787027926184237 0.0016500988276675344 0.001778940437361598 0.0019634836353361607 0.0021659270860254765 0.0025125553365796804 0.0024264855310320854 0.0024829404428601265 0.0028630190063267946 0.0027785629499703646 0.0030591911636292934 0.0030512791126966476 0.0031723110005259514 0.0033806695137172937 0.0037829552311450243 0.004110013600438833 0.004689997993409634 0.007269803434610367 0.011208669282495975 0.0 0.0 0.0 0.0 0.0 0.0 0.0 0.0 0.0 0.0 0.0 0.0
0.9332113265991211 0.0016914509469643235 0.0015775016508996487 0.0018022414296865463 0.0019419871969148517 0.0020423540845513344 0.002138883341103792 0.0023288377560675144 0.0024019749835133553 0.0025877223815768957 0.002820561407133937 0.0026942030526697636 0.0027974725235253572 0.003091247286647558 0.0032925677951425314 0.0037164639215916395 0.003736092709004879 0.004109746310859919 0.005135632585734129 0.006014701910316944 0.010867791250348091 0.0 0.0 0.0 0.0 0.0 0.0 0.0 0.0 0.0 0.0 0.0
0.9320566654205322 0.0015558372251689434 0.0015909950016066432 0.0017699579475447536 0.001901313429698348 0.0020132712088525295 0.0020308152306824923 0.002098120516166091 0.002268183510750532 0.002341481391340494 0.0025924635119736195 0.0025265070144087076 0.002701293444260955 0.002797594526782632 0.0032038723584264517 0.004080795682966709 0.0033613990526646376 0.003599978517740965 0.004269086755812168 0.004628211259841919 0.005704415030777454 0.010911921970546246 0.0 0.0 0.0 0.0 0.0 0.0 0.0 0.0 0.0 0.0
0.9318753480911255 0.0014683764893561602 0.0015687559498474002 0.0018340678652748466 0.0019227064913138747 0.0019755426328629255 0.001979266759008169 0.0019857625011354685 0.0021106882486492395 0.002194823231548071 0.002408368978649378 0.0025232594925910234 0.0026228835340589285 0.0026986340526491404 0.0028339719865471125 0.002907521789893508 0.0030602200422436 0.003188864327967167 0.0037756534293293953 0.0040523274801671505 0.004317985847592354 0.005972764454782009 0.01072764303535223 0.0 0.0 0.0 0.0 0.0 0.0 0.0 0.0 0.0
0.9312421679496765 0.0014321496710181236 0.0014439012156799436 0.0017410790314897895 0.001905853278003633 0.0019595304038375616 0.0019433993147686124 0.0019078552722930908 0.0019662813283503056 0.0020250859670341015 0.0022351283114403486 0.0023779897019267082 0.002556400140747428 0.0026127726305276155 0.0024957379791885614 0.0026795570738613605 0.002871259581297636 0.0030440327245742083 0.0033686303067952394 0.003762876847758889 0.0038287166971713305 0.004491238389164209 0.005857900250703096 0.010246737860143185 0.0 0.0 0.0 0.0 0.0 0.0 0.0 0.0
0.9295351505279541 0.001416783663444221 0.0013985801488161087 0.0016850150423124433 0.0018775435164570808 0.001914740540087223 0.0019287102622911334 0.0018725846894085407 0.0019634459167718887 0.002108901273459196 0.002250481629744172 0.0022228385787457228 0.0024524617474526167 0.002578062703832984 0.0024051929358392954 0.0024581498000770807 0.002645907225087285 0.0028471024706959724 0.0032186543103307486 0.0031651349272578955 0.0035550305619835854 0.004036533180624247 0.00447591720148921 0.005583456717431545 0.010409925132989883 0.0 0.0 0.0 0.0 0.0 0.0 0.0
0.9256877899169922 0.0013490670826286077 0.0013152968604117632 0.0015437793917953968 0.0018457556143403053 0.0019393912516534328 0.0019936892203986645 0.0019892833661288023 0.002018751110881567 0.0021962427999824286 0.002241662237793207 0.00221458007581532 0.0022548374254256487 0.0025030099786818027 0.0025968863628804684 0.0025094386655837297 0.00253994925878942 0.002631004899740219 0.0030635222792625427 0.002988382475450635 0.0032079280354082584 0.0038475787732750177 0.004262901842594147 0.00457041896879673 0.006218027323484421 0.010474768467247486 0.0 0.0 0.0 0.0 0.0 0.0
0.9268362522125244 0.0013251334894448519 0.0012748372973874211 0.0014950224431231618 0.0017061802791431546 0.0017829013522714376 0.001824346836656332 0.0018228720873594284 0.0018926783232018352 0.001961807254701853 0.0020356830209493637 0.0019965108949691057 0.0021153618581593037 0.0022962121292948723 0.0024919938296079636 0.0023813690058887005 0.0023865438997745514 0.0025280178524553776 0.0029366114176809788 0.002842024201527238 0.00283557060174644 0.0033912237267941236 0.0035644646268337965 0.003795904340222478 0.004410975147038698 0.0058477288112044334 0.010225617326796055 0.0 0.0 0.0 0.0 0.0
0.926122784614563 0.0013061551144346595 0.0012466689804568887 0.0014357833424583077 0.0016270737396553159 0.0016971472650766373 0.0016929440898820758 0.0017712138360366225 0.0018587150843814015 0.0019393456168472767 0.0020308601669967175 0.0022500574123114347 0.0019917264580726624 0.002160613425076008 0.0022563186939805746 0.0023884321562945843 0.002335409400984645 0.00243995594792068 0.0028133797459304333 0.002688204636797309 0.0027368380688130856 0.0030360317323356867 0.0030859096441417933 0.0033780718222260475 0.003700312925502658 0.004509770777076483 0.005498833023011684 0.009993606247007847 0.0 0.0 0.0 0.0
0.9250360131263733 0.0012379147810861468 0.001179406652227044 0.001404434209689498 0.0015579439932480454 0.0016264700097963214 0.0016460076440125704 0.0017531438497826457 0.0017679008888080716 0.0018682652153074741 0.002002392429858446 0.002820041961967945 0.0018963735783472657 0.0019980331417173147 0.002067727269604802 0.0022759963758289814 0.002258364809677005 0.0023094136267900467 0.002596640959382057 0.00247940793633461 0.0025881202891469 0.0028697270900011063 0.002844286384060979 0.0029517796356230974 0.0034330012276768684 0.0037425244227051735 0.0044053951278328896 0.0054798549972474575 0.009906353428959846 0.0 0.0 0.0
0.9235157370567322 0.00124002352822572 0.0012299856171011925 0.001414442085660994 0.0015359779354184866 0.0016017392044886947 0.0016112360171973705 0.0016978348139673471 0.0017426321282982826 0.0017830256838351488 0.0018643994117155671 0.0020109035540372133 0.0018779615638777614 0.0019218752859160304 0.0019362781895324588 0.0021107173524796963 0.002155484165996313 0.0021814124193042517 0.0024658848997205496 0.0023793817963451147 0.002408482600003481 0.0026912023313343525 0.0029882588423788548 0.0028272601775825024 0.003147873794659972 0.00357106258161366 0.004042115993797779 0.004498146008700132 0.005619428586214781 0.009934652596712112 0.0 0.0
0.9209674000740051 0.0011992279905825853 0.0011623899918049574 0.0014137689722701907 0.0015508231008425355 0.0016262128483504057 0.0016527007101103663 0.0016784063773229718 0.001700022490695119 0.0016975485486909747 0.0017794290324673057 0.0018751268507912755 0.0019387585343793035 0.002111257752403617 0.0023537033703178167 0.002559549640864134 0.0021540510933846235 0.0021539023146033287 0.0026015497278422117 0.002511692466214299 0.0022739351261407137 0.0026198839768767357 0.003214961849153042 0.0029129183385521173 0.002821647794917226 0.0030277345795184374 0.003480283310636878 0.003893352346494794 0.004091471433639526 0.005219370126724243 0.00975743867456913 0.0
0.9201676249504089 0.0011824475368484855 0.001246910309419036 0.0013515071477741003 0.0014921975089237094 0.001610319595783949 0.0015721975360065699 0.001737893559038639 0.0017927928129211068 0.0016823566984385252 0.0017902330728247762 0.0017905059503391385 0.0018262079684063792 0.002064803149551153 0.002064256463199854 0.0019622945692390203 0.0019344029715284705 0.0020767676178365946 0.0025880946777760983 0.0022506730165332556 0.00225691101513803 0.0030551974195986986 0.003141503082588315 0.0028063368517905474 0.0026600316632539034 0.0027883932925760746 0.0030481694266200066 0.003497390542179346 0.003536905162036419 0.00391840236261487 0.005457611288875341 0.00964280590415001
