1.0 0.0 0.0 0.0 0.0 0.0 0.0 0.0 0.0 0.0 0.0 0.0 0.0 0.0 0.0 0.0 0.0 0.0 0.0 0.0 0.0 0.0 0.0 0.0 0.0 0.0 0.0 0.0 0.0 0.0 0.0 0.0
0.9762195348739624 0.023776568472385406 0.0 0.0 0.0 0.0 0.0 0.0 0.0 0.0 0.0 0.0 0.0 0.0 0.0 0.0 0.0 0.0 0.0 0.0 0.0 0.0 0.0 0.0 0.0 0.0 0.0 0.0 0.0 0.0 0.0 0.0
0.9396325349807739 0.04971429333090782 0.010651964694261551 0.0 0.0 0.0 0.0 0.0 0.0 0.0 0.0 0.0 0.0 0.0 0.0 0.0 0.0 0.0 0.0 0.0 0.0 0.0 0.0 0.0 0.0 0.0 0.0 0.0 0.0 0.0 0.0 0.0
0.9028416872024536 0.05305207520723343 0.032720182090997696 0.01137932762503624 0.0 0.0 0.0 0.0 0.0 0.0 0.0 0.0 0.0 0.0 0.0 0.0 0.0 0.0 0.0 0.0 0.0 0.0 0.0 0.0 0.0 0.0 0.0 0.0 0.0 0.0 0.0 0.0
0.8599733710289001 0.05016903579235077 0.045143745839595795 0.033060472458601 0.011659064330160618 0.0 0.0 0.0 0.0 0.0 0.0 0.0 0.0 0.0 0.0 0.0 0.0 0.0 0.0 0.0 0.0 0.0 0.0 0.0 0.0 0.0 0.0 0.0 0.0 0.0 0.0 0.0
0.8246777653694153 0.04298650473356247 0.0443413220345974 0.04473406448960304 0.03178970888257027 0.011466322466731071 0.0 0.0 0.0 0.0 0.0 0.0 0.0 0.0 0.0 0.0 0.0 0.0 0.0 0.0 0.0 0.0 0.0 0.0 0.0 0.0 0.0 0.0 0.0 0.0 0.0 0.0
0.7896322011947632 0.03704743832349777 0.03904873505234718 0.044870633631944656 0.04424217343330383 0.0334259457886219 0.011727063916623592 0.0 0.0 0.0 0.0 0.0 0.0 0.0 0.0 0.0 0.0 0.0 0.0 0.0 0.0 0.0 0.0 0.0 0.0 0.0 0.0 0.0 0.0 0.0 0.0 0.0
0.7615436911582947 0.03254377841949463 0.03471195697784424 0.04119693860411644 0.04434322565793991 0.04267274588346481 0.03161939978599548 0.011369825340807438 0.0 0.0 0.0 0.0 0.0 0.0 0.0 0.0 0.0 0.0 0.0 0.0 0.0 0.0 0.0 0.0 0.0 0.0 0.0 0.0 0.0 0.0 0.0 0.0
0.7421345114707947 0.028570329770445824 0.029625294730067253 0.03557182103395462 0.039805784821510315 0.04226169362664223 0.039547886699438095 0.031160734593868256 0.011318747885525227 0.0 0.0 0.0 0.0 0.0 0.0 0.0 0.0 0.0 0.0 0.0 0.0 0.0 0.0 0.0 0.0 0.0 0.0 0.0 0.0 0.0 0.0 0.0
0.7180389761924744 0.025578247383236885 0.02737351506948471 0.03099919483065605 0.03421257063746452 0.039330434054136276 0.041177213191986084 0.04057401418685913 0.03141021355986595 0.011301727965474129 0.0 0.0 0.0 0.0 0.0 0.0 0.0 0.0 0.0 0.0 0.0 0.0 0.0 0.0 0.0 0.0 0.0 0.0 0.0 0.0 0.0 0.0
0.7026086449623108 0.022540362551808357 0.024131841957569122 0.02853427641093731 0.029932744801044464 0.03330202028155327 0.03694787621498108 0.04043683037161827 0.0400954969227314 0.030400896444916725 0.011067885905504227 0.0 0.0 0.0 0.0 0.0 0.0 0.0 0.0 0.0 0.0 0.0 0.0 0.0 0.0 0.0 0.0 0.0 0.0 0.0 0.0 0.0
0.6826074123382568 0.020628759637475014 0.022254066541790962 0.026429686695337296 0.02784765139222145 0.029946506023406982 0.03288010135293007 0.03742393106222153 0.04065537080168724 0.038664840161800385 0.029886983335018158 0.010777931660413742 0.0 0.0 0.0 0.0 0.0 0.0 0.0 0.0 0.0 0.0 0.0 0.0 0.0 0.0 0.0 0.0 0.0 0.0 0.0 0.0
0.6679008603096008 0.018550939857959747 0.019014965742826462 0.0243854783475399 0.02602640725672245 0.02716735191643238 0.029175736010074615 0.0331035852432251 0.0379190593957901 0.039396658539772034 0.03756862133741379 0.029343323782086372 0.01044522412121296 0.0 0.0 0.0 0.0 0.0 0.0 0.0 0.0 0.0 0.0 0.0 0.0 0.0 0.0 0.0 0.0 0.0 0.0 0.0
0.6584089398384094 0.016671815887093544 0.016060585156083107 0.019600998610258102 0.022682158276438713 0.024719493463635445 0.026178089901804924 0.029402809217572212 0.03332138434052467 0.03656986355781555 0.039391517639160156 0.038592856377363205 0.027860213071107864 0.0105399489402771 0.0 0.0 0.0 0.0 0.0 0.0 0.0 0.0 0.0 0.0 0.0 0.0 0.0 0.0 0.0 0.0 0.0 0.0
0.6462613344192505 0.015829771757125854 0.015285016968846321 0.017913376912474632 0.02026173286139965 0.022875823080539703 0.02506178990006447 0.026831042021512985 0.02937653660774231 0.03201683238148689 0.03666791692376137 0.038827039301395416 0.03560410067439079 0.027316708117723465 0.009868280962109566 0.0 0.0 0.0 0.0 0.0 0.0 0.0 0.0 0.0 0.0 0.0 0.0 0.0 0.0 0.0 0.0 0.0
0.6333850026130676 0.014332194812595844 0.014349228702485561 0.016409046947956085 0.017897745594382286 0.020758595317602158 0.022558217868208885 0.024752920493483543 0.027372093871235847 0.028746124356985092 0.0321727879345417 0.03642227128148079 0.037565238773822784 0.036633335053920746 0.026805253699421883 0.009838633239269257 0.0 0.0 0.0 0.0 0.0 0.0 0.0 0.0 0.0 0.0 0.0 0.0 0.0 0.0 0.0 0.0
0.6228967905044556 0.012916741892695427 0.013316437602043152 0.015624400228261948 0.016782546415925026 0.0183352492749691 0.020311852917075157 0.02305111289024353 0.025581514462828636 0.026884643360972404 0.029021132737398148 0.03177564963698387 0.03469472378492355 0.03792053833603859 0.035163700580596924 0.02607051655650139 0.009650024585425854 0.0 0.0 0.0 0.0 0.0 0.0 0.0 0.0 0.0 0.0 0.0 0.0 0.0 0.0 0.0
0.6090428233146667 0.01176586002111435 0.011739378795027733 0.014255492947995663 0.015702499076724052 0.016577530652284622 0.018148429691791534 0.0203209538012743 0.022856226190924644 0.024846680462360382 0.02668614126741886 0.028550632297992706 0.03145863115787506 0.0375986322760582 0.03828810527920723 0.035318680107593536 0.026834091171622276 0.010013142600655556 0.0 0.0 0.0 0.0 0.0 0.0 0.0 0.0 0.0 0.0 0.0 0.0 0.0 0.0
0.5991625785827637 0.011047442443668842 0.01047573983669281 0.013232944533228874 0.014745588414371014 0.015762487426400185 0.0169439148157835 0.018856365233659744 0.021473605185747147 0.022967439144849777 0.025370687246322632 0.02668558992445469 0.028671544045209885 0.033833689987659454 0.03514385595917702 0.036406438797712326 0.034462254494428635 0.0253299530595541 0.009430584497749805 0.0 0.0 0.0 0.0 0.0 0.0 0.0 0.0 0.0 0.0 0.0 0.0 0.0
0.5940408706665039 0.010805146768689156 0.009702591225504875 0.011854860931634903 0.013373239897191525 0.015028238296508789 0.015918895602226257 0.01723107323050499 0.01887577213346958 0.020701969042420387 0.023096367716789246 0.024660171940922737 0.026375431567430496 0.02911452203989029 0.030868839472532272 0.03391336649656296 0.035879507660865784 0.03384487330913544 0.02552502229809761 0.009186885319650173 0.0 0.0 0.0 0.0 0.0 0.0 0.0 0.0 0.0 0.0 0.0 0.0
0.5781794190406799 0.010490303859114647 0.009143403731286526 0.010993478819727898 0.012203458696603775 0.013630582951009274 0.014968058094382286 0.016394881531596184 0.017814291641116142 0.019240394234657288 0.02151474356651306 0.02300979010760784 0.025004267692565918 0.026687396690249443 0.028359977528452873 0.031038817018270493 0.034637052565813065 0.03564350679516792 0.03480217233300209 0.02720470540225506 0.009041493758559227 0.0 0.0 0.0 0.0 0.0 0.0 0.0 0.0 0.0 0.0 0.0
0.5746627449989319 0.010205184109508991 0.009118261747062206 0.010373642668128014 0.010973653756082058 0.012352174147963524 0.013514915481209755 0.014886614866554737 0.01621347852051258 0.017253510653972626 0.018830791115760803 0.020938638597726822 0.022514354437589645 0.025499848648905754 0.025983743369579315 0.028685200959444046 0.030253270640969276 0.03332388401031494 0.036482296884059906 0.034202639013528824 0.024848762899637222 0.008884076029062271 0.0 0.0 0.0 0.0 0.0 0.0 0.0 0.0 0.0 0.0
0.5686575770378113 0.00988498143851757 0.009115475229918957 0.01088076364248991 0.010901523754000664 0.011459806933999062 0.012312411330640316 0.013741165399551392 0.015480008907616138 0.016040373593568802 0.017590880393981934 0.01931246556341648 0.020665502175688744 0.02324344962835312 0.02447861060500145 0.026808351278305054 0.027420060709118843 0.029603173956274986 0.033053137362003326 0.03478238731622696 0.03201335296034813 0.02382875420153141 0.008725745603442192 0.0 0.0 0.0 0.0 0.0 0.0 0.0 0.0 0.0
0.5606342554092407 0.009272174909710884 0.008331570774316788 0.010161899030208588 0.010569806210696697 0.0110864182934165 0.011467927135527134 0.012475532479584217 0.014163248240947723 0.015064574778079987 0.016782809048891068 0.018227336928248405 0.018818555399775505 0.021189849823713303 0.023215223103761673 0.025536997243762016 0.025489717721939087 0.02662494033575058 0.02949707582592964 0.032817769795656204 0.03362462297081947 0.03200461342930794 0.024060439318418503 0.00887755025178194 0.0 0.0 0.0 0.0 0.0 0.0 0.0 0.0
0.5585274696350098 0.009268962778151035 0.00817699171602726 0.009880968369543552 0.010410989634692669 0.01086694560945034 0.011046113446354866 0.011529956944286823 0.013158224523067474 0.0141257643699646 0.015678485855460167 0.017273496836423874 0.017334364354610443 0.018780959770083427 0.020627960562705994 0.02195458486676216 0.023294717073440552 0.023859137669205666 0.02649705670773983 0.028846628963947296 0.03149903193116188 0.033166393637657166 0.031976550817489624 0.023675285279750824 0.00854391697794199 0.0 0.0 0.0 0.0 0.0 0.0 0.0
0.550649881362915 0.008986970409750938 0.007549847010523081 0.008688326925039291 0.009748963639140129 0.010485474951565266 0.010664686560630798 0.010900743305683136 0.012173760682344437 0.013061847537755966 0.014495833776891232 0.015969693660736084 0.01643281802535057 0.017425982281565666 0.01903456449508667 0.020486945286393166 0.021611962467432022 0.022656966000795364 0.02533416450023651 0.02648659236729145 0.028401149436831474 0.03149585425853729 0.03380068019032478 0.031572066247463226 0.0234108567237854 0.008475255221128464 0.0 0.0 0.0 0.0 0.0 0.0
0.5451005101203918 0.008318310603499413 0.007105094846338034 0.007901402190327644 0.008851805701851845 0.009894602932035923 0.010471060872077942 0.010748296976089478 0.01176744606345892 0.012379763647913933 0.013541923835873604 0.01447540707886219 0.015433019958436489 0.01629980094730854 0.01734771579504013 0.018339190632104874 0.019967850297689438 0.021206891164183617 0.024066133424639702 0.025742007419466972 0.026248749345541 0.028461061418056488 0.03159013390541077 0.0330357700586319 0.030386166647076607 0.022934503853321075 0.008384759537875652 0.0 0.0 0.0 0.0 0.0
0.539289653301239 0.007708628661930561 0.006992393173277378 0.00776533642783761 0.008040119893848896 0.008840109221637249 0.009540379047393799 0.010434110648930073 0.01124228723347187 0.011370544321835041 0.012133520096540451 0.013303996995091438 0.013922872953116894 0.015634281560778618 0.01636379398405552 0.017221275717020035 0.017940644174814224 0.019681140780448914 0.022054115310311317 0.022616080939769745 0.024228617548942566 0.025933390483260155 0.02974589355289936 0.03255901113152504 0.03279658779501915 0.03147844225168228 0.022659428417682648 0.008500199764966965 0.0 0.0 0.0 0.0
0.5327690243721008 0.007179605774581432 0.00677700899541378 0.007679639384150505 0.007864412851631641 0.008438467979431152 0.008867979981005192 0.009727939032018185 0.010815184563398361 0.011053421534597874 0.011750270612537861 0.012434981763362885 0.0130333062261343 0.01447654701769352 0.015355626121163368 0.016328006982803345 0.016757531091570854 0.01821172423660755 0.020560357719659805 0.021664995700120926 0.02284899540245533 0.023811621591448784 0.026281582191586494 0.028674786910414696 0.030782919377088547 0.03434490039944649 0.030431177467107773 0.022792357951402664 0.00828391220420599 0.0 0.0 0.0
0.5317316055297852 0.0066946218721568584 0.006281856447458267 0.007573763839900494 0.007952765561640263 0.00820978544652462 0.008375760167837143 0.009141186252236366 0.010297611355781555 0.010902531445026398 0.011438819579780102 0.012081264518201351 0.012181006371974945 0.013436798937618732 0.014466394670307636 0.015434055589139462 0.01574903167784214 0.016669172793626785 0.018150659278035164 0.01970871165394783 0.021226191893219948 0.0225039292126894 0.02425987273454666 0.025336699560284615 0.027126740664243698 0.03097406029701233 0.03152928501367569 0.03024883195757866 0.021955346688628197 0.008360999636352062 0.0 0.0
0.5253623723983765 0.006248681806027889 0.005461851600557566 0.007055869325995445 0.007862516678869724 0.008046622388064861 0.008132842369377613 0.00855813268572092 0.009512818418443203 0.010426010005176067 0.011087744496762753 0.01175418309867382 0.011729801073670387 0.012662389315664768 0.013209670782089233 0.014447838999330997 0.014995381236076355 0.015650460496544838 0.01700429618358612 0.017603741958737373 0.019378045573830605 0.02101300098001957 0.023243652656674385 0.0235369224101305 0.024918584153056145 0.028024988248944283 0.0299813412129879 0.03143247589468956 0.03054574690759182 0.022633366286754608 0.00847894698381424 0.0
0.5212547779083252 0.006697721779346466 0.005297909490764141 0.006276549771428108 0.007689584046602249 0.009295362047851086 0.009333536960184574 0.008565441705286503 0.0092650530859828 0.009828449226915836 0.01049314346164465 0.011450866237282753 0.011283446103334427 0.012314469553530216 0.012603050097823143 0.013478446751832962 0.013980390504002571 0.014605262316763401 0.01572510227560997 0.016244184225797653 0.017742181196808815 0.018665151670575142 0.02092299424111843 0.02169761247932911 0.02289550192654133 0.024333806708455086 0.02661963552236557 0.029992060735821724 0.03148115426301956 0.029439114034175873 0.02211020514369011 0.008414478972554207
