1.0 0.0 0.0 0.0 0.0 0.0 0.0 0.0 0.0 0.0 0.0 0.0 0.0 0.0 0.0 0.0 0.0 0.0 0.0 0.0 0.0 0.0 0.0 0.0 0.0 0.0 0.0 0.0 0.0 0.0 0.0 0.0
0.9215444326400757 0.07846109569072723 0.0 0.0 0.0 0.0 0.0 0.0 0.0 0.0 0.0 0.0 0.0 0.0 0.0 0.0 0.0 0.0 0.0 0.0 0.0 0.0 0.0 0.0 0.0 0.0 0.0 0.0 0.0 0.0 0.0 0.0
0.9034793376922607 0.024648822844028473 0.07187926024198532 0.0 0.0 0.0 0.0 0.0 0.0 0.0 0.0 0.0 0.0 0.0 0.0 0.0 0.0 0.0 0.0 0.0 0.0 0.0 0.0 0.0 0.0 0.0 0.0 0.0 0.0 0.0 0.0 0.0
0.8761830925941467 0.013559287413954735 0.027474358677864075 0.08278506994247437 0.0 0.0 0.0 0.0 0.0 0.0 0.0 0.0 0.0 0.0 0.0 0.0 0.0 0.0 0.0 0.0 0.0 0.0 0.0 0.0 0.0 0.0 0.0 0.0 0.0 0.0 0.0 0.0
0.8592196702957153 0.009255991317331791 0.014856060966849327 0.030054451897740364 0.08661678433418274 0.0 0.0 0.0 0.0 0.0 0.0 0.0 0.0 0.0 0.0 0.0 0.0 0.0 0.0 0.0 0.0 0.0 0.0 0.0 0.0 0.0 0.0 0.0 0.0 0.0 0.0 0.0
0.8421953320503235 0.007408895995467901 0.010085823014378548 0.01603374257683754 0.03198353946208954 0.09229398518800735 0.0 0.0 0.0 0.0 0.0 0.0 0.0 0.0 0.0 0.0 0.0 0.0 0.0 0.0 0.0 0.0 0.0 0.0 0.0 0.0 0.0 0.0 0.0 0.0 0.0 0.0
0.8373267650604248 0.006473568733781576 0.007679317146539688 0.01036759652197361 0.01646684855222702 0.031106647104024887 0.09057720005512238 0.0 0.0 0.0 0.0 0.0 0.0 0.0 0.0 0.0 0.0 0.0 0.0 0.0 0.0 0.0 0.0 0.0 0.0 0.0 0.0 0.0 0.0 0.0 0.0 0.0
0.8249724507331848 0.005518402438610792 0.006839287467300892 0.008316646330058575 0.012237422168254852 0.017923319712281227 0.032728638499975204 0.09146196395158768 0.0 0.0 0.0 0.0 0.0 0.0 0.0 0.0 0.0 0.0 0.0 0.0 0.0 0.0 0.0 0.0 0.0 0.0 0.0 0.0 0.0 0.0 0.0 0.0
0.8176783323287964 0.0046171764843165874 0.006028864067047834 0.007359120529145002 0.008881178684532642 0.012845369055867195 0.01770058274269104 0.032132767140865326 0.0927593857049942 0.0 0.0 0.0 0.0 0.0 0.0 0.0 0.0 0.0 0.0 0.0 0.0 0.0 0.0 0.0 0.0 0.0 0.0 0.0 0.0 0.0 0.0 0.0
0.8140285611152649 0.004022347740828991 0.005488709546625614 0.006234155036509037 0.007234057877212763 0.008781700395047665 0.011190943419933319 0.01704845018684864 0.03284246101975441 0.09313659369945526 0.0 0.0 0.0 0.0 0.0 0.0 0.0 0.0 0.0 0.0 0.0 0.0 0.0 0.0 0.0 0.0 0.0 0.0 0.0 0.0 0.0 0.0
0.8074012398719788 0.003512286115437746 0.004448235034942627 0.005373135209083557 0.00644490122795105 0.007663605269044638 0.008762337267398834 0.011483983136713505 0.017326712608337402 0.03190932795405388 0.09567402303218842 0.0 0.0 0.0 0.0 0.0 0.0 0.0 0.0 0.0 0.0 0.0 0.0 0.0 0.0 0.0 0.0 0.0 0.0 0.0 0.0 0.0
0.8016481995582581 0.003405175171792507 0.0038255422841757536 0.004567388445138931 0.005442418158054352 0.0067493366077542305 0.007302741054445505 0.008827096782624722 0.01171150989830494 0.01789107918739319 0.03322179242968559 0.09541060030460358 0.0 0.0 0.0 0.0 0.0 0.0 0.0 0.0 0.0 0.0 0.0 0.0 0.0 0.0 0.0 0.0 0.0 0.0 0.0 0.0
0.8012341260910034 0.00357791967689991 0.00356877944432199 0.004017301835119724 0.0046974546276032925 0.005664336960762739 0.00655082892626524 0.007480565924197435 0.009026259183883667 0.011795798316597939 0.01778186857700348 0.03197301924228668 0.09263279289007187 0.0 0.0 0.0 0.0 0.0 0.0 0.0 0.0 0.0 0.0 0.0 0.0 0.0 0.0 0.0 0.0 0.0 0.0 0.0
0.7914963960647583 0.003658147994428873 0.0036382952239364386 0.0038032534066587687 0.004314681980758905 0.004979616031050682 0.0057739936746656895 0.006599462125450373 0.0075759380124509335 0.009220460429787636 0.012252476066350937 0.017752064391970634 0.03351372852921486 0.09542524814605713 0.0 0.0 0.0 0.0 0.0 0.0 0.0 0.0 0.0 0.0 0.0 0.0 0.0 0.0 0.0 0.0 0.0 0.0
0.7808800935745239 0.003414242761209607 0.0035920003429055214 0.0037258684169501066 0.004024182911962271 0.004407498054206371 0.004925148095935583 0.0058607119135558605 0.006864907220005989 0.00812267791479826 0.009886490181088448 0.012653276324272156 0.019162144511938095 0.03488887846469879 0.09758401662111282 0.0 0.0 0.0 0.0 0.0 0.0 0.0 0.0 0.0 0.0 0.0 0.0 0.0 0.0 0.0 0.0 0.0
0.7799662947654724 0.002865383867174387 0.0033066023606806993 0.0036511581856757402 0.003938155248761177 0.004219158086925745 0.004429815337061882 0.005057884845882654 0.005920393392443657 0.007059149444103241 0.008777494542300701 0.009768362157046795 0.01252808142453432 0.01774243824183941 0.03249795734882355 0.09827551990747452 0.0 0.0 0.0 0.0 0.0 0.0 0.0 0.0 0.0 0.0 0.0 0.0 0.0 0.0 0.0 0.0
0.7751583456993103 0.0024798784870654345 0.0029128529131412506 0.0033322139643132687 0.0037981197237968445 0.0038571213372051716 0.003967036493122578 0.0045019187964499 0.005001163110136986 0.006284557282924652 0.008009782060980797 0.008114357478916645 0.010876915417611599 0.012825679033994675 0.018596762791275978 0.03249792009592056 0.0977817103266716 0.0 0.0 0.0 0.0 0.0 0.0 0.0 0.0 0.0 0.0 0.0 0.0 0.0 0.0 0.0
0.776115894317627 0.002204316668212414 0.0025718859396874905 0.002930628601461649 0.0034020859748125076 0.0036607400979846716 0.0038791794795542955 0.003991202916949987 0.004347548354417086 0.004979003220796585 0.006147928070276976 0.006809741258621216 0.007974407635629177 0.009123171679675579 0.012085575610399246 0.017544550821185112 0.033002451062202454 0.09923358261585236 0.0 0.0 0.0 0.0 0.0 0.0 0.0 0.0 0.0 0.0 0.0 0.0 0.0 0.0
0.7671890258789062 0.002231619553640485 0.0024269497953355312 0.002684221137315035 0.003025917336344719 0.0033612744882702827 0.0036629075184464455 0.003826504573225975 0.004076638258993626 0.004357689525932074 0.005392321385443211 0.005917962174862623 0.0073782396502792835 0.008078701794147491 0.009652781300246716 0.012231050990521908 0.019574696198105812 0.03487355262041092 0.10006095468997955 0.0 0.0 0.0 0.0 0.0 0.0 0.0 0.0 0.0 0.0 0.0 0.0 0.0
0.7665041089057922 0.0023464506957679987 0.002450147643685341 0.002559679327532649 0.002720871940255165 0.003044310724362731 0.0033919555135071278 0.0037193798925727606 0.003796110861003399 0.003974363673478365 0.004620076157152653 0.005216290708631277 0.005918355658650398 0.0068266624584794044 0.00811757892370224 0.009417260996997356 0.01253435481339693 0.019920043647289276 0.03458307683467865 0.09834007918834686 0.0 0.0 0.0 0.0 0.0 0.0 0.0 0.0 0.0 0.0 0.0 0.0
0.7688405513763428 0.002484023105353117 0.002528546843677759 0.0025749586056917906 0.0025852506514638662 0.0027754760812968016 0.003033012617379427 0.003399120643734932 0.00368237285874784 0.003836460178717971 0.004279822576791048 0.0045223962515592575 0.004865624010562897 0.005730079486966133 0.006728568580001593 0.007653975859284401 0.009117241017520428 0.012083390727639198 0.01797250285744667 0.03233185410499573 0.09897558391094208 0.0 0.0 0.0 0.0 0.0 0.0 0.0 0.0 0.0 0.0 0.0
0.7592871189117432 0.0025057829916477203 0.0025353129021823406 0.0026197987608611584 0.002616549376398325 0.002696382347494364 0.0027682834770530462 0.003079294925555587 0.00336111499927938 0.003804542124271393 0.004159524571150541 0.00420710863545537 0.004386741202324629 0.005134972743690014 0.006297157146036625 0.006645289249718189 0.008027845993638039 0.009504442103207111 0.012496407143771648 0.01894533820450306 0.035260170698165894 0.09965498000383377 0.0 0.0 0.0 0.0 0.0 0.0 0.0 0.0 0.0 0.0
0.754284679889679 0.0024502913001924753 0.0024509369395673275 0.0025383122265338898 0.002577379811555147 0.0026122997514903545 0.002618809463456273 0.0027651137206703424 0.0030457780230790377 0.0036088076885789633 0.003942020237445831 0.004345070105046034 0.004070983733981848 0.004369897302240133 0.005380440037697554 0.005609729792922735 0.0070130303502082825 0.008114325813949108 0.009328673593699932 0.013701052404940128 0.020741578191518784 0.033231839537620544 0.10120222717523575 0.0 0.0 0.0 0.0 0.0 0.0 0.0 0.0 0.0
0.75616455078125 0.002388573018833995 0.00231565092690289 0.0023542186245322227 0.002474397188052535 0.002556327497586608 0.0025479060132056475 0.002601665211841464 0.002712333807721734 0.003053505439311266 0.00374022894538939 0.003683959599584341 0.0037843938916921616 0.003978838212788105 0.004411541856825352 0.005028161685913801 0.005830568261444569 0.007147543597966433 0.008637466467916965 0.009475557133555412 0.013074483722448349 0.018184514716267586 0.032867055386304855 0.10098990052938461 0.0 0.0 0.0 0.0 0.0 0.0 0.0 0.0
0.756767988204956 0.0024041577707976103 0.002289661904796958 0.0022878616582602262 0.002349431626498699 0.0024973794352263212 0.002558155218139291 0.002574536018073559 0.0026251112576574087 0.002694761613383889 0.003263352671638131 0.0034300764091312885 0.0037325432058423758 0.003646014491096139 0.00392344081774354 0.004234777297824621 0.004805549513548613 0.005684596486389637 0.006720527540892363 0.007860669866204262 0.010962317697703838 0.011871624737977982 0.017692744731903076 0.03262850269675255 0.1004921942949295 0.0 0.0 0.0 0.0 0.0 0.0 0.0
0.7526686191558838 0.002243918599560857 0.002311014337465167 0.0022682619746774435 0.0023418760392814875 0.0023218824062496424 0.002473994856700301 0.002581323031336069 0.002573304111137986 0.0026285143103450537 0.002934858202934265 0.0030339539516717196 0.00340847996994853 0.0035569583997130394 0.003788190195336938 0.0038263052701950073 0.004247740842401981 0.004822622984647751 0.005841926671564579 0.007080602925270796 0.008355217054486275 0.009326617233455181 0.01217541005462408 0.01782766357064247 0.03343459591269493 0.10192800313234329 0.0 0.0 0.0 0.0 0.0 0.0
0.754025936126709 0.0018774651689454913 0.002214709296822548 0.002275410108268261 0.0022910435218364 0.002213355852290988 0.0022765262983739376 0.0023967642337083817 0.002535478211939335 0.0025777604896575212 0.0028719729743897915 0.0027961309533566236 0.0031658648513257504 0.0032577617093920708 0.0035373857244849205 0.003638896392658353 0.003945662174373865 0.004328522831201553 0.004844635725021362 0.005809228867292404 0.007290244568139315 0.007605282589793205 0.00903300940990448 0.011883813887834549 0.017565535381436348 0.03353654965758324 0.10020560026168823 0.0 0.0 0.0 0.0 0.0
0.7498786449432373 0.0015715229092165828 0.0019918670877814293 0.0022295236121863127 0.002284172922372818 0.002216125838458538 0.002229004865512252 0.0023440096992999315 0.0024112837854772806 0.0025782077573239803 0.002791512291878462 0.0026569145265966654 0.0028185059782117605 0.0029280614107847214 0.0032446354161947966 0.003502693958580494 0.0036695918533951044 0.0038857250474393368 0.004342548083513975 0.00479589868336916 0.005886412691324949 0.006627948954701424 0.0076866052113473415 0.008984614163637161 0.011903241276741028 0.017841974273324013 0.03304794803261757 0.10365111380815506 0.0 0.0 0.0 0.0
0.7517736554145813 0.0014021595707163215 0.0015894504031166434 0.001912647974677384 0.0021885079331696033 0.002250295365229249 0.002236181404441595 0.002216869266703725 0.0022532723378390074 0.002370524452999234 0.002669095527380705 0.0026169370394200087 0.0026454287581145763 0.0026826090179383755 0.0029776461888104677 0.003187052207067609 0.0034511499106884003 0.003678010543808341 0.0039299894124269485 0.004196046385914087 0.004772311542183161 0.0056466832756996155 0.006513532716780901 0.0076254187151789665 0.009122422896325588 0.011737871915102005 0.018244286999106407 0.03297381103038788 0.10113652795553207 0.0 0.0 0.0
0.7509488463401794 0.0014484177809208632 0.0013846877263858914 0.0015563954366371036 0.0018700013170018792 0.00212609744630754 0.002228626748546958 0.0021927482448518276 0.002178655005991459 0.002187923761084676 0.0024149962700903416 0.0025323275476694107 0.0025938053149729967 0.002572973258793354 0.0027366140857338905 0.0029160731937736273 0.003197495127096772 0.0034292866475880146 0.00372160691767931 0.003832983784377575 0.004229620564728975 0.004825121723115444 0.0054401527158916 0.006465344224125147 0.007580349687486887 0.00918707437813282 0.01194691751152277 0.018254797905683517 0.03230050578713417 0.10169875621795654 0.0 0.0
0.7468318343162537 0.0017207942437380552 0.0014635765692219138 0.0013967788545414805 0.0015685827238485217 0.0018573836423456669 0.0021386933512985706 0.0022132606245577335 0.0021942618768662214 0.00224172486923635 0.002486124634742737 0.0024466325994580984 0.002561892382800579 0.0025936481542885303 0.002601511776447296 0.0027032813522964716 0.002961699618026614 0.003238286590203643 0.003574846778064966 0.003661047201603651 0.0038727775681763887 0.004362346604466438 0.004686756990849972 0.005487292073667049 0.006635344121605158 0.007499275263398886 0.0091179134324193 0.012542462907731533 0.018125806003808975 0.03438723087310791 0.1008252426981926 0.0
0.7412704229354858 0.0020350292325019836 0.0016184111591428518 0.0013718592235818505 0.0013403724879026413 0.0015841552522033453 0.0018608111422508955 0.0021282704547047615 0.0021929724607616663 0.0021442249417304993 0.002276646438986063 0.0022786827757954597 0.002527317963540554 0.0024789893068373203 0.002594482386484742 0.0025920940097421408 0.002718127565458417 0.002903433283790946 0.0032965808641165495 0.0035378122702240944 0.004099429119378328 0.003771428717300296 0.004147978965193033 0.004725898616015911 0.00570713821798563 0.006739335134625435 0.008045818656682968 0.010341488756239414 0.013342205435037613 0.01823977753520012 0.03312012925744057 0.10296892374753952
