1.0 0.0 0.0 0.0 0.0 0.0 0.0 0.0 0.0 0.0 0.0 0.0 0.0 0.0 0.0 0.0 0.0 0.0 0.0 0.0 0.0 0.0 0.0 0.0 0.0 0.0 0.0 0.0 0.0 0.0 0.0 0.0
0.9849181771278381 0.015087713487446308 0.0 0.0 0.0 0.0 0.0 0.0 0.0 0.0 0.0 0.0 0.0 0.0 0.0 0.0 0.0 0.0 0.0 0.0 0.0 0.0 0.0 0.0 0.0 0.0 0.0 0.0 0.0 0.0 0.0 0.0
0.9819355010986328 0.00667100865393877 0.011386582627892494 0.0 0.0 0.0 0.0 0.0 0.0 0.0 0.0 0.0 0.0 0.0 0.0 0.0 0.0 0.0 0.0 0.0 0.0 0.0 0.0 0.0 0.0 0.0 0.0 0.0 0.0 0.0 0.0 0.0
0.9766269326210022 0.0060583846643567085 0.006098124198615551 0.011216175742447376 0.0 0.0 0.0 0.0 0.0 0.0 0.0 0.0 0.0 0.0 0.0 0.0 0.0 0.0 0.0 0.0 0.0 0.0 0.0 0.0 0.0 0.0 0.0 0.0 0.0 0.0 0.0 0.0
0.9722745418548584 0.005531669594347477 0.005093950778245926 0.005604238715022802 0.0114902937784791 0.0 0.0 0.0 0.0 0.0 0.0 0.0 0.0 0.0 0.0 0.0 0.0 0.0 0.0 0.0 0.0 0.0 0.0 0.0 0.0 0.0 0.0 0.0 0.0 0.0 0.0 0.0
0.9651105999946594 0.005460023880004883 0.0049662115052342415 0.005259094759821892 0.008229942992329597 0.01097688265144825 0.0 0.0 0.0 0.0 0.0 0.0 0.0 0.0 0.0 0.0 0.0 0.0 0.0 0.0 0.0 0.0 0.0 0.0 0.0 0.0 0.0 0.0 0.0 0.0 0.0 0.0
0.9641854166984558 0.005043161567300558 0.0042290580458939075 0.004690262954682112 0.0050803921185433865 0.005829477682709694 0.01093675009906292 0.0 0.0 0.0 0.0 0.0 0.0 0.0 0.0 0.0 0.0 0.0 0.0 0.0 0.0 0.0 0.0 0.0 0.0 0.0 0.0 0.0 0.0 0.0 0.0 0.0
0.9606460332870483 0.00519358366727829 0.004234944935888052 0.004296568688005209 0.005016520619392395 0.004886840935796499 0.005474534817039967 0.010249670594930649 0.0 0.0 0.0 0.0 0.0 0.0 0.0 0.0 0.0 0.0 0.0 0.0 0.0 0.0 0.0 0.0 0.0 0.0 0.0 0.0 0.0 0.0 0.0 0.0
0.9564694762229919 0.004881689790636301 0.00401440542191267 0.004182122647762299 0.005447475239634514 0.004679161123931408 0.004742029123008251 0.005219113081693649 0.010361116379499435 0.0 0.0 0.0 0.0 0.0 0.0 0.0 0.0 0.0 0.0 0.0 0.0 0.0 0.0 0.0 0.0 0.0 0.0 0.0 0.0 0.0 0.0 0.0
0.9539045691490173 0.0044135660864412785 0.003634826745837927 0.004262744449079037 0.00496035348623991 0.004168210085481405 0.004295846913009882 0.004556636791676283 0.005407700780779123 0.010395299643278122 0.0 0.0 0.0 0.0 0.0 0.0 0.0 0.0 0.0 0.0 0.0 0.0 0.0 0.0 0.0 0.0 0.0 0.0 0.0 0.0 0.0 0.0
0.9519675970077515 0.004501604940742254 0.0034889783710241318 0.003834313480183482 0.004173144232481718 0.0039410837925970554 0.0037879510782659054 0.004116151016205549 0.00468073133379221 0.005197693128138781 0.010312899015843868 0.0 0.0 0.0 0.0 0.0 0.0 0.0 0.0 0.0 0.0 0.0 0.0 0.0 0.0 0.0 0.0 0.0 0.0 0.0 0.0 0.0
0.9496127963066101 0.004517290275543928 0.003490362549200654 0.0035362141206860542 0.0037353525403887033 0.0038012040313333273 0.0036491176579147577 0.0035656995605677366 0.004272358026355505 0.004639431368559599 0.005096969194710255 0.01008633803576231 0.0 0.0 0.0 0.0 0.0 0.0 0.0 0.0 0.0 0.0 0.0 0.0 0.0 0.0 0.0 0.0 0.0 0.0 0.0 0.0
0.9449484944343567 0.004801837727427483 0.0036934041418135166 0.0039414516650140285 0.0038221413269639015 0.0036415287759155035 0.0036490054335445166 0.0034794770181179047 0.003969691228121519 0.00403580954298377 0.004421614110469818 0.005234104115515947 0.010360140353441238 0.0 0.0 0.0 0.0 0.0 0.0 0.0 0.0 0.0 0.0 0.0 0.0 0.0 0.0 0.0 0.0 0.0 0.0 0.0
0.9446375370025635 0.004293385893106461 0.003607512917369604 0.003424727823585272 0.003656847635284066 0.0035896392073482275 0.003478070953860879 0.0033687076065689325 0.003604055382311344 0.0036433397326618433 0.0039887926541268826 0.004256737418472767 0.004778426606208086 0.009675304405391216 0.0 0.0 0.0 0.0 0.0 0.0 0.0 0.0 0.0 0.0 0.0 0.0 0.0 0.0 0.0 0.0 0.0 0.0
0.9402422904968262 0.0044548953883349895 0.003571826731786132 0.003640845650807023 0.0035756099969148636 0.0035813048016279936 0.003531671827659011 0.0033248108811676502 0.0037486087530851364 0.0036894723307341337 0.0037331602070480585 0.003979458473622799 0.004515015985816717 0.0048179528675973415 0.009591164998710155 0.0 0.0 0.0 0.0 0.0 0.0 0.0 0.0 0.0 0.0 0.0 0.0 0.0 0.0 0.0 0.0 0.0
0.9352260828018188 0.004234334919601679 0.003437700681388378 0.003582214005291462 0.004012926947325468 0.003375031752511859 0.0034497310407459736 0.0034553331788629293 0.0037217189092189074 0.0036247915122658014 0.003613387933000922 0.003711096243932843 0.004161369521170855 0.004359543323516846 0.004843029193580151 0.011194252409040928 0.0 0.0 0.0 0.0 0.0 0.0 0.0 0.0 0.0 0.0 0.0 0.0 0.0 0.0 0.0 0.0
0.9329551458358765 0.004341969732195139 0.0034127486869692802 0.003562675788998604 0.0038399575278162956 0.003630893537774682 0.0034435635898262262 0.0032812589779496193 0.0035297167487442493 0.0035859851632267237 0.003564717946574092 0.0035574825014919043 0.003644946962594986 0.003973514307290316 0.004506632220000029 0.00517410971224308 0.009997489862143993 0.0 0.0 0.0 0.0 0.0 0.0 0.0 0.0 0.0 0.0 0.0 0.0 0.0 0.0 0.0
0.9301239252090454 0.004207212943583727 0.0033862937707453966 0.0033472226932644844 0.003641811665147543 0.0034402264282107353 0.0035131622571498156 0.003319804323837161 0.0033151183743029833 0.003316266695037484 0.003226626431569457 0.004773471970111132 0.003344340017065406 0.003751706564798951 0.0038627092726528645 0.0045907278545200825 0.004934134427458048 0.009905418381094933 0.0 0.0 0.0 0.0 0.0 0.0 0.0 0.0 0.0 0.0 0.0 0.0 0.0 0.0
0.9268781542778015 0.004201298579573631 0.003282944904640317 0.003410794073715806 0.0035573753993958235 0.0036369245499372482 0.003406436648219824 0.003287336090579629 0.0033314719330519438 0.0034073039423674345 0.00342718418687582 0.004023542627692223 0.0033326640259474516 0.003322458593174815 0.0035836617462337017 0.004606330767273903 0.004319976549595594 0.00498674251139164 0.00999895203858614 0.0 0.0 0.0 0.0 0.0 0.0 0.0 0.0 0.0 0.0 0.0 0.0 0.0
0.9216268062591553 0.004702634643763304 0.00334528973326087 0.00349022657610476 0.003588053397834301 0.003330281702801585 0.0035024022217839956 0.0032482410315424204 0.003371212398633361 0.003508698893710971 0.003151625394821167 0.0036255994345992804 0.003466199152171612 0.003279275493696332 0.003462763037532568 0.004338240250945091 0.004133900161832571 0.00533777242526412 0.005227870773524046 0.010262401774525642 0.0 0.0 0.0 0.0 0.0 0.0 0.0 0.0 0.0 0.0 0.0 0.0
0.9209446310997009 0.004347317386418581 0.0033753272145986557 0.0033972624223679304 0.003702098038047552 0.0033706643152981997 0.003304931567981839 0.0032856629695743322 0.003464651759713888 0.0033569298684597015 0.0034805203322321177 0.0034494863357394934 0.003227443201467395 0.0031815178226679564 0.0034114194568246603 0.003642917610704899 0.003507433459162712 0.003988857846707106 0.004466118291020393 0.00508587621152401 0.010003477334976196 0.0 0.0 0.0 0.0 0.0 0.0 0.0 0.0 0.0 0.0 0.0
0.9158871173858643 0.004358286503702402 0.003424919443204999 0.0033631024416536093 0.0045346482656896114 0.003648749552667141 0.0031422737520188093 0.0032409431878477335 0.003568541957065463 0.003289006883278489 0.004153331276029348 0.0034852379467338324 0.003288122359663248 0.0030932507943361998 0.0033057592809200287 0.003800738137215376 0.0033718005288392305 0.0036083378363400698 0.004052076023072004 0.004424570128321648 0.005027209874242544 0.00993245281279087 0.0 0.0 0.0 0.0 0.0 0.0 0.0 0.0 0.0 0.0
0.9144379496574402 0.004143139347434044 0.003323148237541318 0.00346941826865077 0.0036370670422911644 0.0036003277637064457 0.0032569044269621372 0.0031755000818520784 0.003243287792429328 0.0034295341465622187 0.0035425967071205378 0.0037199475336819887 0.003405841300264001 0.003200705861672759 0.0030704615637660027 0.003395981853827834 0.0033887128811329603 0.003335093380883336 0.0036239454057067633 0.0039537930861115456 0.004295721650123596 0.004958289675414562 0.010387021116912365 0.0 0.0 0.0 0.0 0.0 0.0 0.0 0.0 0.0
0.9137184023857117 0.004206917714327574 0.0033749763388186693 0.0031420295126736164 0.003434582846239209 0.003346279263496399 0.0032271642703562975 0.0030762029346078634 0.0030366391874849796 0.0032459180802106857 0.003218175610527396 0.003527261782437563 0.0036441257689148188 0.003206087974831462 0.0029694263357669115 0.003155826823785901 0.0031506300438195467 0.0031336869578808546 0.003335069166496396 0.0035499660298228264 0.003883846802636981 0.004313687328249216 0.00500755337998271 0.01009595487266779 0.0 0.0 0.0 0.0 0.0 0.0 0.0 0.0
0.9090476036071777 0.004523295443505049 0.003235981799662113 0.0032373047433793545 0.0036378391087055206 0.003227502340450883 0.0034732380881905556 0.0030814972706139088 0.003268750850111246 0.0033886737655848265 0.003105302108451724 0.003491092473268509 0.0033724065870046616 0.0031487569212913513 0.0030180979520082474 0.0031821858137845993 0.003026896622031927 0.003063882002606988 0.0031278396490961313 0.0034524707589298487 0.003477908903732896 0.00409702816978097 0.004368457477539778 0.0053084190003573895 0.010638187639415264 0.0 0.0 0.0 0.0 0.0 0.0 0.0
0.9036191701889038 0.00418247701600194 0.003358327317982912 0.0033407907467335463 0.0036655650474131107 0.0033975550904870033 0.003316261572763324 0.0033638612367212772 0.00325610488653183 0.003280799137428403 0.003328199265524745 0.0035261192824691534 0.0032992667984217405 0.003178437938913703 0.003114895196631551 0.003466679947450757 0.0031719824764877558 0.0032090817112475634 0.003184475703164935 0.0036373399198055267 0.003369400277733803 0.0036883812863379717 0.00423935754224658 0.005111629143357277 0.005410794634371996 0.010277574881911278 0.0 0.0 0.0 0.0 0.0 0.0
0.9014772772789001 0.004177925176918507 0.0033544490579515696 0.0032044376712292433 0.003563821082934737 0.0033255156595259905 0.003206021850928664 0.0031469243112951517 0.0031648946460336447 0.0031955651938915253 0.003187498077750206 0.004307110328227282 0.003413626691326499 0.0031739117112010717 0.0030866421293467283 0.003289709333330393 0.003105178475379944 0.0032040695659816265 0.0031912927515804768 0.003300681011751294 0.0032029065769165754 0.0034925024956464767 0.0037853929679840803 0.004360435996204615 0.004765551537275314 0.005288239102810621 0.01003192737698555 0.0 0.0 0.0 0.0 0.0
0.8997085094451904 0.004185566678643227 0.0032731625251471996 0.0031946972012519836 0.003430258249863982 0.00322533305734396 0.003270040499046445 0.003088252153247595 0.003194517223164439 0.003153740894049406 0.003150640055537224 0.004407316911965609 0.0033112906385213137 0.0033447998575866222 0.003060306888073683 0.0034136755857616663 0.0031008445657789707 0.0029999548569321632 0.00304661993868649 0.0031118537299335003 0.003006243146955967 0.003271709196269512 0.003487281734123826 0.00381320808082819 0.004320808686316013 0.004335731267929077 0.005022949539124966 0.010069334879517555 0.0 0.0 0.0 0.0
0.8991319537162781 0.00398863572627306 0.0031785215251147747 0.0031222158577293158 0.0034624983090907335 0.0032412302680313587 0.0031660820823162794 0.003010360524058342 0.0030913096852600574 0.003095821011811495 0.0031051719561219215 0.004178192466497421 0.0031715924851596355 0.0030164343770593405 0.0030023446306586266 0.003536703297868371 0.0030192153062671423 0.003118038410320878 0.0029602423310279846 0.003112451871857047 0.002844085916876793 0.0030798662919551134 0.0033086047042161226 0.0036093993112444878 0.0035181313287466764 0.003936274442821741 0.004298728425055742 0.004943477921187878 0.009749757125973701 0.0 0.0 0.0
0.8939500451087952 0.003948526456952095 0.0032924332190304995 0.0031476770527660847 0.0035318683367222548 0.0031137007754296064 0.003132129553705454 0.0030363535042852163 0.0031475271098315716 0.0032709594815969467 0.0030474886298179626 0.003831380745396018 0.0030822940170764923 0.0031085608061403036 0.0031059489119797945 0.004131299909204245 0.0029317515436559916 0.003024946665391326 0.003041151911020279 0.0035544061101973057 0.002927448134869337 0.0030757205095142126 0.0031725983135402203 0.0037859154399484396 0.003652875544503331 0.003686073236167431 0.004021303728222847 0.004346239846199751 0.0049368711188435555 0.00996464118361473 0.0 0.0
0.8906347155570984 0.003916827496141195 0.0031920538749545813 0.0032980325631797314 0.0033246346283704042 0.003338906913995743 0.003103013150393963 0.0029644209425896406 0.0031966897659003735 0.0031292347703129053 0.0031547662802040577 0.003235618118196726 0.0030720364302396774 0.0029820941854268312 0.0033317781053483486 0.0043801614083349705 0.003132165176793933 0.00364856980741024 0.003196014789864421 0.003068102290853858 0.0029707590583711863 0.003015428315848112 0.004396570380777121 0.00339455995708704 0.003228221321478486 0.00343954935669899 0.003520806087180972 0.0038791296537965536 0.004071187227964401 0.004892697092145681 0.009893462061882019 0.0
0.8826740384101868 0.004081228282302618 0.003301071934401989 0.00339078763499856 0.0038478830829262733 0.0035449573770165443 0.003213506191968918 0.0030808921437710524 0.003585446160286665 0.004187268670648336 0.003441543783992529 0.003613790962845087 0.003199482336640358 0.0031188586726784706 0.00311084883287549 0.0035965165589004755 0.0033042689319700003 0.004010037984699011 0.003348336787894368 0.003159530693665147 0.003014405956491828 0.0032236934639513493 0.0038522696122527122 0.00353670003823936 0.003251906717196107 0.0032609552145004272 0.0034967758692801 0.004153061658143997 0.004040450789034367 0.0042136795818805695 0.0049252938479185104 0.010225004516541958
