1.0 0.0 0.0 0.0 0.0 0.0 0.0 0.0 0.0 0.0 0.0 0.0 0.0 0.0 0.0 0.0 0.0 0.0 0.0 0.0 0.0 0.0 0.0 0.0 0.0 0.0 0.0 0.0 0.0 0.0 0.0 0.0
0.6592179536819458 0.3408047556877136 0.0 0.0 0.0 0.0 0.0 0.0 0.0 0.0 0.0 0.0 0.0 0.0 0.0 0.0 0.0 0.0 0.0 0.0 0.0 0.0 0.0 0.0 0.0 0.0 0.0 0.0 0.0 0.0 0.0 0.0
0.5895037651062012 0.11349977552890778 0.2970004677772522 0.0 0.0 0.0 0.0 0.0 0.0 0.0 0.0 0.0 0.0 0.0 0.0 0.0 0.0 0.0 0.0 0.0 0.0 0.0 0.0 0.0 0.0 0.0 0.0 0.0 0.0 0.0 0.0 0.0
0.5759301781654358 0.04774414747953415 0.1307142674922943 0.24561841785907745 0.0 0.0 0.0 0.0 0.0 0.0 0.0 0.0 0.0 0.0 0.0 0.0 0.0 0.0 0.0 0.0 0.0 0.0 0.0 0.0 0.0 0.0 0.0 0.0 0.0 0.0 0.0 0.0
0.5739441514015198 0.029978053644299507 0.05869416892528534 0.12307201325893402 0.21431292593479156 0.0 0.0 0.0 0.0 0.0 0.0 0.0 0.0 0.0 0.0 0.0 0.0 0.0 0.0 0.0 0.0 0.0 0.0 0.0 0.0 0.0 0.0 0.0 0.0 0.0 0.0 0.0
0.5737152099609375 0.023874405771493912 0.03684275969862938 0.059650734066963196 0.11171970516443253 0.19420187175273895 0.0 0.0 0.0 0.0 0.0 0.0 0.0 0.0 0.0 0.0 0.0 0.0 0.0 0.0 0.0 0.0 0.0 0.0 0.0 0.0 0.0 0.0 0.0 0.0 0.0 0.0
0.5736707448959351 0.021271929144859314 0.027199668809771538 0.03941702842712402 0.055673763155937195 0.10356905311346054 0.17919579148292542 0.0 0.0 0.0 0.0 0.0 0.0 0.0 0.0 0.0 0.0 0.0 0.0 0.0 0.0 0.0 0.0 0.0 0.0 0.0 0.0 0.0 0.0 0.0 0.0 0.0
0.5758109092712402 0.0183419156819582 0.0226350836455822 0.029375653713941574 0.03535151109099388 0.0513407401740551 0.09451381862163544 0.17263370752334595 0.0 0.0 0.0 0.0 0.0 0.0 0.0 0.0 0.0 0.0 0.0 0.0 0.0 0.0 0.0 0.0 0.0 0.0 0.0 0.0 0.0 0.0 0.0 0.0
0.5762690901756287 0.015313930809497833 0.018438003957271576 0.023269496858119965 0.02665918879210949 0.03304470330476761 0.04768628999590874 0.09131981432437897 0.1680046021938324 0.0 0.0 0.0 0.0 0.0 0.0 0.0 0.0 0.0 0.0 0.0 0.0 0.0 0.0 0.0 0.0 0.0 0.0 0.0 0.0 0.0 0.0 0.0
0.5710945129394531 0.013226288370788097 0.01577634923160076 0.020100316032767296 0.021812263876199722 0.02518463507294655 0.03164919838309288 0.04664893448352814 0.09202202409505844 0.16248376667499542 0.0 0.0 0.0 0.0 0.0 0.0 0.0 0.0 0.0 0.0 0.0 0.0 0.0 0.0 0.0 0.0 0.0 0.0 0.0 0.0 0.0 0.0
0.5761773586273193 0.012201325036585331 0.012965701520442963 0.015699435025453568 0.017862478271126747 0.020831428468227386 0.023960111662745476 0.030451932922005653 0.04687782749533653 0.0859275832772255 0.15703760087490082 0.0 0.0 0.0 0.0 0.0 0.0 0.0 0.0 0.0 0.0 0.0 0.0 0.0 0.0 0.0 0.0 0.0 0.0 0.0 0.0 0.0
0.5710774064064026 0.011377480812370777 0.011302212253212929 0.013285207562148571 0.015015006996691227 0.017851660028100014 0.01994030363857746 0.023452293127775192 0.030550852417945862 0.04492795467376709 0.08653122931718826 0.1546839475631714 0.0 0.0 0.0 0.0 0.0 0.0 0.0 0.0 0.0 0.0 0.0 0.0 0.0 0.0 0.0 0.0 0.0 0.0 0.0 0.0
0.5683700442314148 0.01131524983793497 0.01073532085865736 0.011587623506784439 0.01280294731259346 0.014930576086044312 0.016876518726348877 0.01963183283805847 0.02376054972410202 0.02963021956384182 0.04627127945423126 0.08544642478227615 0.14864730834960938 0.0 0.0 0.0 0.0 0.0 0.0 0.0 0.0 0.0 0.0 0.0 0.0 0.0 0.0 0.0 0.0 0.0 0.0 0.0
0.5680234432220459 0.010550177656114101 0.010509721003472805 0.01057382207363844 0.010984954424202442 0.012469524517655373 0.014301753602921963 0.01648780331015587 0.01945938542485237 0.022134583443403244 0.03042246587574482 0.045671116560697556 0.08176586031913757 0.14664913713932037 0.0 0.0 0.0 0.0 0.0 0.0 0.0 0.0 0.0 0.0 0.0 0.0 0.0 0.0 0.0 0.0 0.0 0.0
0.5654202699661255 0.009304988197982311 0.010049054399132729 0.010252395644783974 0.01011105440557003 0.01085125282406807 0.01206720620393753 0.013967051170766354 0.016742879524827003 0.0189339779317379 0.02349035255610943 0.030057720839977264 0.044189464300870895 0.08292166143655777 0.14164604246616364 0.0 0.0 0.0 0.0 0.0 0.0 0.0 0.0 0.0 0.0 0.0 0.0 0.0 0.0 0.0 0.0 0.0
0.565086841583252 0.007940505631268024 0.009068124927580357 0.009836497716605663 0.009856708347797394 0.010321367532014847 0.010667660273611546 0.011984622105956078 0.01536010392010212 0.016694122925400734 0.01905079558491707 0.02288452908396721 0.028951847925782204 0.04329478740692139 0.07878798246383667 0.1402110904455185 0.0 0.0 0.0 0.0 0.0 0.0 0.0 0.0 0.0 0.0 0.0 0.0 0.0 0.0 0.0 0.0
0.5608124732971191 0.007196378894150257 0.007877172902226448 0.009196578525006771 0.009289754554629326 0.009541220963001251 0.009983638301491737 0.010709945112466812 0.013118899427354336 0.014659029431641102 0.017518235370516777 0.019031312316656113 0.023161157965660095 0.02913505770266056 0.042174242436885834 0.0803171694278717 0.13627935945987701 0.0 0.0 0.0 0.0 0.0 0.0 0.0 0.0 0.0 0.0 0.0 0.0 0.0 0.0 0.0
0.5642319321632385 0.006738487631082535 0.0069413576275110245 0.008276836946606636 0.008789320476353168 0.009070866741240025 0.00944805983453989 0.009891404770314693 0.011282051913440228 0.012154013849794865 0.014896266162395477 0.01627124473452568 0.018556807190179825 0.021763447672128677 0.02797522209584713 0.0420665517449379 0.07591454684734344 0.135731041431427 0.0 0.0 0.0 0.0 0.0 0.0 0.0 0.0 0.0 0.0 0.0 0.0 0.0 0.0
0.566072940826416 0.00635851314291358 0.006313706748187542 0.007464265916496515 0.00785843562334776 0.008391546085476875 0.008850647136569023 0.00933182705193758 0.009974063374102116 0.010479559190571308 0.012440086342394352 0.014390595257282257 0.015812544152140617 0.017938386648893356 0.021165691316127777 0.02835819311439991 0.041040968149900436 0.0756625235080719 0.13209889829158783 0.0 0.0 0.0 0.0 0.0 0.0 0.0 0.0 0.0 0.0 0.0 0.0 0.0
0.5626909136772156 0.006135014351457357 0.006027619354426861 0.006851012818515301 0.007122192997485399 0.0078079188242554665 0.008374940603971481 0.008920945227146149 0.009943650104105473 0.010057486593723297 0.011110929772257805 0.012067870236933231 0.01368213165551424 0.015596063807606697 0.018276970833539963 0.021732386201620102 0.028001034632325172 0.04156726971268654 0.07405459880828857 0.1299833059310913 0.0 0.0 0.0 0.0 0.0 0.0 0.0 0.0 0.0 0.0 0.0 0.0
0.5624859929084778 0.005679472349584103 0.005714769009500742 0.006465866230428219 0.006670977454632521 0.006918314378708601 0.0074988482519984245 0.0082071078941226 0.008799726143479347 0.009159945882856846 0.009861920028924942 0.010383505374193192 0.011424142867326736 0.013201435096561909 0.015133781358599663 0.017600208520889282 0.021204229444265366 0.02773267962038517 0.03995324298739433 0.07356400787830353 0.13233976066112518 0.0 0.0 0.0 0.0 0.0 0.0 0.0 0.0 0.0 0.0 0.0
0.5597788691520691 0.005373558960855007 0.005440280772745609 0.006190604530274868 0.006548309698700905 0.006568768993020058 0.006822558119893074 0.007441965863108635 0.008237030357122421 0.008681831881403923 0.009397336281836033 0.009505554102361202 0.010088364593684673 0.011386304162442684 0.012998449616134167 0.01533473189920187 0.01757104881107807 0.02083471789956093 0.026379114016890526 0.040918052196502686 0.07568266987800598 0.12882377207279205 0.0 0.0 0.0 0.0 0.0 0.0 0.0 0.0 0.0 0.0
0.5666541457176208 0.00518266623839736 0.005111744161695242 0.005818037781864405 0.0061172135174274445 0.006386023946106434 0.0065084281377494335 0.006829944904893637 0.007496949750930071 0.008159631863236427 0.009114083833992481 0.009158742614090443 0.009287035092711449 0.009973438456654549 0.011227017268538475 0.012797004543244839 0.01487007550895214 0.017220312729477882 0.02032269723713398 0.02656763792037964 0.039370182901620865 0.07088331133127213 0.1249428242444992 0.0 0.0 0.0 0.0 0.0 0.0 0.0 0.0 0.0
0.5612703561782837 0.005399179644882679 0.004965074360370636 0.0054581016302108765 0.005540821235626936 0.006109879817813635 0.006195273250341415 0.0064710769802331924 0.006877095438539982 0.007245487067848444 0.00845481175929308 0.008999468758702278 0.008829391561448574 0.009675825014710426 0.010375527665019035 0.011260366067290306 0.012797740288078785 0.014686409384012222 0.0167376846075058 0.0203233789652586 0.02630898728966713 0.0392984077334404 0.07301468402147293 0.12371008098125458 0.0 0.0 0.0 0.0 0.0 0.0 0.0 0.0
0.5605687499046326 0.0057169292122125626 0.005000649020075798 0.005384176503866911 0.00540680717676878 0.0056107379496097565 0.005999709479510784 0.0062384470365941525 0.007015252020210028 0.00704175652936101 0.007807550486177206 0.00820922665297985 0.008709659799933434 0.009243139065802097 0.009361828677356243 0.010008091107010841 0.011439118534326553 0.012506082653999329 0.014329710975289345 0.016572093591094017 0.019894851371645927 0.02617889642715454 0.03928156569600105 0.06940091401338577 0.12307757139205933 0.0 0.0 0.0 0.0 0.0 0.0 0.0
0.5597951412200928 0.005525799933820963 0.005097953137010336 0.005084683652967215 0.005043289624154568 0.00508248433470726 0.0055619184859097 0.005787680856883526 0.006534190382808447 0.006417111959308386 0.00693548284471035 0.007125327829271555 0.007725652307271957 0.008319604210555553 0.008590945042669773 0.00872807390987873 0.009699853137135506 0.010534911416471004 0.012295364402234554 0.014308515936136246 0.016544057056307793 0.01974981464445591 0.026476653292775154 0.038194600492715836 0.06998923420906067 0.12484849244356155 0.0 0.0 0.0 0.0 0.0 0.0
0.5590523481369019 0.004847696516662836 0.005035588517785072 0.005199994891881943 0.004893513396382332 0.0047866711392998695 0.005023419391363859 0.005399869754910469 0.006108417175710201 0.00622677244246006 0.006790764629840851 0.00692358985543251 0.007167856674641371 0.0077114468440413475 0.008180370554327965 0.008453511632978916 0.008878417313098907 0.00950965192168951 0.010771622881293297 0.012399696744978428 0.01426301896572113 0.01644459366798401 0.020016053691506386 0.025603605434298515 0.03820674493908882 0.07159250974655151 0.12051565200090408 0.0 0.0 0.0 0.0 0.0
0.5579389929771423 0.004201091360300779 0.004686064086854458 0.005212545860558748 0.004951901733875275 0.004681221675127745 0.004667936824262142 0.004795387852936983 0.005509064998477697 0.0059439348988235 0.0067120869643986225 0.006970793474465609 0.00693781953305006 0.007154545746743679 0.00757710263133049 0.008257322944700718 0.008486124686896801 0.008844856172800064 0.009415054693818092 0.010473986156284809 0.011926427483558655 0.013785203918814659 0.016195686534047127 0.019861051812767982 0.025794783607125282 0.0393945537507534 0.06822338700294495 0.12140154838562012 0.0 0.0 0.0 0.0
0.5626161098480225 0.004062698222696781 0.0040572346188127995 0.004698620643466711 0.004755853675305843 0.004827000666409731 0.0046591563150286674 0.004613019526004791 0.004922870546579361 0.005255125463008881 0.00583598343655467 0.006200782954692841 0.006330457516014576 0.006465034559369087 0.006961652543395758 0.007234910037368536 0.007741836830973625 0.008091271854937077 0.008377083577215672 0.009164090268313885 0.010229305364191532 0.011902297846972942 0.013980641029775143 0.015872763469815254 0.01984594203531742 0.02623792365193367 0.03824266791343689 0.06841641664505005 0.11840309202671051 0.0 0.0 0.0
0.5615049600601196 0.0045165508054196835 0.003838026663288474 0.004481864627450705 0.004604768939316273 0.0047271898947656155 0.004730979446321726 0.0046109408140182495 0.004678888712078333 0.004858497530221939 0.005262660328298807 0.005898671690374613 0.006039543077349663 0.006288896780461073 0.0064549692906439304 0.0067516048438847065 0.007054317742586136 0.007661864161491394 0.007909487001597881 0.008515595458447933 0.008962314575910568 0.010249833576381207 0.011797777377068996 0.01353478990495205 0.01621413789689541 0.0200591329485178 0.025642329826951027 0.03823424503207207 0.06743669509887695 0.11747664958238602 0.0 0.0
0.5664337277412415 0.0053260838612914085 0.0036659587640315294 0.0037813507951796055 0.003975169267505407 0.004378162790089846 0.0046530249528586864 0.004694635979831219 0.004727439023554325 0.004473821260035038 0.004693353082984686 0.0052138082683086395 0.005572482943534851 0.0058652241714298725 0.006151527166366577 0.006222458556294441 0.0064857169054448605 0.007037808652967215 0.0074645886197686195 0.007935214787721634 0.008030408062040806 0.008564941585063934 0.009811893105506897 0.011255848221480846 0.013432176783680916 0.01583733595907688 0.018932245671749115 0.025022324174642563 0.03724745661020279 0.06609845906496048 0.11701489239931107 0.0
0.5672083497047424 0.0061408765614032745 0.0038448714185506105 0.0036274753510951996 0.0036066845059394836 0.00397120276466012 0.004353685304522514 0.004824787378311157 0.004942597821354866 0.004455622285604477 0.004471536260098219 0.004794247914105654 0.005071134306490421 0.005672468803822994 0.0059107826091349125 0.005869804881513119 0.005964369047433138 0.006294682156294584 0.00686668511480093 0.007265119347721338 0.007500190753489733 0.00784995872527361 0.008536950685083866 0.009538128040730953 0.01117001660168171 0.01327919028699398 0.015634257346391678 0.018689872696995735 0.02475573867559433 0.03601876273751259 0.06654808670282364 0.11532500386238098
