1.0 0.0 0.0 0.0 0.0 0.0 0.0 0.0 0.0 0.0 0.0 0.0 0.0 0.0 0.0 0.0 0.0 0.0 0.0 0.0 0.0 0.0 0.0 0.0 0.0 0.0 0.0 0.0 0.0 0.0 0.0 0.0
0.8954532146453857 0.10456731915473938 0.0 0.0 0.0 0.0 0.0 0.0 0.0 0.0 0.0 0.0 0.0 0.0 0.0 0.0 0.0 0.0 0.0 0.0 0.0 0.0 0.0 0.0 0.0 0.0 0.0 0.0 0.0 0.0 0.0 0.0
0.8669863939285278 0.08426149189472198 0.04874842241406441 0.0 0.0 0.0 0.0 0.0 0.0 0.0 0.0 0.0 0.0 0.0 0.0 0.0 0.0 0.0 0.0 0.0 0.0 0.0 0.0 0.0 0.0 0.0 0.0 0.0 0.0 0.0 0.0 0.0
0.814190149307251 0.05369576811790466 0.07842303067445755 0.05368509516119957 0.0 0.0 0.0 0.0 0.0 0.0 0.0 0.0 0.0 0.0 0.0 0.0 0.0 0.0 0.0 0.0 0.0 0.0 0.0 0.0 0.0 0.0 0.0 0.0 0.0 0.0 0.0 0.0
0.7760957479476929 0.03546721488237381 0.03955598920583725 0.09433049708604813 0.05455309525132179 0.0 0.0 0.0 0.0 0.0 0.0 0.0 0.0 0.0 0.0 0.0 0.0 0.0 0.0 0.0 0.0 0.0 0.0 0.0 0.0 0.0 0.0 0.0 0.0 0.0 0.0 0.0
0.7476333975791931 0.028260862454771996 0.020908888429403305 0.04276476800441742 0.10563496500253677 0.05479429289698601 0.0 0.0 0.0 0.0 0.0 0.0 0.0 0.0 0.0 0.0 0.0 0.0 0.0 0.0 0.0 0.0 0.0 0.0 0.0 0.0 0.0 0.0 0.0 0.0 0.0 0.0
0.7335547804832458 0.026975659653544426 0.016276508569717407 0.021360665559768677 0.04467368870973587 0.10630740225315094 0.0508551225066185 0.0 0.0 0.0 0.0 0.0 0.0 0.0 0.0 0.0 0.0 0.0 0.0 0.0 0.0 0.0 0.0 0.0 0.0 0.0 0.0 0.0 0.0 0.0 0.0 0.0
0.7202617526054382 0.02715878188610077 0.0145997554063797 0.016386084258556366 0.01998799853026867 0.04387030377984047 0.11112454533576965 0.04661332070827484 0.0 0.0 0.0 0.0 0.0 0.0 0.0 0.0 0.0 0.0 0.0 0.0 0.0 0.0 0.0 0.0 0.0 0.0 0.0 0.0 0.0 0.0 0.0 0.0
0.7068201303482056 0.026901589706540108 0.014237291179597378 0.015482557937502861 0.015919828787446022 0.019929662346839905 0.0415000393986702 0.11078398674726486 0.04842676967382431 0.0 0.0 0.0 0.0 0.0 0.0 0.0 0.0 0.0 0.0 0.0 0.0 0.0 0.0 0.0 0.0 0.0 0.0 0.0 0.0 0.0 0.0 0.0
0.7059499025344849 0.02343292348086834 0.013636085204780102 0.015363157726824284 0.014729497954249382 0.015398213639855385 0.020533990114927292 0.03853200376033783 0.10493090748786926 0.047491591423749924 0.0 0.0 0.0 0.0 0.0 0.0 0.0 0.0 0.0 0.0 0.0 0.0 0.0 0.0 0.0 0.0 0.0 0.0 0.0 0.0 0.0 0.0
0.6924473643302917 0.020588375627994537 0.01210434827953577 0.0147749288007617 0.01495716255158186 0.01473117247223854 0.01602798141539097 0.019345413893461227 0.0386352613568306 0.10797591507434845 0.04841206595301628 0.0 0.0 0.0 0.0 0.0 0.0 0.0 0.0 0.0 0.0 0.0 0.0 0.0 0.0 0.0 0.0 0.0 0.0 0.0 0.0 0.0
0.6875612139701843 0.020063726231455803 0.010721825063228607 0.013347379863262177 0.014833508059382439 0.015041031874716282 0.015440045855939388 0.015493166632950306 0.02016703598201275 0.0378674753010273 0.10146873444318771 0.047999173402786255 0.0 0.0 0.0 0.0 0.0 0.0 0.0 0.0 0.0 0.0 0.0 0.0 0.0 0.0 0.0 0.0 0.0 0.0 0.0 0.0
0.684844434261322 0.020496848970651627 0.010070424526929855 0.011306311003863811 0.012701965868473053 0.014658043161034584 0.015366614796221256 0.014790860004723072 0.015111258253455162 0.0195175651460886 0.0365440770983696 0.09538041055202484 0.04921403527259827 0.0 0.0 0.0 0.0 0.0 0.0 0.0 0.0 0.0 0.0 0.0 0.0 0.0 0.0 0.0 0.0 0.0 0.0 0.0
0.6770700812339783 0.02069103717803955 0.010713017545640469 0.011008045636117458 0.010841874405741692 0.01276366412639618 0.01481199823319912 0.014625291340053082 0.01433712337166071 0.015478585846722126 0.019180314615368843 0.03621711581945419 0.09476050734519958 0.04749954491853714 0.0 0.0 0.0 0.0 0.0 0.0 0.0 0.0 0.0 0.0 0.0 0.0 0.0 0.0 0.0 0.0 0.0 0.0
0.6642932891845703 0.01945839263498783 0.01109476201236248 0.011491837911307812 0.010277298279106617 0.010778382420539856 0.01343576144427061 0.014510110020637512 0.01471144612878561 0.014850100502371788 0.015167603269219398 0.018954340368509293 0.03777399659156799 0.09366334229707718 0.049541767686605453 0.0 0.0 0.0 0.0 0.0 0.0 0.0 0.0 0.0 0.0 0.0 0.0 0.0 0.0 0.0 0.0 0.0
0.64939945936203 0.016463695093989372 0.009939472191035748 0.011772355064749718 0.0111146941781044 0.01032694149762392 0.01119778212159872 0.012793516740202904 0.014370281249284744 0.015133505687117577 0.014164725318551064 0.015085652470588684 0.02024507150053978 0.0365038737654686 0.10411857813596725 0.047370653599500656 0.0 0.0 0.0 0.0 0.0 0.0 0.0 0.0 0.0 0.0 0.0 0.0 0.0 0.0 0.0 0.0
0.6463225483894348 0.01393767911940813 0.008238982409238815 0.011214676313102245 0.01139141246676445 0.010893571190536022 0.010700995102524757 0.010854741558432579 0.01287143025547266 0.014856250025331974 0.014692057855427265 0.014320927672088146 0.016159692779183388 0.019865084439516068 0.04019106924533844 0.09388146549463272 0.04960419237613678 0.0 0.0 0.0 0.0 0.0 0.0 0.0 0.0 0.0 0.0 0.0 0.0 0.0 0.0 0.0
0.6399773955345154 0.014256257563829422 0.006827713456004858 0.009048978798091412 0.011086767539381981 0.011575190350413322 0.011431054212152958 0.010374179109930992 0.010954342782497406 0.01332801952958107 0.015011506155133247 0.014847511425614357 0.015656527131795883 0.01576903462409973 0.020167924463748932 0.036172427237033844 0.0952061340212822 0.04830821603536606 0.0 0.0 0.0 0.0 0.0 0.0 0.0 0.0 0.0 0.0 0.0 0.0 0.0 0.0
0.6319912672042847 0.01605590246617794 0.006616130471229553 0.00758131081238389 0.009053214453160763 0.011016219854354858 0.011775156483054161 0.010846859775483608 0.010383873246610165 0.011446950025856495 0.01297233160585165 0.01499498263001442 0.01605045050382614 0.014827092178165913 0.01578667387366295 0.019431067630648613 0.03743350878357887 0.09322243928909302 0.04851507022976875 0.0 0.0 0.0 0.0 0.0 0.0 0.0 0.0 0.0 0.0 0.0 0.0 0.0
0.6171190738677979 0.018745800480246544 0.007450636476278305 0.0072634583339095116 0.007521520368754864 0.00923422072082758 0.011479697190225124 0.011355698108673096 0.01057615876197815 0.010856447741389275 0.010685816407203674 0.012583312578499317 0.016188910230994225 0.0151267284527421 0.01485421136021614 0.014942501671612263 0.019948314875364304 0.036733582615852356 0.09906652569770813 0.048269450664520264 0.0 0.0 0.0 0.0 0.0 0.0 0.0 0.0 0.0 0.0 0.0 0.0
0.6122004985809326 0.019386405125260353 0.008894500322639942 0.008159222081303596 0.0071006640791893005 0.0073582869954407215 0.009522615931928158 0.010845978744328022 0.011427899822592735 0.01086508296430111 0.01028498262166977 0.010870646685361862 0.014028210192918777 0.014808975160121918 0.015007670037448406 0.014297210611402988 0.015659362077713013 0.019574366509914398 0.03697865083813667 0.09511108696460724 0.04761677235364914 0.0 0.0 0.0 0.0 0.0 0.0 0.0 0.0 0.0 0.0 0.0
0.602170467376709 0.016628755256533623 0.009667289443314075 0.009762528352439404 0.007981323637068272 0.007003835868090391 0.007897277362644672 0.009046005085110664 0.011038399301469326 0.011604388244450092 0.010642594657838345 0.01048948708921671 0.011917486786842346 0.012980000115931034 0.014853366650640965 0.014699132181704044 0.014826944097876549 0.01563606783747673 0.019157396629452705 0.036760363727808 0.0973111242055893 0.04792603850364685 0.0 0.0 0.0 0.0 0.0 0.0 0.0 0.0 0.0 0.0
0.5898417234420776 0.012846156023442745 0.008463596925139427 0.010315248742699623 0.009783230721950531 0.0077423155307769775 0.007556884083896875 0.007450390141457319 0.009466027840971947 0.01139061152935028 0.01143024954944849 0.01060562115162611 0.01174276415258646 0.011147156357765198 0.014137963764369488 0.014362076297402382 0.0164035577327013 0.014645395800471306 0.014822146855294704 0.019380515441298485 0.03764001280069351 0.09958219528198242 0.04924356937408447 0.0 0.0 0.0 0.0 0.0 0.0 0.0 0.0 0.0
0.5874077677726746 0.010713419876992702 0.006253595929592848 0.009020579047501087 0.010052070021629333 0.009286843240261078 0.007827382534742355 0.006878737360239029 0.007305043283849955 0.009264067746698856 0.010980987921357155 0.01137852668762207 0.011301836930215359 0.010209023021161556 0.010924028232693672 0.012457418255507946 0.015074528753757477 0.014531192369759083 0.013885021209716797 0.014494597911834717 0.018816903233528137 0.03788098692893982 0.10690119862556458 0.04715486243367195 0.0 0.0 0.0 0.0 0.0 0.0 0.0 0.0
0.5899109244346619 0.010382265783846378 0.00502813933417201 0.006806881166994572 0.009435714222490788 0.009794622659683228 0.009413247928023338 0.007642238400876522 0.006705860607326031 0.0073715317994356155 0.008899465203285217 0.010761642828583717 0.012480834499001503 0.010953783057630062 0.0102691063657403 0.010354488156735897 0.013312657363712788 0.01425561960786581 0.014201936312019825 0.013902835547924042 0.014501596800982952 0.019133584573864937 0.03664478659629822 0.10105321556329727 0.046783316880464554 0.0 0.0 0.0 0.0 0.0 0.0 0.0
0.5846536159515381 0.01151276659220457 0.004925034940242767 0.0056047760881483555 0.006696000229567289 0.008739887736737728 0.010046967305243015 0.008880885317921638 0.007551222573965788 0.007005181163549423 0.007183075416833162 0.008929798379540443 0.011689189821481705 0.011238398030400276 0.010545779019594193 0.009815131314098835 0.011150683276355267 0.012518426403403282 0.013917270116508007 0.014168089255690575 0.013610231690108776 0.014479178935289383 0.018709318712353706 0.03656284138560295 0.10281559824943542 0.047048330307006836 0.0 0.0 0.0 0.0 0.0 0.0
0.5832175016403198 0.0125243766233325 0.0053197117522358894 0.005415773950517178 0.0053823357447981834 0.0064818477258086205 0.008950372226536274 0.009649321436882019 0.008872434496879578 0.007632887922227383 0.006622097920626402 0.007070764899253845 0.00942015927284956 0.010955964215099812 0.011178361251950264 0.010278437286615372 0.01010635495185852 0.010574261657893658 0.011968890205025673 0.014103366062045097 0.01393666211515665 0.01356054749339819 0.01409876812249422 0.018016589805483818 0.03529789671301842 0.10262690484523773 0.04673764109611511 0.0 0.0 0.0 0.0 0.0
0.5711027979850769 0.012018676847219467 0.006425061728805304 0.0063019003719091415 0.005275727715343237 0.005389512982219458 0.006945373490452766 0.008534644730389118 0.00978490337729454 0.009257547557353973 0.007548363879323006 0.006720331963151693 0.008183496072888374 0.009225252084434032 0.011067195795476437 0.01108141615986824 0.01125450897961855 0.0102513013407588 0.010317697189748287 0.01271386444568634 0.014143719337880611 0.014598626643419266 0.013544110581278801 0.014749864116311073 0.018079815432429314 0.03571104630827904 0.10191134363412857 0.047858480364084244 0.0 0.0 0.0 0.0
0.5622549057006836 0.010778997093439102 0.006386248394846916 0.006952598690986633 0.0057744234800338745 0.00539127504453063 0.005545674357563257 0.00654269615188241 0.008634423837065697 0.010146520100533962 0.009113515727221966 0.0076734875328838825 0.007305755279958248 0.007283828686922789 0.008874691091477871 0.01065954938530922 0.011422005482017994 0.010532079264521599 0.009727059863507748 0.01038252841681242 0.011999095790088177 0.014017146080732346 0.013999000191688538 0.013890601694583893 0.014143665321171284 0.018047742545604706 0.03683188557624817 0.10898876190185547 0.046701885759830475 0.0 0.0 0.0
0.5609822273254395 0.010667853988707066 0.005870536435395479 0.007174833212047815 0.006812817417085171 0.006063780281692743 0.005570532288402319 0.005330138839781284 0.0066156829707324505 0.009178564883768559 0.010095489211380482 0.009071791544556618 0.008415061980485916 0.007010987494140863 0.007474057376384735 0.008848380297422409 0.011275187134742737 0.011387552134692669 0.01022067666053772 0.009843533858656883 0.010333606973290443 0.012524210847914219 0.014027669094502926 0.01444876566529274 0.013508111238479614 0.014375039376318455 0.018573947250843048 0.03660280629992485 0.1007242426276207 0.046970292925834656 0.0 0.0
0.5587419867515564 0.01175358984619379 0.0053581418469548225 0.006423330400139093 0.007032111752778292 0.006855430547147989 0.0063535128720104694 0.005307483486831188 0.005397656001150608 0.0069001042284071445 0.008652555756270885 0.009882111102342606 0.010051250457763672 0.007957488298416138 0.007244633510708809 0.007137814536690712 0.009378240443766117 0.01124265231192112 0.010922661982476711 0.010463589802384377 0.00991737563163042 0.010756528936326504 0.012130146846175194 0.01416801568120718 0.013976139016449451 0.013863496482372284 0.014481338672339916 0.01801595464348793 0.03635920211672783 0.0971042588353157 0.046172160655260086 0.0
0.5540165305137634 0.01363715622574091 0.005360946524888277 0.005843908526003361 0.006181806791573763 0.006873351987451315 0.007504223845899105 0.005931281019002199 0.005238648504018784 0.005588163621723652 0.006524345837533474 0.008522938936948776 0.010788616724312305 0.009143216535449028 0.0077523221261799335 0.006635400466620922 0.00777363171800971 0.009334706701338291 0.010497698560357094 0.011914855800569057 0.010189693421125412 0.009969770908355713 0.010202561505138874 0.012378198094666004 0.013629956170916557 0.014109384268522263 0.014159061014652252 0.013767377473413944 0.01810181699693203 0.03549689054489136 0.09692548960447311 0.04600270837545395
