1.0 0.0 0.0 0.0 0.0 0.0 0.0 0.0 0.0 0.0 0.0 0.0 0.0 0.0 0.0 0.0 0.0 0.0 0.0 0.0 0.0 0.0 0.0 0.0 0.0 0.0 0.0 0.0 0.0 0.0 0.0 0.0
0.9715308547019958 0.0284548569470644 0.0 0.0 0.0 0.0 0.0 0.0 0.0 0.0 0.0 0.0 0.0 0.0 0.0 0.0 0.0 0.0 0.0 0.0 0.0 0.0 0.0 0.0 0.0 0.0 0.0 0.0 0.0 0.0 0.0 0.0
0.9191932082176208 0.040697187185287476 0.040114935487508774 0.0 0.0 0.0 0.0 0.0 0.0 0.0 0.0 0.0 0.0 0.0 0.0 0.0 0.0 0.0 0.0 0.0 0.0 0.0 0.0 0.0 0.0 0.0 0.0 0.0 0.0 0.0 0.0 0.0
0.896174430847168 0.029969951137900352 0.0318731851875782 0.04198601469397545 0.0 0.0 0.0 0.0 0.0 0.0 0.0 0.0 0.0 0.0 0.0 0.0 0.0 0.0 0.0 0.0 0.0 0.0 0.0 0.0 0.0 0.0 0.0 0.0 0.0 0.0 0.0 0.0
0.8791677355766296 0.021698858588933945 0.025028904899954796 0.031643956899642944 0.042463671416044235 0.0 0.0 0.0 0.0 0.0 0.0 0.0 0.0 0.0 0.0 0.0 0.0 0.0 0.0 0.0 0.0 0.0 0.0 0.0 0.0 0.0 0.0 0.0 0.0 0.0 0.0 0.0
0.8634825348854065 0.016594810411334038 0.01862298510968685 0.025377444922924042 0.03152260556817055 0.0443958081305027 0.0 0.0 0.0 0.0 0.0 0.0 0.0 0.0 0.0 0.0 0.0 0.0 0.0 0.0 0.0 0.0 0.0 0.0 0.0 0.0 0.0 0.0 0.0 0.0 0.0 0.0
0.8621194362640381 0.011579430662095547 0.012874306179583073 0.01894928328692913 0.024313682690262794 0.030918346717953682 0.03924163803458214 0.0 0.0 0.0 0.0 0.0 0.0 0.0 0.0 0.0 0.0 0.0 0.0 0.0 0.0 0.0 0.0 0.0 0.0 0.0 0.0 0.0 0.0 0.0 0.0 0.0
0.8555540442466736 0.009799306280910969 0.010468979366123676 0.014535370282828808 0.01980423554778099 0.024119867011904716 0.027357658371329308 0.03836129233241081 0.0 0.0 0.0 0.0 0.0 0.0 0.0 0.0 0.0 0.0 0.0 0.0 0.0 0.0 0.0 0.0 0.0 0.0 0.0 0.0 0.0 0.0 0.0 0.0
0.8523775935173035 0.008286422118544579 0.008355478756129742 0.011186991818249226 0.014509576372802258 0.018696226179599762 0.022336557507514954 0.027066253125667572 0.03719060495495796 0.0 0.0 0.0 0.0 0.0 0.0 0.0 0.0 0.0 0.0 0.0 0.0 0.0 0.0 0.0 0.0 0.0 0.0 0.0 0.0 0.0 0.0 0.0
0.847177267074585 0.007276310119777918 0.006966249085962772 0.009172666817903519 0.011523243971168995 0.014771578833460808 0.01824403926730156 0.023160738870501518 0.02650914527475834 0.03520079702138901 0.0 0.0 0.0 0.0 0.0 0.0 0.0 0.0 0.0 0.0 0.0 0.0 0.0 0.0 0.0 0.0 0.0 0.0 0.0 0.0 0.0 0.0
0.8469566106796265 0.005733248312026262 0.005581538658589125 0.007564239669591188 0.009237553924322128 0.011185835115611553 0.013985018245875835 0.018024597316980362 0.02313990332186222 0.02437586896121502 0.03422224521636963 0.0 0.0 0.0 0.0 0.0 0.0 0.0 0.0 0.0 0.0 0.0 0.0 0.0 0.0 0.0 0.0 0.0 0.0 0.0 0.0 0.0
0.8386961817741394 0.0046252054162323475 0.004401420708745718 0.006280599627643824 0.008005666546523571 0.00924763921648264 0.011259564198553562 0.014372366480529308 0.019465604797005653 0.0224275104701519 0.02647101692855358 0.0347469188272953 0.0 0.0 0.0 0.0 0.0 0.0 0.0 0.0 0.0 0.0 0.0 0.0 0.0 0.0 0.0 0.0 0.0 0.0 0.0 0.0
0.8425130248069763 0.004192200489342213 0.0036610017996281385 0.005323103163391352 0.00658385781571269 0.007878958247601986 0.009650541469454765 0.01133603136986494 0.014815062284469604 0.017491254955530167 0.02119535580277443 0.02267671748995781 0.03267983719706535 0.0 0.0 0.0 0.0 0.0 0.0 0.0 0.0 0.0 0.0 0.0 0.0 0.0 0.0 0.0 0.0 0.0 0.0 0.0
0.8328795433044434 0.0036666477099061012 0.0032005743123590946 0.00455064233392477 0.0051694707944989204 0.00653129443526268 0.007696920074522495 0.009365198202431202 0.012830020859837532 0.014928656630218029 0.02003694698214531 0.02225232496857643 0.022948317229747772 0.03394420072436333 0.0 0.0 0.0 0.0 0.0 0.0 0.0 0.0 0.0 0.0 0.0 0.0 0.0 0.0 0.0 0.0 0.0 0.0
0.8309441208839417 0.0033054735977202654 0.00290130777284503 0.0038185433950275183 0.004520392511039972 0.005295237991958857 0.006233757361769676 0.0077802701853215694 0.01052317675203085 0.01164295244961977 0.015271044336259365 0.01975823938846588 0.021626412868499756 0.022499755024909973 0.03387482091784477 0.0 0.0 0.0 0.0 0.0 0.0 0.0 0.0 0.0 0.0 0.0 0.0 0.0 0.0 0.0 0.0 0.0
0.8266540169715881 0.002840377390384674 0.0024190719705075026 0.0030582640320062637 0.003758735954761505 0.004067085683345795 0.00526792835444212 0.006092051509767771 0.009539234451949596 0.009969774633646011 0.01359065156430006 0.01672499254345894 0.018607139587402344 0.020932206884026527 0.022898515686392784 0.03357822820544243 0.0 0.0 0.0 0.0 0.0 0.0 0.0 0.0 0.0 0.0 0.0 0.0 0.0 0.0 0.0 0.0
0.838330864906311 0.0022983888629823923 0.0019095703028142452 0.0024964918848127127 0.0030578100122511387 0.003396332962438464 0.004003617446869612 0.004772265907377005 0.006261184345930815 0.007362795528024435 0.009164187125861645 0.011388670653104782 0.01381157897412777 0.016794193536043167 0.020316975191235542 0.022059140726923943 0.03257967159152031 0.0 0.0 0.0 0.0 0.0 0.0 0.0 0.0 0.0 0.0 0.0 0.0 0.0 0.0 0.0
0.8282849192619324 0.002086379798129201 0.0015702183591201901 0.002001249697059393 0.002680063247680664 0.0031448795925825834 0.003383828094229102 0.004275416489690542 0.005348334088921547 0.0063984934240579605 0.00842724833637476 0.010267024859786034 0.011808991432189941 0.014530409127473831 0.017275318503379822 0.021530423313379288 0.023312320932745934 0.03367069736123085 0.0 0.0 0.0 0.0 0.0 0.0 0.0 0.0 0.0 0.0 0.0 0.0 0.0 0.0
0.8290877938270569 0.001876585534773767 0.0013681745622307062 0.0016275376547127962 0.0019916000310331583 0.0026517182122915983 0.0029106249567121267 0.0032674281392246485 0.003960327710956335 0.005327142775058746 0.006790938321501017 0.008443015627563 0.009348724968731403 0.011355610564351082 0.014577506110072136 0.018816689029335976 0.02165793441236019 0.02187284640967846 0.03306310996413231 0.0 0.0 0.0 0.0 0.0 0.0 0.0 0.0 0.0 0.0 0.0 0.0 0.0
0.8273137211799622 0.0019423404010012746 0.001194292213767767 0.0014265814097598195 0.001890201703645289 0.002220247872173786 0.0024560715537518263 0.002783046802505851 0.0036131921224296093 0.004042253829538822 0.005238892510533333 0.006413156632333994 0.007832474075257778 0.009189175441861153 0.011095549911260605 0.014547436498105526 0.01706620119512081 0.022505424916744232 0.022331735119223595 0.0348966084420681 0.0 0.0 0.0 0.0 0.0 0.0 0.0 0.0 0.0 0.0 0.0 0.0
0.8318243026733398 0.001798772718757391 0.0011475109495222569 0.0012528299121186137 0.001475929981097579 0.0017253976548090577 0.0020467687863856554 0.0024199483450502157 0.0029592765495181084 0.0033289291895926 0.0038308000657707453 0.004838714841753244 0.006184650585055351 0.0073354002088308334 0.009282181970775127 0.011316650547087193 0.013559611514210701 0.016853654757142067 0.02077043056488037 0.02261844091117382 0.033429551869630814 0.0 0.0 0.0 0.0 0.0 0.0 0.0 0.0 0.0 0.0 0.0
0.8244246244430542 0.0016219726530835032 0.001129955518990755 0.0012583400821313262 0.0013793156249448657 0.001536515192128718 0.001832050271332264 0.0022546981927007437 0.002682398073375225 0.003182035870850086 0.0037483940832316875 0.003982928581535816 0.0048741865903139114 0.006521732546389103 0.009769064374268055 0.009489914402365685 0.011569580063223839 0.01423722691833973 0.017201188951730728 0.021166551858186722 0.023094844073057175 0.03304367884993553 0.0 0.0 0.0 0.0 0.0 0.0 0.0 0.0 0.0 0.0
0.8231676816940308 0.0014045502757653594 0.001005268655717373 0.0011166688054800034 0.0012224761303514242 0.0013030391419306397 0.0014836082700639963 0.001939320471137762 0.002434817375615239 0.0026267031207680702 0.00340574374422431 0.0033660843037068844 0.003690289333462715 0.004731832537800074 0.006223665084689856 0.007866381667554379 0.009072008542716503 0.011278358288109303 0.013780148699879646 0.018249686807394028 0.020919114351272583 0.023142484948039055 0.03656711056828499 0.0 0.0 0.0 0.0 0.0 0.0 0.0 0.0 0.0
0.8231135010719299 0.0011615200201049447 0.0008536741370335221 0.0011226203059777617 0.0013350488152354956 0.00140504096634686 0.0012900346191599965 0.0013793457765132189 0.0023009320721030235 0.002106959233060479 0.003277217736467719 0.0035819662734866142 0.0033537251874804497 0.0036379231605678797 0.004697204567492008 0.006811906583607197 0.007413090672343969 0.009847902692854404 0.010842726565897465 0.015357560478150845 0.01781427301466465 0.020843304693698883 0.022718533873558044 0.03372994065284729 0.0 0.0 0.0 0.0 0.0 0.0 0.0 0.0
0.8295285105705261 0.0009796189842745662 0.000686638755723834 0.0009021738078445196 0.0010447214590385556 0.0010753533570095897 0.0011165501782670617 0.0011726326774805784 0.0013509633718058467 0.0015595342265442014 0.0018031849758699536 0.0023342922795563936 0.0025175148621201515 0.002881535328924656 0.0035971091128885746 0.004727132618427277 0.00566861592233181 0.007262032479047775 0.008832351304590702 0.011057982221245766 0.014190925285220146 0.01834046095609665 0.02270902320742607 0.021622201427817345 0.033042799681425095 0.0 0.0 0.0 0.0 0.0 0.0 0.0
0.8300665616989136 0.0008466165163554251 0.0005637211143039167 0.0006845162133686244 0.0009051820961758494 0.0010150570888072252 0.0010926940012723207 0.00106553896330297 0.001253423048183322 0.0013182336697354913 0.0014473946066573262 0.0018659292254596949 0.0021582769695669413 0.00273318262770772 0.0029678521677851677 0.0036083636805415154 0.0045967791229486465 0.006107925437390804 0.007374483626335859 0.009221887215971947 0.011539647355675697 0.014458676800131798 0.01783745177090168 0.020742245018482208 0.021741580218076706 0.03278343379497528 0.0 0.0 0.0 0.0 0.0 0.0
0.8302671909332275 0.0009290379239246249 0.0005624827463179827 0.0006214067107066512 0.0007311935187317431 0.0008804149692878127 0.0010411073453724384 0.001083224080502987 0.0011707384837791324 0.0011557135730981827 0.001422212808392942 0.0016193626215681434 0.0018752551404759288 0.0022852541878819466 0.0026012046728283167 0.003122311783954501 0.003666148753836751 0.00456778472289443 0.005978823639452457 0.007246318273246288 0.008702167309820652 0.011173940263688564 0.013592886738479137 0.017512841150164604 0.020495746284723282 0.022718818858265877 0.03297591581940651 0.0 0.0 0.0 0.0 0.0
0.8254438638687134 0.0008188524516299367 0.0004992313333787024 0.0005316056776791811 0.0006336307851597667 0.0007256601238623261 0.0008332217112183571 0.000951784779317677 0.0010841013863682747 0.001066299038939178 0.0011463479604572058 0.001277501112781465 0.0015115798451006413 0.0016854344867169857 0.0021817763336002827 0.0025285554584115744 0.0030914912931621075 0.003676994238048792 0.004579310771077871 0.005909813567996025 0.007388582453131676 0.009398628026247025 0.01110119465738535 0.014304500073194504 0.017966218292713165 0.021632453426718712 0.024682968854904175 0.033351365476846695 0.0 0.0 0.0 0.0
0.8271871209144592 0.0006268084398470819 0.00042692836723290384 0.0004635217192117125 0.0005268771201372147 0.0005775719182565808 0.0007216535159386694 0.0007970688166096807 0.0009692945168353617 0.0009897369891405106 0.0009913500398397446 0.000998379080556333 0.001177239348180592 0.0014075922081246972 0.0016847942024469376 0.0021507686469703913 0.002575826831161976 0.0030163440387696028 0.0036470151972025633 0.0050223469734191895 0.006653854623436928 0.007560815662145615 0.00933358259499073 0.01211458258330822 0.013731244951486588 0.01867418736219406 0.021225087344646454 0.022117039188742638 0.03263227269053459 0.0 0.0 0.0
0.8301100730895996 0.0005261845653876662 0.00034581852378323674 0.00043258830555714667 0.0004918093327432871 0.0005568793276324868 0.000620346050709486 0.0006995925796218216 0.0008393255993723869 0.0008918685489334166 0.0009977612644433975 0.0010246298043057323 0.0010929455747827888 0.0012366599403321743 0.001385434647090733 0.0018029985949397087 0.0020532114431262016 0.002463888842612505 0.0030532628297805786 0.0036431027110666037 0.004896284081041813 0.006107120309025049 0.007377013564109802 0.009327792562544346 0.010861802846193314 0.014200248755514622 0.017658280208706856 0.020567143335938454 0.022199291735887527 0.032534677535295486 0.0 0.0
0.8270643353462219 0.00047691931831650436 0.0003135322767775506 0.0003599972405936569 0.00042158743599429727 0.000539407308679074 0.0005703684291802347 0.000623671046923846 0.0006491669919341803 0.0008083191933110356 0.0010569560108706355 0.0009566333028487861 0.0009971385588869452 0.0010863430798053741 0.0016286795726045966 0.0014660583110526204 0.0017085815779864788 0.0022185477428138256 0.0026215598918497562 0.0028968059923499823 0.0036540578585118055 0.004783120471984148 0.007550504058599472 0.007920821197330952 0.008882801979780197 0.011774539016187191 0.014296757988631725 0.01757258176803589 0.020324768498539925 0.02189783751964569 0.03287361562252045 0.0
0.8284704089164734 0.0004572762409225106 0.00023478617367800325 0.0002753168228082359 0.0004036238824483007 0.0008307996322400868 0.0005092909559607506 0.0005609338986687362 0.0006575617007911205 0.000641467806417495 0.0007641965057700872 0.0008492606575600803 0.0009312054025940597 0.0010356694692745805 0.001101382658816874 0.0011380838695913553 0.0015106101054698229 0.0017949140165001154 0.002180652227252722 0.002568126656115055 0.0029850476421415806 0.003831702284514904 0.004628474824130535 0.00617694016546011 0.007539866492152214 0.00956159457564354 0.011196798644959927 0.014154486358165741 0.017504632472991943 0.02018708549439907 0.022510595619678497 0.03281380236148834
