1.0 0.0 0.0 0.0 0.0 0.0 0.0 0.0 0.0 0.0 0.0 0.0 0.0 0.0 0.0 0.0 0.0 0.0 0.0 0.0 0.0 0.0 0.0 0.0 0.0 0.0 0.0 0.0 0.0 0.0 0.0 0.0
0.978133499622345 0.021835818886756897 0.0 0.0 0.0 0.0 0.0 0.0 0.0 0.0 0.0 0.0 0.0 0.0 0.0 0.0 0.0 0.0 0.0 0.0 0.0 0.0 0.0 0.0 0.0 0.0 0.0 0.0 0.0 0.0 0.0 0.0
0.8977956771850586 0.07011288404464722 0.03209419921040535 0.0 0.0 0.0 0.0 0.0 0.0 0.0 0.0 0.0 0.0 0.0 0.0 0.0 0.0 0.0 0.0 0.0 0.0 0.0 0.0 0.0 0.0 0.0 0.0 0.0 0.0 0.0 0.0 0.0
0.867801308631897 0.020734582096338272 0.08759353309869766 0.023866070434451103 0.0 0.0 0.0 0.0 0.0 0.0 0.0 0.0 0.0 0.0 0.0 0.0 0.0 0.0 0.0 0.0 0.0 0.0 0.0 0.0 0.0 0.0 0.0 0.0 0.0 0.0 0.0 0.0
0.887121856212616 0.003073838073760271 0.024324484169483185 0.06158814579248428 0.02388937771320343 0.0 0.0 0.0 0.0 0.0 0.0 0.0 0.0 0.0 0.0 0.0 0.0 0.0 0.0 0.0 0.0 0.0 0.0 0.0 0.0 0.0 0.0 0.0 0.0 0.0 0.0 0.0
0.9021278023719788 0.0007400420145131648 0.003807154018431902 0.015981901437044144 0.05324053019285202 0.024101652204990387 0.0 0.0 0.0 0.0 0.0 0.0 0.0 0.0 0.0 0.0 0.0 0.0 0.0 0.0 0.0 0.0 0.0 0.0 0.0 0.0 0.0 0.0 0.0 0.0 0.0 0.0
0.9085075855255127 0.0004711500077974051 0.0008191308588720858 0.0025678477250039577 0.013480642810463905 0.05005417764186859 0.024098966270685196 0.0 0.0 0.0 0.0 0.0 0.0 0.0 0.0 0.0 0.0 0.0 0.0 0.0 0.0 0.0 0.0 0.0 0.0 0.0 0.0 0.0 0.0 0.0 0.0 0.0
0.9091240167617798 0.0007017079624347389 0.0005566430045291781 0.0006285638664849102 0.0023379563353955746 0.012707085348665714 0.05002494901418686 0.023923100903630257 0.0 0.0 0.0 0.0 0.0 0.0 0.0 0.0 0.0 0.0 0.0 0.0 0.0 0.0 0.0 0.0 0.0 0.0 0.0 0.0 0.0 0.0 0.0 0.0
0.9074273705482483 0.0011357845505699515 0.000944363244343549 0.0005014307098463178 0.0006642091320827603 0.0020512142218649387 0.01239373255521059 0.05245240777730942 0.02243475429713726 0.0 0.0 0.0 0.0 0.0 0.0 0.0 0.0 0.0 0.0 0.0 0.0 0.0 0.0 0.0 0.0 0.0 0.0 0.0 0.0 0.0 0.0 0.0
0.9138671159744263 0.0007824589847587049 0.0016737371915951371 0.0008961899438872933 0.0005107018514536321 0.0006012435187585652 0.0021068581845611334 0.011473427526652813 0.04588582366704941 0.022203098982572556 0.0 0.0 0.0 0.0 0.0 0.0 0.0 0.0 0.0 0.0 0.0 0.0 0.0 0.0 0.0 0.0 0.0 0.0 0.0 0.0 0.0 0.0
0.9142966270446777 0.0002640961902216077 0.0012060265289619565 0.0016430452233180404 0.0009274977492168546 0.0004871691344305873 0.0007091647712513804 0.001811757916584611 0.011108688078820705 0.04467138275504112 0.022872259840369225 0.0 0.0 0.0 0.0 0.0 0.0 0.0 0.0 0.0 0.0 0.0 0.0 0.0 0.0 0.0 0.0 0.0 0.0 0.0 0.0 0.0
0.9148206114768982 0.00012277427595108747 0.00041332151158712804 0.0012311404570937157 0.0016176272183656693 0.0008943969733081758 0.0005751646822318435 0.0005813345196656883 0.00178849371150136 0.011017439886927605 0.04528563842177391 0.021655060350894928 0.0 0.0 0.0 0.0 0.0 0.0 0.0 0.0 0.0 0.0 0.0 0.0 0.0 0.0 0.0 0.0 0.0 0.0 0.0 0.0
0.9160597324371338 0.00015395010996144265 0.00019673076167237014 0.0004706766048911959 0.0012226806720718741 0.0015741429524496198 0.0009362582350149751 0.00045460567343980074 0.0005860354285687208 0.0018392974743619561 0.010768876411020756 0.04428970813751221 0.021448655053973198 0.0 0.0 0.0 0.0 0.0 0.0 0.0 0.0 0.0 0.0 0.0 0.0 0.0 0.0 0.0 0.0 0.0 0.0 0.0
0.918134331703186 0.0004208754689898342 0.0002366428088862449 0.0002424609992885962 0.0005138500710017979 0.0012544109486043453 0.0016661799745634198 0.0009158355533145368 0.0004647408495657146 0.0005853120819665492 0.0017688062507659197 0.010404623113572598 0.041450135409832 0.021945098415017128 0.0 0.0 0.0 0.0 0.0 0.0 0.0 0.0 0.0 0.0 0.0 0.0 0.0 0.0 0.0 0.0 0.0 0.0
0.9153085947036743 0.0010005705989897251 0.000548104930203408 0.0002576233819127083 0.00027006922755390406 0.0005174715770408511 0.0013489562552422285 0.0015415155794471502 0.0008144362363964319 0.0004635616787709296 0.000512513448484242 0.0017009988659992814 0.010153507813811302 0.04356493428349495 0.02200382575392723 0.0 0.0 0.0 0.0 0.0 0.0 0.0 0.0 0.0 0.0 0.0 0.0 0.0 0.0 0.0 0.0 0.0
0.9162973761558533 0.0010220432886853814 0.0013334256364032626 0.0006045997142791748 0.0003028332139365375 0.00029051603632979095 0.000594029319472611 0.001247380394488573 0.0014533655485138297 0.0008309462573379278 0.0004456496681086719 0.0005685920477844775 0.0017831346485763788 0.010240159928798676 0.04174664989113808 0.021240560337901115 0.0 0.0 0.0 0.0 0.0 0.0 0.0 0.0 0.0 0.0 0.0 0.0 0.0 0.0 0.0 0.0
0.9156421422958374 0.00044057436753064394 0.0013770709047093987 0.0013695217203348875 0.0006182064535096288 0.00032870948780328035 0.0003329681057948619 0.0005256030126474798 0.0011417986825108528 0.0014119796687737107 0.0007920950301922858 0.0004486836842261255 0.0005503957509063184 0.0016544206300750375 0.010730813257396221 0.040953367948532104 0.021676328033208847 0.0 0.0 0.0 0.0 0.0 0.0 0.0 0.0 0.0 0.0 0.0 0.0 0.0 0.0 0.0
0.9159358143806458 0.00019372126553207636 0.000586101203225553 0.0014871000312268734 0.0013646011939272285 0.0006433328380808234 0.00037666899152100086 0.00029847712721675634 0.0005075142253190279 0.0011399362701922655 0.0014021283714100718 0.0008017323561944067 0.00044524489203467965 0.0005727827665396035 0.0017551460769027472 0.009934132918715477 0.041194457560777664 0.021353695541620255 0.0 0.0 0.0 0.0 0.0 0.0 0.0 0.0 0.0 0.0 0.0 0.0 0.0 0.0
0.9162643551826477 0.0001856789895100519 0.0002579381107352674 0.0006675042677670717 0.001469481736421585 0.0013451915001496673 0.000679872406180948 0.00032320062746293843 0.0002842513786163181 0.000507397809997201 0.0011362329823896289 0.0013790318043902516 0.0008141788421198726 0.00048450875328853726 0.0005495084915310144 0.0015476617263630033 0.009595020674169064 0.04123663529753685 0.02127704955637455 0.0 0.0 0.0 0.0 0.0 0.0 0.0 0.0 0.0 0.0 0.0 0.0 0.0
0.9170074462890625 0.0003439022693783045 0.00022573897149413824 0.0003337839152663946 0.0007205663132481277 0.0014389727730304003 0.001476819976232946 0.0006376811070367694 0.0003166922542732209 0.0002896693185903132 0.000505367002915591 0.0010879994370043278 0.0014150739880278707 0.0008283291244879365 0.000491861836053431 0.0005133338272571564 0.0017269258387386799 0.00957565475255251 0.040169015526771545 0.020894676446914673 0.0 0.0 0.0 0.0 0.0 0.0 0.0 0.0 0.0 0.0 0.0 0.0
0.9173728823661804 0.0006734665366820991 0.00040329498006030917 0.00027691060677170753 0.0003629686252679676 0.00074279576074332 0.0015096423448994756 0.0013252099743112922 0.0006207950646057725 0.0003219190693926066 0.0002850104356184602 0.0004852062265854329 0.0011256926227360964 0.0013700302224606276 0.0008509254548698664 0.00042139404104091227 0.0005311670247465372 0.0015740167582407594 0.009786911308765411 0.03877837955951691 0.02118217758834362 0.0 0.0 0.0 0.0 0.0 0.0 0.0 0.0 0.0 0.0 0.0
0.9161913394927979 0.0007209207979030907 0.0007920717471279204 0.0004813508421648294 0.000321197701850906 0.000377916032448411 0.0008058145176619291 0.001404172508046031 0.0012448925990611315 0.0006112709525041282 0.0003157248720526695 0.00027780921664088964 0.0005001514218747616 0.0011038356460630894 0.0014207040658220649 0.0007627843879163265 0.0005050650215707719 0.0005568361957557499 0.0016322542214766145 0.00942589808255434 0.04022880643606186 0.020322078838944435 0.0 0.0 0.0 0.0 0.0 0.0 0.0 0.0 0.0 0.0
0.917136549949646 0.00041367302765138447 0.0009014089009724557 0.0008696229779161513 0.0004975810297764838 0.0003373581566847861 0.00042469697655178607 0.0007460481720045209 0.0013409166131168604 0.001231060130521655 0.0006105497595854104 0.0003125232760794461 0.00030750202131457627 0.0004973621107637882 0.0011679072631523013 0.0012825351441279054 0.0008531921776011586 0.00041231163777410984 0.0005682259798049927 0.0016033429419621825 0.009296606294810772 0.038217999041080475 0.02097238041460514 0.0 0.0 0.0 0.0 0.0 0.0 0.0 0.0 0.0
0.9168811440467834 0.0002469027822371572 0.0005722154746763408 0.0010607611620798707 0.0009128157398663461 0.0005245108040980995 0.0003801626735366881 0.00038264875183813274 0.0007030419073998928 0.0013193655759096146 0.0011977374088019133 0.0006167860701680183 0.0003341618285048753 0.0002955288509838283 0.0005695471190847456 0.001052798586897552 0.00144654989708215 0.0007423108327202499 0.0004478887713048607 0.0005150288343429565 0.0014481059042736888 0.009032928384840488 0.03874346986413002 0.020572097972035408 0.0 0.0 0.0 0.0 0.0 0.0 0.0 0.0
0.9150583744049072 0.00025996295153163373 0.00034695540671236813 0.0007060214993543923 0.001099096261896193 0.0009578965837135911 0.0005932184285484254 0.0003563200880307704 0.0003612483269535005 0.0007040494820103049 0.0012747729197144508 0.0011774933664128184 0.0006255510379560292 0.0003278692893218249 0.0003141534107271582 0.0004758617142215371 0.0012087778886780143 0.001246025669388473 0.0008224666817113757 0.0004678753321059048 0.0005132906371727586 0.001676967367529869 0.009363526478409767 0.03914953023195267 0.020917894318699837 0.0 0.0 0.0 0.0 0.0 0.0 0.0
0.9157083630561829 0.00041747253271751106 0.00033614481799304485 0.0004553190665319562 0.0007694297819398344 0.0011167225893586874 0.0010249398183077574 0.0005359546048566699 0.0003229418070986867 0.00037076169974170625 0.0006777250091545284 0.001246473751962185 0.0012102682376280427 0.0006132457056082785 0.00036228226963430643 0.00028093435685150325 0.0005407278658822179 0.0009943082695826888 0.0014162736479192972 0.0007811692194081843 0.000420229829614982 0.0004962485400028527 0.0016235074726864696 0.009140740148723125 0.03842548653483391 0.020711256191134453 0.0 0.0 0.0 0.0 0.0 0.0
0.91353839635849 0.000687678752001375 0.0005134711973369122 0.00045649652020074427 0.0005160137079656124 0.0007949834689497948 0.0012321830727159977 0.000944320228882134 0.0005055069923400879 0.0003356011293362826 0.0003638016351033002 0.0006601503118872643 0.0012938125291839242 0.0011659669689834118 0.0006381671410053968 0.0003106452350039035 0.0003730927419383079 0.0004551227611955255 0.0010608602315187454 0.001310205552726984 0.0007435284205712378 0.00041272828821092844 0.0005449661402963102 0.0016238337848335505 0.009447186253964901 0.03958511725068092 0.020488867536187172 0.0 0.0 0.0 0.0 0.0
0.9131717085838318 0.0005871937028132379 0.0008195636910386384 0.0006475214031524956 0.0005078804679214954 0.0005382223171181977 0.0008857594802975655 0.0011093977373093367 0.0008841740200296044 0.0005111584905534983 0.0003295498318038881 0.0003516368742566556 0.0006852332735434175 0.0012456784024834633 0.0012341203400865197 0.0005807004636153579 0.0004254249797668308 0.00027653889264911413 0.0004945073160342872 0.0010606765281409025 0.001294104615226388 0.0007272210787050426 0.00046504833153449 0.0005345786339603364 0.0017363643273711205 0.009492112323641777 0.03862394765019417 0.020778585225343704 0.0 0.0 0.0 0.0
0.9127844572067261 0.0002058930549537763 0.0006742527475580573 0.0009243531967513263 0.0006924702320247889 0.0005228611989878118 0.0006327093578875065 0.0008298999164253473 0.0010547679848968983 0.0008921735570766032 0.00050048076082021 0.00032553603523410857 0.0003709025331772864 0.000674002745654434 0.0012892178492620587 0.0011088309111073613 0.0006538412999361753 0.0002987692423630506 0.00030243044602684677 0.0004832108970731497 0.001015234156511724 0.0012277814093977213 0.0007554285693913698 0.00044481546501629055 0.0005592118250206113 0.001726980204693973 0.008932024240493774 0.03991863131523132 0.02020149677991867 0.0 0.0 0.0
0.9137913584709167 7.436903251800686e-05 0.0002599463623482734 0.0007660870905965567 0.0009749552118591964 0.0007203352870419621 0.000602741027250886 0.0005701492191292346 0.0007782811881043017 0.0010660908883437514 0.0008932130294851959 0.0005087913013994694 0.0003459514118731022 0.0003742582048289478 0.0006989566027186811 0.001188015565276146 0.0012414224911481142 0.0005626901984214783 0.00032364760409109294 0.000286214635707438 0.0004690944333560765 0.0009898978751152754 0.001258302479982376 0.0007341932505369186 0.00042817843495868146 0.0006090969545766711 0.001616598223336041 0.009528824128210545 0.037736646831035614 0.020599713549017906 0.0 0.0
0.9146754145622253 6.904589099576697e-05 0.00010603774717310444 0.00033143447944894433 0.000805237446911633 0.0009993247222155333 0.0008071119664236903 0.0005571136134676635 0.0005602418095804751 0.0007913364679552615 0.0010470119304955006 0.0008767738472670317 0.0005305210943333805 0.00034016993595287204 0.00040391343645751476 0.0006492257816717029 0.0013139871880412102 0.0010811086976900697 0.0005959846894256771 0.000321744941174984 0.00027616714942269027 0.00046225631376728415 0.001054805121384561 0.0012104181805625558 0.0008448421722277999 0.00046498040319420397 0.0004981913371011615 0.0017718509770929813 0.00879523903131485 0.03742481768131256 0.020329395309090614 0.0
0.9133318066596985 0.00016315966786351055 0.00010072002623928711 0.00016170661547221243 0.0003604237863328308 0.0008295380976051092 0.0010554915061220527 0.0007428297540172935 0.0005461988039314747 0.0005542471189983189 0.0007641328847967088 0.0010059180203825235 0.0008833724423311651 0.0005072474014014006 0.00038165756268426776 0.00035448092967271805 0.0006917251739650965 0.0011263299966230989 0.0011388850398361683 0.000578776525799185 0.00030020985286682844 0.0002750055864453316 0.0005153263336978853 0.0009688607533462346 0.001324996235780418 0.000765399367082864 0.0004376620636321604 0.0005531271453946829 0.0014675603015348315 0.00904062855988741 0.03834157437086105 0.020736167207360268
