1.0 0.0 0.0 0.0 0.0 0.0 0.0 0.0 0.0 0.0 0.0 0.0 0.0 0.0 0.0 0.0 0.0 0.0 0.0 0.0 0.0 0.0 0.0 0.0 0.0 0.0 0.0 0.0 0.0 0.0 0.0 0.0
0.9775580167770386 0.0224467646330595 0.0 0.0 0.0 0.0 0.0 0.0 0.0 0.0 0.0 0.0 0.0 0.0 0.0 0.0 0.0 0.0 0.0 0.0 0.0 0.0 0.0 0.0 0.0 0.0 0.0 0.0 0.0 0.0 0.0 0.0
0.8884561061859131 0.07835748046636581 0.033184170722961426 0.0 0.0 0.0 0.0 0.0 0.0 0.0 0.0 0.0 0.0 0.0 0.0 0.0 0.0 0.0 0.0 0.0 0.0 0.0 0.0 0.0 0.0 0.0 0.0 0.0 0.0 0.0 0.0 0.0
0.8730573654174805 0.023040393367409706 0.07439587265253067 0.0295104943215847 0.0 0.0 0.0 0.0 0.0 0.0 0.0 0.0 0.0 0.0 0.0 0.0 0.0 0.0 0.0 0.0 0.0 0.0 0.0 0.0 0.0 0.0 0.0 0.0 0.0 0.0 0.0 0.0
0.8931077718734741 0.005243182182312012 0.019382622092962265 0.05433129146695137 0.027941128239035606 0.0 0.0 0.0 0.0 0.0 0.0 0.0 0.0 0.0 0.0 0.0 0.0 0.0 0.0 0.0 0.0 0.0 0.0 0.0 0.0 0.0 0.0 0.0 0.0 0.0 0.0 0.0
0.900520920753479 0.002343080472201109 0.004563821945339441 0.014199616387486458 0.050526175647974014 0.027842020615935326 0.0 0.0 0.0 0.0 0.0 0.0 0.0 0.0 0.0 0.0 0.0 0.0 0.0 0.0 0.0 0.0 0.0 0.0 0.0 0.0 0.0 0.0 0.0 0.0 0.0 0.0
0.9017282724380493 0.0020272773690521717 0.0022169933654367924 0.004020602907985449 0.013228763826191425 0.04917994886636734 0.027593759819865227 0.0 0.0 0.0 0.0 0.0 0.0 0.0 0.0 0.0 0.0 0.0 0.0 0.0 0.0 0.0 0.0 0.0 0.0 0.0 0.0 0.0 0.0 0.0 0.0 0.0
0.9027748703956604 0.0022353418171405792 0.0017880946397781372 0.0018230272689834237 0.0038151543121784925 0.013223487883806229 0.047544851899147034 0.026795677840709686 0.0 0.0 0.0 0.0 0.0 0.0 0.0 0.0 0.0 0.0 0.0 0.0 0.0 0.0 0.0 0.0 0.0 0.0 0.0 0.0 0.0 0.0 0.0 0.0
0.8991910219192505 0.002237653359770775 0.0018056207336485386 0.001415934762917459 0.0023822563234716654 0.005847465712577105 0.01244872435927391 0.047554466873407364 0.02711743675172329 0.0 0.0 0.0 0.0 0.0 0.0 0.0 0.0 0.0 0.0 0.0 0.0 0.0 0.0 0.0 0.0 0.0 0.0 0.0 0.0 0.0 0.0 0.0
0.9037750363349915 0.0014907079748809338 0.0017819992499426007 0.0014865149278193712 0.0012238563504070044 0.00184995261952281 0.0038232493679970503 0.012236705981194973 0.04592226818203926 0.026407945901155472 0.0 0.0 0.0 0.0 0.0 0.0 0.0 0.0 0.0 0.0 0.0 0.0 0.0 0.0 0.0 0.0 0.0 0.0 0.0 0.0 0.0 0.0
0.9010862112045288 0.0008989732014015317 0.0012726073618978262 0.0014247513609007 0.001355981221422553 0.001407943549565971 0.002555534476414323 0.004086959641426802 0.011815735138952732 0.04673749953508377 0.027359724044799805 0.0 0.0 0.0 0.0 0.0 0.0 0.0 0.0 0.0 0.0 0.0 0.0 0.0 0.0 0.0 0.0 0.0 0.0 0.0 0.0 0.0
0.9005339741706848 0.0007483285735361278 0.0008085016743279994 0.0010109452996402979 0.0013550790026783943 0.0013893916038796306 0.001142102642916143 0.002711163368076086 0.004275823477655649 0.01265127956867218 0.04592692479491234 0.027449315413832664 0.0 0.0 0.0 0.0 0.0 0.0 0.0 0.0 0.0 0.0 0.0 0.0 0.0 0.0 0.0 0.0 0.0 0.0 0.0 0.0
0.9022146463394165 0.0008129503694362938 0.0006274752086028457 0.0006229821010492742 0.0009514475823380053 0.0013238908722996712 0.0012647679541260004 0.0012925760820508003 0.0022113823797553778 0.003783801570534706 0.012834999710321426 0.04570714756846428 0.026351362466812134 0.0 0.0 0.0 0.0 0.0 0.0 0.0 0.0 0.0 0.0 0.0 0.0 0.0 0.0 0.0 0.0 0.0 0.0 0.0
0.9027562737464905 0.0010103624081239104 0.0007268350454978645 0.0004745071637444198 0.000553283141925931 0.0008971294155344367 0.0011897262884303927 0.0012244721874594688 0.001089436816982925 0.0019269594922661781 0.003571106120944023 0.012404616922140121 0.04463114216923714 0.02754543535411358 0.0 0.0 0.0 0.0 0.0 0.0 0.0 0.0 0.0 0.0 0.0 0.0 0.0 0.0 0.0 0.0 0.0 0.0
0.9042527675628662 0.0009264127002097666 0.0008993748924694955 0.0005272501730360091 0.00042225830839015543 0.0005477828090079129 0.0008378481143154204 0.0011751668062061071 0.0011592948576435447 0.0010508776176720858 0.0017793308943510056 0.003500068560242653 0.012593756429851055 0.043722838163375854 0.026605436578392982 0.0 0.0 0.0 0.0 0.0 0.0 0.0 0.0 0.0 0.0 0.0 0.0 0.0 0.0 0.0 0.0 0.0
0.9051408171653748 0.0005745441885665059 0.0008955236990004778 0.0006590349366888404 0.00045985932229086757 0.0004093743918929249 0.0005169787909835577 0.0008441043901257217 0.0011243127519264817 0.001128417206928134 0.0010634225327521563 0.0015959643060341477 0.0033529598731547594 0.011596626602113247 0.04415033012628555 0.02649020589888096 0.0 0.0 0.0 0.0 0.0 0.0 0.0 0.0 0.0 0.0 0.0 0.0 0.0 0.0 0.0 0.0
0.9043326377868652 0.0003135790175292641 0.0006324200076051056 0.0007697432884015143 0.0006228478159755468 0.0004444810620043427 0.0003866000333800912 0.0004982450045645237 0.0008044363930821419 0.0010867191012948751 0.0011992671061307192 0.0010035478044301271 0.001472696429118514 0.0033743479289114475 0.012255800887942314 0.04485184699296951 0.02594817988574505 0.0 0.0 0.0 0.0 0.0 0.0 0.0 0.0 0.0 0.0 0.0 0.0 0.0 0.0 0.0
0.9037824273109436 0.0002573126694187522 0.0003554377763066441 0.0005482217529788613 0.0007081066141836345 0.0005726938252337277 0.0004002553760074079 0.00036170551902614534 0.00047317746793851256 0.0007589302258566022 0.0011167936027050018 0.0011156444670632482 0.0009684485848993063 0.0014017930952832103 0.0031767417676746845 0.011834284290671349 0.043714508414268494 0.028452416881918907 0.0 0.0 0.0 0.0 0.0 0.0 0.0 0.0 0.0 0.0 0.0 0.0 0.0 0.0
0.9048947095870972 0.00035919222864322364 0.0002861713001038879 0.0003439908323343843 0.0005040847463533282 0.0006511519895866513 0.0005421372479759157 0.00040998158510774374 0.00036210898542776704 0.00044534503831528127 0.0008540356648154557 0.0010953906457871199 0.0010478757321834564 0.0009902415331453085 0.0017012280877679586 0.003171432763338089 0.011936111375689507 0.04453522339463234 0.025872904807329178 0.0 0.0 0.0 0.0 0.0 0.0 0.0 0.0 0.0 0.0 0.0 0.0 0.0
0.9079999327659607 0.0005458933301270008 0.00028506977832876146 0.00020812729781027883 0.00028212013421580195 0.0004364538181107491 0.0005706849624402821 0.0005035602953284979 0.00036105889012105763 0.0003381220158189535 0.00047220400301739573 0.000760679948143661 0.0010189360473304987 0.0010493174195289612 0.001021079020574689 0.0016239953693002462 0.003136936342343688 0.011817527934908867 0.041933849453926086 0.025635330006480217 0.0 0.0 0.0 0.0 0.0 0.0 0.0 0.0 0.0 0.0 0.0 0.0
0.908623218536377 0.0007957541383802891 0.000449233571998775 0.00022280288976617157 0.00019659160170704126 0.0002534746308811009 0.0004073681484442204 0.0005628453800454736 0.0004630490730050951 0.0003583848592825234 0.00033014934160746634 0.0004218152316752821 0.0006924514891579747 0.0009909463115036488 0.0010197667870670557 0.000946293817833066 0.0017761531053110957 0.003052312880754471 0.011205865070223808 0.041394345462322235 0.025835584849119186 0.0 0.0 0.0 0.0 0.0 0.0 0.0 0.0 0.0 0.0 0.0
0.9038342237472534 0.0007568311411887407 0.0006716531934216619 0.00034928336390294135 0.00020607780606951565 0.00017672021931502968 0.00023575250816065818 0.0004168901068624109 0.0005151363438926637 0.0004612966731656343 0.00036894864751957357 0.0003268931177444756 0.0004096637130714953 0.0006896784761920571 0.0009695606422610581 0.0009692253661341965 0.0009328204905614257 0.0016332713421434164 0.003013161476701498 0.011340491473674774 0.04597973823547363 0.025740865617990494 0.0 0.0 0.0 0.0 0.0 0.0 0.0 0.0 0.0 0.0
0.9068176746368408 0.0005633366527035832 0.000721831398550421 0.0005437821382656693 0.00030862315907143056 0.0001867789396783337 0.00016226885782089084 0.00023524589778389782 0.000375833798898384 0.0004969900473952293 0.00047133173211477697 0.00035481684608384967 0.00031883062911219895 0.0004298313579056412 0.0007017511525191367 0.0009400910930708051 0.0009807136375457048 0.0009326236904598773 0.001656851265579462 0.002958308206871152 0.01224799919873476 0.04201856255531311 0.02557975798845291 0.0 0.0 0.0 0.0 0.0 0.0 0.0 0.0 0.0
0.9055665135383606 0.0004631588526535779 0.0005896023358218372 0.0006102354382164776 0.0004654160002246499 0.00028830551309511065 0.00017560522246640176 0.00017334945732727647 0.00021622514759656042 0.0003842260339297354 0.000506725104060024 0.00045774856698699296 0.00033656833693385124 0.0003150588017888367 0.00042359312647022307 0.0006673955358564854 0.0009999610483646393 0.0009757679072208703 0.0008688794914633036 0.0014510785695165396 0.003283289959654212 0.01154994871467352 0.04305611923336983 0.02617744542658329 0.0 0.0 0.0 0.0 0.0 0.0 0.0 0.0
0.9061987400054932 0.0005142296431586146 0.0005067853489890695 0.0005228096852079034 0.0005254506249912083 0.00043531242408789694 0.0002640857419464737 0.00016473972937092185 0.00015455020184163004 0.00022189872106537223 0.0003822474100161344 0.0004999720258638263 0.0004321047745179385 0.00032293732510879636 0.0003251873713452369 0.0004080970538780093 0.000645951833575964 0.0009193537407554686 0.0009195057791657746 0.0009202065994031727 0.0018053425010293722 0.0031955961603671312 0.011561931110918522 0.04306720569729805 0.025084491819143295 0.0 0.0 0.0 0.0 0.0 0.0 0.0
0.9059653282165527 0.0007420724723488092 0.0005184274050407112 0.0003962976043112576 0.00043714663479477167 0.00048390988376922905 0.0003957547014579177 0.0002518762485124171 0.00016080746718216687 0.00015672024164814502 0.00021831145568285137 0.00035726508940570056 0.00045577995479106903 0.0004121640231460333 0.00031750902417115867 0.0002989948552567512 0.00040657835779711604 0.0006577536696568131 0.0008919304818846285 0.0009172121644951403 0.0009331678156740963 0.0018709305441007018 0.0031241571996361017 0.011427442543208599 0.042388666421175 0.025816133245825768 0.0 0.0 0.0 0.0 0.0 0.0
0.9018445611000061 0.0010067273396998644 0.0007285133469849825 0.0004401723272167146 0.00035447231493890285 0.0004012123681604862 0.00045855119242332876 0.000428055296652019 0.00025643286062404513 0.00016027115634642541 0.0001589902676641941 0.00022870622342452407 0.00034973697620444 0.00047998997615650296 0.0004189621249679476 0.0003268522850703448 0.0003097526205237955 0.0004196843656245619 0.0006648531998507679 0.000890127441380173 0.001017507747747004 0.000985387247055769 0.0018473719246685505 0.003228748682886362 0.011602623388171196 0.04509919136762619 0.02589457295835018 0.0 0.0 0.0 0.0 0.0
0.9057633280754089 0.000808279903139919 0.0009782552951946855 0.0005907817394472659 0.0003722241090144962 0.00033060903660953045 0.0003803464933298528 0.00043267884757369757 0.0003600289346650243 0.00023251035599969327 0.0001756995334289968 0.00016047304961830378 0.00019579625222831964 0.0003383773728273809 0.0004382066836114973 0.00040159537456929684 0.0002993707312270999 0.0003135465376544744 0.0003616728645283729 0.0005947481258772314 0.0009243391104973853 0.0009447886841371655 0.0009321761317551136 0.0018048787023872137 0.0031654213089495897 0.011834348551928997 0.041499096900224686 0.02536587603390217 0.0 0.0 0.0 0.0
0.9059410691261292 0.0004294083337299526 0.0007801299216225743 0.0007072826265357435 0.0004966010455973446 0.00034960839548148215 0.00030934519600123167 0.0003570809494704008 0.0003899982839357108 0.0003445805632509291 0.00023719333694316447 0.00016756747209001333 0.00014262979675550014 0.000198564535821788 0.0003219184873159975 0.0004298179119359702 0.0003781074774451554 0.0003025259939022362 0.00027008014149032533 0.0003549483371898532 0.0006057595601305366 0.0008936660597100854 0.0009183310903608799 0.0008864864939823747 0.0018786235013976693 0.0032303950283676386 0.011402955278754234 0.04162198305130005 0.02565840072929859 0.0 0.0 0.0
0.9050001502037048 0.00025445062783546746 0.00045827592839486897 0.0006281256210058928 0.0006200486095622182 0.00046157013275660574 0.0003354458895046264 0.00030051753856241703 0.0003365896118339151 0.0003864394093398005 0.00035122543340548873 0.00023973073984961957 0.00014170940266922116 0.00013820879394188523 0.0001899921626318246 0.00032409728737547994 0.00041596562368795276 0.0004040755738969892 0.0002917785313911736 0.0002678613527677953 0.0003703777038026601 0.0006101195467635989 0.0008811603765934706 0.000915386772248894 0.0009040830773301423 0.0017886869609355927 0.0029680279549211264 0.011093785986304283 0.04407845810055733 0.024840276688337326 0.0 0.0
0.907630205154419 0.00024244619999080896 0.000250799028435722 0.00035500392550602555 0.000522057933267206 0.0005836900090798736 0.00044146840809844434 0.00038309095543809235 0.0002996322000399232 0.00032809184631332755 0.000382330414140597 0.00035654279054142535 0.0002155286492779851 0.00014651913079433143 0.00013896227756049484 0.00019134682952426374 0.00030547718051820993 0.00045723465154878795 0.0004515419132076204 0.0002786076220218092 0.0003261979145463556 0.00037181060179136693 0.0005924078286625445 0.0008603088208474219 0.000947417167481035 0.0009306154097430408 0.0019621404353529215 0.003067567478865385 0.011694962158799171 0.04028712213039398 0.024996526539325714 0.0
0.9057418704032898 0.0003450725635048002 0.00020757353922817856 0.00020817085169255733 0.0002971169014927 0.0004948880523443222 0.0005647398065775633 0.0006430146750062704 0.00038554330240003765 0.0002750963030848652 0.0003282321849837899 0.00040024134796112776 0.0003183176158927381 0.00025745705352164805 0.00014101805572863668 0.00013196555664762855 0.00018961922614835203 0.0005115231033414602 0.001157089602202177 0.00035468346322886646 0.000757597154006362 0.0003408834745641798 0.00034229442826472223 0.0005902694538235664 0.0008891652687452734 0.0009005707688629627 0.0008952137432061136 0.0016551781445741653 0.0031329395715147257 0.010823076590895653 0.04196198284626007 0.024760408326983452
