1.0 0.0 0.0 0.0 0.0 0.0 0.0 0.0 0.0 0.0 0.0 0.0 0.0 0.0 0.0 0.0 0.0 0.0 0.0 0.0 0.0 0.0 0.0 0.0 0.0 0.0 0.0 0.0 0.0 0.0 0.0 0.0
0.801296591758728 0.19869926571846008 0.0 0.0 0.0 0.0 0.0 0.0 0.0 0.0 0.0 0.0 0.0 0.0 0.0 0.0 0.0 0.0 0.0 0.0 0.0 0.0 0.0 0.0 0.0 0.0 0.0 0.0 0.0 0.0 0.0 0.0
0.7850753664970398 0.031862277537584305 0.18306007981300354 0.0 0.0 0.0 0.0 0.0 0.0 0.0 0.0 0.0 0.0 0.0 0.0 0.0 0.0 0.0 0.0 0.0 0.0 0.0 0.0 0.0 0.0 0.0 0.0 0.0 0.0 0.0 0.0 0.0
0.74424147605896 0.019607694819569588 0.03664306551218033 0.1995118111371994 0.0 0.0 0.0 0.0 0.0 0.0 0.0 0.0 0.0 0.0 0.0 0.0 0.0 0.0 0.0 0.0 0.0 0.0 0.0 0.0 0.0 0.0 0.0 0.0 0.0 0.0 0.0 0.0
0.7231197953224182 0.01667643152177334 0.014788726344704628 0.03692080080509186 0.2084977626800537 0.0 0.0 0.0 0.0 0.0 0.0 0.0 0.0 0.0 0.0 0.0 0.0 0.0 0.0 0.0 0.0 0.0 0.0 0.0 0.0 0.0 0.0 0.0 0.0 0.0 0.0 0.0
0.709780752658844 0.017256099730730057 0.010558021254837513 0.013417532667517662 0.03493136167526245 0.21406041085720062 0.0 0.0 0.0 0.0 0.0 0.0 0.0 0.0 0.0 0.0 0.0 0.0 0.0 0.0 0.0 0.0 0.0 0.0 0.0 0.0 0.0 0.0 0.0 0.0 0.0 0.0
0.696161687374115 0.018529191613197327 0.011780144646763802 0.009852510876953602 0.013516366481781006 0.0335642546415329 0.21658913791179657 0.0 0.0 0.0 0.0 0.0 0.0 0.0 0.0 0.0 0.0 0.0 0.0 0.0 0.0 0.0 0.0 0.0 0.0 0.0 0.0 0.0 0.0 0.0 0.0 0.0
0.6848670840263367 0.018501674756407738 0.013285523280501366 0.010003602132201195 0.009338011965155602 0.01214410550892353 0.03181735426187515 0.22004349529743195 0.0 0.0 0.0 0.0 0.0 0.0 0.0 0.0 0.0 0.0 0.0 0.0 0.0 0.0 0.0 0.0 0.0 0.0 0.0 0.0 0.0 0.0 0.0 0.0
0.6692216396331787 0.017560645937919617 0.013722543604671955 0.01303313858807087 0.01070766244083643 0.009621507488191128 0.012353936210274696 0.03159287944436073 0.22218619287014008 0.0 0.0 0.0 0.0 0.0 0.0 0.0 0.0 0.0 0.0 0.0 0.0 0.0 0.0 0.0 0.0 0.0 0.0 0.0 0.0 0.0 0.0 0.0
0.6646437048912048 0.015397170558571815 0.010456099174916744 0.01220659725368023 0.012590783648192883 0.009858446195721626 0.009132483042776585 0.012034762650728226 0.03173373267054558 0.22194939851760864 0.0 0.0 0.0 0.0 0.0 0.0 0.0 0.0 0.0 0.0 0.0 0.0 0.0 0.0 0.0 0.0 0.0 0.0 0.0 0.0 0.0 0.0
0.6599252820014954 0.013813006691634655 0.00806991197168827 0.009242823347449303 0.01192323025316 0.011725443415343761 0.009389777667820454 0.008387096226215363 0.011205543763935566 0.030936788767576218 0.2253795713186264 0.0 0.0 0.0 0.0 0.0 0.0 0.0 0.0 0.0 0.0 0.0 0.0 0.0 0.0 0.0 0.0 0.0 0.0 0.0 0.0 0.0
0.6553545594215393 0.013141738250851631 0.006843474227935076 0.006683246232569218 0.00889800675213337 0.01146551501005888 0.011334262788295746 0.009116598404943943 0.009042203426361084 0.010747483000159264 0.03022991493344307 0.2271375209093094 0.0 0.0 0.0 0.0 0.0 0.0 0.0 0.0 0.0 0.0 0.0 0.0 0.0 0.0 0.0 0.0 0.0 0.0 0.0 0.0
0.649075984954834 0.01373772881925106 0.007141777779906988 0.00591856287792325 0.006729234009981155 0.008564583025872707 0.01108590979129076 0.010912531055510044 0.009023893624544144 0.00807891320437193 0.011033803224563599 0.031193220987915993 0.22750313580036163 0.0 0.0 0.0 0.0 0.0 0.0 0.0 0.0 0.0 0.0 0.0 0.0 0.0 0.0 0.0 0.0 0.0 0.0 0.0
0.6424079537391663 0.013615014031529427 0.00796531978994608 0.006351391784846783 0.00581868551671505 0.006329470779746771 0.00835285522043705 0.010935759171843529 0.01087912730872631 0.008862264454364777 0.007954537868499756 0.010616225190460682 0.0296650193631649 0.23024970293045044 0.0 0.0 0.0 0.0 0.0 0.0 0.0 0.0 0.0 0.0 0.0 0.0 0.0 0.0 0.0 0.0 0.0 0.0
0.6344501376152039 0.012916714884340763 0.007897636853158474 0.007251952774822712 0.006416348274797201 0.005851783789694309 0.006417718715965748 0.00820776168256998 0.011184059083461761 0.011000607162714005 0.009086556732654572 0.008884766139090061 0.010811861604452133 0.03086632303893566 0.22875595092773438 0.0 0.0 0.0 0.0 0.0 0.0 0.0 0.0 0.0 0.0 0.0 0.0 0.0 0.0 0.0 0.0 0.0
0.6266574859619141 0.0115504777058959 0.006448972504585981 0.007151911035180092 0.007337071467190981 0.0062796189449727535 0.005879237316548824 0.006229490973055363 0.008126076310873032 0.010850895196199417 0.011113978922367096 0.009225196205079556 0.00825572945177555 0.011280164122581482 0.030721956863999367 0.23289372026920319 0.0 0.0 0.0 0.0 0.0 0.0 0.0 0.0 0.0 0.0 0.0 0.0 0.0 0.0 0.0 0.0
0.62472003698349 0.010463856160640717 0.005214710719883442 0.005751891527324915 0.006825075950473547 0.00694675138220191 0.006268097087740898 0.00570278475061059 0.006259552668780088 0.008223922923207283 0.011109685525298119 0.01106153056025505 0.009088396094739437 0.008677535690367222 0.011697063222527504 0.03146492317318916 0.23052173852920532 0.0 0.0 0.0 0.0 0.0 0.0 0.0 0.0 0.0 0.0 0.0 0.0 0.0 0.0 0.0
0.6268525123596191 0.009597880765795708 0.004665084183216095 0.0045669120736420155 0.00540950195863843 0.006611064542084932 0.006826234981417656 0.005989798344671726 0.005601617973297834 0.006094542797654867 0.00824136845767498 0.010938160121440887 0.010736324824392796 0.008625984191894531 0.007698367349803448 0.010279803536832333 0.029377127066254616 0.23188693821430206 0.0 0.0 0.0 0.0 0.0 0.0 0.0 0.0 0.0 0.0 0.0 0.0 0.0 0.0
0.6202181577682495 0.009242529049515724 0.004829550161957741 0.004164561163634062 0.004350070841610432 0.005242065992206335 0.006495216395705938 0.0067892116494476795 0.006136000622063875 0.005728643387556076 0.00629870081320405 0.008323034271597862 0.01061340607702732 0.01087280921638012 0.008863643743097782 0.007990226149559021 0.010759088210761547 0.030476730316877365 0.23260542750358582 0.0 0.0 0.0 0.0 0.0 0.0 0.0 0.0 0.0 0.0 0.0 0.0 0.0
0.6104211211204529 0.009236319921910763 0.005477525759488344 0.004532375372946262 0.004042521584779024 0.0043875230476260185 0.005305667407810688 0.006491546984761953 0.006773929111659527 0.006280925590544939 0.005785275716334581 0.00645046541467309 0.0080972108989954 0.010585288517177105 0.010982074774801731 0.009135785512626171 0.008491198532283306 0.010810596868395805 0.03034222312271595 0.23637127876281738 0.0 0.0 0.0 0.0 0.0 0.0 0.0 0.0 0.0 0.0 0.0 0.0
0.6138799786567688 0.009208428673446178 0.004953498020768166 0.004748724400997162 0.004206541460007429 0.003830620786175132 0.004025917965918779 0.004994487389922142 0.006428185850381851 0.006884589325636625 0.006145604886114597 0.005550541449338198 0.005984305404126644 0.008019513450562954 0.010834220796823502 0.010824008844792843 0.008769660256803036 0.007818754762411118 0.010425019077956676 0.02970203384757042 0.23276084661483765 0.0 0.0 0.0 0.0 0.0 0.0 0.0 0.0 0.0 0.0 0.0
0.6104598641395569 0.009328220970928669 0.0039545525796711445 0.0043456763960421085 0.0045637269504368305 0.004168873652815819 0.0036479749251157045 0.0037876470014452934 0.004944984335452318 0.006438456475734711 0.006881180219352245 0.005981150083243847 0.005449777003377676 0.005924412980675697 0.007961527444422245 0.010635976679623127 0.010658926330506802 0.008582964539527893 0.007890922948718071 0.010461661033332348 0.029939468950033188 0.23399505019187927 0.0 0.0 0.0 0.0 0.0 0.0 0.0 0.0 0.0 0.0
0.6019337177276611 0.010047017596662045 0.003402483183890581 0.0034764553420245647 0.004462768789380789 0.004684101324528456 0.004010970704257488 0.0036056973040103912 0.004212344065308571 0.004978924989700317 0.006475380156189203 0.0072426688857376575 0.006148925982415676 0.005512562580406666 0.006381012033671141 0.00787122081965208 0.011381540447473526 0.011068317107856274 0.009109080769121647 0.009171323850750923 0.010874693281948566 0.029796302318572998 0.23415642976760864 0.0 0.0 0.0 0.0 0.0 0.0 0.0 0.0 0.0
0.6028788685798645 0.011341536417603493 0.003580176504328847 0.0028761778958141804 0.003268331754952669 0.004152508452534676 0.0043623545207083225 0.003803073428571224 0.003682023147121072 0.0037987048272043467 0.004949671216309071 0.00662335567176342 0.0069259884767234325 0.005904103629291058 0.005574000533670187 0.006003892049193382 0.008753024972975254 0.010859571397304535 0.010719288140535355 0.00883838627487421 0.008115370757877827 0.010413347743451595 0.03021993488073349 0.2323559820652008 0.0 0.0 0.0 0.0 0.0 0.0 0.0 0.0
0.5962826013565063 0.013006786815822124 0.004492282401770353 0.002996578346937895 0.0027581655886024237 0.0032984225545078516 0.004217879381030798 0.004133143927901983 0.00396448140963912 0.0037567170802503824 0.004484458360821009 0.004972805269062519 0.006723841652274132 0.006716411095112562 0.005960362032055855 0.005488292779773474 0.0064424569718539715 0.008605125360190868 0.010786011815071106 0.01068127155303955 0.008888954296708107 0.00787841435521841 0.010333724319934845 0.029596954584121704 0.2335343062877655 0.0 0.0 0.0 0.0 0.0 0.0 0.0
0.5912712812423706 0.014047255739569664 0.0062684486620128155 0.003977665212005377 0.00310125551186502 0.002889256924390793 0.0032471241429448128 0.003779839025810361 0.0042411149479448795 0.003881261218339205 0.003581814467906952 0.003804392646998167 0.0047723217867314816 0.006167611572891474 0.006514271721243858 0.005749687552452087 0.0054528010077774525 0.005970613099634647 0.0078622717410326 0.010372868739068508 0.010693561285734177 0.008771872147917747 0.008048340678215027 0.010710837319493294 0.030790822580456734 0.2340341955423355 0.0 0.0 0.0 0.0 0.0 0.0
0.5891521573066711 0.013447500765323639 0.006864095106720924 0.005479955114424229 0.0037039441522210836 0.0027333449106663465 0.0025824406184256077 0.002735285321250558 0.0036736694164574146 0.00420888839289546 0.003945756237953901 0.003437581704929471 0.0037026226054877043 0.004710376262664795 0.0062738279812037945 0.0065402439795434475 0.0060589672066271305 0.005667363293468952 0.006086129229515791 0.007920566014945507 0.010732697322964668 0.010857202112674713 0.00889724399894476 0.008058318868279457 0.010724347084760666 0.030069487169384956 0.23173679411411285 0.0 0.0 0.0 0.0 0.0
0.5845962166786194 0.012447434477508068 0.005314006470143795 0.006053681019693613 0.005301686003804207 0.0035291772801429033 0.0026480453088879585 0.0022781197912991047 0.0027909367345273495 0.003976514097303152 0.004796614870429039 0.0037192332092672586 0.003753307508304715 0.0037947127129882574 0.004904833156615496 0.006147568114101887 0.006824216339737177 0.006251471117138863 0.005931489635258913 0.0059373630210757256 0.007995895110070705 0.010361370630562305 0.010569415055215359 0.008563602343201637 0.008059278130531311 0.010201916098594666 0.029689662158489227 0.23356832563877106 0.0 0.0 0.0 0.0
0.5855677723884583 0.012330100871622562 0.0035745836794376373 0.004533582367002964 0.005876764189451933 0.005085641518235207 0.0034950561821460724 0.002326335059478879 0.002236373256891966 0.002689709421247244 0.00368655938655138 0.003950551617890596 0.0035456318873912096 0.003243950894102454 0.003712190082296729 0.004700544290244579 0.006027062889188528 0.006453825626522303 0.00572475790977478 0.005313107743859291 0.005988404154777527 0.007804679684340954 0.010537093505263329 0.010574257001280785 0.00855147186666727 0.00805205013602972 0.010405837558209896 0.029453668743371964 0.23455719649791718 0.0 0.0 0.0
0.5856728553771973 0.013023169711232185 0.0029666281770914793 0.003016688395291567 0.004377227742224932 0.005685088224709034 0.004947845358401537 0.0032168892212212086 0.0024094751570373774 0.0022333930246531963 0.002728566061705351 0.0035638378467410803 0.0038506947457790375 0.0034741582348942757 0.0033941941801458597 0.0037846879567950964 0.004737227689474821 0.006033643614500761 0.0065206503495574 0.005802489351481199 0.005441594868898392 0.006046651862561703 0.008104375563561916 0.010607469826936722 0.010961518622934818 0.008841031230986118 0.008140350691974163 0.01041758805513382 0.029034700244665146 0.23097150027751923 0.0 0.0
0.5817537307739258 0.014116779901087284 0.0032012180890887976 0.0023764956276863813 0.0028112283907830715 0.004118179436773062 0.0055798115208745 0.004634048789739609 0.0031513182912021875 0.0023115798830986023 0.00216025672852993 0.0026539971586316824 0.003426061011850834 0.0037329732440412045 0.0035164528526365757 0.0033313913736492395 0.0037069141399115324 0.004617185797542334 0.006136792246252298 0.00656534219160676 0.005758264102041721 0.005317562259733677 0.005961845628917217 0.007804828695952892 0.010385570116341114 0.010456828400492668 0.008490881882607937 0.007716949563473463 0.010116713121533394 0.02880922704935074 0.23528140783309937 0.0
0.5777214765548706 0.014940077438950539 0.00451134005561471 0.002648279070854187 0.0022720845881849527 0.002721510361880064 0.004248335026204586 0.005609818734228611 0.004835333675146103 0.0033049520570784807 0.0023656520061194897 0.0022842411417514086 0.0025881046894937754 0.0034247233998030424 0.004161627031862736 0.0035348557867109776 0.003813477698713541 0.003639552742242813 0.004763676784932613 0.006095114629715681 0.006410775240510702 0.005670927464962006 0.005441999528557062 0.006205433048307896 0.007733504753559828 0.010154267773032188 0.010517733171582222 0.008427219465374947 0.00762306759133935 0.009898394346237183 0.02962195873260498 0.23281380534172058
