1.0 0.0 0.0 0.0 0.0 0.0 0.0 0.0 0.0 0.0 0.0 0.0 0.0 0.0 0.0 0.0 0.0 0.0 0.0 0.0 0.0 0.0 0.0 0.0 0.0 0.0 0.0 0.0 0.0 0.0 0.0 0.0
0.9814348220825195 0.018557783216238022 0.0 0.0 0.0 0.0 0.0 0.0 0.0 0.0 0.0 0.0 0.0 0.0 0.0 0.0 0.0 0.0 0.0 0.0 0.0 0.0 0.0 0.0 0.0 0.0 0.0 0.0 0.0 0.0 0.0 0.0
0.8897404670715332 0.08412685245275497 0.026120051741600037 0.0 0.0 0.0 0.0 0.0 0.0 0.0 0.0 0.0 0.0 0.0 0.0 0.0 0.0 0.0 0.0 0.0 0.0 0.0 0.0 0.0 0.0 0.0 0.0 0.0 0.0 0.0 0.0 0.0
0.8374219536781311 0.06399738043546677 0.07416558265686035 0.02441803738474846 0.0 0.0 0.0 0.0 0.0 0.0 0.0 0.0 0.0 0.0 0.0 0.0 0.0 0.0 0.0 0.0 0.0 0.0 0.0 0.0 0.0 0.0 0.0 0.0 0.0 0.0 0.0 0.0
0.7972346544265747 0.036557089537382126 0.05830170586705208 0.08095798641443253 0.02694828249514103 0.0 0.0 0.0 0.0 0.0 0.0 0.0 0.0 0.0 0.0 0.0 0.0 0.0 0.0 0.0 0.0 0.0 0.0 0.0 0.0 0.0 0.0 0.0 0.0 0.0 0.0 0.0
0.7775894999504089 0.021580470725893974 0.030497461557388306 0.05689879506826401 0.08658720552921295 0.026840928941965103 0.0 0.0 0.0 0.0 0.0 0.0 0.0 0.0 0.0 0.0 0.0 0.0 0.0 0.0 0.0 0.0 0.0 0.0 0.0 0.0 0.0 0.0 0.0 0.0 0.0 0.0
0.7684212923049927 0.014689676463603973 0.017287151888012886 0.03036324307322502 0.06013169139623642 0.08348701894283295 0.02561703883111477 0.0 0.0 0.0 0.0 0.0 0.0 0.0 0.0 0.0 0.0 0.0 0.0 0.0 0.0 0.0 0.0 0.0 0.0 0.0 0.0 0.0 0.0 0.0 0.0 0.0
0.7597852349281311 0.010302810929715633 0.011776631698012352 0.016668252646923065 0.031848762184381485 0.059554003179073334 0.08508482575416565 0.024983609095215797 0.0 0.0 0.0 0.0 0.0 0.0 0.0 0.0 0.0 0.0 0.0 0.0 0.0 0.0 0.0 0.0 0.0 0.0 0.0 0.0 0.0 0.0 0.0 0.0
0.7460371851921082 0.00682807108387351 0.009251900017261505 0.01165930274873972 0.018218504264950752 0.03295120224356651 0.06245210021734238 0.08752736449241638 0.0250735804438591 0.0 0.0 0.0 0.0 0.0 0.0 0.0 0.0 0.0 0.0 0.0 0.0 0.0 0.0 0.0 0.0 0.0 0.0 0.0 0.0 0.0 0.0 0.0
0.7447826862335205 0.004093638155609369 0.006634020246565342 0.008541873656213284 0.012766674160957336 0.018328797072172165 0.03427613899111748 0.0600561685860157 0.08553381264209747 0.024990113452076912 0.0 0.0 0.0 0.0 0.0 0.0 0.0 0.0 0.0 0.0 0.0 0.0 0.0 0.0 0.0 0.0 0.0 0.0 0.0 0.0 0.0 0.0
0.7426117658615112 0.002585231326520443 0.0040996200405061245 0.005785960704088211 0.008555212989449501 0.011785621754825115 0.018083494156599045 0.03210406377911568 0.06101241335272789 0.08791561424732208 0.02546406164765358 0.0 0.0 0.0 0.0 0.0 0.0 0.0 0.0 0.0 0.0 0.0 0.0 0.0 0.0 0.0 0.0 0.0 0.0 0.0 0.0 0.0
0.7407485842704773 0.0022409858647733927 0.00278654508292675 0.003733380464836955 0.006145517807453871 0.008893183432519436 0.012437980622053146 0.018640533089637756 0.033532027155160904 0.06057661771774292 0.08500578254461288 0.02525772526860237 0.0 0.0 0.0 0.0 0.0 0.0 0.0 0.0 0.0 0.0 0.0 0.0 0.0 0.0 0.0 0.0 0.0 0.0 0.0 0.0
0.7395505309104919 0.002292033052071929 0.0023343635257333517 0.0025274090003222227 0.004047820810228586 0.0060793436132371426 0.008821691386401653 0.012126805260777473 0.01877516321837902 0.033523719757795334 0.06080974265933037 0.08432621508836746 0.02478441596031189 0.0 0.0 0.0 0.0 0.0 0.0 0.0 0.0 0.0 0.0 0.0 0.0 0.0 0.0 0.0 0.0 0.0 0.0 0.0
0.7377726435661316 0.0025785528123378754 0.0023504537530243397 0.00207120762206614 0.002901374362409115 0.0037666894495487213 0.005955386441200972 0.008436428382992744 0.011990426108241081 0.018498895689845085 0.03167238086462021 0.061092622578144073 0.08632607758045197 0.024583376944065094 0.0 0.0 0.0 0.0 0.0 0.0 0.0 0.0 0.0 0.0 0.0 0.0 0.0 0.0 0.0 0.0 0.0 0.0
0.7380824685096741 0.0022481491323560476 0.0024182694032788277 0.0020183613523840904 0.0022377888672053814 0.002483003307133913 0.0037277480587363243 0.0057037873193621635 0.008500149473547935 0.01185099221765995 0.01798030361533165 0.03280732035636902 0.06051768735051155 0.08516417443752289 0.024265550076961517 0.0 0.0 0.0 0.0 0.0 0.0 0.0 0.0 0.0 0.0 0.0 0.0 0.0 0.0 0.0 0.0 0.0
0.7337849736213684 0.0015308852307498455 0.0021852771751582623 0.0020989819895476103 0.0021885570604354143 0.002147704130038619 0.0025785351172089577 0.0037086987867951393 0.005812430754303932 0.00868995301425457 0.011990639381110668 0.018988430500030518 0.03350533917546272 0.05978880450129509 0.08677516132593155 0.02422330714762211 0.0 0.0 0.0 0.0 0.0 0.0 0.0 0.0 0.0 0.0 0.0 0.0 0.0 0.0 0.0 0.0
0.7378315329551697 0.0009918160503730178 0.0015813364880159497 0.001857019029557705 0.0021061741281300783 0.002070363610982895 0.002059346530586481 0.002496634377166629 0.003782009007409215 0.005832585971802473 0.008609986864030361 0.012470127083361149 0.01918724551796913 0.03152798116207123 0.061052773147821426 0.08190012723207474 0.024645432829856873 0.0 0.0 0.0 0.0 0.0 0.0 0.0 0.0 0.0 0.0 0.0 0.0 0.0 0.0 0.0
0.7331399321556091 0.0008087665773928165 0.0010782458120957017 0.0012619231129065156 0.0018009280320256948 0.0019949758425354958 0.001931800041347742 0.0020085645373910666 0.002428819192573428 0.004000300541520119 0.005534346215426922 0.008289813064038754 0.011937577277421951 0.018473656848073006 0.0319545604288578 0.058626119047403336 0.08993785083293915 0.0247934702783823 0.0 0.0 0.0 0.0 0.0 0.0 0.0 0.0 0.0 0.0 0.0 0.0 0.0 0.0
0.736832320690155 0.0008643659530207515 0.0009467019117437303 0.0009069590596482158 0.0012417485704645514 0.0016866098158061504 0.0019042020430788398 0.0018768718000501394 0.0019114656606689095 0.0024373740889132023 0.003488346701487899 0.005487480200827122 0.008204971440136433 0.011617527343332767 0.01777701824903488 0.031402137130498886 0.061317749321460724 0.08579712361097336 0.024300865828990936 0.0 0.0 0.0 0.0 0.0 0.0 0.0 0.0 0.0 0.0 0.0 0.0 0.0
0.7374401688575745 0.000909899128600955 0.0010303168091922998 0.0008557221153751016 0.0009777358500286937 0.0012128743110224605 0.001622978481464088 0.0018396787345409393 0.001814504386857152 0.001943186274729669 0.0023536316584795713 0.003568340791389346 0.005425009410828352 0.007983405143022537 0.011332107707858086 0.01740172691643238 0.031716104596853256 0.05932556837797165 0.08650605380535126 0.0247376449406147 0.0 0.0 0.0 0.0 0.0 0.0 0.0 0.0 0.0 0.0 0.0 0.0
0.7324011921882629 0.0007064815144985914 0.0009911064989864826 0.0009073289693333209 0.0008722485508769751 0.0009033693931996822 0.0012309312587603927 0.0016803345642983913 0.0018443746957927942 0.0017867704154923558 0.0018730309093371034 0.002281405031681061 0.003548405598849058 0.005402148701250553 0.007949692197144032 0.011450067162513733 0.017943203449249268 0.03312572464346886 0.06172293797135353 0.0865936353802681 0.024787956848740578 0.0 0.0 0.0 0.0 0.0 0.0 0.0 0.0 0.0 0.0 0.0
0.732996940612793 0.0004061301297042519 0.0007295624236576259 0.0008465467835776508 0.0008893953054212034 0.0008447770960628986 0.0008634180994704366 0.0011116673704236746 0.0015615967568010092 0.001735770609229803 0.0017812639707699418 0.001804702333174646 0.0023330452386289835 0.003371365135535598 0.005276704207062721 0.007929065264761448 0.011986921541392803 0.018699398264288902 0.03216058388352394 0.0632471814751625 0.08493971824645996 0.024485090747475624 0.0 0.0 0.0 0.0 0.0 0.0 0.0 0.0 0.0 0.0
0.7379733920097351 0.000225865762331523 0.0004064713721163571 0.0006155532319098711 0.0008351390715688467 0.0009295730851590633 0.0008330371347256005 0.0008556635002605617 0.0011395427864044905 0.0014611314982175827 0.0016955627361312509 0.00171383423730731 0.0018378718523308635 0.0022314751986414194 0.003254673210904002 0.005230604205280542 0.008176740258932114 0.011396008543670177 0.017252804711461067 0.03244136646389961 0.05965982750058174 0.08561450988054276 0.02422165684401989 0.0 0.0 0.0 0.0 0.0 0.0 0.0 0.0 0.0
0.7408206462860107 0.00019088858971372247 0.00022371609520632774 0.0003356121596880257 0.0006185813690535724 0.0009157469612546265 0.0008760202908888459 0.0008425853447988629 0.0009240190265700221 0.0010623986599966884 0.0014562447322532535 0.0016654717037454247 0.0016625385032966733 0.0017226783093065023 0.0021160077303647995 0.0031915002036839724 0.005237471777945757 0.007697046268731356 0.010908189229667187 0.016991611570119858 0.031513288617134094 0.06109947711229324 0.08346281200647354 0.024468189105391502 0.0 0.0 0.0 0.0 0.0 0.0 0.0 0.0
0.7457184791564941 0.00031149431015364826 0.0001960580557351932 0.00019287272880319506 0.0003346456796862185 0.0006607050891034305 0.0008114275988191366 0.0008675986900925636 0.0008290841360576451 0.0008440115489065647 0.0011022570542991161 0.0013980675721541047 0.0016344069736078382 0.0016466452507302165 0.0016696648672223091 0.0020935223437845707 0.0032777227461338043 0.005103558301925659 0.007637278642505407 0.011042873375117779 0.01717129722237587 0.030863797292113304 0.05850734934210777 0.08215934038162231 0.023922381922602654 0.0 0.0 0.0 0.0 0.0 0.0 0.0
0.7437542080879211 0.0006088453228585422 0.00029044272378087044 0.0001666336174821481 0.00017133400251623243 0.000324325286783278 0.0005323863006196916 0.000745195837225765 0.0008142719161696732 0.0007307459600269794 0.000784496427513659 0.0009739702218212187 0.001336366985924542 0.0015526874922215939 0.0015594990691170096 0.0016185921849682927 0.0021630688570439816 0.003095208900049329 0.005044096615165472 0.007721772417426109 0.010902030393481255 0.016774825751781464 0.030376702547073364 0.058554768562316895 0.0852765440940857 0.02412182278931141 0.0 0.0 0.0 0.0 0.0 0.0
0.7436636686325073 0.0010278145782649517 0.0005677337176166475 0.0002456259971950203 0.00015823665307834744 0.00017245633353013545 0.00028209187439642847 0.000526323972735554 0.0007312840316444635 0.0007546886918134987 0.0007230288465507329 0.0007307815831154585 0.0009656246402300894 0.0013408291852101684 0.0015298451762646437 0.0015807109884917736 0.00173468969296664 0.0020784668158739805 0.00314677064307034 0.005101738031953573 0.007577535696327686 0.01094685960561037 0.016689158976078033 0.03081819787621498 0.059221796691417694 0.08332263678312302 0.024363398551940918 0.0 0.0 0.0 0.0 0.0
0.7383933067321777 0.0009126078803092241 0.0009338543168269098 0.00048112013610079885 0.0002556067192927003 0.000197141693206504 0.00018843100406229496 0.0003350524930283427 0.0005383930401876569 0.0007097358466126025 0.0007710563950240612 0.0007081744261085987 0.0007506347610615194 0.0009731981554068625 0.0013030103873461485 0.0015643300721421838 0.0018846099264919758 0.0018039772985503078 0.002114997012540698 0.0032084109261631966 0.005112586542963982 0.007514007389545441 0.010697958990931511 0.017656227573752403 0.03140079230070114 0.06009283289313316 0.08563606441020966 0.023862289264798164 0.0 0.0 0.0 0.0
0.7417224645614624 0.00042974238749593496 0.0008267812663689256 0.0007526298286393285 0.00047925571561791003 0.00024435564409941435 0.0001484759122831747 0.0001621736300876364 0.00026976756635122 0.0004745992773678154 0.0006922390894033015 0.0007124425028450787 0.0006681218510493636 0.0007147397263906896 0.0009030054789036512 0.0012614205479621887 0.0015452480874955654 0.0015438264235854149 0.0016464393120259047 0.002026837784796953 0.0031117124017328024 0.005086942575871944 0.007372159045189619 0.010764083825051785 0.01724225841462612 0.031289078295230865 0.05920865759253502 0.08459930121898651 0.024101629853248596 0.0 0.0 0.0
0.7428144812583923 0.00021710449072998017 0.0004407009400893003 0.0006695609190501273 0.0007449266850017011 0.0004595611826516688 0.00023687946668360382 0.0001567862491356209 0.00015991576947271824 0.00025942997308447957 0.0004841829650104046 0.000684286467730999 0.0006905451882630587 0.0006672798190265894 0.0006805024459026754 0.0009230623836629093 0.0013422443298622966 0.0014803027734160423 0.0015218283515423536 0.0016571467276662588 0.002097704214975238 0.003238462843000889 0.0050725508481264114 0.007622945588082075 0.01087222807109356 0.016890741884708405 0.031162245199084282 0.0599483884871006 0.08270471543073654 0.02410069666802883 0.0 0.0
0.74045729637146 0.00017839419888332486 0.00022123548842500895 0.00033444477594457567 0.000618268211837858 0.0006974739953875542 0.00045303525985218585 0.00023359111219178885 0.0001527768763480708 0.00016339952708221972 0.00027069399948231876 0.0004913119482807815 0.0006489325896836817 0.0006888039060868323 0.0006378992111422122 0.0006975803407840431 0.000962886493653059 0.0012635148596018553 0.0015022134175524116 0.001565068494528532 0.0017540057888254523 0.0022342924494296312 0.0031464346684515476 0.005364553537219763 0.007589719723910093 0.010708686895668507 0.01734234392642975 0.03171302378177643 0.059470780193805695 0.08430170267820358 0.02413889952003956 0.0
0.7446925640106201 0.0002679355093277991 0.00018867685867007822 0.00017810252029448748 0.0003380358393769711 0.0006427195621654391 0.0007065834361128509 0.0004544426628854126 0.0002550093340687454 0.0001536394702270627 0.000147447528433986 0.00023403260274790227 0.0004536531341727823 0.0006205557147040963 0.0006671286537311971 0.0006447561318054795 0.0007648362079635262 0.0009281227830797434 0.001228267326951027 0.0014700888423249125 0.0016980698565021157 0.0018442217260599136 0.002017662161961198 0.0032611005008220673 0.0050325882621109486 0.007329667918384075 0.010538977570831776 0.017040975391864777 0.03106403537094593 0.059764184057712555 0.08155310153961182 0.023816950619220734
