1.0 0.0 0.0 0.0 0.0 0.0 0.0 0.0 0.0 0.0 0.0 0.0 0.0 0.0 0.0 0.0 0.0 0.0 0.0 0.0 0.0 0.0 0.0 0.0 0.0 0.0 0.0 0.0 0.0 0.0 0.0 0.0
0.7076392769813538 0.29238250851631165 0.0 0.0 0.0 0.0 0.0 0.0 0.0 0.0 0.0 0.0 0.0 0.0 0.0 0.0 0.0 0.0 0.0 0.0 0.0 0.0 0.0 0.0 0.0 0.0 0.0 0.0 0.0 0.0 0.0 0.0
0.7549387216567993 0.0493149496614933 0.19574400782585144 0.0 0.0 0.0 0.0 0.0 0.0 0.0 0.0 0.0 0.0 0.0 0.0 0.0 0.0 0.0 0.0 0.0 0.0 0.0 0.0 0.0 0.0 0.0 0.0 0.0 0.0 0.0 0.0 0.0
0.775440514087677 0.019979970529675484 0.031620681285858154 0.17296136915683746 0.0 0.0 0.0 0.0 0.0 0.0 0.0 0.0 0.0 0.0 0.0 0.0 0.0 0.0 0.0 0.0 0.0 0.0 0.0 0.0 0.0 0.0 0.0 0.0 0.0 0.0 0.0 0.0
0.772182822227478 0.013994883745908737 0.011000215075910091 0.028405247256159782 0.17442266643047333 0.0 0.0 0.0 0.0 0.0 0.0 0.0 0.0 0.0 0.0 0.0 0.0 0.0 0.0 0.0 0.0 0.0 0.0 0.0 0.0 0.0 0.0 0.0 0.0 0.0 0.0 0.0
0.7628445029258728 0.013860265724360943 0.007115123327821493 0.009828216396272182 0.029043346643447876 0.17730765044689178 0.0 0.0 0.0 0.0 0.0 0.0 0.0 0.0 0.0 0.0 0.0 0.0 0.0 0.0 0.0 0.0 0.0 0.0 0.0 0.0 0.0 0.0 0.0 0.0 0.0 0.0
0.7650309801101685 0.014966149814426899 0.007921354845166206 0.005959611386060715 0.010055741295218468 0.02821754664182663 0.16785208880901337 0.0 0.0 0.0 0.0 0.0 0.0 0.0 0.0 0.0 0.0 0.0 0.0 0.0 0.0 0.0 0.0 0.0 0.0 0.0 0.0 0.0 0.0 0.0 0.0 0.0
0.7712602615356445 0.013889589346945286 0.00887804664671421 0.006557157728821039 0.006547736935317516 0.009340982884168625 0.025975480675697327 0.15754756331443787 0.0 0.0 0.0 0.0 0.0 0.0 0.0 0.0 0.0 0.0 0.0 0.0 0.0 0.0 0.0 0.0 0.0 0.0 0.0 0.0 0.0 0.0 0.0 0.0
0.779960036277771 0.010976183228194714 0.008859118446707726 0.007173844147473574 0.005736847873777151 0.005601240787655115 0.008619027212262154 0.025128118693828583 0.14794783294200897 0.0 0.0 0.0 0.0 0.0 0.0 0.0 0.0 0.0 0.0 0.0 0.0 0.0 0.0 0.0 0.0 0.0 0.0 0.0 0.0 0.0 0.0 0.0
0.789095938205719 0.009245042689144611 0.008246227167546749 0.007763201370835304 0.006791926920413971 0.005295115988701582 0.005031951703131199 0.007604765705764294 0.022626254707574844 0.13829801976680756 0.0 0.0 0.0 0.0 0.0 0.0 0.0 0.0 0.0 0.0 0.0 0.0 0.0 0.0 0.0 0.0 0.0 0.0 0.0 0.0 0.0 0.0
0.7907582521438599 0.008873513899743557 0.006275088991969824 0.006651268340647221 0.007299684453755617 0.006308014504611492 0.005296240095049143 0.004951657727360725 0.007191591430455446 0.021806005388498306 0.13457998633384705 0.0 0.0 0.0 0.0 0.0 0.0 0.0 0.0 0.0 0.0 0.0 0.0 0.0 0.0 0.0 0.0 0.0 0.0 0.0 0.0 0.0
0.7935202717781067 0.009384402073919773 0.005471040960401297 0.005373283289372921 0.006332525052130222 0.006812822073698044 0.005692968610674143 0.004439811687916517 0.004180768504738808 0.0064476169645786285 0.024137716740369797 0.1282060593366623 0.0 0.0 0.0 0.0 0.0 0.0 0.0 0.0 0.0 0.0 0.0 0.0 0.0 0.0 0.0 0.0 0.0 0.0 0.0 0.0
0.796937108039856 0.009806185029447079 0.005693132523447275 0.004906222689896822 0.005265174433588982 0.00617739325389266 0.0065007261000573635 0.0056318193674087524 0.004339150153100491 0.003927512560039759 0.0065501476638019085 0.019870607182383537 0.12439478933811188 0.0 0.0 0.0 0.0 0.0 0.0 0.0 0.0 0.0 0.0 0.0 0.0 0.0 0.0 0.0 0.0 0.0 0.0 0.0
0.7929296493530273 0.008391246199607849 0.005991416517645121 0.005217831116169691 0.004935852717608213 0.005149803124368191 0.006226789206266403 0.0068039558827877045 0.0054887039586901665 0.004208140075206757 0.004363274667412043 0.006026028655469418 0.019014203920960426 0.1252509504556656 0.0 0.0 0.0 0.0 0.0 0.0 0.0 0.0 0.0 0.0 0.0 0.0 0.0 0.0 0.0 0.0 0.0 0.0
0.7826313972473145 0.0062446813099086285 0.005259121768176556 0.005410580895841122 0.005068357102572918 0.004769147839397192 0.0052374377846717834 0.00625024875625968 0.006502355448901653 0.005652260966598988 0.004596855025738478 0.003956090193241835 0.00590037414804101 0.02033507637679577 0.13218310475349426 0.0 0.0 0.0 0.0 0.0 0.0 0.0 0.0 0.0 0.0 0.0 0.0 0.0 0.0 0.0 0.0 0.0
0.7869542837142944 0.005415444727987051 0.003814841853454709 0.004970871843397617 0.005699563305824995 0.005386146251112223 0.005069631617516279 0.005222489591687918 0.006302614230662584 0.006197124253958464 0.005449642892926931 0.003960816189646721 0.003639043075963855 0.005893087014555931 0.01938222162425518 0.12664300203323364 0.0 0.0 0.0 0.0 0.0 0.0 0.0 0.0 0.0 0.0 0.0 0.0 0.0 0.0 0.0 0.0
0.7929545640945435 0.004440503194928169 0.0027703021187335253 0.0034504567738622427 0.00459629250690341 0.005027005448937416 0.00451999856159091 0.004255796317011118 0.004777588881552219 0.005390822887420654 0.00586332892999053 0.004948809277266264 0.003767687827348709 0.003584739053621888 0.00554151413962245 0.018204377964138985 0.1259024292230606 0.0 0.0 0.0 0.0 0.0 0.0 0.0 0.0 0.0 0.0 0.0 0.0 0.0 0.0 0.0
0.7955188751220703 0.005042810924351215 0.0026122035924345255 0.0026714543346315622 0.0034645439591258764 0.004521943628787994 0.004789592232555151 0.004416081588715315 0.004215521272271872 0.004429501481354237 0.005342232063412666 0.005735464859753847 0.004751015454530716 0.003562436904758215 0.0032621638383716345 0.005236303433775902 0.018497969955205917 0.12192821502685547 0.0 0.0 0.0 0.0 0.0 0.0 0.0 0.0 0.0 0.0 0.0 0.0 0.0 0.0
0.7826036214828491 0.005888867191970348 0.0031299602705985308 0.0025456687435507774 0.0026773789431899786 0.0036153108812868595 0.004682227503508329 0.004826459102332592 0.004460541997104883 0.004326201975345612 0.004708018619567156 0.005819442681968212 0.005942798685282469 0.004799232818186283 0.003936371766030788 0.003375000786036253 0.0060295104049146175 0.01895558089017868 0.12768501043319702 0.0 0.0 0.0 0.0 0.0 0.0 0.0 0.0 0.0 0.0 0.0 0.0 0.0
0.7784180045127869 0.006005282048135996 0.003644281532615423 0.0028573949821293354 0.00254900217987597 0.0030807338189333677 0.0035707338247448206 0.004380073864012957 0.004821391310542822 0.004515765234827995 0.00417837779968977 0.004468295723199844 0.005209559574723244 0.005626020487397909 0.004959071986377239 0.003503661137074232 0.0033298726193606853 0.005177725572139025 0.01963729038834572 0.1300649642944336 0.0 0.0 0.0 0.0 0.0 0.0 0.0 0.0 0.0 0.0 0.0 0.0
0.7866893410682678 0.005264229606837034 0.0036628141533583403 0.003371216356754303 0.0028143262024968863 0.0025123569648712873 0.0026099071837961674 0.0033328142017126083 0.004249872174113989 0.004468968603760004 0.004154356196522713 0.0038489322178065777 0.004177921451628208 0.00499546667560935 0.005353597458451986 0.004442571196705103 0.0033747137058526278 0.003117998829111457 0.005287929438054562 0.017789769917726517 0.12448745220899582 0.0 0.0 0.0 0.0 0.0 0.0 0.0 0.0 0.0 0.0 0.0
0.7764462232589722 0.004827882628887892 0.0031095712911337614 0.0034896337892860174 0.003352333791553974 0.0029096968937665224 0.002559692831709981 0.00267211114987731 0.003326894249767065 0.0041950540617108345 0.004787111654877663 0.004156035371124744 0.003751494688913226 0.004311821889132261 0.005151451099663973 0.005426407791674137 0.004490266554057598 0.003247504122555256 0.0034787545446306467 0.005253941286355257 0.018383357673883438 0.13067011535167694 0.0 0.0 0.0 0.0 0.0 0.0 0.0 0.0 0.0 0.0
0.7759111523628235 0.004834291525185108 0.002562296576797962 0.0029287897050380707 0.0033756897319108248 0.003217771416530013 0.0026690305676311255 0.0023393062874674797 0.0024955878034234047 0.003206364344805479 0.004244962707161903 0.0045999386347830296 0.0038630180060863495 0.003586184699088335 0.004441223107278347 0.00482938252389431 0.005299912299960852 0.00424719275906682 0.0032683745957911015 0.003117489395663142 0.005291696172207594 0.02158419042825699 0.12808603048324585 0.0 0.0 0.0 0.0 0.0 0.0 0.0 0.0 0.0
0.7740180492401123 0.0059048025868833065 0.0027098224963992834 0.0027164858765900135 0.003219258040189743 0.003452742239460349 0.003248673165217042 0.0027525266632437706 0.002450983738526702 0.0025647180154919624 0.0033557650167495012 0.004365134052932262 0.004431318026036024 0.0038905483670532703 0.003591771936044097 0.004140091594308615 0.004940509330481291 0.005414237733930349 0.004385277628898621 0.0033308372367173433 0.003216933459043503 0.005225599277764559 0.01837022788822651 0.12829948961734772 0.0 0.0 0.0 0.0 0.0 0.0 0.0 0.0
0.7620347142219543 0.00672110402956605 0.003321458352729678 0.0025726542808115482 0.0026413938030600548 0.003342989133670926 0.0034096334129571915 0.0030960356816649437 0.003077153116464615 0.0022951867431402206 0.0025842306204140186 0.0034971244167536497 0.004113601986318827 0.004118490498512983 0.0037126420065760612 0.0038388597313314676 0.003982542082667351 0.004831178579479456 0.00508077209815383 0.0045522949658334255 0.00336359697394073 0.003201186191290617 0.0052954149432480335 0.019955789670348167 0.13536012172698975 0.0 0.0 0.0 0.0 0.0 0.0 0.0
0.7616820931434631 0.006219170987606049 0.004099842626601458 0.0030987586360424757 0.002541591413319111 0.0025821018498390913 0.0028678118251264095 0.0031652834732085466 0.003006604267284274 0.0024756400380283594 0.002349016023799777 0.0024204663932323456 0.0030304405372589827 0.003946821205317974 0.004277923610061407 0.003672477323561907 0.003494190750643611 0.003790142247453332 0.004730322863906622 0.005154953803867102 0.004345035180449486 0.0034885816276073456 0.003299092175439 0.005092571955174208 0.01882297173142433 0.13633990287780762 0.0 0.0 0.0 0.0 0.0 0.0
0.7684749960899353 0.004887562710791826 0.004053797572851181 0.003846030216664076 0.0030611949041485786 0.002652971539646387 0.002469233935698867 0.0028081792406737804 0.0031331584323197603 0.002851798664778471 0.002477609319612384 0.0022594439797103405 0.0023768062237650156 0.0029861207585781813 0.003786318702623248 0.0038864838425070047 0.003583772573620081 0.003327973885461688 0.0037486711516976357 0.004569402430206537 0.004919254686683416 0.00420460756868124 0.0032920860685408115 0.003020388074219227 0.004964661318808794 0.01957186870276928 0.12878231704235077 0.0 0.0 0.0 0.0 0.0
0.7710241079330444 0.00375409540720284 0.002907630056142807 0.0036905654706060886 0.0036197099834680557 0.002960524521768093 0.00242798775434494 0.0023636487312614918 0.002681261394172907 0.003021023701876402 0.002891656942665577 0.0023877171333879232 0.002102587604895234 0.0022982703521847725 0.00299498881213367 0.0036837561056017876 0.0039015458896756172 0.0034796090330928564 0.0032502319663763046 0.0037134336307644844 0.004527343902736902 0.005021636374294758 0.0040933419950306416 0.0030587820801883936 0.002989494940266013 0.005062570795416832 0.01781035214662552 0.12827984988689423 0.0 0.0 0.0 0.0
0.7711523175239563 0.0036585782654583454 0.0019729456398636103 0.0027232489082962275 0.0035582208074629307 0.003493489231914282 0.0028399464208632708 0.002340917941182852 0.002310787560418248 0.0026677167043089867 0.0030995761044323444 0.00288364477455616 0.0022767330519855022 0.0020728223025798798 0.002379833022132516 0.0029567910823971033 0.0037361893337219954 0.0038152537308633327 0.0034240558743476868 0.00326181179843843 0.0037368214689195156 0.004487383179366589 0.004916839301586151 0.004105163272470236 0.0030765256378799677 0.0030881615821272135 0.004796504508703947 0.01803630217909813 0.12712831795215607 0.0 0.0 0.0
0.7707759141921997 0.004590483848005533 0.0017458203947171569 0.0018657464534044266 0.002581713255494833 0.0033536788541823626 0.0032553577329963446 0.0026544237043708563 0.0022463342174887657 0.0022196443751454353 0.0026264397893100977 0.0029891596641391516 0.0027374362107366323 0.0022299031261354685 0.0020549381151795387 0.0022276758681982756 0.0028648844454437494 0.003595146117731929 0.0037213368341326714 0.0033346719574183226 0.003206448396667838 0.0035568487364798784 0.004415393341332674 0.004780419170856476 0.0040256790816783905 0.0029742741025984287 0.0028108605183660984 0.0046594152227044106 0.01771540753543377 0.12818340957164764 0.0 0.0
0.7625811696052551 0.006290636956691742 0.002329232869669795 0.0016928485129028559 0.0019441767362877727 0.0026966414880007505 0.0034072580747306347 0.003293427871540189 0.002682559657841921 0.0023083111736923456 0.0025185169652104378 0.002676135627552867 0.0029377720784395933 0.002751652617007494 0.0024691640865057707 0.002016117563471198 0.002443444449454546 0.002890607574954629 0.0038265218026936054 0.003822257509455085 0.003524333005771041 0.0036569922231137753 0.0039411885663867 0.004601350985467434 0.0047094551846385 0.0041067637503147125 0.003243165323510766 0.002869184361770749 0.004662222228944302 0.018122831359505653 0.1289874017238617 0.0
0.7580130696296692 0.007052202243357897 0.0036088519264012575 0.0021418151445686817 0.001695630606263876 0.0018872000509873033 0.002514659659937024 0.003211531788110733 0.00310604483820498 0.002539262641221285 0.0021700605284422636 0.002164163626730442 0.0025109797716140747 0.0028090481646358967 0.0025898010935634375 0.0021559346932917833 0.0020127303432673216 0.002154758432880044 0.002886260859668255 0.003418309846892953 0.0036047413013875484 0.0032354264985769987 0.0031412069220095873 0.003476198762655258 0.004233628045767546 0.004751560278236866 0.003863479243591428 0.0028413585387170315 0.0027478430420160294 0.004610090050846338 0.022343125194311142 0.13051334023475647
