1.0 0.0 0.0 0.0 0.0 0.0 0.0 0.0 0.0 0.0 0.0 0.0 0.0 0.0 0.0 0.0 0.0 0.0 0.0 0.0 0.0 0.0 0.0 0.0 0.0 0.0 0.0 0.0 0.0 0.0 0.0 0.0
0.49505773186683655 0.5049285292625427 0.0 0.0 0.0 0.0 0.0 0.0 0.0 0.0 0.0 0.0 0.0 0.0 0.0 0.0 0.0 0.0 0.0 0.0 0.0 0.0 0.0 0.0 0.0 0.0 0.0 0.0 0.0 0.0 0.0 0.0
0.51485276222229 0.03766809031367302 0.4474862217903137 0.0 0.0 0.0 0.0 0.0 0.0 0.0 0.0 0.0 0.0 0.0 0.0 0.0 0.0 0.0 0.0 0.0 0.0 0.0 0.0 0.0 0.0 0.0 0.0 0.0 0.0 0.0 0.0 0.0
0.4723711311817169 0.014661087654531002 0.040660981088876724 0.47230884432792664 0.0 0.0 0.0 0.0 0.0 0.0 0.0 0.0 0.0 0.0 0.0 0.0 0.0 0.0 0.0 0.0 0.0 0.0 0.0 0.0 0.0 0.0 0.0 0.0 0.0 0.0 0.0 0.0
0.44293510913848877 0.010266594588756561 0.01431452389806509 0.03885198011994362 0.4936368465423584 0.0 0.0 0.0 0.0 0.0 0.0 0.0 0.0 0.0 0.0 0.0 0.0 0.0 0.0 0.0 0.0 0.0 0.0 0.0 0.0 0.0 0.0 0.0 0.0 0.0 0.0 0.0
0.4213554263114929 0.009472684934735298 0.010228223167359829 0.016021644696593285 0.042785968631505966 0.5001351833343506 0.0 0.0 0.0 0.0 0.0 0.0 0.0 0.0 0.0 0.0 0.0 0.0 0.0 0.0 0.0 0.0 0.0 0.0 0.0 0.0 0.0 0.0 0.0 0.0 0.0 0.0
0.40846574306488037 0.0098404036834836 0.00956418365240097 0.011017778888344765 0.016463877633213997 0.04078477621078491 0.5038543939590454 0.0 0.0 0.0 0.0 0.0 0.0 0.0 0.0 0.0 0.0 0.0 0.0 0.0 0.0 0.0 0.0 0.0 0.0 0.0 0.0 0.0 0.0 0.0 0.0 0.0
0.40045633912086487 0.00903077982366085 0.009738778695464134 0.010389062575995922 0.012063025496900082 0.01664246991276741 0.04119472578167915 0.500483512878418 0.0 0.0 0.0 0.0 0.0 0.0 0.0 0.0 0.0 0.0 0.0 0.0 0.0 0.0 0.0 0.0 0.0 0.0 0.0 0.0 0.0 0.0 0.0 0.0
0.3864307403564453 0.007930436171591282 0.010365081951022148 0.010625765658915043 0.011218775063753128 0.01187920942902565 0.01625443808734417 0.039577703922986984 0.5057186484336853 0.0 0.0 0.0 0.0 0.0 0.0 0.0 0.0 0.0 0.0 0.0 0.0 0.0 0.0 0.0 0.0 0.0 0.0 0.0 0.0 0.0 0.0 0.0
0.3828337788581848 0.006021174602210522 0.007621576078236103 0.009433576837182045 0.01172575168311596 0.010651093907654285 0.011590252630412579 0.015522483736276627 0.03978462889790535 0.5048096776008606 0.0 0.0 0.0 0.0 0.0 0.0 0.0 0.0 0.0 0.0 0.0 0.0 0.0 0.0 0.0 0.0 0.0 0.0 0.0 0.0 0.0 0.0
0.37626150250434875 0.005779336206614971 0.005998840089887381 0.007501242682337761 0.00955886859446764 0.01008122693747282 0.010543066076934338 0.011434868909418583 0.01516059972345829 0.040059369057416916 0.5076209306716919 0.0 0.0 0.0 0.0 0.0 0.0 0.0 0.0 0.0 0.0 0.0 0.0 0.0 0.0 0.0 0.0 0.0 0.0 0.0 0.0 0.0
0.377212792634964 0.006190464366227388 0.006088160444051027 0.006441278383135796 0.008013047277927399 0.009229875169694424 0.009917540475726128 0.010457150638103485 0.011631771922111511 0.015504149720072746 0.039466433227062225 0.4998430609703064 0.0 0.0 0.0 0.0 0.0 0.0 0.0 0.0 0.0 0.0 0.0 0.0 0.0 0.0 0.0 0.0 0.0 0.0 0.0 0.0
0.372341126203537 0.006930188741534948 0.006518952548503876 0.006300538778305054 0.00678172567859292 0.007592742331326008 0.009126279503107071 0.00984091218560934 0.010194077156484127 0.01067428756505251 0.015874577686190605 0.04024326428771019 0.49758046865463257 0.0 0.0 0.0 0.0 0.0 0.0 0.0 0.0 0.0 0.0 0.0 0.0 0.0 0.0 0.0 0.0 0.0 0.0 0.0
0.3674437701702118 0.006348865106701851 0.006658243015408516 0.006620503030717373 0.006448814179748297 0.006296306382864714 0.007529325783252716 0.008783217519521713 0.009802691638469696 0.01062675379216671 0.011266835033893585 0.016127409413456917 0.03867311030626297 0.49736911058425903 0.0 0.0 0.0 0.0 0.0 0.0 0.0 0.0 0.0 0.0 0.0 0.0 0.0 0.0 0.0 0.0 0.0 0.0
0.3645780086517334 0.004790633916854858 0.0063222614116966724 0.006924981717020273 0.0067611513659358025 0.006038662977516651 0.006234407424926758 0.0072196414694190025 0.009518152102828026 0.010800057090818882 0.01150528434664011 0.011542175896465778 0.015028107911348343 0.03986992686986923 0.49287018179893494 0.0 0.0 0.0 0.0 0.0 0.0 0.0 0.0 0.0 0.0 0.0 0.0 0.0 0.0 0.0 0.0 0.0
0.35373494029045105 0.003728152485564351 0.005112976301461458 0.006553181912750006 0.007091375533491373 0.00636922474950552 0.006213230546563864 0.0062637305818498135 0.007740624248981476 0.008819484151899815 0.009893192909657955 0.010671514086425304 0.010886885225772858 0.015446051023900509 0.03800809383392334 0.5034661889076233 0.0 0.0 0.0 0.0 0.0 0.0 0.0 0.0 0.0 0.0 0.0 0.0 0.0 0.0 0.0 0.0
0.3555629551410675 0.003475814126431942 0.004245752934366465 0.005382833071053028 0.0066647641360759735 0.006768529303371906 0.006403304636478424 0.005871272180229425 0.0065483092330396175 0.007763975765556097 0.009005543775856495 0.01011716853827238 0.009601934812963009 0.011010064743459225 0.01585174724459648 0.0384087897837162 0.4973163604736328 0.0 0.0 0.0 0.0 0.0 0.0 0.0 0.0 0.0 0.0 0.0 0.0 0.0 0.0 0.0
0.3555535674095154 0.004029190167784691 0.003980758134275675 0.004631059244275093 0.005564859136939049 0.006332394201308489 0.006780828814953566 0.006365130189806223 0.00594699801877141 0.005900445859879255 0.008009961806237698 0.0093950554728508 0.01012682355940342 0.009592501446604729 0.010226204991340637 0.015475095249712467 0.03830835595726967 0.49378323554992676 0.0 0.0 0.0 0.0 0.0 0.0 0.0 0.0 0.0 0.0 0.0 0.0 0.0 0.0
0.3391159474849701 0.0048316288739442825 0.004322010558098555 0.00433926610276103 0.005137225147336721 0.005471705459058285 0.006588458549231291 0.006907716393470764 0.006636117585003376 0.0066345552913844585 0.006860985420644283 0.007401389069855213 0.008669675327837467 0.00988302193582058 0.010247974656522274 0.010555744171142578 0.01493852213025093 0.037206653505563736 0.5042459964752197 0.0 0.0 0.0 0.0 0.0 0.0 0.0 0.0 0.0 0.0 0.0 0.0 0.0
0.33819714188575745 0.005017633084207773 0.0048558455891907215 0.0047643291763961315 0.004558316897600889 0.004570884630084038 0.0054588536731898785 0.006259034853428602 0.006918705999851227 0.006311648990958929 0.005772461649030447 0.0067556509748101234 0.00690205954015255 0.008424831554293633 0.009319700300693512 0.009887410327792168 0.010612302459776402 0.015095111913979053 0.037788063287734985 0.5025331377983093 0.0 0.0 0.0 0.0 0.0 0.0 0.0 0.0 0.0 0.0 0.0 0.0
0.33686408400535583 0.0041251275688409805 0.005078453570604324 0.005386104341596365 0.005159236490726471 0.0042845881544053555 0.004403684288263321 0.005124320276081562 0.006216573063284159 0.00686153257265687 0.0059190783649683 0.005830850917845964 0.005765024572610855 0.0069769565016031265 0.008234639652073383 0.009075511246919632 0.009351929649710655 0.010301605798304081 0.015007556416094303 0.03775196522474289 0.5022799372673035 0.0 0.0 0.0 0.0 0.0 0.0 0.0 0.0 0.0 0.0 0.0
0.3324096202850342 0.003127084579318762 0.004475490655750036 0.00561778387054801 0.005929796490818262 0.004801537841558456 0.004257120192050934 0.004453517962247133 0.0051614525727927685 0.007064442150294781 0.007213944103568792 0.006147600244730711 0.005296436604112387 0.006686879321932793 0.0070721665397286415 0.008081541396677494 0.008959014900028706 0.009341360069811344 0.010337946936488152 0.014642791822552681 0.03982868045568466 0.4990933835506439 0.0 0.0 0.0 0.0 0.0 0.0 0.0 0.0 0.0 0.0
0.32931700348854065 0.002493146574124694 0.003500215010717511 0.004733861889690161 0.0056173126213252544 0.0054770903661847115 0.004659863188862801 0.004266086965799332 0.004372534342110157 0.005419917870312929 0.006827325094491243 0.007513434160500765 0.005835798103362322 0.005915698129683733 0.0070853326469659805 0.006734831724315882 0.008063606917858124 0.008676411584019661 0.009056398645043373 0.010506836697459221 0.014755642041563988 0.03874227777123451 0.500427782535553 0.0 0.0 0.0 0.0 0.0 0.0 0.0 0.0 0.0
0.3227023184299469 0.002425923477858305 0.002889375202357769 0.003652546089142561 0.004766941536217928 0.005339011549949646 0.005237753968685865 0.0045909155160188675 0.004164634272456169 0.00417531980201602 0.005188110284507275 0.0061280918307602406 0.006135051138699055 0.006212133914232254 0.005532074719667435 0.005794393364340067 0.0064809275791049 0.007798457518219948 0.008707044646143913 0.009360738098621368 0.010037277825176716 0.014276806265115738 0.03720014542341232 0.5112004280090332 0.0 0.0 0.0 0.0 0.0 0.0 0.0 0.0
0.32056623697280884 0.0029060360975563526 0.0029870739672333 0.003278735326603055 0.003788033500313759 0.00474892882630229 0.0054602790623903275 0.005523562431335449 0.00465712184086442 0.004136672243475914 0.004475958179682493 0.005067848134785891 0.006218458525836468 0.0063696918077766895 0.006123472470790148 0.005145771894603968 0.005285903345793486 0.006365838926285505 0.008101265877485275 0.008827068842947483 0.009032296016812325 0.009852956980466843 0.01465087104588747 0.037700969725847244 0.5087302327156067 0.0 0.0 0.0 0.0 0.0 0.0 0.0
0.31718042492866516 0.0035278473515063524 0.0034167692065238953 0.003285348881036043 0.0033399458043277264 0.0037294833455234766 0.004495628178119659 0.005226252134889364 0.005478112958371639 0.004818321205675602 0.004272184334695339 0.004189250059425831 0.004877283237874508 0.006178027484565973 0.0066336761228740215 0.005518294870853424 0.005117612890899181 0.005192725919187069 0.006301791872829199 0.008363171480596066 0.008661414496600628 0.008956781588494778 0.010171548463404179 0.014342321082949638 0.03603840246796608 0.5106865763664246 0.0 0.0 0.0 0.0 0.0 0.0
0.3163614273071289 0.0033880143892019987 0.003559910459443927 0.003737472463399172 0.0034961921628564596 0.003249438712373376 0.0035333510022610426 0.004363508429378271 0.005428681615740061 0.005426998715847731 0.004985933657735586 0.004415204282850027 0.004373741336166859 0.004847919102758169 0.0060714599676430225 0.00602570828050375 0.005530837457627058 0.004872793331742287 0.005162509623914957 0.006728596054017544 0.007644827011972666 0.008513436652719975 0.009176821447908878 0.01000331062823534 0.014043527655303478 0.03753501549363136 0.5075238943099976 0.0 0.0 0.0 0.0 0.0
0.3129217326641083 0.0030311094596982002 0.003340035444125533 0.003983034752309322 0.003805587999522686 0.0033594798296689987 0.003156485268846154 0.0035073861945420504 0.004375188611447811 0.0053257690742611885 0.005648673977702856 0.004842902068048716 0.004166142083704472 0.004324020817875862 0.005754992365837097 0.005648226011544466 0.00585889583453536 0.005361855961382389 0.0050629074685275555 0.005192082840949297 0.006226643454283476 0.007555127143859863 0.008622032590210438 0.009184272959828377 0.010306267067790031 0.014370995573699474 0.03765624016523361 0.5074137449264526 0.0 0.0 0.0 0.0
0.3105003833770752 0.002726522507146001 0.002823303686454892 0.003531355643644929 0.004067022819072008 0.003754684003069997 0.003390111029148102 0.0031147690024226904 0.0036041531711816788 0.0045655821450054646 0.006043093279004097 0.005188761278986931 0.004596020560711622 0.0040816632099449635 0.004203537944704294 0.004743464291095734 0.005486637353897095 0.005642995238304138 0.0053705559112131596 0.004840816371142864 0.005191695410758257 0.006098483689129353 0.007659845519810915 0.008734569884836674 0.008516397327184677 0.009915699250996113 0.014489049091935158 0.03575130179524422 0.5113672018051147 0.0 0.0 0.0
0.3084154725074768 0.003026817459613085 0.0025746680330485106 0.0030497023835778236 0.003596726804971695 0.004020418506115675 0.0038113559130579233 0.0033690170384943485 0.0032030276488512754 0.0036605570930987597 0.004517231602221727 0.005302537232637405 0.0053291465155780315 0.004724946804344654 0.004312768578529358 0.0040344796143472195 0.004430368542671204 0.005377626977860928 0.006205311976373196 0.00528388237580657 0.004930904135107994 0.0051480308175086975 0.006287683732807636 0.007780042011290789 0.008934282697737217 0.009081937372684479 0.01021302118897438 0.014566346071660519 0.03747308999300003 0.5073397755622864 0.0 0.0
0.30657780170440674 0.0037792930379509926 0.0028271942865103483 0.0028320278506726027 0.0033117919228971004 0.003829392371699214 0.0041640824638307095 0.0037514930590987206 0.0034106753300875425 0.0035098413936793804 0.003904509823769331 0.004894489422440529 0.0051812767051160336 0.006658839527517557 0.00489346869289875 0.004309055395424366 0.004103668965399265 0.004346996545791626 0.005770199000835419 0.006312854588031769 0.005252930335700512 0.005827663000673056 0.0054786731489002705 0.006193011067807674 0.007374930661171675 0.008942980319261551 0.008802767843008041 0.009210789576172829 0.014049678109586239 0.03625335171818733 0.5042455196380615 0.0
0.2998466193675995 0.004528613295406103 0.0035965393763035536 0.0030472928192466497 0.0028757345862686634 0.004020168446004391 0.0036964418832212687 0.0039827353321015835 0.003858628449961543 0.0032901864033192396 0.003275698283687234 0.003608488477766514 0.004358156584203243 0.005372673738747835 0.005342762917280197 0.004543671850115061 0.004289242904633284 0.0037355052772909403 0.004596400074660778 0.005478743463754654 0.005509520880877972 0.005533880088478327 0.004926659166812897 0.005028657615184784 0.00600057328119874 0.0077144247479736805 0.008607158437371254 0.008277464658021927 0.009374785237014294 0.0135978814214468 0.03582959249615669 0.5122557282447815
