1.0 0.0 0.0 0.0 0.0 0.0 0.0 0.0 0.0 0.0 0.0 0.0 0.0 0.0 0.0 0.0 0.0 0.0 0.0 0.0 0.0 0.0 0.0 0.0 0.0 0.0 0.0 0.0 0.0 0.0 0.0 0.0
0.9792271852493286 0.020779665559530258 0.0 0.0 0.0 0.0 0.0 0.0 0.0 0.0 0.0 0.0 0.0 0.0 0.0 0.0 0.0 0.0 0.0 0.0 0.0 0.0 0.0 0.0 0.0 0.0 0.0 0.0 0.0 0.0 0.0 0.0
0.9617322087287903 0.024432530626654625 0.01384394895285368 0.0 0.0 0.0 0.0 0.0 0.0 0.0 0.0 0.0 0.0 0.0 0.0 0.0 0.0 0.0 0.0 0.0 0.0 0.0 0.0 0.0 0.0 0.0 0.0 0.0 0.0 0.0 0.0 0.0
0.9488263726234436 0.015877120196819305 0.02084631286561489 0.014445819891989231 0.0 0.0 0.0 0.0 0.0 0.0 0.0 0.0 0.0 0.0 0.0 0.0 0.0 0.0 0.0 0.0 0.0 0.0 0.0 0.0 0.0 0.0 0.0 0.0 0.0 0.0 0.0 0.0
0.9451203346252441 0.010371278040111065 0.009988198056817055 0.019124822691082954 0.015396146103739738 0.0 0.0 0.0 0.0 0.0 0.0 0.0 0.0 0.0 0.0 0.0 0.0 0.0 0.0 0.0 0.0 0.0 0.0 0.0 0.0 0.0 0.0 0.0 0.0 0.0 0.0 0.0
0.9354406595230103 0.00941307470202446 0.007486088201403618 0.01110643707215786 0.01978646218776703 0.016772860661149025 0.0 0.0 0.0 0.0 0.0 0.0 0.0 0.0 0.0 0.0 0.0 0.0 0.0 0.0 0.0 0.0 0.0 0.0 0.0 0.0 0.0 0.0 0.0 0.0 0.0 0.0
0.9266565442085266 0.006968942005187273 0.006233008578419685 0.007499030791223049 0.010203697718679905 0.02688879705965519 0.015555175021290779 0.0 0.0 0.0 0.0 0.0 0.0 0.0 0.0 0.0 0.0 0.0 0.0 0.0 0.0 0.0 0.0 0.0 0.0 0.0 0.0 0.0 0.0 0.0 0.0 0.0
0.9221837520599365 0.006934796925634146 0.0060506644658744335 0.006656963843852282 0.007488000672310591 0.01013083104044199 0.02532539889216423 0.01523877214640379 0.0 0.0 0.0 0.0 0.0 0.0 0.0 0.0 0.0 0.0 0.0 0.0 0.0 0.0 0.0 0.0 0.0 0.0 0.0 0.0 0.0 0.0 0.0 0.0
0.9144341349601746 0.007099736016243696 0.006245271768420935 0.007059374358505011 0.006956292781978846 0.007894697599112988 0.010984125547111034 0.023245930671691895 0.016080010682344437 0.0 0.0 0.0 0.0 0.0 0.0 0.0 0.0 0.0 0.0 0.0 0.0 0.0 0.0 0.0 0.0 0.0 0.0 0.0 0.0 0.0 0.0 0.0
0.9151806831359863 0.00631600059568882 0.006101377308368683 0.006528673227876425 0.006522549781948328 0.006483645178377628 0.007617058232426643 0.010285903699696064 0.019443636760115623 0.01552349328994751 0.0 0.0 0.0 0.0 0.0 0.0 0.0 0.0 0.0 0.0 0.0 0.0 0.0 0.0 0.0 0.0 0.0 0.0 0.0 0.0 0.0 0.0
0.908643364906311 0.006629629991948605 0.005611713510006666 0.006605466362088919 0.00698812585324049 0.006449165288358927 0.006695574149489403 0.007514007855206728 0.010127551853656769 0.018393609672784805 0.01633814536035061 0.0 0.0 0.0 0.0 0.0 0.0 0.0 0.0 0.0 0.0 0.0 0.0 0.0 0.0 0.0 0.0 0.0 0.0 0.0 0.0 0.0
0.9048455357551575 0.0056203207932412624 0.00502521637827158 0.005886363331228495 0.00734387943521142 0.006693095434457064 0.006658613681793213 0.00625514704734087 0.007271271664649248 0.009840259328484535 0.0184842087328434 0.016074178740382195 0.0 0.0 0.0 0.0 0.0 0.0 0.0 0.0 0.0 0.0 0.0 0.0 0.0 0.0 0.0 0.0 0.0 0.0 0.0 0.0
0.903719425201416 0.00519234174862504 0.0043240501545369625 0.005028722807765007 0.00624498724937439 0.006457282230257988 0.0066002062521874905 0.005887042731046677 0.006194051820784807 0.007204621564596891 0.009123059920966625 0.01669798605144024 0.017324071377515793 0.0 0.0 0.0 0.0 0.0 0.0 0.0 0.0 0.0 0.0 0.0 0.0 0.0 0.0 0.0 0.0 0.0 0.0 0.0
0.9056152105331421 0.0049188220873475075 0.00427689403295517 0.004621719475835562 0.005158068146556616 0.005828640889376402 0.006177505478262901 0.005788952112197876 0.005901777185499668 0.005980640184134245 0.006731622386723757 0.008593834936618805 0.015430583618581295 0.014974664896726608 0.0 0.0 0.0 0.0 0.0 0.0 0.0 0.0 0.0 0.0 0.0 0.0 0.0 0.0 0.0 0.0 0.0 0.0
0.8965333700180054 0.005064413882791996 0.004451997112482786 0.00474718539044261 0.004956548102200031 0.005158890504390001 0.005844712723046541 0.006082703359425068 0.006276010535657406 0.006057221908122301 0.005948593840003014 0.006683125626295805 0.00934179313480854 0.017030177637934685 0.015823163092136383 0.0 0.0 0.0 0.0 0.0 0.0 0.0 0.0 0.0 0.0 0.0 0.0 0.0 0.0 0.0 0.0 0.0
0.8961068987846375 0.004398134537041187 0.004493022337555885 0.004799817688763142 0.0047195060178637505 0.0047653536312282085 0.0053493366576731205 0.0053461878560483456 0.006064129527658224 0.005908206570893526 0.005663858726620674 0.005737172439694405 0.006671666167676449 0.009292267262935638 0.015872489660978317 0.014813116751611233 0.0 0.0 0.0 0.0 0.0 0.0 0.0 0.0 0.0 0.0 0.0 0.0 0.0 0.0 0.0 0.0
0.8813212513923645 0.004116841126233339 0.004413624294102192 0.004906377289444208 0.00493996636942029 0.004524052608758211 0.00489428173750639 0.004775002133101225 0.005617205519229174 0.005922556854784489 0.005685730837285519 0.005634625442326069 0.005642576143145561 0.006588118616491556 0.009012401103973389 0.026477565988898277 0.015530219301581383 0.0 0.0 0.0 0.0 0.0 0.0 0.0 0.0 0.0 0.0 0.0 0.0 0.0 0.0 0.0
0.8905727863311768 0.0038835902232676744 0.004252278711646795 0.004855974577367306 0.005109434016048908 0.004680397920310497 0.0047694784589111805 0.004366034176200628 0.004866644740104675 0.005409355275332928 0.005815251264721155 0.0056722117587924 0.005484557710587978 0.005739206913858652 0.006499398499727249 0.00850594136863947 0.015121221542358398 0.014396857470273972 0.0 0.0 0.0 0.0 0.0 0.0 0.0 0.0 0.0 0.0 0.0 0.0 0.0 0.0
0.8839859366416931 0.003997983876615763 0.004005790688097477 0.004790087230503559 0.005142491310834885 0.0049615162424743176 0.005022029858082533 0.004346159752458334 0.0043188235722482204 0.004930106922984123 0.005205246154218912 0.005927287042140961 0.0056104897521436214 0.0055176615715026855 0.0056637125089764595 0.0064143347553908825 0.008505010977387428 0.016843102872371674 0.014817965216934681 0.0 0.0 0.0 0.0 0.0 0.0 0.0 0.0 0.0 0.0 0.0 0.0 0.0
0.8759737610816956 0.005010855384171009 0.004028945229947567 0.004548032768070698 0.004976524505764246 0.005126388743519783 0.00496962945908308 0.004464906640350819 0.0043954201973974705 0.004784270189702511 0.004997872281819582 0.005461233668029308 0.0058275433257222176 0.005753522273153067 0.005678866989910603 0.005383572541177273 0.006201499607414007 0.008414330892264843 0.018416011705994606 0.015582690946757793 0.0 0.0 0.0 0.0 0.0 0.0 0.0 0.0 0.0 0.0 0.0 0.0
0.877820611000061 0.004289432428777218 0.004058531951159239 0.004238411318510771 0.004747720900923014 0.00480609992519021 0.005067441146820784 0.004577314481139183 0.0045366776175796986 0.005168145056813955 0.004302544053643942 0.004689107183367014 0.005187372211366892 0.005662745796144009 0.005838679149746895 0.005360891576856375 0.005471173208206892 0.006170695647597313 0.0085628442466259 0.015070592053234577 0.014379648491740227 0.0 0.0 0.0 0.0 0.0 0.0 0.0 0.0 0.0 0.0 0.0
0.8754316568374634 0.003892413107678294 0.003737408434972167 0.004217501729726791 0.004545115865767002 0.004586736671626568 0.0046976045705378056 0.004644189029932022 0.004604361020028591 0.004977191798388958 0.004140762612223625 0.004207506775856018 0.004574605263769627 0.005093769170343876 0.0057634273543953896 0.005452811252325773 0.00525493361055851 0.005231334362179041 0.006206389982253313 0.008311305195093155 0.015852397307753563 0.014576828107237816 0.0 0.0 0.0 0.0 0.0 0.0 0.0 0.0 0.0 0.0
0.8713385462760925 0.00337047572247684 0.003485155524685979 0.003997996915131807 0.004785400815308094 0.004440132528543472 0.004883370827883482 0.004472989588975906 0.004725818056613207 0.0053532118909060955 0.00427789194509387 0.004108921624720097 0.004297217354178429 0.004596115089952946 0.005471694283187389 0.005699398927390575 0.0056480602361261845 0.005067760590463877 0.005293306894600391 0.005985664669424295 0.008403602056205273 0.015068656764924526 0.015234229154884815 0.0 0.0 0.0 0.0 0.0 0.0 0.0 0.0 0.0
0.8673911094665527 0.003168941242620349 0.0034882838372141123 0.003843766637146473 0.004575686063617468 0.00457791518419981 0.004945202264934778 0.004414974711835384 0.004453583154827356 0.004863062407821417 0.004609968978911638 0.004281429573893547 0.0041936831548810005 0.004316661041229963 0.004773690830916166 0.005149208940565586 0.005620697513222694 0.005314626265317202 0.00537072541192174 0.00530814565718174 0.0060390508733689785 0.008632596582174301 0.015460061840713024 0.015205307863652706 0.0 0.0 0.0 0.0 0.0 0.0 0.0 0.0
0.8617522120475769 0.0029014486353844404 0.0028400649316608906 0.0034111361019313335 0.0041761090978980064 0.0041793957352638245 0.004381729755550623 0.004135070368647575 0.004378380253911018 0.004462272394448519 0.004738425370305777 0.004584658425301313 0.004313615616410971 0.004133992828428745 0.004797269124537706 0.00477240514010191 0.005059836432337761 0.005862100515514612 0.005489499308168888 0.005009172949939966 0.005340481176972389 0.005996683146804571 0.010539240203797817 0.017779385671019554 0.014964668080210686 0.0 0.0 0.0 0.0 0.0 0.0 0.0
0.8665045499801636 0.0026036687195301056 0.0025893994607031345 0.0031395130790770054 0.0036393930204212666 0.003737624501809478 0.0042708138935267925 0.0039976355619728565 0.004053242038935423 0.004263218957930803 0.004288491792976856 0.004453270696103573 0.004437817260622978 0.004347125068306923 0.004281261935830116 0.003984034061431885 0.004359808284789324 0.0048796264454722404 0.0054649715311825275 0.005241699051111937 0.0051664630882442 0.005186502821743488 0.005895620211958885 0.008186202496290207 0.016516679897904396 0.014511185698211193 0.0 0.0 0.0 0.0 0.0 0.0
0.8646345138549805 0.0026990657206624746 0.002679247874766588 0.0030113677494227886 0.003420027671381831 0.0034876144491136074 0.003948270343244076 0.003818398341536522 0.004112123977392912 0.004207638558000326 0.004265108611434698 0.004420665558427572 0.004543269518762827 0.004451189190149307 0.004785375203937292 0.003972731065005064 0.0040876897983253 0.0043662237003445625 0.005006494931876659 0.005363481119275093 0.005405955482274294 0.005037898197770119 0.0051774862222373486 0.005891325417906046 0.008210265077650547 0.01462121307849884 0.014376099221408367 0.0 0.0 0.0 0.0 0.0
0.8621951341629028 0.0026063574478030205 0.0026756341103464365 0.002971411682665348 0.003226987551897764 0.0033042689319700003 0.0035858985502272844 0.0035563665442168713 0.0038203455042093992 0.003980233799666166 0.004056659527122974 0.004333424381911755 0.004441228695213795 0.004497678484767675 0.004995804745703936 0.004025132395327091 0.0040152715519070625 0.00384433357976377 0.004414561204612255 0.004732193890959024 0.0054667675867676735 0.005142803769558668 0.0051597971469163895 0.005389304365962744 0.005758779123425484 0.008557072840631008 0.014748855493962765 0.014492271468043327 0.0 0.0 0.0 0.0
0.8566904664039612 0.0024651179555803537 0.0025250946637243032 0.0029612896032631397 0.0032948353327810764 0.0032165227457880974 0.003378374734893441 0.0031990171410143375 0.0035878720227628946 0.0041030338034033775 0.0038147929590195417 0.0039385836571455 0.0044149127788841724 0.004306558519601822 0.0050965165719389915 0.004384973086416721 0.004131462424993515 0.0037445728667080402 0.004022335633635521 0.004180925898253918 0.005179606378078461 0.005392961669713259 0.005609563551843166 0.005232749506831169 0.005095436703413725 0.006371896248310804 0.009651108644902706 0.015227279625833035 0.014781661331653595 0.0 0.0 0.0
0.858037531375885 0.002535262843593955 0.002517703687772155 0.0029076046776026487 0.003164710011333227 0.0032350588589906693 0.0036872976925224066 0.0030410767067223787 0.003264606697484851 0.0036107529886066914 0.0037806229665875435 0.003832498099654913 0.0041096992790699005 0.004329704213887453 0.004695825278759003 0.0044606588780879974 0.00435697240754962 0.0039526354521512985 0.0039413077756762505 0.0038351328112185 0.0043196300975978374 0.0047693499363958836 0.005420658737421036 0.0056725540198385715 0.004888301715254784 0.0050041708163917065 0.00549332844093442 0.0080346018075943 0.015235449187457561 0.013864973559975624 0.0 0.0
0.8595354557037354 0.0025932590942829847 0.0024602599442005157 0.0028512838762253523 0.003077190136536956 0.003025762038305402 0.003239269368350506 0.0028326925821602345 0.0029512494802474976 0.0032310569658875465 0.0034006864298135042 0.0036581470631062984 0.003798344638198614 0.00399366207420826 0.004378862679004669 0.004305739421397448 0.004382976330816746 0.004194254521280527 0.00397501839324832 0.0037499824538826942 0.0038148402236402035 0.00413380516692996 0.0047780415043234825 0.005356756504625082 0.004950582981109619 0.004799732472747564 0.004652795381844044 0.0055429707281291485 0.007885890081524849 0.014961374923586845 0.013485564850270748 0.0
0.8548766374588013 0.0028955256566405296 0.0026752259582281113 0.002794718835502863 0.003087613731622696 0.0030464339070022106 0.00344282784499228 0.00294037745334208 0.002988210180774331 0.003094088053330779 0.0031952227000147104 0.0034201196394860744 0.0037607757840305567 0.004215994384139776 0.004134148824959993 0.004093609284609556 0.004342647735029459 0.0041376762092113495 0.004265839699655771 0.003986617550253868 0.0037077846936881542 0.003823038889095187 0.004068511538207531 0.004663864150643349 0.005070453509688377 0.005109441466629505 0.004596858751028776 0.004718348383903503 0.005541594699025154 0.00789276696741581 0.015188660472631454 0.014218304306268692
