1.0 0.0 0.0 0.0 0.0 0.0 0.0 0.0 0.0 0.0 0.0 0.0 0.0 0.0 0.0 0.0 0.0 0.0 0.0 0.0 0.0 0.0 0.0 0.0 0.0 0.0 0.0 0.0 0.0 0.0 0.0 0.0
0.9703141450881958 0.029696444049477577 0.0 0.0 0.0 0.0 0.0 0.0 0.0 0.0 0.0 0.0 0.0 0.0 0.0 0.0 0.0 0.0 0.0 0.0 0.0 0.0 0.0 0.0 0.0 0.0 0.0 0.0 0.0 0.0 0.0 0.0
0.9592545628547668 0.019760731607675552 0.02098231203854084 0.0 0.0 0.0 0.0 0.0 0.0 0.0 0.0 0.0 0.0 0.0 0.0 0.0 0.0 0.0 0.0 0.0 0.0 0.0 0.0 0.0 0.0 0.0 0.0 0.0 0.0 0.0 0.0 0.0
0.9475867748260498 0.01507045328617096 0.01997116394340992 0.01736634597182274 0.0 0.0 0.0 0.0 0.0 0.0 0.0 0.0 0.0 0.0 0.0 0.0 0.0 0.0 0.0 0.0 0.0 0.0 0.0 0.0 0.0 0.0 0.0 0.0 0.0 0.0 0.0 0.0
0.9390230178833008 0.01227319985628128 0.01659078523516655 0.017475495114922523 0.014640336856245995 0.0 0.0 0.0 0.0 0.0 0.0 0.0 0.0 0.0 0.0 0.0 0.0 0.0 0.0 0.0 0.0 0.0 0.0 0.0 0.0 0.0 0.0 0.0 0.0 0.0 0.0 0.0
0.9304237365722656 0.010945886373519897 0.014285019598901272 0.015482868999242783 0.015238857828080654 0.013621148653328419 0.0 0.0 0.0 0.0 0.0 0.0 0.0 0.0 0.0 0.0 0.0 0.0 0.0 0.0 0.0 0.0 0.0 0.0 0.0 0.0 0.0 0.0 0.0 0.0 0.0 0.0
0.9223957657814026 0.010221089236438274 0.01311436016112566 0.013741161674261093 0.0138374799862504 0.013997877016663551 0.012694609351456165 0.0 0.0 0.0 0.0 0.0 0.0 0.0 0.0 0.0 0.0 0.0 0.0 0.0 0.0 0.0 0.0 0.0 0.0 0.0 0.0 0.0 0.0 0.0 0.0 0.0
0.9165342450141907 0.009351428598165512 0.012204657308757305 0.012240985408425331 0.01212406624108553 0.012656128033995628 0.012724993750452995 0.01216935645788908 0.0 0.0 0.0 0.0 0.0 0.0 0.0 0.0 0.0 0.0 0.0 0.0 0.0 0.0 0.0 0.0 0.0 0.0 0.0 0.0 0.0 0.0 0.0 0.0
0.9108025431632996 0.008732969872653484 0.011547092348337173 0.011444543488323689 0.010877605527639389 0.011306463740766048 0.011611944995820522 0.011989891529083252 0.011690905317664146 0.0 0.0 0.0 0.0 0.0 0.0 0.0 0.0 0.0 0.0 0.0 0.0 0.0 0.0 0.0 0.0 0.0 0.0 0.0 0.0 0.0 0.0 0.0
0.9042432904243469 0.008177935145795345 0.011287839151918888 0.011087284423410892 0.010413574986159801 0.010285858064889908 0.010557703673839569 0.011057700030505657 0.011507624760270119 0.011378509923815727 0.0 0.0 0.0 0.0 0.0 0.0 0.0 0.0 0.0 0.0 0.0 0.0 0.0 0.0 0.0 0.0 0.0 0.0 0.0 0.0 0.0 0.0
0.8994638919830322 0.007795016281306744 0.010683230124413967 0.010380294173955917 0.009847193956375122 0.009717156179249287 0.009688573889434338 0.009961183182895184 0.01046320702880621 0.011137929745018482 0.010863073170185089 0.0 0.0 0.0 0.0 0.0 0.0 0.0 0.0 0.0 0.0 0.0 0.0 0.0 0.0 0.0 0.0 0.0 0.0 0.0 0.0 0.0
0.8952632546424866 0.007400002796202898 0.009928172454237938 0.009819503873586655 0.00934925302863121 0.009243343025445938 0.00913794431835413 0.009191615507006645 0.009591775946319103 0.01001045759767294 0.010477853007614613 0.010586305521428585 0.0 0.0 0.0 0.0 0.0 0.0 0.0 0.0 0.0 0.0 0.0 0.0 0.0 0.0 0.0 0.0 0.0 0.0 0.0 0.0
0.8912923336029053 0.007177393417805433 0.009395557455718517 0.009242616593837738 0.008876760490238667 0.008744245395064354 0.008751749992370605 0.008660579100251198 0.008851375430822372 0.009216619655489922 0.009493821300566196 0.010244046337902546 0.010051894001662731 0.0 0.0 0.0 0.0 0.0 0.0 0.0 0.0 0.0 0.0 0.0 0.0 0.0 0.0 0.0 0.0 0.0 0.0 0.0
0.8870357275009155 0.007027769461274147 0.009045310318470001 0.008883442729711533 0.00847866851836443 0.008352883160114288 0.00832432508468628 0.008324760012328625 0.008486534468829632 0.008459658361971378 0.008843189105391502 0.009383589029312134 0.009571610018610954 0.009780686348676682 0.0 0.0 0.0 0.0 0.0 0.0 0.0 0.0 0.0 0.0 0.0 0.0 0.0 0.0 0.0 0.0 0.0 0.0
0.8840151429176331 0.006760627496987581 0.008756292052567005 0.008415277116000652 0.0081125907599926 0.008029776625335217 0.008076821453869343 0.007905364967882633 0.007945457473397255 0.00795208103954792 0.008058442734181881 0.008453808724880219 0.00862956140190363 0.009278464131057262 0.009606564417481422 0.0 0.0 0.0 0.0 0.0 0.0 0.0 0.0 0.0 0.0 0.0 0.0 0.0 0.0 0.0 0.0 0.0
0.8798583745956421 0.00634747976437211 0.008591349236667156 0.008297997526824474 0.00783600565046072 0.007650669664144516 0.007677464745938778 0.007533335126936436 0.007551565300673246 0.007662858348339796 0.007733105681836605 0.007915770635008812 0.008060397580265999 0.008591627702116966 0.009291891939938068 0.009401052258908749 0.0 0.0 0.0 0.0 0.0 0.0 0.0 0.0 0.0 0.0 0.0 0.0 0.0 0.0 0.0 0.0
0.8763828873634338 0.00608124490827322 0.008398975245654583 0.008039438165724277 0.00761523237451911 0.007439350709319115 0.007283864542841911 0.007179830688983202 0.007256265264004469 0.007287849672138691 0.007335691247135401 0.007585036568343639 0.00756923807784915 0.007977322675287724 0.008465414866805077 0.008938977494835854 0.009167928248643875 0.0 0.0 0.0 0.0 0.0 0.0 0.0 0.0 0.0 0.0 0.0 0.0 0.0 0.0 0.0
0.8734162449836731 0.0056617422960698605 0.008044794201850891 0.007793044205754995 0.007414443884044886 0.0071713789366185665 0.007019390352070332 0.00688658282160759 0.007045942358672619 0.006982121150940657 0.007023165933787823 0.007221141364425421 0.007185444235801697 0.0074335988610982895 0.007766836788505316 0.008250953629612923 0.008657346479594707 0.009026564657688141 0.0 0.0 0.0 0.0 0.0 0.0 0.0 0.0 0.0 0.0 0.0 0.0 0.0 0.0
0.8696269989013672 0.005701499525457621 0.007802371401339769 0.0074958186596632 0.007258545607328415 0.007193718571215868 0.006853215396404266 0.006768286693841219 0.006671353708952665 0.006605952978134155 0.00670535396784544 0.006910297088325024 0.006834869738668203 0.007100242190063 0.0073692756704986095 0.007587704341858625 0.007931689731776714 0.008594056591391563 0.0089853685349226 0.0 0.0 0.0 0.0 0.0 0.0 0.0 0.0 0.0 0.0 0.0 0.0 0.0
0.8648768067359924 0.005764971021562815 0.007719212677329779 0.007363196928054094 0.006969757843762636 0.007065603043884039 0.006898296065628529 0.006588065531104803 0.006547285709530115 0.006510541774332523 0.006487501319497824 0.006693102885037661 0.006639149971306324 0.0067790811881423 0.007047244813293219 0.0072131166234612465 0.0073890071362257 0.00801181886345148 0.00866628997027874 0.008770436979830265 0.0 0.0 0.0 0.0 0.0 0.0 0.0 0.0 0.0 0.0 0.0 0.0
0.8628962635993958 0.00560713279992342 0.007458691950887442 0.007055091205984354 0.006821035873144865 0.006668217945843935 0.006516673602163792 0.006532004568725824 0.006321773398667574 0.006184587255120277 0.006240482442080975 0.0063094329088926315 0.006297342013567686 0.006489831954240799 0.006687438115477562 0.006830844562500715 0.006936052348464727 0.007285535801202059 0.007897969335317612 0.008205791004002094 0.008755793794989586 0.0 0.0 0.0 0.0 0.0 0.0 0.0 0.0 0.0 0.0 0.0
0.86094731092453 0.005450686905533075 0.007265089545398951 0.006908323150128126 0.0065260692499578 0.006336601916700602 0.006250668782740831 0.006267062854021788 0.006105410400778055 0.006053064949810505 0.005955669097602367 0.006033610086888075 0.0060109589248895645 0.006192619446665049 0.006469489075243473 0.006455502938479185 0.0065575228072702885 0.006787687540054321 0.007274088449776173 0.007544867694377899 0.008168467320501804 0.008433937095105648 0.0 0.0 0.0 0.0 0.0 0.0 0.0 0.0 0.0 0.0
0.8580685257911682 0.005396528169512749 0.00709192268550396 0.006730903405696154 0.006371349561959505 0.006238825619220734 0.006097298115491867 0.006011585704982281 0.005987000185996294 0.006000416353344917 0.005890738219022751 0.005866164341568947 0.005786950699985027 0.005896724294871092 0.006154582370072603 0.00622303131967783 0.006226671859622002 0.006489691324532032 0.006733487360179424 0.00697059603407979 0.007348506711423397 0.008047297596931458 0.008368436247110367 0.0 0.0 0.0 0.0 0.0 0.0 0.0 0.0 0.0
0.8565550446510315 0.005139079876244068 0.0068816980347037315 0.006618392188102007 0.006262262351810932 0.006070311646908522 0.005879741627722979 0.005808062851428986 0.005744501482695341 0.005850770510733128 0.005666214972734451 0.005681626498699188 0.005601375829428434 0.005606758873909712 0.005777514539659023 0.005892760120332241 0.005988437682390213 0.006149960681796074 0.00640373770147562 0.006531826686114073 0.006774451583623886 0.00721697136759758 0.007784585934132338 0.008117783814668655 0.0 0.0 0.0 0.0 0.0 0.0 0.0 0.0
0.853704571723938 0.004938146565109491 0.006712472997605801 0.006432059686630964 0.006061078980565071 0.005982839968055487 0.0058528706431388855 0.005615676753222942 0.005635570269078016 0.005622214637696743 0.005527731962502003 0.005546470172703266 0.005407413002103567 0.005483870394527912 0.005615771282464266 0.0056483205407857895 0.005653516389429569 0.005898156203329563 0.006142354570329189 0.006289537996053696 0.006423456594347954 0.006755593232810497 0.007207613904029131 0.007732057943940163 0.00810872483998537 0.0 0.0 0.0 0.0 0.0 0.0 0.0
0.8498294949531555 0.00486081512644887 0.006562730297446251 0.006334073841571808 0.005948235280811787 0.005873384885489941 0.005733070895075798 0.005552347283810377 0.005600981879979372 0.0055396826937794685 0.005451665725558996 0.005471596494317055 0.005448096431791782 0.005446380004286766 0.005462924484163523 0.005523446947336197 0.005468647927045822 0.005668145604431629 0.005905762780457735 0.00607087230309844 0.006214695982635021 0.006368298549205065 0.006700955331325531 0.007049488835036755 0.007861967198550701 0.008049468509852886 0.0 0.0 0.0 0.0 0.0 0.0
0.8466123342514038 0.00466023338958621 0.006362873129546642 0.006055291276425123 0.005829643923789263 0.005789912771433592 0.005775822792202234 0.005443287082016468 0.005699838511645794 0.005439539439976215 0.005257175303995609 0.005329640582203865 0.005244544707238674 0.00536718126386404 0.005364479497075081 0.0054352316074073315 0.005330565385520458 0.00546517688781023 0.005679446738213301 0.005815481301397085 0.005950903985649347 0.006160927005112171 0.006442667916417122 0.006627978291362524 0.007230187300592661 0.0075889709405601025 0.008039548993110657 0.0 0.0 0.0 0.0 0.0
0.8440149426460266 0.004450468346476555 0.006190754473209381 0.006037815008312464 0.005703767295926809 0.005685208365321159 0.005533826071768999 0.005402992479503155 0.005350742023438215 0.005264210514724255 0.005100905429571867 0.005172517150640488 0.005144080612808466 0.005188777577131987 0.0052773491479456425 0.0052251145243644714 0.0051942369900643826 0.005335323046892881 0.005577681586146355 0.005674499087035656 0.005855010822415352 0.005939075257629156 0.006063859909772873 0.006283750757575035 0.006768253166228533 0.007013178896158934 0.007583283353596926 0.007967059500515461 0.0 0.0 0.0 0.0
0.8406235575675964 0.004324362147599459 0.006117912475019693 0.005868749227374792 0.005551543552428484 0.005455136764794588 0.005449441261589527 0.005311120767146349 0.005362791940569878 0.0053313737735152245 0.005081436596810818 0.005102314054965973 0.005033095367252827 0.005031645763665438 0.005133382976055145 0.005220890045166016 0.005043415818363428 0.005127131473273039 0.005380680318921804 0.005507812835276127 0.005520000588148832 0.005682656075805426 0.00598368514329195 0.006102598737925291 0.006466195452958345 0.006637150887399912 0.007020013406872749 0.00750558590516448 0.0080259433016181 0.0 0.0 0.0
0.8390906453132629 0.004239813890308142 0.005837661679834127 0.005667989142239094 0.005428942386060953 0.005456229671835899 0.00527645368129015 0.0051888879388570786 0.005144733004271984 0.005090953316539526 0.004965642932802439 0.004908463917672634 0.0048270332626998425 0.0049168118275702 0.004972377792000771 0.00501271802932024 0.005001813173294067 0.005085884127765894 0.005241404753178358 0.005168812815099955 0.005329467356204987 0.005458638072013855 0.005614840425550938 0.005758270155638456 0.006142770405858755 0.006250645965337753 0.006529867649078369 0.006969035603106022 0.007573231123387814 0.007851617410779 0.0 0.0
0.8374013304710388 0.004149343818426132 0.005776033271104097 0.005507230293005705 0.005227931775152683 0.005193978548049927 0.005144897848367691 0.005001462064683437 0.004933014512062073 0.004921961110085249 0.0048337397165596485 0.00487172557041049 0.004738030023872852 0.004799471236765385 0.004822314251214266 0.004894435405731201 0.004827042575925589 0.004924500826746225 0.00503968633711338 0.0050403056666255 0.00509771890938282 0.005198624916374683 0.005451735109090805 0.00552199874073267 0.005830958019942045 0.005928141996264458 0.006249879952520132 0.006452726200222969 0.00695891585201025 0.0074034882709383965 0.007857868447899818 0.0
0.8344307541847229 0.004155479371547699 0.0056548151187598705 0.005346373654901981 0.005063103511929512 0.00505339028313756 0.0050457073375582695 0.004888697061687708 0.0048305923119187355 0.004910721909254789 0.004804697353392839 0.0047443220391869545 0.004638678394258022 0.004720307420939207 0.004792018793523312 0.004777442663908005 0.0047767250798642635 0.004800240509212017 0.005010915454477072 0.004964982625097036 0.005049882922321558 0.005153310019522905 0.00517301494255662 0.005227526184171438 0.005679935682564974 0.005727909505367279 0.005939185153692961 0.006224410608410835 0.0065434761345386505 0.006801337003707886 0.007368565537035465 0.007697916589677334
