1.0 0.0 0.0 0.0 0.0 0.0 0.0 0.0 0.0 0.0 0.0 0.0 0.0 0.0 0.0 0.0 0.0 0.0 0.0 0.0 0.0 0.0 0.0 0.0 0.0 0.0 0.0 0.0 0.0 0.0 0.0 0.0
0.9168153405189514 0.08320283144712448 0.0 0.0 0.0 0.0 0.0 0.0 0.0 0.0 0.0 0.0 0.0 0.0 0.0 0.0 0.0 0.0 0.0 0.0 0.0 0.0 0.0 0.0 0.0 0.0 0.0 0.0 0.0 0.0 0.0 0.0
0.9416141510009766 0.029853032901883125 0.028541354462504387 0.0 0.0 0.0 0.0 0.0 0.0 0.0 0.0 0.0 0.0 0.0 0.0 0.0 0.0 0.0 0.0 0.0 0.0 0.0 0.0 0.0 0.0 0.0 0.0 0.0 0.0 0.0 0.0 0.0
0.9293659925460815 0.008441167883574963 0.03316320851445198 0.0290264580398798 0.0 0.0 0.0 0.0 0.0 0.0 0.0 0.0 0.0 0.0 0.0 0.0 0.0 0.0 0.0 0.0 0.0 0.0 0.0 0.0 0.0 0.0 0.0 0.0 0.0 0.0 0.0 0.0
0.925247073173523 0.002038421342149377 0.007865315303206444 0.030597690492868423 0.03424762561917305 0.0 0.0 0.0 0.0 0.0 0.0 0.0 0.0 0.0 0.0 0.0 0.0 0.0 0.0 0.0 0.0 0.0 0.0 0.0 0.0 0.0 0.0 0.0 0.0 0.0 0.0 0.0
0.922199547290802 0.0009071366512216628 0.001966235926374793 0.007904866710305214 0.034009840339422226 0.0330149382352829 0.0 0.0 0.0 0.0 0.0 0.0 0.0 0.0 0.0 0.0 0.0 0.0 0.0 0.0 0.0 0.0 0.0 0.0 0.0 0.0 0.0 0.0 0.0 0.0 0.0 0.0
0.922624409198761 0.000598183658439666 0.0007381571340374649 0.0018493455136194825 0.007658629212528467 0.03487492725253105 0.031654633581638336 0.0 0.0 0.0 0.0 0.0 0.0 0.0 0.0 0.0 0.0 0.0 0.0 0.0 0.0 0.0 0.0 0.0 0.0 0.0 0.0 0.0 0.0 0.0 0.0 0.0
0.9123172760009766 0.0006691216840408742 0.0005321429925970733 0.0008056668448261917 0.0019931772258132696 0.009041571989655495 0.03916013240814209 0.03547972813248634 0.0 0.0 0.0 0.0 0.0 0.0 0.0 0.0 0.0 0.0 0.0 0.0 0.0 0.0 0.0 0.0 0.0 0.0 0.0 0.0 0.0 0.0 0.0 0.0
0.9189330339431763 0.0006411475478671491 0.0005690663238056004 0.0005557103431783617 0.000847271759994328 0.002841838402673602 0.00723770447075367 0.03393155708909035 0.03444682061672211 0.0 0.0 0.0 0.0 0.0 0.0 0.0 0.0 0.0 0.0 0.0 0.0 0.0 0.0 0.0 0.0 0.0 0.0 0.0 0.0 0.0 0.0 0.0
0.9201295971870422 0.00039364039548672736 0.000470777100417763 0.0005135969258844852 0.0005270601250231266 0.000850895419716835 0.0018682110821828246 0.007311069872230291 0.03443863242864609 0.033503931015729904 0.0 0.0 0.0 0.0 0.0 0.0 0.0 0.0 0.0 0.0 0.0 0.0 0.0 0.0 0.0 0.0 0.0 0.0 0.0 0.0 0.0 0.0
0.9197338223457336 0.00029529505991376936 0.00035301558091305196 0.0004499749920796603 0.0005273347487673163 0.0005831005400978029 0.0007696833345107734 0.0021660993807017803 0.007440756540745497 0.03287432715296745 0.03481362387537956 0.0 0.0 0.0 0.0 0.0 0.0 0.0 0.0 0.0 0.0 0.0 0.0 0.0 0.0 0.0 0.0 0.0 0.0 0.0 0.0 0.0
0.9193458557128906 0.00029009010177105665 0.0002469681785441935 0.00032547564478591084 0.00048243938363157213 0.0005502923741005361 0.0005482059787027538 0.0008403105312027037 0.002295335289090872 0.007384182885289192 0.033537447452545166 0.03415875509381294 0.0 0.0 0.0 0.0 0.0 0.0 0.0 0.0 0.0 0.0 0.0 0.0 0.0 0.0 0.0 0.0 0.0 0.0 0.0 0.0
0.9181264042854309 0.00037448384682647884 0.00022708922915626317 0.00022466917289420962 0.0003153737634420395 0.00043294133502058685 0.00048802478704601526 0.0005603008903563023 0.0008761013159528375 0.001980887260288 0.007794507313519716 0.03455422446131706 0.034045055508613586 0.0 0.0 0.0 0.0 0.0 0.0 0.0 0.0 0.0 0.0 0.0 0.0 0.0 0.0 0.0 0.0 0.0 0.0 0.0
0.9205271005630493 0.00046567595563828945 0.0002787765406537801 0.0002011283504543826 0.00020689387747552246 0.00028564580134116113 0.00039258343167603016 0.00047198106767609715 0.0005554824601858854 0.000785028503742069 0.001883785123936832 0.0074639348313212395 0.033936742693185806 0.03254129737615585 0.0 0.0 0.0 0.0 0.0 0.0 0.0 0.0 0.0 0.0 0.0 0.0 0.0 0.0 0.0 0.0 0.0 0.0
0.9220645427703857 0.0003998883184976876 0.00035453742020763457 0.0002602850436232984 0.0001934204628923908 0.00019220741523895413 0.00026701961178332567 0.00039362593088299036 0.0004869751282967627 0.0005578408017754555 0.0008057720260694623 0.0018097320571541786 0.0073984842747449875 0.03279764577746391 0.032016731798648834 0.0 0.0 0.0 0.0 0.0 0.0 0.0 0.0 0.0 0.0 0.0 0.0 0.0 0.0 0.0 0.0 0.0
0.92277991771698 0.0002155943657271564 0.0003199587226845324 0.0003178250917699188 0.000246154930209741 0.0001889887935249135 0.0001826759980758652 0.00026039991644211113 0.0003928723745048046 0.0004760217561852187 0.0005703181377612054 0.0008024622220546007 0.001874767360277474 0.007303344085812569 0.0327613428235054 0.03130640462040901 0.0 0.0 0.0 0.0 0.0 0.0 0.0 0.0 0.0 0.0 0.0 0.0 0.0 0.0 0.0 0.0
0.9212458729743958 0.00011482301488285884 0.00020847719861194491 0.0002929569163825363 0.000306521775200963 0.00025155788171105087 0.00017972123168874532 0.00018864628509618342 0.0002649879897944629 0.00038082344690337777 0.0004784061457030475 0.0005406325217336416 0.0007691529463045299 0.0018033972010016441 0.007481494452804327 0.033294543623924255 0.03219439834356308 0.0 0.0 0.0 0.0 0.0 0.0 0.0 0.0 0.0 0.0 0.0 0.0 0.0 0.0 0.0
0.9223239421844482 9.89801119430922e-05 0.0001240462443092838 0.0001895303139463067 0.00026710497331805527 0.0003018796269316226 0.00023701826285105199 0.00017820914217736572 0.0001900641800602898 0.0002676064323168248 0.00039415364153683186 0.00046983029460534453 0.0005319284391589463 0.0007560535450465977 0.001799112418666482 0.0075737666338682175 0.03253288194537163 0.031765516847372055 0.0 0.0 0.0 0.0 0.0 0.0 0.0 0.0 0.0 0.0 0.0 0.0 0.0 0.0
0.9228060245513916 0.00015455334505531937 0.00010141621896764264 0.0001201273626065813 0.00017152649525087327 0.00025363574968650937 0.00028718102839775383 0.00023957672237884253 0.000184434320544824 0.00018362949776928872 0.00026517396327108145 0.00038224150193855166 0.0004633341741282493 0.0005371320294216275 0.0007766654598526657 0.001861019292846322 0.007193872705101967 0.0324956513941288 0.031521111726760864 0.0 0.0 0.0 0.0 0.0 0.0 0.0 0.0 0.0 0.0 0.0 0.0 0.0
0.9212779998779297 0.00029689184157177806 0.0001550369634060189 0.00010632981866365299 0.0001047264740918763 0.0001605290308361873 0.00023724412312731147 0.0002893105265684426 0.0002370181173318997 0.00017549440963193774 0.00018258146883454174 0.0002581336593721062 0.0003779928956646472 0.00046583759831264615 0.0005247154040262103 0.0007578236982226372 0.0017904025735333562 0.007339757867157459 0.033659592270851135 0.031602874398231506 0.0 0.0 0.0 0.0 0.0 0.0 0.0 0.0 0.0 0.0 0.0 0.0
0.9208196997642517 0.0003403985174372792 0.00028846279019489884 0.00016015498840715736 9.655097528593615e-05 0.00011321286729071289 0.00014503917191177607 0.00023191332002170384 0.00029267289210110903 0.00024495780235156417 0.00019831344252452254 0.0001843497739173472 0.0002481856499798596 0.00037221319507807493 0.00046578660840168595 0.000526117451954633 0.0007675465894863009 0.0018149883253499866 0.007137410342693329 0.03260602056980133 0.03294418752193451 0.0 0.0 0.0 0.0 0.0 0.0 0.0 0.0 0.0 0.0 0.0
0.9219875931739807 0.0001818406890379265 0.0003341686970088631 0.0002859156229533255 0.00015109758533071727 9.833560034167022e-05 9.010442590806633e-05 0.00014341510541271418 0.00022689628531225026 0.00028335562092252076 0.00024174261488951743 0.00017777032917365432 0.00017646726337261498 0.00024680650676600635 0.0003668580611702055 0.00046808039769530296 0.0005451043252833188 0.0007950966246426105 0.0018148687668144703 0.007118328008800745 0.033015571534633636 0.0312536358833313 0.0 0.0 0.0 0.0 0.0 0.0 0.0 0.0 0.0 0.0
0.9189611077308655 6.87303690938279e-05 0.00019199386588297784 0.0003281547105871141 0.00028144492534920573 0.0001542792742839083 8.540083945263177e-05 8.718731987755746e-05 0.00013935883180238307 0.0002326017274754122 0.00029157125391066074 0.00023777058231644332 0.00017664350161794573 0.0001756500278133899 0.0002522477589081973 0.00038774809218011796 0.00047716268454678357 0.0005399812362156808 0.000763562333304435 0.001822995487600565 0.007557704579085112 0.034992851316928864 0.03179735690355301 0.0 0.0 0.0 0.0 0.0 0.0 0.0 0.0 0.0
0.9179031848907471 3.7421068554976955e-05 7.873445429140702e-05 0.00019114300084766 0.00032602428109385073 0.0003017915296368301 0.00014923127309884876 9.133212006418034e-05 9.01705861906521e-05 0.00014357882901094854 0.0002444218844175339 0.0002961855789180845 0.00023667849018238485 0.00017588489572517574 0.00018174895376432687 0.0002532071084715426 0.00037629500729963183 0.00048083870206028223 0.0005480217514559627 0.000773656356614083 0.0018567375373095274 0.0073137786239385605 0.03402985259890556 0.03391600772738457 0.0 0.0 0.0 0.0 0.0 0.0 0.0 0.0
0.9170613884925842 4.116320997127332e-05 4.2821997340070084e-05 7.870006811572239e-05 0.0001769227092154324 0.00032173728686757386 0.00027384364511817694 0.00014107527385931462 8.668049122206867e-05 9.036338451551273e-05 0.00014327267126645893 0.00022443017223849893 0.00027401925763115287 0.00023440706718247384 0.00017604562162887305 0.00018634572916198522 0.0002540090645197779 0.00037908548256382346 0.00047807605005800724 0.0005550225614570081 0.0007750737713649869 0.001923730131238699 0.007559840101748705 0.03553636372089386 0.03298502787947655 0.0 0.0 0.0 0.0 0.0 0.0 0.0
0.9173173904418945 8.156057447195053e-05 4.580911627272144e-05 4.4947264541406184e-05 7.17938964953646e-05 0.0001790759852156043 0.00030728543060831726 0.00027102144667878747 0.00014069835015106946 7.957848720252514e-05 8.976575190899894e-05 0.00013677263632416725 0.00022106886899564415 0.0002825146948453039 0.00023861044610384852 0.0001780524180503562 0.00018160653416998684 0.00026054788031615317 0.0003717442450579256 0.0004671614442486316 0.0005412658792920411 0.0007967636920511723 0.0019476220477372408 0.008457854390144348 0.03461841866374016 0.03266880288720131 0.0 0.0 0.0 0.0 0.0 0.0
0.9184953570365906 0.00014476943761110306 7.87324461271055e-05 4.601546606863849e-05 4.1642069845693186e-05 7.349972293013707e-05 0.0001674042287049815 0.00031374735408462584 0.0002795823384076357 0.00013629818568006158 8.419656660407782e-05 8.766140672378242e-05 0.00013059524644631892 0.0002208226069342345 0.00028026479412801564 0.00023483854602091014 0.0001798882003640756 0.00017572459182702005 0.0002488373138476163 0.000377517135348171 0.0004908412811346352 0.0005580165307037532 0.0008007980650290847 0.001905605080537498 0.007441906724125147 0.034365780651569366 0.0326337069272995 0.0 0.0 0.0 0.0 0.0
0.9198517799377441 0.00013873940042685717 0.00012756991782225668 7.902416837168857e-05 4.4191419874550775e-05 4.038768747705035e-05 6.716111238347366e-05 0.0001626875309739262 0.00030948748462833464 0.0002655239077284932 0.0001395766157656908 8.0034056736622e-05 7.960783113958314e-05 0.000126645463751629 0.00021886997274123132 0.0002758065820671618 0.00023488368606194854 0.0001751968084136024 0.00017328051035292447 0.00024343226687051356 0.00036835894570685923 0.00047524800174869597 0.0005514808581210673 0.0008194477995857596 0.0019658743403851986 0.007674493361264467 0.03290172666311264 0.03240682929754257 0.0 0.0 0.0 0.0
0.9184339642524719 7.461324275936931e-05 0.00012620512279681861 0.00012722174869850278 7.738854765193537e-05 5.067719393991865e-05 3.666277552838437e-05 6.3561528804712e-05 0.00016631046310067177 0.0003115459985565394 0.00031577545451000333 0.00014171519433148205 7.686847675358877e-05 8.263396011898294e-05 0.00012662891822401434 0.00022056876332499087 0.0002721920027397573 0.0002319376653758809 0.00017627181659918278 0.00017629119975026697 0.00025761855067685246 0.00036764959804713726 0.0004750720108859241 0.0005589275970123708 0.0008249207166954875 0.0019290245836600661 0.0074322945438325405 0.03301128000020981 0.033862367272377014 0.0 0.0 0.0
0.9201072454452515 4.1265237086918205e-05 7.170407479861751e-05 0.00012077957217115909 0.00011812600132543594 7.726936019025743e-05 4.046556568937376e-05 3.583495345083065e-05 6.429122731788084e-05 0.0001615016517462209 0.0003211537841707468 0.00026871883892454207 0.00013033121649641544 7.444202492479235e-05 7.513463060604408e-05 0.0001226782624144107 0.00021384740830399096 0.0002672012196853757 0.00022767421614844352 0.0001697190455161035 0.00018011454085353762 0.00024821949773468077 0.0003785553271882236 0.0004707920888904482 0.000548984098713845 0.0008135921088978648 0.0019291917560622096 0.007289248984307051 0.0336180254817009 0.03180939704179764 0.0 0.0
0.9240955114364624 3.851757355732843e-05 4.0859184082364663e-05 7.174778875196353e-05 0.00010515888425288722 0.00012533614062704146 7.134039333323017e-05 4.041666761622764e-05 3.7316607631510124e-05 6.22226289124228e-05 0.00016292365035042167 0.0003028585924766958 0.0002661717589944601 0.00013002661580685526 7.401417678920552e-05 7.50297331251204e-05 0.00011666223144857213 0.0002014686178881675 0.00026398300542496145 0.00022676620574202389 0.00017677992582321167 0.00017633603420108557 0.00024456597748212516 0.00038210966158658266 0.0004644801956601441 0.0005373602034524083 0.0007962655508890748 0.001875513349659741 0.007127410266548395 0.030888261273503304 0.03082497976720333 0.0
0.9207116365432739 5.9800760936923325e-05 3.652297891676426e-05 4.176499351160601e-05 6.505867349915206e-05 0.00010619461681926623 0.00011254620039835572 7.0773865445517e-05 4.155920396442525e-05 3.7278980016708374e-05 6.459957512561232e-05 0.00015938319847919047 0.00029470084700733423 0.00026020186487585306 0.0001281027216464281 7.559845107607543e-05 7.470897253369913e-05 0.00012266145495232195 0.0002038644888671115 0.00026025110855698586 0.00025425213971175253 0.0001878642797237262 0.00017487196600995958 0.000251136370934546 0.0003789501788560301 0.00048362460802309215 0.0005405745469033718 0.0008125850581564009 0.0019350803922861814 0.007315912749618292 0.03274379298090935 0.03199656307697296
