1.0 0.0 0.0 0.0 0.0 0.0 0.0 0.0 0.0 0.0 0.0 0.0 0.0 0.0 0.0 0.0 0.0 0.0 0.0 0.0 0.0 0.0 0.0 0.0 0.0 0.0 0.0 0.0 0.0 0.0 0.0 0.0
0.9289989471435547 0.07102639973163605 0.0 0.0 0.0 0.0 0.0 0.0 0.0 0.0 0.0 0.0 0.0 0.0 0.0 0.0 0.0 0.0 0.0 0.0 0.0 0.0 0.0 0.0 0.0 0.0 0.0 0.0 0.0 0.0 0.0 0.0
0.8787273168563843 0.06638948619365692 0.05488793924450874 0.0 0.0 0.0 0.0 0.0 0.0 0.0 0.0 0.0 0.0 0.0 0.0 0.0 0.0 0.0 0.0 0.0 0.0 0.0 0.0 0.0 0.0 0.0 0.0 0.0 0.0 0.0 0.0 0.0
0.8318609595298767 0.06020284816622734 0.0516902357339859 0.056243497878313065 0.0 0.0 0.0 0.0 0.0 0.0 0.0 0.0 0.0 0.0 0.0 0.0 0.0 0.0 0.0 0.0 0.0 0.0 0.0 0.0 0.0 0.0 0.0 0.0 0.0 0.0 0.0 0.0
0.7846741080284119 0.053019922226667404 0.04956270754337311 0.05388105660676956 0.05885967239737511 0.0 0.0 0.0 0.0 0.0 0.0 0.0 0.0 0.0 0.0 0.0 0.0 0.0 0.0 0.0 0.0 0.0 0.0 0.0 0.0 0.0 0.0 0.0 0.0 0.0 0.0 0.0
0.7501187324523926 0.04573728144168854 0.04140821844339371 0.05094267427921295 0.05365922674536705 0.058129820972681046 0.0 0.0 0.0 0.0 0.0 0.0 0.0 0.0 0.0 0.0 0.0 0.0 0.0 0.0 0.0 0.0 0.0 0.0 0.0 0.0 0.0 0.0 0.0 0.0 0.0 0.0
0.713748574256897 0.04226502403616905 0.03543827310204506 0.04494601488113403 0.050490740686655045 0.05394905060529709 0.059158194810152054 0.0 0.0 0.0 0.0 0.0 0.0 0.0 0.0 0.0 0.0 0.0 0.0 0.0 0.0 0.0 0.0 0.0 0.0 0.0 0.0 0.0 0.0 0.0 0.0 0.0
0.67814040184021 0.038825489580631256 0.030814919620752335 0.04061102122068405 0.04756217449903488 0.05192852392792702 0.05280992016196251 0.059310346841812134 0.0 0.0 0.0 0.0 0.0 0.0 0.0 0.0 0.0 0.0 0.0 0.0 0.0 0.0 0.0 0.0 0.0 0.0 0.0 0.0 0.0 0.0 0.0 0.0
0.6615269780158997 0.0346897654235363 0.026913957670331 0.034149326384067535 0.040295038372278214 0.047757476568222046 0.04701697826385498 0.05060906708240509 0.057045988738536835 0.0 0.0 0.0 0.0 0.0 0.0 0.0 0.0 0.0 0.0 0.0 0.0 0.0 0.0 0.0 0.0 0.0 0.0 0.0 0.0 0.0 0.0 0.0
0.6375815272331238 0.03175762668251991 0.02546735107898712 0.0305098295211792 0.03595118224620819 0.0404093861579895 0.0424862839281559 0.04671700671315193 0.05012144148349762 0.059001386165618896 0.0 0.0 0.0 0.0 0.0 0.0 0.0 0.0 0.0 0.0 0.0 0.0 0.0 0.0 0.0 0.0 0.0 0.0 0.0 0.0 0.0 0.0
0.6227554082870483 0.029150638729333878 0.02303021214902401 0.027455845847725868 0.029913820326328278 0.03415477275848389 0.03742946684360504 0.042198240756988525 0.046315401792526245 0.049342259764671326 0.058257658034563065 0.0 0.0 0.0 0.0 0.0 0.0 0.0 0.0 0.0 0.0 0.0 0.0 0.0 0.0 0.0 0.0 0.0 0.0 0.0 0.0 0.0
0.6021459102630615 0.027340220287442207 0.021220697090029716 0.02610418200492859 0.02758241817355156 0.03064926341176033 0.03172752633690834 0.036952223628759384 0.041216664016246796 0.04577552527189255 0.04929734766483307 0.059989672154188156 0.0 0.0 0.0 0.0 0.0 0.0 0.0 0.0 0.0 0.0 0.0 0.0 0.0 0.0 0.0 0.0 0.0 0.0 0.0 0.0
0.5883765816688538 0.025690214708447456 0.01988629810512066 0.02364698238670826 0.026063352823257446 0.027704289183020592 0.028791792690753937 0.03184837847948074 0.036088064312934875 0.04141031950712204 0.04500819370150566 0.04822564125061035 0.057255201041698456 0.0 0.0 0.0 0.0 0.0 0.0 0.0 0.0 0.0 0.0 0.0 0.0 0.0 0.0 0.0 0.0 0.0 0.0 0.0
0.5751177072525024 0.02369561418890953 0.017318841069936752 0.020546361804008484 0.022937403991818428 0.02504042349755764 0.026219036430120468 0.027876457199454308 0.032146845012903214 0.035595156252384186 0.042041629552841187 0.044993989169597626 0.04776645079255104 0.0587027370929718 0.0 0.0 0.0 0.0 0.0 0.0 0.0 0.0 0.0 0.0 0.0 0.0 0.0 0.0 0.0 0.0 0.0 0.0
0.561955451965332 0.02295559085905552 0.016394052654504776 0.01888645999133587 0.020777394995093346 0.023647403344511986 0.024453898891806602 0.02620415762066841 0.02870514988899231 0.03140117973089218 0.03634903207421303 0.04052412137389183 0.04384946823120117 0.04678894206881523 0.05710551515221596 0.0 0.0 0.0 0.0 0.0 0.0 0.0 0.0 0.0 0.0 0.0 0.0 0.0 0.0 0.0 0.0 0.0
0.5493562817573547 0.02109340764582157 0.015621000900864601 0.01784958504140377 0.02054440788924694 0.020857715979218483 0.02287069894373417 0.02428075112402439 0.025208016857504845 0.02980034425854683 0.03115241974592209 0.036067429929971695 0.04001275822520256 0.04300878569483757 0.0449516735970974 0.05732940137386322 0.0 0.0 0.0 0.0 0.0 0.0 0.0 0.0 0.0 0.0 0.0 0.0 0.0 0.0 0.0 0.0
0.5404511094093323 0.020092861726880074 0.014712252654135227 0.017482377588748932 0.018899431452155113 0.01967375911772251 0.020968396216630936 0.02257642336189747 0.024237366393208504 0.026446884498000145 0.028298188000917435 0.030345594510436058 0.03462863340973854 0.039313770830631256 0.041753146797418594 0.04470774531364441 0.055410295724868774 0.0 0.0 0.0 0.0 0.0 0.0 0.0 0.0 0.0 0.0 0.0 0.0 0.0 0.0 0.0
0.5269256234169006 0.018490562215447426 0.01334451325237751 0.0162649005651474 0.018608957529067993 0.01796066015958786 0.018571609631180763 0.020315656438469887 0.02229718491435051 0.025154218077659607 0.02715841494500637 0.02659916877746582 0.031232357025146484 0.0356249175965786 0.0385015495121479 0.04113364592194557 0.04460908845067024 0.057206690311431885 0.0 0.0 0.0 0.0 0.0 0.0 0.0 0.0 0.0 0.0 0.0 0.0 0.0 0.0
0.5178014636039734 0.01768719032406807 0.011965439654886723 0.015334263443946838 0.017974771559238434 0.017355725169181824 0.017862772569060326 0.01920117810368538 0.02064100094139576 0.02284943126142025 0.024539759382605553 0.024747658520936966 0.028078164905309677 0.03030276484787464 0.03353762626647949 0.038673147559165955 0.04181502014398575 0.04385920614004135 0.055768486112356186 0.0 0.0 0.0 0.0 0.0 0.0 0.0 0.0 0.0 0.0 0.0 0.0 0.0
0.5098440647125244 0.01776217669248581 0.011056366376578808 0.014155851677060127 0.016674436628818512 0.018186816945672035 0.01770821027457714 0.01800943724811077 0.01854671910405159 0.023208320140838623 0.022409802302718163 0.023709148168563843 0.02397589571774006 0.025733716785907745 0.0286873709410429 0.03339920565485954 0.03744523227214813 0.040912117809057236 0.04413972049951553 0.05443362519145012 0.0 0.0 0.0 0.0 0.0 0.0 0.0 0.0 0.0 0.0 0.0 0.0
0.5006143450737 0.017339056357741356 0.010682374238967896 0.013395814225077629 0.015004655346274376 0.01584571786224842 0.016681624576449394 0.017425574362277985 0.0177866630256176 0.020146513357758522 0.021202052012085915 0.02131384052336216 0.023445382714271545 0.023690560832619667 0.02559814043343067 0.028701702132821083 0.033576276153326035 0.03809618949890137 0.04086676985025406 0.04393661022186279 0.0546492338180542 0.0 0.0 0.0 0.0 0.0 0.0 0.0 0.0 0.0 0.0 0.0
0.4926186501979828 0.0168850589543581 0.010694912634789944 0.013057147152721882 0.013824068941175938 0.014693857170641422 0.015477892011404037 0.016506245359778404 0.017002485692501068 0.018484191969037056 0.019001388922333717 0.020474227145314217 0.021041983738541603 0.022622041404247284 0.023654267191886902 0.026562020182609558 0.028291018679738045 0.03253322094678879 0.037829380482435226 0.042012687772512436 0.04264850541949272 0.054084450006484985 0.0 0.0 0.0 0.0 0.0 0.0 0.0 0.0 0.0 0.0
0.4874807894229889 0.016928942874073982 0.010631466284394264 0.013579324819147587 0.013512765057384968 0.014445967972278595 0.01387975923717022 0.014906351454555988 0.016340171918272972 0.017209835350513458 0.018180152401328087 0.02050536684691906 0.02026081643998623 0.021320030093193054 0.022608939558267593 0.023969998583197594 0.024571429938077927 0.027026919648051262 0.031691331416368484 0.03674711287021637 0.03880159184336662 0.04190881922841072 0.053489889949560165 0.0 0.0 0.0 0.0 0.0 0.0 0.0 0.0 0.0
0.48275336623191833 0.016290772706270218 0.009892717935144901 0.01235620491206646 0.012608077377080917 0.013704657554626465 0.013202418573200703 0.014228852465748787 0.015252798795700073 0.015974875539541245 0.01823737472295761 0.01838439330458641 0.019038859754800797 0.01997116580605507 0.020276447758078575 0.02102184295654297 0.022284628823399544 0.02509717456996441 0.027881067246198654 0.032730717211961746 0.03604045510292053 0.038702480494976044 0.04092462360858917 0.05314473435282707 0.0 0.0 0.0 0.0 0.0 0.0 0.0 0.0
0.4816972017288208 0.016457878053188324 0.009569876827299595 0.011911781504750252 0.012295475229620934 0.01290467381477356 0.01298479177057743 0.013427022844552994 0.014365089125931263 0.015172378160059452 0.01684735342860222 0.01719270646572113 0.017653197050094604 0.018523847684264183 0.019241228699684143 0.0192719716578722 0.02033272385597229 0.021698791533708572 0.0233147069811821 0.026650192216038704 0.031224066391587257 0.0356338694691658 0.03833508864045143 0.04070980101823807 0.052579961717128754 0.0 0.0 0.0 0.0 0.0 0.0 0.0
0.4745323061943054 0.01624920591711998 0.009391347877681255 0.010632711462676525 0.011498995125293732 0.012455581687390804 0.01265330146998167 0.012750597670674324 0.013560891151428223 0.01424719300121069 0.015312069095671177 0.016347089782357216 0.01691916584968567 0.017706001177430153 0.018098773434758186 0.018196342512965202 0.01913299225270748 0.020101087167859077 0.021658821031451225 0.02384563349187374 0.026710588485002518 0.03073410876095295 0.034797850996255875 0.038120828568935394 0.0415961816906929 0.05274536460638046 0.0 0.0 0.0 0.0 0.0 0.0
0.466109961271286 0.015407449565827847 0.008861162699759007 0.00990576483309269 0.010889250785112381 0.011828834190964699 0.012347955256700516 0.01271644327789545 0.013711770065128803 0.013950886204838753 0.015353508293628693 0.015350439585745335 0.016587747260928154 0.016636593267321587 0.017145676538348198 0.016849501058459282 0.018184376880526543 0.01964731328189373 0.02051207423210144 0.022512003779411316 0.023401066660881042 0.026509135961532593 0.030411794781684875 0.03435633331537247 0.03897608816623688 0.040143340826034546 0.05169406905770302 0.0 0.0 0.0 0.0 0.0
0.4611537456512451 0.01403739769011736 0.00899688620120287 0.009791809134185314 0.009573721326887608 0.010556972585618496 0.011216329410672188 0.012588826939463615 0.01322306040674448 0.01280121598392725 0.013875733129680157 0.014786235988140106 0.015802696347236633 0.016550948843359947 0.017588861286640167 0.016482248902320862 0.0171919334679842 0.019289188086986542 0.019304297864437103 0.020153675228357315 0.021048685535788536 0.022894740104675293 0.026311296969652176 0.030975211411714554 0.03457415848970413 0.037120141088962555 0.040082897990942 0.05203015357255936 0.0 0.0 0.0 0.0
0.4537091553211212 0.012805171310901642 0.008649945259094238 0.00989576242864132 0.009713110513985157 0.010205809958279133 0.010727289132773876 0.011251254938542843 0.012425399385392666 0.013048453256487846 0.013943085446953773 0.013882730156183243 0.015270484611392021 0.015880120918154716 0.016100486740469933 0.01623230054974556 0.01629379764199257 0.017350783571600914 0.018707547336816788 0.01924179121851921 0.019973501563072205 0.020840264856815338 0.022595537826418877 0.025631755590438843 0.030051270499825478 0.034451887011528015 0.0375753678381443 0.04089809209108353 0.05264488235116005 0.0 0.0 0.0
0.4515599310398102 0.012027515098452568 0.007940281182527542 0.009775932878255844 0.00974809005856514 0.009838161058723927 0.010051746852695942 0.01064302772283554 0.011551093310117722 0.012404096312820911 0.013261030428111553 0.013333211652934551 0.013898332603275776 0.015242425724864006 0.015573551878333092 0.015860319137573242 0.015715233981609344 0.016212614253163338 0.01665472984313965 0.017937753349542618 0.01861109398305416 0.019455721601843834 0.020704973489046097 0.022578151896595955 0.026058746501803398 0.03109593503177166 0.033811699599027634 0.03681965172290802 0.04002559185028076 0.051611803472042084 0.0 0.0
0.44660845398902893 0.011820221319794655 0.007031172048300505 0.0093665961176157 0.009923395700752735 0.009966784156858921 0.009715876542031765 0.010204596444964409 0.01077695656567812 0.01178114302456379 0.012472506612539291 0.0136266415938735 0.013306218199431896 0.014418796636164188 0.01432762946933508 0.015461012721061707 0.015089726075530052 0.015120655298233032 0.01642257533967495 0.0177557822316885 0.01743246801197529 0.01826295629143715 0.019153287634253502 0.02038414403796196 0.022155536338686943 0.025748860090970993 0.029501741752028465 0.03400302305817604 0.03698747605085373 0.03944943845272064 0.05172532796859741 0.0
0.4432705342769623 0.012595707550644875 0.006769293453544378 0.00853743590414524 0.009744434617459774 0.011394031345844269 0.010205448605120182 0.010600944049656391 0.010524855926632881 0.011236488819122314 0.011965864337980747 0.013144048862159252 0.013411318883299828 0.01383805088698864 0.013662386685609818 0.01401497982442379 0.01434705127030611 0.014591626822948456 0.015354961156845093 0.016685131937265396 0.016427477821707726 0.016974160447716713 0.017893005162477493 0.018979864194989204 0.019813144579529762 0.021349068731069565 0.02463291957974434 0.02952766604721546 0.033209897577762604 0.03612444922327995 0.03853096067905426 0.05064282566308975
