1.0 0.0 0.0 0.0 0.0 0.0 0.0 0.0 0.0 0.0 0.0 0.0 0.0 0.0 0.0 0.0 0.0 0.0 0.0 0.0 0.0 0.0 0.0 0.0 0.0 0.0 0.0 0.0 0.0 0.0 0.0 0.0
0.9477722644805908 0.052224207669496536 0.0 0.0 0.0 0.0 0.0 0.0 0.0 0.0 0.0 0.0 0.0 0.0 0.0 0.0 0.0 0.0 0.0 0.0 0.0 0.0 0.0 0.0 0.0 0.0 0.0 0.0 0.0 0.0 0.0 0.0
0.9217039346694946 0.03112184815108776 0.04718916490674019 0.0 0.0 0.0 0.0 0.0 0.0 0.0 0.0 0.0 0.0 0.0 0.0 0.0 0.0 0.0 0.0 0.0 0.0 0.0 0.0 0.0 0.0 0.0 0.0 0.0 0.0 0.0 0.0 0.0
0.9117671847343445 0.024008220061659813 0.02529258467257023 0.038933660835027695 0.0 0.0 0.0 0.0 0.0 0.0 0.0 0.0 0.0 0.0 0.0 0.0 0.0 0.0 0.0 0.0 0.0 0.0 0.0 0.0 0.0 0.0 0.0 0.0 0.0 0.0 0.0 0.0
0.898285984992981 0.020339109003543854 0.02093973383307457 0.022831285372376442 0.03760189563035965 0.0 0.0 0.0 0.0 0.0 0.0 0.0 0.0 0.0 0.0 0.0 0.0 0.0 0.0 0.0 0.0 0.0 0.0 0.0 0.0 0.0 0.0 0.0 0.0 0.0 0.0 0.0
0.8856096863746643 0.018466753885149956 0.01841266267001629 0.018343979492783546 0.022270970046520233 0.036900315433740616 0.0 0.0 0.0 0.0 0.0 0.0 0.0 0.0 0.0 0.0 0.0 0.0 0.0 0.0 0.0 0.0 0.0 0.0 0.0 0.0 0.0 0.0 0.0 0.0 0.0 0.0
0.8796823620796204 0.016464145854115486 0.015720844268798828 0.015270592644810677 0.016497071832418442 0.021884558722376823 0.03447569161653519 0.0 0.0 0.0 0.0 0.0 0.0 0.0 0.0 0.0 0.0 0.0 0.0 0.0 0.0 0.0 0.0 0.0 0.0 0.0 0.0 0.0 0.0 0.0 0.0 0.0
0.8735246062278748 0.015253997407853603 0.014413961209356785 0.013261542655527592 0.014438403770327568 0.016683047637343407 0.018226131796836853 0.03419940546154976 0.0 0.0 0.0 0.0 0.0 0.0 0.0 0.0 0.0 0.0 0.0 0.0 0.0 0.0 0.0 0.0 0.0 0.0 0.0 0.0 0.0 0.0 0.0 0.0
0.8752206563949585 0.013903545215725899 0.012744671665132046 0.011056240648031235 0.012052478268742561 0.0142279714345932 0.014739533886313438 0.016993949189782143 0.0290591511875391 0.0 0.0 0.0 0.0 0.0 0.0 0.0 0.0 0.0 0.0 0.0 0.0 0.0 0.0 0.0 0.0 0.0 0.0 0.0 0.0 0.0 0.0 0.0
0.8694894909858704 0.01337070856243372 0.01195669174194336 0.010239974595606327 0.01090299803763628 0.014813540503382683 0.012540190480649471 0.014037429355084896 0.015187394805252552 0.027460087090730667 0.0 0.0 0.0 0.0 0.0 0.0 0.0 0.0 0.0 0.0 0.0 0.0 0.0 0.0 0.0 0.0 0.0 0.0 0.0 0.0 0.0 0.0
0.8690688014030457 0.013536058366298676 0.010762840509414673 0.009252534247934818 0.00988321378827095 0.012387891300022602 0.011220834217965603 0.0121495071798563 0.012638155370950699 0.014011143706738949 0.025083614513278008 0.0 0.0 0.0 0.0 0.0 0.0 0.0 0.0 0.0 0.0 0.0 0.0 0.0 0.0 0.0 0.0 0.0 0.0 0.0 0.0 0.0
0.8672254681587219 0.0123865632340312 0.010661209002137184 0.009701764211058617 0.009459265507757664 0.009869658388197422 0.010431591421365738 0.010800435207784176 0.011321253143250942 0.012165939435362816 0.013173307292163372 0.022806229069828987 0.0 0.0 0.0 0.0 0.0 0.0 0.0 0.0 0.0 0.0 0.0 0.0 0.0 0.0 0.0 0.0 0.0 0.0 0.0 0.0
0.8653834462165833 0.01201343908905983 0.01034444011747837 0.008745410479605198 0.00887411367148161 0.00943332351744175 0.009756674990057945 0.0099314134567976 0.00999495666474104 0.010786792263388634 0.011870983988046646 0.012108223512768745 0.020764969289302826 0.0 0.0 0.0 0.0 0.0 0.0 0.0 0.0 0.0 0.0 0.0 0.0 0.0 0.0 0.0 0.0 0.0 0.0 0.0
0.8601453900337219 0.01143546961247921 0.009854890406131744 0.008577268570661545 0.008646504953503609 0.011162945069372654 0.008949332870543003 0.010094969533383846 0.00984138436615467 0.0095089515671134 0.010182046331465244 0.0109314089640975 0.011635380797088146 0.01903366483747959 0.0 0.0 0.0 0.0 0.0 0.0 0.0 0.0 0.0 0.0 0.0 0.0 0.0 0.0 0.0 0.0 0.0 0.0
0.8594160079956055 0.010514112189412117 0.00945748295634985 0.008408830501139164 0.008258440531790257 0.009528313763439655 0.009046116843819618 0.008544301614165306 0.009117973037064075 0.008636335842311382 0.009392207488417625 0.009471133351325989 0.010220116935670376 0.010791725479066372 0.01919291913509369 0.0 0.0 0.0 0.0 0.0 0.0 0.0 0.0 0.0 0.0 0.0 0.0 0.0 0.0 0.0 0.0 0.0
0.8462652564048767 0.010849479585886002 0.009219329804182053 0.008113532327115536 0.008610669523477554 0.012477096170186996 0.00848003476858139 0.008783959783613682 0.008814267814159393 0.008858120068907738 0.009076500311493874 0.009248650632798672 0.009924273006618023 0.0100849075242877 0.0123708825558424 0.018821172416210175 0.0 0.0 0.0 0.0 0.0 0.0 0.0 0.0 0.0 0.0 0.0 0.0 0.0 0.0 0.0 0.0
0.8522510528564453 0.009990016929805279 0.00854868907481432 0.007334691472351551 0.007741637993603945 0.008859778754413128 0.007923943921923637 0.008133385330438614 0.008070091716945171 0.007912317290902138 0.008533092215657234 0.008260970935225487 0.008683240041136742 0.00867981556802988 0.009819521568715572 0.010200913064181805 0.019050797447562218 0.0 0.0 0.0 0.0 0.0 0.0 0.0 0.0 0.0 0.0 0.0 0.0 0.0 0.0 0.0
0.8487696051597595 0.010111753828823566 0.008326387032866478 0.0074813212268054485 0.00780473230406642 0.008419002406299114 0.008475407026708126 0.00820174440741539 0.007750637363642454 0.007546043489128351 0.007977715693414211 0.008516338653862476 0.007960845716297626 0.007953803054988384 0.00849931687116623 0.008900199085474014 0.010268894024193287 0.017036782577633858 0.0 0.0 0.0 0.0 0.0 0.0 0.0 0.0 0.0 0.0 0.0 0.0 0.0 0.0
0.8428609371185303 0.009825767949223518 0.008332478813827038 0.006882157176733017 0.006897812243551016 0.008898184634745121 0.007603765465319157 0.008284585550427437 0.007679917383939028 0.008342771790921688 0.00789765827357769 0.008345450274646282 0.007684363517910242 0.007242997642606497 0.008297482505440712 0.008415587246418 0.009276377968490124 0.009678956121206284 0.017551518976688385 0.0 0.0 0.0 0.0 0.0 0.0 0.0 0.0 0.0 0.0 0.0 0.0 0.0
0.8405188322067261 0.00995537731796503 0.008057745173573494 0.00678878091275692 0.0068751671351492405 0.007243736181408167 0.007191684562712908 0.008761475794017315 0.007651771884411573 0.007864371873438358 0.007458836305886507 0.007469639182090759 0.00716480053961277 0.0070921326987445354 0.00765621243044734 0.0077038779854774475 0.008089634589850903 0.008410774171352386 0.009522983804345131 0.018525803461670876 0.0 0.0 0.0 0.0 0.0 0.0 0.0 0.0 0.0 0.0 0.0 0.0
0.8394527435302734 0.010041099973022938 0.007917936891317368 0.006701360456645489 0.00666043721139431 0.0071544889360666275 0.006738923490047455 0.008466817438602448 0.007309302221983671 0.007383907213807106 0.007591391913592815 0.007323407102376223 0.006978042423725128 0.006724311504513025 0.0073591177351772785 0.00685376301407814 0.0078151635825634 0.00731265265494585 0.008454944007098675 0.009098374284803867 0.016659388318657875 0.0 0.0 0.0 0.0 0.0 0.0 0.0 0.0 0.0 0.0 0.0
0.8240468502044678 0.010338179767131805 0.008482253178954124 0.007336389739066362 0.0071068136021494865 0.01232228521257639 0.006739819888025522 0.0069901347160339355 0.006876457016915083 0.007149511482566595 0.007854875177145004 0.00999832060188055 0.006705911830067635 0.006783930119127035 0.007353589870035648 0.006971631199121475 0.00732486741617322 0.007120938040316105 0.00778401643037796 0.008164040744304657 0.009359767660498619 0.017187360674142838 0.0 0.0 0.0 0.0 0.0 0.0 0.0 0.0 0.0 0.0
0.8289133310317993 0.010201181285083294 0.007975978776812553 0.00686170719563961 0.006480954121798277 0.008477539755403996 0.006495073903352022 0.006662888918071985 0.006693740841001272 0.0065004038624465466 0.007334629073739052 0.007612569257616997 0.006837551482021809 0.00618002051487565 0.006782371085137129 0.006399788428097963 0.007078287657350302 0.006596224382519722 0.007257795426994562 0.007361008785665035 0.008273862302303314 0.009660881012678146 0.017358848825097084 0.0 0.0 0.0 0.0 0.0 0.0 0.0 0.0 0.0
0.82588791847229 0.010272985324263573 0.007842045277357101 0.006650981958955526 0.006478932220488787 0.007003662642091513 0.006805717013776302 0.006989519111812115 0.006422531791031361 0.006365916691720486 0.006726935040205717 0.007106908597052097 0.006994697265326977 0.006437222473323345 0.006435345858335495 0.006313561927527189 0.006792665924876928 0.006097013130784035 0.007065709680318832 0.006842475384473801 0.007869848050177097 0.008121004328131676 0.008640743792057037 0.01783885806798935 0.0 0.0 0.0 0.0 0.0 0.0 0.0 0.0
0.8222507834434509 0.010450009256601334 0.008009131997823715 0.007082513067871332 0.006557638756930828 0.006800326518714428 0.006416900083422661 0.006527239456772804 0.006265357136726379 0.0060460264794528484 0.006331642623990774 0.006804949138313532 0.0063761561177670956 0.0063183200545609 0.006430154200643301 0.006139358971267939 0.006331669166684151 0.0059275939129292965 0.0062583391554653645 0.007060050964355469 0.006919041275978088 0.0070884134620428085 0.007792284246534109 0.008969520218670368 0.018850183114409447 0.0 0.0 0.0 0.0 0.0 0.0 0.0
0.8168875575065613 0.010107687674462795 0.007666478864848614 0.006561307702213526 0.0067934999242424965 0.008404463529586792 0.006552408449351788 0.006848551798611879 0.006074172910302877 0.00565038388594985 0.006231606937944889 0.005884611047804356 0.006235389970242977 0.0057657212018966675 0.00651583494618535 0.006351672112941742 0.006835279054939747 0.005905295256525278 0.0061936709098517895 0.006281725596636534 0.006731695029884577 0.006857738364487886 0.006981194484978914 0.008367650210857391 0.011363555677235126 0.015955286100506783 0.0 0.0 0.0 0.0 0.0 0.0
0.8185279965400696 0.009506446309387684 0.007344188634306192 0.006304721813648939 0.006612843833863735 0.007064396515488625 0.00622285483404994 0.006374484859406948 0.006108987610787153 0.0057187690399587154 0.006052679382264614 0.005873088259249926 0.005868909414857626 0.005824555177241564 0.006435835734009743 0.005840859841555357 0.006284938659518957 0.005860600620508194 0.0058586024679243565 0.0057129221968352795 0.00616392632946372 0.006197253242135048 0.006594683974981308 0.008240598253905773 0.008910086005926132 0.008443448692560196 0.016053825616836548 0.0 0.0 0.0 0.0 0.0
0.8187882900238037 0.008676995523273945 0.0073723942041397095 0.005963695701211691 0.005947883706539869 0.007159086409956217 0.006204516161233187 0.005907551851123571 0.006049557588994503 0.005841744132339954 0.006054171361029148 0.005627729464322329 0.005575221497565508 0.005605235695838928 0.006074859295040369 0.005909343715757132 0.006251567043364048 0.005866427440196276 0.005999364424496889 0.005757049657404423 0.006024552974849939 0.005740203429013491 0.006173260509967804 0.006685607600957155 0.0070763542316854 0.00758830551058054 0.008452258072793484 0.01562587171792984 0.0 0.0 0.0 0.0
0.8125501275062561 0.008321337401866913 0.0069841910153627396 0.005733989644795656 0.005871650297194719 0.007824174128472805 0.006026355549693108 0.007432801183313131 0.006109835579991341 0.0058851586654782295 0.005885312799364328 0.005431679543107748 0.00551121449097991 0.005502450279891491 0.005888247862458229 0.005603914149105549 0.0060803755186498165 0.005840534809976816 0.005997942760586739 0.00559066841378808 0.006529513746500015 0.0058850920759141445 0.005667705088853836 0.007631187792867422 0.007225348148494959 0.0064980764873325825 0.007332163862884045 0.007844915613532066 0.015315989963710308 0.0 0.0 0.0
0.8117822408676147 0.008506816811859608 0.0071806469932198524 0.00578605430200696 0.00578542472794652 0.00720342667773366 0.005874362308532 0.005954999942332506 0.0060223424807190895 0.005561229772865772 0.006028028205037117 0.005351989530026913 0.0053833904676139355 0.005277629476040602 0.005726405885070562 0.005525329150259495 0.005558313336223364 0.005383538082242012 0.005617260001599789 0.005877210758626461 0.005888939835131168 0.005648175720125437 0.005543360952287912 0.006889236159622669 0.006443770136684179 0.006277529057115316 0.006781724281609058 0.007243135944008827 0.008051677606999874 0.01584659330546856 0.0 0.0
0.8038469552993774 0.008281690068542957 0.006955685093998909 0.005612348206341267 0.005743569228798151 0.01420985534787178 0.005883493460714817 0.005605659913271666 0.006078721489757299 0.005585432052612305 0.00582002941519022 0.00542464992031455 0.005094422958791256 0.005091140978038311 0.0052966768853366375 0.005314188543707132 0.005847879685461521 0.005280657671391964 0.0056957765482366085 0.005671102553606033 0.00566349970176816 0.005565808620303869 0.005397299770265818 0.006007159594446421 0.006165224127471447 0.005932675674557686 0.006275144871324301 0.006468294654041529 0.007005822844803333 0.007895301096141338 0.015287752263247967 0.0
0.7972046732902527 0.00852925330400467 0.006943827029317617 0.00562827754765749 0.005780928768217564 0.012930276803672314 0.005730234086513519 0.005868345033377409 0.005959680303931236 0.005951056722551584 0.005801468156278133 0.005414643790572882 0.005476867314428091 0.005325916223227978 0.0053943186067044735 0.00528810266405344 0.005551295820623636 0.005398218985646963 0.005517298821359873 0.005325998179614544 0.005748037714511156 0.005975988693535328 0.005615830421447754 0.0061751678586006165 0.0061451755464077 0.005641289055347443 0.006112551316618919 0.00632000807672739 0.006587741430848837 0.007285519503057003 0.007814913056790829 0.015556452795863152
