1.0 0.0 0.0 0.0 0.0 0.0 0.0 0.0 0.0 0.0 0.0 0.0 0.0 0.0 0.0 0.0 0.0 0.0 0.0 0.0 0.0 0.0 0.0 0.0 0.0 0.0 0.0 0.0 0.0 0.0 0.0 0.0
0.9642587304115295 0.03575010597705841 0.0 0.0 0.0 0.0 0.0 0.0 0.0 0.0 0.0 0.0 0.0 0.0 0.0 0.0 0.0 0.0 0.0 0.0 0.0 0.0 0.0 0.0 0.0 0.0 0.0 0.0 0.0 0.0 0.0 0.0
0.8146677017211914 0.14520201086997986 0.04012689366936684 0.0 0.0 0.0 0.0 0.0 0.0 0.0 0.0 0.0 0.0 0.0 0.0 0.0 0.0 0.0 0.0 0.0 0.0 0.0 0.0 0.0 0.0 0.0 0.0 0.0 0.0 0.0 0.0 0.0
0.7943496704101562 0.08756472170352936 0.0627562627196312 0.055333212018013 0.0 0.0 0.0 0.0 0.0 0.0 0.0 0.0 0.0 0.0 0.0 0.0 0.0 0.0 0.0 0.0 0.0 0.0 0.0 0.0 0.0 0.0 0.0 0.0 0.0 0.0 0.0 0.0
0.7471781373023987 0.06232196465134621 0.051999807357788086 0.07600029557943344 0.06250414997339249 0.0 0.0 0.0 0.0 0.0 0.0 0.0 0.0 0.0 0.0 0.0 0.0 0.0 0.0 0.0 0.0 0.0 0.0 0.0 0.0 0.0 0.0 0.0 0.0 0.0 0.0 0.0
0.7476654052734375 0.03560919687151909 0.02689146250486374 0.054518796503543854 0.0762246698141098 0.05908994749188423 0.0 0.0 0.0 0.0 0.0 0.0 0.0 0.0 0.0 0.0 0.0 0.0 0.0 0.0 0.0 0.0 0.0 0.0 0.0 0.0 0.0 0.0 0.0 0.0 0.0 0.0
0.7240071892738342 0.028481734916567802 0.017619917169213295 0.034195661544799805 0.059586428105831146 0.07252262532711029 0.06358650326728821 0.0 0.0 0.0 0.0 0.0 0.0 0.0 0.0 0.0 0.0 0.0 0.0 0.0 0.0 0.0 0.0 0.0 0.0 0.0 0.0 0.0 0.0 0.0 0.0 0.0
0.7217029929161072 0.024326471611857414 0.012724477797746658 0.020667077973484993 0.03584742918610573 0.056700363755226135 0.0740877017378807 0.05394398421049118 0.0 0.0 0.0 0.0 0.0 0.0 0.0 0.0 0.0 0.0 0.0 0.0 0.0 0.0 0.0 0.0 0.0 0.0 0.0 0.0 0.0 0.0 0.0 0.0
0.7068397998809814 0.021232275292277336 0.01160530187189579 0.01701979711651802 0.02328241802752018 0.03598662465810776 0.058126773685216904 0.07188133895397186 0.05402490124106407 0.0 0.0 0.0 0.0 0.0 0.0 0.0 0.0 0.0 0.0 0.0 0.0 0.0 0.0 0.0 0.0 0.0 0.0 0.0 0.0 0.0 0.0 0.0
0.6978917121887207 0.017711851745843887 0.010148151777684689 0.014394833706319332 0.017001228407025337 0.023003660142421722 0.03897954523563385 0.05633145198225975 0.0697878748178482 0.05475299060344696 0.0 0.0 0.0 0.0 0.0 0.0 0.0 0.0 0.0 0.0 0.0 0.0 0.0 0.0 0.0 0.0 0.0 0.0 0.0 0.0 0.0 0.0
0.681239128112793 0.01515910029411316 0.008615097962319851 0.012393729761242867 0.014621504582464695 0.017116449773311615 0.02550576999783516 0.0362713560461998 0.05624834820628166 0.07641304284334183 0.056419819593429565 0.0 0.0 0.0 0.0 0.0 0.0 0.0 0.0 0.0 0.0 0.0 0.0 0.0 0.0 0.0 0.0 0.0 0.0 0.0 0.0 0.0
0.6885778307914734 0.01193391066044569 0.006850015372037888 0.010222917422652245 0.012971662916243076 0.014408586546778679 0.0188440028578043 0.024484362453222275 0.03607667610049248 0.053373876959085464 0.06792028993368149 0.054332613945007324 0.0 0.0 0.0 0.0 0.0 0.0 0.0 0.0 0.0 0.0 0.0 0.0 0.0 0.0 0.0 0.0 0.0 0.0 0.0 0.0
0.6790690422058105 0.010934465564787388 0.005679733119904995 0.008350773714482784 0.010785482823848724 0.012546553276479244 0.01671668328344822 0.01860685832798481 0.024238180369138718 0.035889700055122375 0.05295339226722717 0.068531334400177 0.055695466697216034 0.0 0.0 0.0 0.0 0.0 0.0 0.0 0.0 0.0 0.0 0.0 0.0 0.0 0.0 0.0 0.0 0.0 0.0 0.0
0.670041561126709 0.010777667164802551 0.005431770347058773 0.007414995227009058 0.008828188292682171 0.010559579357504845 0.013844331726431847 0.015412913635373116 0.017717255279421806 0.024310888722538948 0.035542652010917664 0.05180542916059494 0.0717235803604126 0.05658906698226929 0.0 0.0 0.0 0.0 0.0 0.0 0.0 0.0 0.0 0.0 0.0 0.0 0.0 0.0 0.0 0.0 0.0 0.0
0.6473125219345093 0.010287945158779621 0.005424694623798132 0.00710031995549798 0.007884499616920948 0.008780227974057198 0.011636335402727127 0.013315773569047451 0.017019307240843773 0.018306123092770576 0.023746563121676445 0.03568453714251518 0.059984322637319565 0.07322274148464203 0.06029295548796654 0.0 0.0 0.0 0.0 0.0 0.0 0.0 0.0 0.0 0.0 0.0 0.0 0.0 0.0 0.0 0.0 0.0
0.6571223139762878 0.0091464938595891 0.0054381112568080425 0.006872635334730148 0.007292564958333969 0.0076325442641973495 0.009720438160002232 0.011106669902801514 0.012823117896914482 0.015589617192745209 0.017902394756674767 0.023798884823918343 0.03677065670490265 0.053034547716379166 0.06995593011379242 0.05579180642962456 0.0 0.0 0.0 0.0 0.0 0.0 0.0 0.0 0.0 0.0 0.0 0.0 0.0 0.0 0.0 0.0
0.6442852020263672 0.007977635599672794 0.005049255210906267 0.006670970004051924 0.007684577256441116 0.0071305339224636555 0.008564394898712635 0.009500144049525261 0.010771404951810837 0.014049802906811237 0.015075570903718472 0.018048806115984917 0.025957081466913223 0.03633962571620941 0.057340290397405624 0.07015781849622726 0.05539635196328163 0.0 0.0 0.0 0.0 0.0 0.0 0.0 0.0 0.0 0.0 0.0 0.0 0.0 0.0 0.0
0.6405059695243835 0.006846953649073839 0.004386311396956444 0.0061452146619558334 0.007014440838247538 0.007050925865769386 0.008623111993074417 0.008225779980421066 0.009128117002546787 0.010917717590928078 0.013351053930819035 0.01549898274242878 0.018678052350878716 0.02318841777741909 0.03669939935207367 0.05742926523089409 0.07081936299800873 0.05548848956823349 0.0 0.0 0.0 0.0 0.0 0.0 0.0 0.0 0.0 0.0 0.0 0.0 0.0 0.0
0.6285243034362793 0.006165062543004751 0.003797470359131694 0.005334621760994196 0.0062234955839812756 0.0068342192098498344 0.007612721528857946 0.00778835266828537 0.007806658744812012 0.009036426432430744 0.010610242374241352 0.013537624850869179 0.01587565429508686 0.017758330330252647 0.02655119076371193 0.035756565630435944 0.055590372532606125 0.07686014473438263 0.058335814625024796 0.0 0.0 0.0 0.0 0.0 0.0 0.0 0.0 0.0 0.0 0.0 0.0 0.0
0.6255711317062378 0.005517619661986828 0.0036727082915604115 0.004944842774420977 0.005750343669205904 0.006296408362686634 0.007649981416761875 0.008545269258320332 0.007642012555152178 0.008105186745524406 0.008959426544606686 0.011429769918322563 0.013490816578269005 0.014986048452556133 0.01925959624350071 0.02833843044936657 0.03746271878480911 0.05500639230012894 0.0713091492652893 0.05605918914079666 0.0 0.0 0.0 0.0 0.0 0.0 0.0 0.0 0.0 0.0 0.0 0.0
0.6286831498146057 0.004330840427428484 0.0033334309700876474 0.004432810004800558 0.004929086659103632 0.005567092448472977 0.006860325112938881 0.007337919902056456 0.007387704681605101 0.007659164257347584 0.007755548693239689 0.009190038777887821 0.011692137457430363 0.013359183445572853 0.01624130830168724 0.018387630581855774 0.025235913693904877 0.03566256910562515 0.05577375739812851 0.07004531472921371 0.05613521859049797 0.0 0.0 0.0 0.0 0.0 0.0 0.0 0.0 0.0 0.0 0.0
0.617893397808075 0.0035782696213573217 0.002878085942938924 0.004059894010424614 0.004708510357886553 0.005013700574636459 0.0058583603240549564 0.006453206762671471 0.007078659720718861 0.0075110201723873615 0.007352914661169052 0.00822018925100565 0.009593822993338108 0.011462269350886345 0.0143997548148036 0.015129241161048412 0.019269969314336777 0.02430720068514347 0.037638455629348755 0.05460168048739433 0.07498123496770859 0.05801158770918846 0.0 0.0 0.0 0.0 0.0 0.0 0.0 0.0 0.0 0.0
0.6089721322059631 0.0029385793022811413 0.0022885508369654417 0.0033382729161530733 0.004354699514806271 0.004525506403297186 0.005513997282832861 0.0057546524330973625 0.006309826392680407 0.007297572214156389 0.007274098694324493 0.007447030395269394 0.008897867053747177 0.009174196980893612 0.012254441156983376 0.013857968151569366 0.016413435339927673 0.01806068792939186 0.025775231420993805 0.03914030268788338 0.056628815829753876 0.07240043580532074 0.061378683894872665 0.0 0.0 0.0 0.0 0.0 0.0 0.0 0.0 0.0
0.609662652015686 0.002856518141925335 0.0019548225682228804 0.0028951135464012623 0.003548471024259925 0.004244246520102024 0.0050805918872356415 0.005192982964217663 0.0054986197501420975 0.006614645943045616 0.006855915300548077 0.007582021877169609 0.00772282388061285 0.007979814894497395 0.009852144867181778 0.011106133460998535 0.01392814889550209 0.014908363111317158 0.01896396279335022 0.025815526023507118 0.03812107816338539 0.0576937198638916 0.07421188056468964 0.05770823359489441 0.0 0.0 0.0 0.0 0.0 0.0 0.0 0.0
0.6114474534988403 0.003354290733113885 0.0017735820729285479 0.0023949809838086367 0.002935446100309491 0.003542340826243162 0.004661629907786846 0.0049147168174386024 0.005011945031583309 0.005496756639331579 0.0060763247311115265 0.007013620808720589 0.00731630390509963 0.00747340964153409 0.008585496805608273 0.009157083928585052 0.011195444501936436 0.012914053164422512 0.01584565080702305 0.019515974447131157 0.024491244927048683 0.03664667159318924 0.05975531414151192 0.07248745858669281 0.05598513409495354 0.0 0.0 0.0 0.0 0.0 0.0 0.0
0.6082936525344849 0.0037060528993606567 0.0020536831580102444 0.002308916300535202 0.002520762849599123 0.002954288385808468 0.0038263637106865644 0.004258266184478998 0.004625036381185055 0.005060900468379259 0.005450368393212557 0.006396991666406393 0.0070358701050281525 0.007271067705005407 0.008194279856979847 0.00798783265054226 0.009184642694890499 0.010791454464197159 0.013477533124387264 0.016109352931380272 0.018561793491244316 0.02463972009718418 0.03874736279249191 0.05695031210780144 0.07021589577198029 0.05937952920794487 0.0 0.0 0.0 0.0 0.0 0.0
0.5982815623283386 0.003482024185359478 0.002304187510162592 0.0024963023606687784 0.0023964920546859503 0.0024524363689124584 0.0030842225532978773 0.003565459279343486 0.0042509110644459724 0.004639043007045984 0.0048310053534805775 0.0055746231228113174 0.006309043616056442 0.0067721176892519 0.007723767776042223 0.007634249981492758 0.00817811768501997 0.009025492705404758 0.011291679926216602 0.015375150367617607 0.014972429722547531 0.018351184204220772 0.027085503563284874 0.04261297732591629 0.05644050985574722 0.07367897033691406 0.057190436869859695 0.0 0.0 0.0 0.0 0.0
0.5961354374885559 0.002706689527258277 0.002509432379156351 0.0029539666138589382 0.0026452713645994663 0.0024633288849145174 0.002677459269762039 0.002985357539728284 0.003567910986021161 0.00423645693808794 0.004601685330271721 0.0051803672686219215 0.0056587341241538525 0.0063546327874064445 0.007498736493289471 0.0073608639650046825 0.007813859730958939 0.007799979764968157 0.009339217096567154 0.012066937983036041 0.013383115641772747 0.015478049404919147 0.01992311142385006 0.026051675900816917 0.03875868767499924 0.059381674975156784 0.07099859416484833 0.059470660984516144 0.0 0.0 0.0 0.0
0.5922926068305969 0.001855233102105558 0.0020907302387058735 0.0030051234643906355 0.0029597801622003317 0.0028309521730989218 0.0025326923932880163 0.0025052048731595278 0.002951136091724038 0.0036188149824738503 0.004214363172650337 0.004727285820990801 0.005287909414619207 0.005491122603416443 0.006953189615160227 0.007003480568528175 0.007564910221844912 0.007346570026129484 0.00837747473269701 0.009819389320909977 0.011386914178729057 0.013653313741087914 0.016400163993239403 0.020690077915787697 0.02655891515314579 0.04082152619957924 0.05678890272974968 0.07210715115070343 0.05815982073545456 0.0 0.0 0.0
0.5941669344902039 0.0014269771054387093 0.0015699593350291252 0.0026285680942237377 0.0030493643134832382 0.003090533660724759 0.00293440418317914 0.0024433089420199394 0.002513557905331254 0.0029669171199202538 0.0035670786164700985 0.004338623955845833 0.004816469270735979 0.004988401662558317 0.006043172907084227 0.006357832811772823 0.0072882822714746 0.007350720465183258 0.007885770872235298 0.00907481461763382 0.009268786758184433 0.011425423435866833 0.014455923810601234 0.01618792489171028 0.019637173041701317 0.026749715209007263 0.037620317190885544 0.057755887508392334 0.07189317047595978 0.05650191754102707 0.0 0.0
0.5916621088981628 0.0014320979826152325 0.001266826526261866 0.0019910456612706184 0.0027153396513313055 0.003199312137439847 0.003223209176212549 0.002745102858170867 0.0023879471700638533 0.002580785658210516 0.002989673987030983 0.0037688473239541054 0.004346317611634731 0.004577901680022478 0.005530374590307474 0.005686616990715265 0.006544142495840788 0.007078065536916256 0.007728824857622385 0.007982022128999233 0.008076949045062065 0.009324094280600548 0.012022512964904308 0.014307537116110325 0.016343900933861732 0.019385935738682747 0.025622090324759483 0.03858485445380211 0.0562019944190979 0.07298450171947479 0.0577067993581295 0.0
0.5944471955299377 0.0018271524459123611 0.001268766587600112 0.0016041869530454278 0.002013576216995716 0.0025838292203843594 0.003196058329194784 0.003016754286363721 0.002618574071675539 0.0024015798699110746 0.002418468939140439 0.0029783067293465137 0.0036865179426968098 0.00416327640414238 0.004969597328454256 0.005051369778811932 0.005545747000724077 0.006293906830251217 0.0073202564381062984 0.007942816242575645 0.007806319743394852 0.0081569729372859 0.009821644052863121 0.011376124806702137 0.013818271458148956 0.017046136781573296 0.019790269434452057 0.025584518909454346 0.03866444528102875 0.05566612631082535 0.07079484313726425 0.05612354353070259
