1.0 0.0 0.0 0.0 0.0 0.0 0.0 0.0 0.0 0.0 0.0 0.0 0.0 0.0 0.0 0.0 0.0 0.0 0.0 0.0 0.0 0.0 0.0 0.0 0.0 0.0 0.0 0.0 0.0 0.0 0.0 0.0
0.9770093560218811 0.022997746244072914 0.0 0.0 0.0 0.0 0.0 0.0 0.0 0.0 0.0 0.0 0.0 0.0 0.0 0.0 0.0 0.0 0.0 0.0 0.0 0.0 0.0 0.0 0.0 0.0 0.0 0.0 0.0 0.0 0.0 0.0
0.9565834999084473 0.03197493031620979 0.011456088162958622 0.0 0.0 0.0 0.0 0.0 0.0 0.0 0.0 0.0 0.0 0.0 0.0 0.0 0.0 0.0 0.0 0.0 0.0 0.0 0.0 0.0 0.0 0.0 0.0 0.0 0.0 0.0 0.0 0.0
0.9277730584144592 0.02839013561606407 0.0316481813788414 0.012184971012175083 0.0 0.0 0.0 0.0 0.0 0.0 0.0 0.0 0.0 0.0 0.0 0.0 0.0 0.0 0.0 0.0 0.0 0.0 0.0 0.0 0.0 0.0 0.0 0.0 0.0 0.0 0.0 0.0
0.8987008929252625 0.023052487522363663 0.028144976124167442 0.036609552800655365 0.013490620069205761 0.0 0.0 0.0 0.0 0.0 0.0 0.0 0.0 0.0 0.0 0.0 0.0 0.0 0.0 0.0 0.0 0.0 0.0 0.0 0.0 0.0 0.0 0.0 0.0 0.0 0.0 0.0
0.8775277137756348 0.015206853859126568 0.020526893436908722 0.030687468126416206 0.041920796036720276 0.014126854948699474 0.0 0.0 0.0 0.0 0.0 0.0 0.0 0.0 0.0 0.0 0.0 0.0 0.0 0.0 0.0 0.0 0.0 0.0 0.0 0.0 0.0 0.0 0.0 0.0 0.0 0.0
0.8648951649665833 0.01145088393241167 0.013706567697227001 0.022020289674401283 0.033495739102363586 0.04053482413291931 0.013894906267523766 0.0 0.0 0.0 0.0 0.0 0.0 0.0 0.0 0.0 0.0 0.0 0.0 0.0 0.0 0.0 0.0 0.0 0.0 0.0 0.0 0.0 0.0 0.0 0.0 0.0
0.8565284013748169 0.00896006915718317 0.010637410916388035 0.015622894279658794 0.02361607737839222 0.03169357404112816 0.03919612243771553 0.013747576624155045 0.0 0.0 0.0 0.0 0.0 0.0 0.0 0.0 0.0 0.0 0.0 0.0 0.0 0.0 0.0 0.0 0.0 0.0 0.0 0.0 0.0 0.0 0.0 0.0
0.8394263982772827 0.008427568711340427 0.009304375387728214 0.012398403137922287 0.016862768679857254 0.023006359115242958 0.032738447189331055 0.044119078665971756 0.01370739471167326 0.0 0.0 0.0 0.0 0.0 0.0 0.0 0.0 0.0 0.0 0.0 0.0 0.0 0.0 0.0 0.0 0.0 0.0 0.0 0.0 0.0 0.0 0.0
0.8338184356689453 0.0066716293804347515 0.00784285832196474 0.00994863174855709 0.01236815843731165 0.0161843653768301 0.023486370220780373 0.03264159709215164 0.04258769750595093 0.014449303969740868 0.0 0.0 0.0 0.0 0.0 0.0 0.0 0.0 0.0 0.0 0.0 0.0 0.0 0.0 0.0 0.0 0.0 0.0 0.0 0.0 0.0 0.0
0.8230900168418884 0.005568729247897863 0.0069503504782915115 0.00894747581332922 0.010397939942777157 0.012399607338011265 0.016528159379959106 0.02344920113682747 0.03370857238769531 0.04447557032108307 0.014489330351352692 0.0 0.0 0.0 0.0 0.0 0.0 0.0 0.0 0.0 0.0 0.0 0.0 0.0 0.0 0.0 0.0 0.0 0.0 0.0 0.0 0.0
0.8196109533309937 0.004717920906841755 0.005611220840364695 0.007354391738772392 0.00861738808453083 0.009974253363907337 0.011686161160469055 0.018279431387782097 0.023461515083909035 0.03314808011054993 0.04396635293960571 0.013574076816439629 0.0 0.0 0.0 0.0 0.0 0.0 0.0 0.0 0.0 0.0 0.0 0.0 0.0 0.0 0.0 0.0 0.0 0.0 0.0 0.0
0.8174256086349487 0.004468953236937523 0.004901600070297718 0.006010626442730427 0.007169175893068314 0.008594606071710587 0.009948634542524815 0.013413898646831512 0.016683360561728477 0.02535451389849186 0.03299592807888985 0.03949825465679169 0.013531002216041088 0.0 0.0 0.0 0.0 0.0 0.0 0.0 0.0 0.0 0.0 0.0 0.0 0.0 0.0 0.0 0.0 0.0 0.0 0.0
0.8187801837921143 0.004243600182235241 0.0043577635660767555 0.004947864916175604 0.005880631506443024 0.007084401324391365 0.008069224655628204 0.00979190319776535 0.011625194922089577 0.015947846695780754 0.021888351067900658 0.031236551702022552 0.04210855811834335 0.014038272202014923 0.0 0.0 0.0 0.0 0.0 0.0 0.0 0.0 0.0 0.0 0.0 0.0 0.0 0.0 0.0 0.0 0.0 0.0
0.8130343556404114 0.003961277659982443 0.004180093761533499 0.004623574670404196 0.005036977119743824 0.00578446825966239 0.0068231550976634026 0.01090171467512846 0.010474005714058876 0.012369797565042973 0.015512876212596893 0.021631086245179176 0.03297116234898567 0.03923892229795456 0.013453136198222637 0.0 0.0 0.0 0.0 0.0 0.0 0.0 0.0 0.0 0.0 0.0 0.0 0.0 0.0 0.0 0.0 0.0
0.8064871430397034 0.0034996005706489086 0.004078707657754421 0.004483034834265709 0.004611510783433914 0.004900228697806597 0.0057474225759506226 0.006982734426856041 0.007983695715665817 0.01072823815047741 0.013292435556650162 0.014979979023337364 0.02445363998413086 0.0346524678170681 0.03975432738661766 0.013369698077440262 0.0 0.0 0.0 0.0 0.0 0.0 0.0 0.0 0.0 0.0 0.0 0.0 0.0 0.0 0.0 0.0
0.8074323534965515 0.002880377694964409 0.0034962818026542664 0.004126382526010275 0.004460080061107874 0.004565039649605751 0.004858051892369986 0.006954228039830923 0.006901235319674015 0.00808824971318245 0.009582766331732273 0.011240730062127113 0.01979913003742695 0.022989116609096527 0.030724219977855682 0.03850578889250755 0.01339730340987444 0.0 0.0 0.0 0.0 0.0 0.0 0.0 0.0 0.0 0.0 0.0 0.0 0.0 0.0 0.0
0.8155866265296936 0.002334842225536704 0.002917539793998003 0.0035282245371490717 0.003988297190517187 0.004156804643571377 0.004148861393332481 0.004750145599246025 0.005630623083561659 0.0068758223205804825 0.007674317806959152 0.008905729278922081 0.01071059051901102 0.01461323257535696 0.021048029884696007 0.029985401779413223 0.039876315742731094 0.013276784680783749 0.0 0.0 0.0 0.0 0.0 0.0 0.0 0.0 0.0 0.0 0.0 0.0 0.0 0.0
0.8126311898231506 0.0023370536509901285 0.002499608788639307 0.0029107530135661364 0.003592086024582386 0.0039698840118944645 0.004121940117329359 0.004376672208309174 0.005270276218652725 0.006335112731903791 0.006363755092024803 0.00756567157804966 0.008955549448728561 0.011666900478303432 0.014993819408118725 0.02075388841331005 0.03050568513572216 0.038043491542339325 0.013109738007187843 0.0 0.0 0.0 0.0 0.0 0.0 0.0 0.0 0.0 0.0 0.0 0.0 0.0
0.8097274303436279 0.0024484905879944563 0.002323975320905447 0.0025800170842558146 0.002999297110363841 0.0036859861575067043 0.0041039022617042065 0.004211756866425276 0.004143917467445135 0.005533995572477579 0.007525996305048466 0.006216789595782757 0.00731169106438756 0.008932704105973244 0.010931849479675293 0.015156108886003494 0.021518614143133163 0.029153646901249886 0.038338080048561096 0.013154661282896996 0.0 0.0 0.0 0.0 0.0 0.0 0.0 0.0 0.0 0.0 0.0 0.0
0.8124676942825317 0.0024407454766333103 0.002200004644691944 0.002293916651979089 0.002534202067181468 0.002828669035807252 0.003145846538245678 0.0038650743663311005 0.004250270314514637 0.004565305542200804 0.0046091144904494286 0.005117030348628759 0.006099904887378216 0.007457531522959471 0.00868812296539545 0.010653261095285416 0.01500724907964468 0.020487187430262566 0.02983247861266136 0.0383426658809185 0.013117433525621891 0.0 0.0 0.0 0.0 0.0 0.0 0.0 0.0 0.0 0.0 0.0
0.8117495179176331 0.002434258349239826 0.0021508396603167057 0.0021285382099449635 0.002142758807167411 0.0023345916997641325 0.0024933484382927418 0.0031921619083732367 0.0037038512527942657 0.003990067634731531 0.00414938572794199 0.0045399134978652 0.005108985584229231 0.006535481195896864 0.007486463058739901 0.008519977331161499 0.011003253981471062 0.014086978510022163 0.020530492067337036 0.029284704476594925 0.039020802825689316 0.013415596447885036 0.0 0.0 0.0 0.0 0.0 0.0 0.0 0.0 0.0 0.0
0.8094072341918945 0.002027951180934906 0.0020172991789877415 0.002174736699089408 0.0021343312691897154 0.002155263675376773 0.0021704998798668385 0.0031105801463127136 0.0032122463453561068 0.0035791511181741953 0.003735983744263649 0.004126561339944601 0.004201785661280155 0.004941908176988363 0.005985480733215809 0.006832476705312729 0.00878167524933815 0.010505327954888344 0.014270082116127014 0.02154250629246235 0.030455779284238815 0.039248377084732056 0.013386030681431293 0.0 0.0 0.0 0.0 0.0 0.0 0.0 0.0 0.0
0.8132810592651367 0.0017374875023961067 0.0018157738959416747 0.0021125234197825193 0.0022315920796245337 0.0021464568562805653 0.001902493997476995 0.0023528034798800945 0.0025959862396121025 0.0031114481389522552 0.0033962258603423834 0.003820466110482812 0.003666965290904045 0.004110580775886774 0.004971341695636511 0.005891410633921623 0.00693190423771739 0.008351283147931099 0.010596496053040028 0.01449516136199236 0.020772501826286316 0.028988488018512726 0.03745035082101822 0.013269742950797081 0.0 0.0 0.0 0.0 0.0 0.0 0.0 0.0
0.8099549412727356 0.001958291046321392 0.0014488965971395373 0.001750112627632916 0.002365056425333023 0.0022884116042405367 0.0021622423082590103 0.0022860271856188774 0.0025364693719893694 0.0031811583321541548 0.003086389508098364 0.003342012409120798 0.0035631172358989716 0.003753799945116043 0.004233525600284338 0.004785003140568733 0.005747545976191759 0.006799573078751564 0.008142105303704739 0.010730784386396408 0.014455405995249748 0.02055102214217186 0.030174611136317253 0.03751936927437782 0.01318605151027441 0.0 0.0 0.0 0.0 0.0 0.0 0.0
0.8137584924697876 0.0016002283664420247 0.001231327187269926 0.001484837383031845 0.0019744832534343004 0.0018797697266563773 0.0018430795753374696 0.0019355564145371318 0.002053701551631093 0.0020901041571050882 0.0023245871998369694 0.002815594431012869 0.0030465959571301937 0.0034416811540722847 0.0036232667043805122 0.0039797876961529255 0.004842123948037624 0.00558461295440793 0.00676557095721364 0.008189481683075428 0.010500344447791576 0.014049887657165527 0.020498735830187798 0.028780415654182434 0.038329482078552246 0.013374404981732368 0.0 0.0 0.0 0.0 0.0 0.0
0.8121080994606018 0.0016058633336797357 0.0011895911302417517 0.0012769547756761312 0.001690611126832664 0.0017098988173529506 0.0018966536736115813 0.0025579307693988085 0.001998303225263953 0.002083004219457507 0.0020241469610482454 0.0023742809426039457 0.0027150739915668964 0.0032633598893880844 0.003660563612356782 0.0036428840830922127 0.004217498004436493 0.00467014592140913 0.0056302850134670734 0.0069907004944980145 0.008353441022336483 0.01043151505291462 0.014285196550190449 0.020174313336610794 0.029126526787877083 0.03675899654626846 0.013566983863711357 0.0 0.0 0.0 0.0 0.0
0.8090870380401611 0.0017533348873257637 0.0013233429053798318 0.00128935556858778 0.0013669882901012897 0.0013871489791199565 0.0015604355139657855 0.0018924372270703316 0.002341323299333453 0.001950808335095644 0.002020636573433876 0.0021334050688892603 0.0023039893712848425 0.0028059622272849083 0.0032439827919006348 0.0034013278782367706 0.0037570111453533173 0.004177798982709646 0.00497667770832777 0.005738352425396442 0.006838894449174404 0.008005793206393719 0.01061331294476986 0.014085767790675163 0.020719867199659348 0.02898678556084633 0.038786936551332474 0.013448386453092098 0.0 0.0 0.0 0.0
0.8106620907783508 0.0015901640290394425 0.001353894593194127 0.001308984006755054 0.0012615711893886328 0.0012823287397623062 0.001304367440752685 0.0015256085898727179 0.0017500096000730991 0.0017096430528908968 0.0017034996999427676 0.0018112784018740058 0.001859527314081788 0.0021573654375970364 0.002656275639310479 0.003191759344190359 0.0033790175803005695 0.003490255679935217 0.003932478837668896 0.004643575754016638 0.0055695585906505585 0.006872169673442841 0.008274119347333908 0.010436165146529675 0.014572055079042912 0.02148805558681488 0.029277192428708076 0.03776487335562706 0.013169587589800358 0.0 0.0 0.0
0.8088047504425049 0.001533403410576284 0.0013322194572538137 0.001341186580248177 0.0012631331337615848 0.0012010680511593819 0.0011854502372443676 0.0013288437621667981 0.0014422533567994833 0.00157119648065418 0.0017261620378121734 0.0016783758765086532 0.001669507590122521 0.0018709072610363364 0.002242492977529764 0.0027505685575306416 0.003049843944609165 0.003452133620157838 0.0036142421886324883 0.004711213055998087 0.005000340286642313 0.005995832849293947 0.0067629083059728146 0.00818133819848299 0.01055337768048048 0.014685784466564655 0.020341314375400543 0.029146268963813782 0.03864189609885216 0.012922432273626328 0.0 0.0
0.8123583197593689 0.0014595228713005781 0.001229741144925356 0.001323385164141655 0.0013300570426508784 0.001224913401529193 0.0011208928190171719 0.0011311696143820882 0.0012299699010327458 0.001361365895718336 0.0015370934270322323 0.001613606815226376 0.001596680493094027 0.0016944105736911297 0.0018213503062725067 0.0022641802206635475 0.0025690447073429823 0.002994200447574258 0.003301936900243163 0.003638142952695489 0.003928967751562595 0.004702073987573385 0.005489936098456383 0.006581156048923731 0.00801793485879898 0.010368147864937782 0.013962334021925926 0.02020294778048992 0.029564885422587395 0.03735927492380142 0.013025015592575073 0.0
0.8114250302314758 0.0015718636568635702 0.0012344029964879155 0.0012186517706140876 0.001239155768416822 0.001330269151367247 0.0012559614842757583 0.001266256207600236 0.0011020103702321649 0.001138493767939508 0.001370831741951406 0.0016169548034667969 0.0015784401912242174 0.0016339635476469994 0.0017343186773359776 0.0019405822968110442 0.002247385447844863 0.002560446737334132 0.002982029691338539 0.0032931272871792316 0.0034301092382520437 0.003917729947715998 0.004479740280658007 0.005464926827698946 0.006617244333028793 0.008074143901467323 0.010586000047624111 0.014577694237232208 0.02141326293349266 0.02856835350394249 0.036077313125133514 0.01305791549384594
