1.0 0.0 0.0 0.0 0.0 0.0 0.0 0.0 0.0 0.0 0.0 0.0 0.0 0.0 0.0 0.0 0.0 0.0 0.0 0.0 0.0 0.0 0.0 0.0 0.0 0.0 0.0 0.0 0.0 0.0 0.0 0.0
0.9777473211288452 0.022259855642914772 0.0 0.0 0.0 0.0 0.0 0.0 0.0 0.0 0.0 0.0 0.0 0.0 0.0 0.0 0.0 0.0 0.0 0.0 0.0 0.0 0.0 0.0 0.0 0.0 0.0 0.0 0.0 0.0 0.0 0.0
0.9354243278503418 0.02120145410299301 0.043370701372623444 0.0 0.0 0.0 0.0 0.0 0.0 0.0 0.0 0.0 0.0 0.0 0.0 0.0 0.0 0.0 0.0 0.0 0.0 0.0 0.0 0.0 0.0 0.0 0.0 0.0 0.0 0.0 0.0 0.0
0.9090160727500916 0.017836788669228554 0.029407300055027008 0.04374505952000618 0.0 0.0 0.0 0.0 0.0 0.0 0.0 0.0 0.0 0.0 0.0 0.0 0.0 0.0 0.0 0.0 0.0 0.0 0.0 0.0 0.0 0.0 0.0 0.0 0.0 0.0 0.0 0.0
0.8880797028541565 0.014208254404366016 0.022067705169320107 0.030101459473371506 0.045547373592853546 0.0 0.0 0.0 0.0 0.0 0.0 0.0 0.0 0.0 0.0 0.0 0.0 0.0 0.0 0.0 0.0 0.0 0.0 0.0 0.0 0.0 0.0 0.0 0.0 0.0 0.0 0.0
0.8745330572128296 0.012247820384800434 0.017583265900611877 0.02161729522049427 0.028927063569426537 0.04509417712688446 0.0 0.0 0.0 0.0 0.0 0.0 0.0 0.0 0.0 0.0 0.0 0.0 0.0 0.0 0.0 0.0 0.0 0.0 0.0 0.0 0.0 0.0 0.0 0.0 0.0 0.0
0.8616885542869568 0.009488786570727825 0.013310040347278118 0.017679747194051743 0.02151806652545929 0.029718413949012756 0.04659291356801987 0.0 0.0 0.0 0.0 0.0 0.0 0.0 0.0 0.0 0.0 0.0 0.0 0.0 0.0 0.0 0.0 0.0 0.0 0.0 0.0 0.0 0.0 0.0 0.0 0.0
0.851163923740387 0.007895644754171371 0.010904167778789997 0.013924610801041126 0.017316162586212158 0.02239576168358326 0.030036311596632004 0.04636474698781967 0.0 0.0 0.0 0.0 0.0 0.0 0.0 0.0 0.0 0.0 0.0 0.0 0.0 0.0 0.0 0.0 0.0 0.0 0.0 0.0 0.0 0.0 0.0 0.0
0.8369646072387695 0.007312091998755932 0.009766455739736557 0.011370806954801083 0.014233982190489769 0.01795131340622902 0.024975035339593887 0.029335182160139084 0.048093318939208984 0.0 0.0 0.0 0.0 0.0 0.0 0.0 0.0 0.0 0.0 0.0 0.0 0.0 0.0 0.0 0.0 0.0 0.0 0.0 0.0 0.0 0.0 0.0
0.8301945328712463 0.0066927773877978325 0.008606668561697006 0.009573916904628277 0.010944055393338203 0.01362055353820324 0.01846015825867653 0.022234352305531502 0.030845677480101585 0.04882633313536644 0.0 0.0 0.0 0.0 0.0 0.0 0.0 0.0 0.0 0.0 0.0 0.0 0.0 0.0 0.0 0.0 0.0 0.0 0.0 0.0 0.0 0.0
0.823525607585907 0.006185772363096476 0.0075401365756988525 0.008439170196652412 0.009432402439415455 0.011277652345597744 0.01431536115705967 0.017352422699332237 0.022385308519005775 0.029731154441833496 0.04982270672917366 0.0 0.0 0.0 0.0 0.0 0.0 0.0 0.0 0.0 0.0 0.0 0.0 0.0 0.0 0.0 0.0 0.0 0.0 0.0 0.0 0.0
0.8146066069602966 0.005379399284720421 0.006698171142488718 0.008003651164472103 0.008742089383304119 0.009595710784196854 0.011555790901184082 0.013906671665608883 0.01714099384844303 0.02207919768989086 0.03205312043428421 0.050240274518728256 0.0 0.0 0.0 0.0 0.0 0.0 0.0 0.0 0.0 0.0 0.0 0.0 0.0 0.0 0.0 0.0 0.0 0.0 0.0 0.0
0.8058723211288452 0.005185559391975403 0.006334257777780294 0.007279788143932819 0.00794107187539339 0.008699995465576649 0.009892493486404419 0.011432345025241375 0.014824287965893745 0.01792270317673683 0.02455192618072033 0.030648427084088326 0.049417637288570404 0.0 0.0 0.0 0.0 0.0 0.0 0.0 0.0 0.0 0.0 0.0 0.0 0.0 0.0 0.0 0.0 0.0 0.0 0.0
0.8000760078430176 0.004841632209718227 0.005757192149758339 0.0066907587461173534 0.00713962921872735 0.007808613125234842 0.008879405446350574 0.009778178296983242 0.011716391891241074 0.014275692403316498 0.01820549927651882 0.022633537650108337 0.030516628175973892 0.05167786777019501 0.0 0.0 0.0 0.0 0.0 0.0 0.0 0.0 0.0 0.0 0.0 0.0 0.0 0.0 0.0 0.0 0.0 0.0
0.7914109826087952 0.004719478078186512 0.00534715736284852 0.005957797169685364 0.006600411143153906 0.007132732775062323 0.00795632041990757 0.0087759243324399 0.010918884538114071 0.012731698341667652 0.015802396461367607 0.019216487184166908 0.02279520407319069 0.031129034236073494 0.049508146941661835 0.0 0.0 0.0 0.0 0.0 0.0 0.0 0.0 0.0 0.0 0.0 0.0 0.0 0.0 0.0 0.0 0.0
0.7913963794708252 0.0045221587643027306 0.004909265786409378 0.005335452500730753 0.006253310013562441 0.006416661199182272 0.0071286046877503395 0.007914113812148571 0.009010043926537037 0.010208445601165295 0.01217008475214243 0.014856900088489056 0.017824344336986542 0.02228187769651413 0.029750660061836243 0.05002642050385475 0.0 0.0 0.0 0.0 0.0 0.0 0.0 0.0 0.0 0.0 0.0 0.0 0.0 0.0 0.0 0.0
0.7767398953437805 0.004374225158244371 0.004824024625122547 0.005101161543279886 0.005662171635776758 0.006039751693606377 0.006599154323339462 0.007285431493073702 0.009217110462486744 0.011102470569312572 0.013830572366714478 0.012123916298151016 0.014456809498369694 0.018656715750694275 0.02208022214472294 0.0328737236559391 0.049030084162950516 0.0 0.0 0.0 0.0 0.0 0.0 0.0 0.0 0.0 0.0 0.0 0.0 0.0 0.0 0.0
0.7732892036437988 0.0042176987044513226 0.00474401842802763 0.005080887116491795 0.00613235542550683 0.005700967274606228 0.006101725157350302 0.006641034968197346 0.007566159125417471 0.010928379371762276 0.009145948104560375 0.012070495635271072 0.01222494337707758 0.015895625576376915 0.017514673992991447 0.023335695266723633 0.030100710690021515 0.049306273460388184 0.0 0.0 0.0 0.0 0.0 0.0 0.0 0.0 0.0 0.0 0.0 0.0 0.0 0.0
0.7683969736099243 0.004109665751457214 0.0046561527997255325 0.005103984382003546 0.005139300599694252 0.005579344928264618 0.005677404813468456 0.0062546017579734325 0.0068615204654634 0.008194059133529663 0.009346076287329197 0.010251135565340519 0.010299885645508766 0.012271353974938393 0.014121630229055882 0.019018609076738358 0.022426875308156013 0.03148308023810387 0.05080776661634445 0.0 0.0 0.0 0.0 0.0 0.0 0.0 0.0 0.0 0.0 0.0 0.0 0.0
0.7600967884063721 0.003906918689608574 0.004372051451355219 0.00489978538826108 0.0057165613397955894 0.005374039523303509 0.005532546900212765 0.005873201880604029 0.006177926901727915 0.008954936638474464 0.008423115126788616 0.009272048249840736 0.009327013976871967 0.010443764738738537 0.012123527936637402 0.01513554435223341 0.017853615805506706 0.02424369379878044 0.03205455094575882 0.05022051930427551 0.0 0.0 0.0 0.0 0.0 0.0 0.0 0.0 0.0 0.0 0.0 0.0
0.761048436164856 0.00354875810444355 0.004176087211817503 0.004735923372209072 0.005242954008281231 0.00509618641808629 0.005432401318103075 0.0055274623446166515 0.005731530487537384 0.008343593217432499 0.0071770381182432175 0.007406285498291254 0.007999102585017681 0.009052726440131664 0.010074004530906677 0.011685413308441639 0.014312783256173134 0.018665995448827744 0.022952063009142876 0.03094630129635334 0.050840649753808975 0.0 0.0 0.0 0.0 0.0 0.0 0.0 0.0 0.0 0.0 0.0
0.7553645372390747 0.003398667788133025 0.004051155876368284 0.004604001995176077 0.004784652031958103 0.004988643806427717 0.00560864107683301 0.005610482767224312 0.0056051104329526424 0.005971742328256369 0.006660942919552326 0.007070144172757864 0.007551648188382387 0.008295586332678795 0.00918495375663042 0.010234678164124489 0.011557644233107567 0.014723881147801876 0.01816941425204277 0.023323193192481995 0.03138080611824989 0.051863204687833786 0.0 0.0 0.0 0.0 0.0 0.0 0.0 0.0 0.0 0.0
0.7522911429405212 0.003193287178874016 0.0037488352973014116 0.004397122655063868 0.004611975979059935 0.004784490447491407 0.005090087186545134 0.005262620281428099 0.005910853855311871 0.005651809740811586 0.006206088699400425 0.0068791890516877174 0.0068578156642615795 0.007585810497403145 0.008962818421423435 0.008637706749141216 0.009847735986113548 0.011306118220090866 0.014321815222501755 0.018169410526752472 0.023754728958010674 0.03237108886241913 0.05015602335333824 0.0 0.0 0.0 0.0 0.0 0.0 0.0 0.0 0.0
0.751695454120636 0.0031954380683600903 0.0036917615216225386 0.003984892275184393 0.004232220817357302 0.004536814987659454 0.004740430507808924 0.004881935194134712 0.0053606191650033 0.005437111482024193 0.0061456928960978985 0.0058969794772565365 0.006276898086071014 0.006943726912140846 0.007125329226255417 0.007846546359360218 0.008421345613896847 0.010581262409687042 0.011628218926489353 0.014589354395866394 0.018149441108107567 0.02374873496592045 0.030049635097384453 0.05083988234400749 0.0 0.0 0.0 0.0 0.0 0.0 0.0 0.0
0.7510444521903992 0.003349653445184231 0.0037311208434402943 0.004275226965546608 0.0040839603170752525 0.0042180512100458145 0.004457465838640928 0.0047304630279541016 0.005336360074579716 0.0053342487663030624 0.005999668035656214 0.0055357119999825954 0.006155720911920071 0.00620921328663826 0.0073320274241268635 0.007096386980265379 0.007578331045806408 0.00860222801566124 0.009325528517365456 0.011504262685775757 0.014355952851474285 0.018435264006257057 0.022851426154375076 0.029614632949233055 0.048844531178474426 0.0 0.0 0.0 0.0 0.0 0.0 0.0
0.7474706172943115 0.003428504802286625 0.0036229875404387712 0.0040719532407820225 0.004045456647872925 0.003979840781539679 0.004144564736634493 0.004527083598077297 0.0051346709951758385 0.005064789671450853 0.005326376762241125 0.005318410228937864 0.005403442308306694 0.005678586196154356 0.00655437633395195 0.0063866847194731236 0.006923228036612272 0.007546591572463512 0.00843846146017313 0.00970427505671978 0.011317506432533264 0.014456694945693016 0.018302204087376595 0.02265058644115925 0.030122481286525726 0.050381194800138474 0.0 0.0 0.0 0.0 0.0 0.0
0.7449483275413513 0.0035451012663543224 0.0037018435541540384 0.0037078603636473417 0.0037548565305769444 0.0037670540623366833 0.003959051799029112 0.004092497285455465 0.004792793188244104 0.004802897106856108 0.0058039166033267975 0.005312729626893997 0.0054369415156543255 0.005497127305716276 0.005978606175631285 0.005749302450567484 0.006403067149221897 0.0071233101189136505 0.007678959518671036 0.008523751981556416 0.009749485179781914 0.011659088544547558 0.014052367769181728 0.017357923090457916 0.022418789565563202 0.03098643757402897 0.049193765968084335 0.0 0.0 0.0 0.0 0.0
0.7385156154632568 0.0034525946248322725 0.0036616967990994453 0.0037781877908855677 0.003648044541478157 0.003596728201955557 0.0037220206577330828 0.0038412429857999086 0.004223363008350134 0.004400736186653376 0.006224669050425291 0.005476107820868492 0.005287942010909319 0.0057072811760008335 0.0054677012376487255 0.005477849394083023 0.0057114907540380955 0.006826387252658606 0.006942660082131624 0.007753344252705574 0.008597854524850845 0.009835987351834774 0.0120105454698205 0.01404122170060873 0.017679257318377495 0.023688916116952896 0.029905717819929123 0.050522640347480774 0.0 0.0 0.0 0.0
0.7384818196296692 0.0031513588037341833 0.003500578459352255 0.003800260368734598 0.00372747122310102 0.003619041061028838 0.0036490329075604677 0.003714828984811902 0.0038896279875189066 0.004126363899558783 0.0044961245730519295 0.0050707291811704636 0.005149581003934145 0.005468865856528282 0.005180977750569582 0.0055564832873642445 0.0053670634515583515 0.005659779068082571 0.006146545987576246 0.006875942926853895 0.007688454817980528 0.008793090470135212 0.010064654983580112 0.01124081201851368 0.014195501804351807 0.018503796309232712 0.02247740887105465 0.030951201915740967 0.04945169389247894 0.0 0.0 0.0
0.7355826497077942 0.0028876790311187506 0.0033329424913972616 0.0038826665841042995 0.003791961120441556 0.003718787571415305 0.003675818908959627 0.003743730252608657 0.003829819615930319 0.004091052338480949 0.00438571535050869 0.004870713222771883 0.004803012125194073 0.00510883005335927 0.005070838145911694 0.005274971481412649 0.0051149590872228146 0.005321044009178877 0.005652198567986488 0.006747176870703697 0.007019063923507929 0.007830390706658363 0.0086532486602664 0.009518522769212723 0.011705010198056698 0.014816444367170334 0.0175306536257267 0.022701552137732506 0.030031492933630943 0.04930942505598068 0.0 0.0
0.7358821034431458 0.002683869330212474 0.0030750806909054518 0.0036136324051767588 0.003560207551345229 0.00369720789603889 0.0037510667461901903 0.003661388298496604 0.003864164697006345 0.0037859762087464333 0.004011036828160286 0.004258699249476194 0.004562193062156439 0.00474599888548255 0.0048935748636722565 0.0052634840831160545 0.00500190444290638 0.005047399550676346 0.005844490136951208 0.0056571573950350285 0.005999632179737091 0.006629996933043003 0.00733907101675868 0.008166405372321606 0.009572290815412998 0.011634265072643757 0.013615957461297512 0.018195129930973053 0.022286422550678253 0.02973061241209507 0.04996843636035919 0.0
0.7323217988014221 0.002545353025197983 0.002886951668187976 0.0032931813038885593 0.0033411728218197823 0.0035014876630157232 0.003658873960375786 0.0037182867527008057 0.004410732537508011 0.0037760601844638586 0.0038818051107227802 0.0038848372641950846 0.004159106407314539 0.004528637044131756 0.0047239260748028755 0.004765668418258429 0.0046680704690515995 0.004906269256025553 0.005991523619741201 0.004974844865500927 0.005396362394094467 0.00595082389190793 0.007533991243690252 0.008083203807473183 0.008257212117314339 0.009764859452843666 0.011107614263892174 0.014564946293830872 0.017742827534675598 0.021812519058585167 0.03026825562119484 0.049583300948143005
