1.0 0.0 0.0 0.0 0.0 0.0 0.0 0.0 0.0 0.0 0.0 0.0 0.0 0.0 0.0 0.0 0.0 0.0 0.0 0.0 0.0 0.0 0.0 0.0 0.0 0.0 0.0 0.0 0.0 0.0 0.0 0.0
0.9529334306716919 0.04707280546426773 0.0 0.0 0.0 0.0 0.0 0.0 0.0 0.0 0.0 0.0 0.0 0.0 0.0 0.0 0.0 0.0 0.0 0.0 0.0 0.0 0.0 0.0 0.0 0.0 0.0 0.0 0.0 0.0 0.0 0.0
0.9186269044876099 0.02798912115395069 0.05338678136467934 0.0 0.0 0.0 0.0 0.0 0.0 0.0 0.0 0.0 0.0 0.0 0.0 0.0 0.0 0.0 0.0 0.0 0.0 0.0 0.0 0.0 0.0 0.0 0.0 0.0 0.0 0.0 0.0 0.0
0.8949218988418579 0.01724468171596527 0.03467896208167076 0.053151004016399384 0.0 0.0 0.0 0.0 0.0 0.0 0.0 0.0 0.0 0.0 0.0 0.0 0.0 0.0 0.0 0.0 0.0 0.0 0.0 0.0 0.0 0.0 0.0 0.0 0.0 0.0 0.0 0.0
0.8841681480407715 0.011543435975909233 0.02163170836865902 0.03298155963420868 0.04967649653553963 0.0 0.0 0.0 0.0 0.0 0.0 0.0 0.0 0.0 0.0 0.0 0.0 0.0 0.0 0.0 0.0 0.0 0.0 0.0 0.0 0.0 0.0 0.0 0.0 0.0 0.0 0.0
0.8774330019950867 0.008313802070915699 0.015589467249810696 0.02091594785451889 0.02993856556713581 0.04780356213450432 0.0 0.0 0.0 0.0 0.0 0.0 0.0 0.0 0.0 0.0 0.0 0.0 0.0 0.0 0.0 0.0 0.0 0.0 0.0 0.0 0.0 0.0 0.0 0.0 0.0 0.0
0.8750736713409424 0.0063889906741678715 0.01169053465127945 0.01497745793312788 0.0180664025247097 0.02877139300107956 0.04503012076020241 0.0 0.0 0.0 0.0 0.0 0.0 0.0 0.0 0.0 0.0 0.0 0.0 0.0 0.0 0.0 0.0 0.0 0.0 0.0 0.0 0.0 0.0 0.0 0.0 0.0
0.8683422207832336 0.005864565726369619 0.010389169678092003 0.011311431415379047 0.01298865769058466 0.018498094752430916 0.02762199565768242 0.044979359954595566 0.0 0.0 0.0 0.0 0.0 0.0 0.0 0.0 0.0 0.0 0.0 0.0 0.0 0.0 0.0 0.0 0.0 0.0 0.0 0.0 0.0 0.0 0.0 0.0
0.8644480109214783 0.005217835772782564 0.009025231003761292 0.00907726027071476 0.009938899427652359 0.012329228222370148 0.017119532451033592 0.0282175000756979 0.0446266233921051 0.0 0.0 0.0 0.0 0.0 0.0 0.0 0.0 0.0 0.0 0.0 0.0 0.0 0.0 0.0 0.0 0.0 0.0 0.0 0.0 0.0 0.0 0.0
0.8576368093490601 0.004917862359434366 0.008838850073516369 0.008775515481829643 0.008281913585960865 0.009389379993081093 0.011546925641596317 0.017078589648008347 0.028577839955687523 0.04495351016521454 0.0 0.0 0.0 0.0 0.0 0.0 0.0 0.0 0.0 0.0 0.0 0.0 0.0 0.0 0.0 0.0 0.0 0.0 0.0 0.0 0.0 0.0
0.8558412790298462 0.0038747726939618587 0.00872643943876028 0.008109530434012413 0.00730297202244401 0.007787181995809078 0.008518424816429615 0.01141800731420517 0.01691581681370735 0.026992445811629295 0.044511206448078156 0.0 0.0 0.0 0.0 0.0 0.0 0.0 0.0 0.0 0.0 0.0 0.0 0.0 0.0 0.0 0.0 0.0 0.0 0.0 0.0 0.0
0.8517425060272217 0.0033348326105624437 0.006923192646354437 0.0069788373075425625 0.007245717570185661 0.007038181647658348 0.007377434056252241 0.009229401126503944 0.011499026790261269 0.016794681549072266 0.02766938880085945 0.044167160987854004 0.0 0.0 0.0 0.0 0.0 0.0 0.0 0.0 0.0 0.0 0.0 0.0 0.0 0.0 0.0 0.0 0.0 0.0 0.0 0.0
0.8444216251373291 0.0031642643734812737 0.00668264040723443 0.0066229198127985 0.006583815440535545 0.0068731107749044895 0.006960377562791109 0.008281733840703964 0.009206371381878853 0.011229071766138077 0.017368793487548828 0.028026791289448738 0.04457581043243408 0.0 0.0 0.0 0.0 0.0 0.0 0.0 0.0 0.0 0.0 0.0 0.0 0.0 0.0 0.0 0.0 0.0 0.0 0.0
0.846307635307312 0.0029704070184379816 0.0059529379941523075 0.005932414438575506 0.005767299793660641 0.006287032272666693 0.006247016601264477 0.006535779219120741 0.007161619607359171 0.008589333854615688 0.011440005153417587 0.01693527027964592 0.02660355344414711 0.043263282626867294 0.0 0.0 0.0 0.0 0.0 0.0 0.0 0.0 0.0 0.0 0.0 0.0 0.0 0.0 0.0 0.0 0.0 0.0
0.8409038186073303 0.0029421914368867874 0.0059224520809948444 0.005788836162537336 0.005485025234520435 0.005499172955751419 0.006034723948687315 0.00624355673789978 0.006482939701527357 0.007218082435429096 0.00885862484574318 0.011328842490911484 0.016954457387328148 0.027105597779154778 0.04322362318634987 0.0 0.0 0.0 0.0 0.0 0.0 0.0 0.0 0.0 0.0 0.0 0.0 0.0 0.0 0.0 0.0 0.0
0.8351632356643677 0.002761262934654951 0.005759092513471842 0.0053864531219005585 0.005167772527784109 0.005042283330112696 0.005362484138458967 0.006307477131485939 0.006920028943568468 0.0064837317913770676 0.0070566702634096146 0.008677833713591099 0.011170699261128902 0.0163241196423769 0.027513982728123665 0.0449075885117054 0.0 0.0 0.0 0.0 0.0 0.0 0.0 0.0 0.0 0.0 0.0 0.0 0.0 0.0 0.0 0.0
0.8299719095230103 0.002535012550652027 0.005574512295424938 0.005376861896365881 0.004973419010639191 0.005075500812381506 0.004905932117253542 0.005726005416363478 0.006123331841081381 0.006309667136520147 0.007066636346280575 0.007463943678885698 0.008588165044784546 0.011213713325560093 0.016676900908350945 0.026867005974054337 0.04555189236998558 0.0 0.0 0.0 0.0 0.0 0.0 0.0 0.0 0.0 0.0 0.0 0.0 0.0 0.0 0.0
0.8316260576248169 0.0022675704676657915 0.0052755954675376415 0.005395465064793825 0.004880761727690697 0.005295588169246912 0.0047238171100616455 0.005020304583013058 0.005172363482415676 0.00557319400832057 0.006263846065849066 0.00688804779201746 0.006959288381040096 0.008106059394776821 0.010888556949794292 0.01629723235964775 0.026201117783784866 0.0431671105325222 0.0 0.0 0.0 0.0 0.0 0.0 0.0 0.0 0.0 0.0 0.0 0.0 0.0 0.0
0.8251503705978394 0.0021189304534345865 0.005121828522533178 0.005046955309808254 0.004601829685270786 0.0047147320583462715 0.004452175460755825 0.004772540181875229 0.004795212298631668 0.005310761742293835 0.006144602317363024 0.006640561390668154 0.006453356705605984 0.006964805535972118 0.00842263363301754 0.011465615592896938 0.016393663361668587 0.026950856670737267 0.044475577771663666 0.0 0.0 0.0 0.0 0.0 0.0 0.0 0.0 0.0 0.0 0.0 0.0 0.0
0.8245174884796143 0.00206453213468194 0.0044792769476771355 0.004558784421533346 0.004337491001933813 0.004374971147626638 0.004510675091296434 0.004847073927521706 0.00467603700235486 0.0049844603054225445 0.0053321244195103645 0.006279190070927143 0.006061743013560772 0.00659653265029192 0.0069689941592514515 0.008112914860248566 0.011007352732121944 0.01703118532896042 0.027328604832291603 0.041935697197914124 0.0 0.0 0.0 0.0 0.0 0.0 0.0 0.0 0.0 0.0 0.0 0.0
0.8262577056884766 0.0019715444650501013 0.004848846234381199 0.0043482910841703415 0.004029839299619198 0.0041961283423006535 0.0043723080307245255 0.00447840103879571 0.004515103995800018 0.004796796012669802 0.004843331873416901 0.005503169726580381 0.005625832825899124 0.005939706228673458 0.006200622767210007 0.006650334689766169 0.007977098226547241 0.01069147139787674 0.015959659591317177 0.02483055740594864 0.04196211323142052 0.0 0.0 0.0 0.0 0.0 0.0 0.0 0.0 0.0 0.0 0.0
0.8220614194869995 0.001957390457391739 0.005021494813263416 0.004754010122269392 0.003899123053997755 0.004026843700557947 0.004054581746459007 0.004331257659941912 0.004407381173223257 0.004502968862652779 0.004493895452469587 0.004972109105437994 0.00510749313980341 0.005551712121814489 0.00605327682569623 0.006159503478556871 0.006811503786593676 0.007840394042432308 0.011078002862632275 0.015275690704584122 0.025943096727132797 0.04169324412941933 0.0 0.0 0.0 0.0 0.0 0.0 0.0 0.0 0.0 0.0
0.8174005746841431 0.0019053282449021935 0.004216357599943876 0.004327950067818165 0.003796931356191635 0.0038291981909424067 0.0037864979822188616 0.004217739682644606 0.00446702865883708 0.004626278765499592 0.004693060647696257 0.004884800408035517 0.004945032298564911 0.0055557661689817905 0.00587261188775301 0.005963555071502924 0.006328226998448372 0.006634571589529514 0.008244575932621956 0.01052169594913721 0.0168373491615057 0.02513999119400978 0.04180477559566498 0.0 0.0 0.0 0.0 0.0 0.0 0.0 0.0 0.0
0.8171455264091492 0.0017832368612289429 0.004154068883508444 0.0041438075713813305 0.0038388504181057215 0.003634548047557473 0.0036708167754113674 0.003891443135216832 0.004023696295917034 0.004459807183593512 0.004541630856692791 0.004766372498124838 0.004675034433603287 0.005290336906909943 0.0051127709448337555 0.005420967470854521 0.005910584237426519 0.005938131827861071 0.006717633921653032 0.007782166823744774 0.010634804144501686 0.01555727981030941 0.02470450848340988 0.04220590740442276 0.0 0.0 0.0 0.0 0.0 0.0 0.0 0.0
0.8134722709655762 0.0018744227709248662 0.004324901849031448 0.004288210533559322 0.003795432858169079 0.003512899624183774 0.0035975368227809668 0.0036707771942019463 0.0038685586769133806 0.004147897474467754 0.004563296679407358 0.0047837612219154835 0.004588576499372721 0.00487096793949604 0.004714677110314369 0.005123594310134649 0.005475192796438932 0.005700713023543358 0.006056539248675108 0.006575600244104862 0.007966173812747002 0.01056150533258915 0.015483815222978592 0.02462560497224331 0.042361069470644 0.0 0.0 0.0 0.0 0.0 0.0 0.0
0.8062416911125183 0.002030422445386648 0.004286522977054119 0.004124059807509184 0.0036565670743584633 0.0037626889534294605 0.003461730433627963 0.0037704198621213436 0.005099206231534481 0.0039126393385231495 0.004342666827142239 0.004567054100334644 0.004684628918766975 0.005134810693562031 0.004884402733296156 0.005021728575229645 0.0052617317996919155 0.005552574992179871 0.006163457874208689 0.005905830301344395 0.006704496685415506 0.007966882549226284 0.010651934891939163 0.01539754867553711 0.025493422523140907 0.04191933944821358 0.0 0.0 0.0 0.0 0.0 0.0
0.8080541491508484 0.0020311689004302025 0.004420831333845854 0.0040330239571630955 0.003569619730114937 0.003352078376337886 0.003386113094165921 0.0036305205430835485 0.003647114848718047 0.0036526250187307596 0.003995087929069996 0.004467659164220095 0.004586444701999426 0.0054128034971654415 0.004793860483914614 0.0044814106076955795 0.004665363114327192 0.005065503995865583 0.005575491581112146 0.005419306922703981 0.005942953750491142 0.006414609029889107 0.007579952944070101 0.01038613822311163 0.016019798815250397 0.02417941205203533 0.041240014135837555 0.0 0.0 0.0 0.0 0.0
0.810236930847168 0.0020451443269848824 0.004605012014508247 0.003941066097468138 0.003449721960350871 0.0031385859474539757 0.0032824091613292694 0.0033097725827246904 0.003463291795924306 0.0034031569957733154 0.003633766435086727 0.004121478646993637 0.0040953876450657845 0.004609143361449242 0.004563006106764078 0.004471750929951668 0.004307643510401249 0.0044793435372412205 0.004904650151729584 0.00505851861089468 0.005361257586628199 0.005618569441139698 0.006261502858251333 0.007660327013581991 0.01049800030887127 0.015027759596705437 0.02388506755232811 0.04056185111403465 0.0 0.0 0.0 0.0
0.8052886128425598 0.0019169377628713846 0.004639529623091221 0.004015551880002022 0.0036156580317765474 0.003212523879483342 0.0033037548419088125 0.003396314801648259 0.003509347327053547 0.0037395446561276913 0.0037613781169056892 0.0038709230720996857 0.0039922744035720825 0.004497761372476816 0.004543263930827379 0.004592232871800661 0.004355934914201498 0.0044277124106884 0.004651040770113468 0.004611296579241753 0.0052416082471609116 0.005556135438382626 0.00599823659285903 0.006363288499414921 0.007509459275752306 0.009999462403357029 0.01505571324378252 0.023506635800004005 0.04082727059721947 0.0 0.0 0.0
0.8020739555358887 0.001858877600170672 0.004586252849549055 0.0042633479461073875 0.003542575752362609 0.0032622588332742453 0.003159601939842105 0.0031482328195124865 0.003329105442389846 0.0035486952401697636 0.0037003092002123594 0.003813786432147026 0.0036413187626749277 0.004008424002677202 0.004532645456492901 0.0045807319693267345 0.004508430603891611 0.004409768618643284 0.0044920979999005795 0.0043093375861644745 0.004815629683434963 0.005203274544328451 0.005481441039592028 0.005712691228836775 0.006318499334156513 0.007376464083790779 0.010068540461361408 0.014765500091016293 0.023485805839300156 0.04200458899140358 0.0 0.0
0.8009113669395447 0.0017164109740406275 0.0037524900399148464 0.003850739449262619 0.003540370613336563 0.003437375882640481 0.00330933416262269 0.0034744187723845243 0.0033114426769316196 0.0032923019025474787 0.003507490735501051 0.003692127764225006 0.0036972907837480307 0.003778862999752164 0.004179032519459724 0.004152720328420401 0.004574669525027275 0.004715515300631523 0.007105470634996891 0.004104600753635168 0.004445679485797882 0.004583440255373716 0.005019715521484613 0.005247457418590784 0.005616777576506138 0.006024117115885019 0.007215768098831177 0.009568513371050358 0.0142839215695858 0.02340739034116268 0.04047928377985954 0.0
0.7955705523490906 0.0018018200062215328 0.004615379497408867 0.003870742628350854 0.0036181362811475992 0.003817981807515025 0.0032657969277352095 0.004072777461260557 0.003365342039614916 0.003355632070451975 0.003740347223356366 0.0036191174294799566 0.0036147620994597673 0.004007629584521055 0.00359701388515532 0.0037273785565048456 0.004226073157042265 0.0044981916435062885 0.0061668651178479195 0.0040268967859447 0.004267330281436443 0.004259547218680382 0.004716422408819199 0.0050170994363725185 0.005192229524254799 0.005539753939956427 0.006071919575333595 0.007176884915679693 0.009889270178973675 0.01448995154350996 0.023135073482990265 0.04166373983025551
