1.0 0.0 0.0 0.0 0.0 0.0 0.0 0.0 0.0 0.0 0.0 0.0 0.0 0.0 0.0 0.0 0.0 0.0 0.0 0.0 0.0 0.0 0.0 0.0 0.0 0.0 0.0 0.0 0.0 0.0 0.0 0.0
0.9812950491905212 0.01870121620595455 0.0 0.0 0.0 0.0 0.0 0.0 0.0 0.0 0.0 0.0 0.0 0.0 0.0 0.0 0.0 0.0 0.0 0.0 0.0 0.0 0.0 0.0 0.0 0.0 0.0 0.0 0.0 0.0 0.0 0.0
0.9820910096168518 0.0074171097949147224 0.010496403090655804 0.0 0.0 0.0 0.0 0.0 0.0 0.0 0.0 0.0 0.0 0.0 0.0 0.0 0.0 0.0 0.0 0.0 0.0 0.0 0.0 0.0 0.0 0.0 0.0 0.0 0.0 0.0 0.0 0.0
0.9772440791130066 0.00617083627730608 0.0059625753201544285 0.010619394481182098 0.0 0.0 0.0 0.0 0.0 0.0 0.0 0.0 0.0 0.0 0.0 0.0 0.0 0.0 0.0 0.0 0.0 0.0 0.0 0.0 0.0 0.0 0.0 0.0 0.0 0.0 0.0 0.0
0.9721121788024902 0.005656753201037645 0.0054055494256317616 0.0058679222129285336 0.01095302402973175 0.0 0.0 0.0 0.0 0.0 0.0 0.0 0.0 0.0 0.0 0.0 0.0 0.0 0.0 0.0 0.0 0.0 0.0 0.0 0.0 0.0 0.0 0.0 0.0 0.0 0.0 0.0
0.968458890914917 0.004645876120775938 0.004364403896033764 0.004826707765460014 0.005875395145267248 0.011827058158814907 0.0 0.0 0.0 0.0 0.0 0.0 0.0 0.0 0.0 0.0 0.0 0.0 0.0 0.0 0.0 0.0 0.0 0.0 0.0 0.0 0.0 0.0 0.0 0.0 0.0 0.0
0.9674753546714783 0.003931163344532251 0.003815749892964959 0.004164444282650948 0.0047470927238464355 0.006046868860721588 0.00981905311346054 0.0 0.0 0.0 0.0 0.0 0.0 0.0 0.0 0.0 0.0 0.0 0.0 0.0 0.0 0.0 0.0 0.0 0.0 0.0 0.0 0.0 0.0 0.0 0.0 0.0
0.9646691679954529 0.003928349819034338 0.0041101654060184956 0.003498846897855401 0.00422306265681982 0.00456108245998621 0.0055800932459533215 0.009430471807718277 0.0 0.0 0.0 0.0 0.0 0.0 0.0 0.0 0.0 0.0 0.0 0.0 0.0 0.0 0.0 0.0 0.0 0.0 0.0 0.0 0.0 0.0 0.0 0.0
0.9637265205383301 0.004074299242347479 0.0031799711287021637 0.003170810639858246 0.003353836014866829 0.003831549547612667 0.0035450344439595938 0.005195962265133858 0.00991965550929308 0.0 0.0 0.0 0.0 0.0 0.0 0.0 0.0 0.0 0.0 0.0 0.0 0.0 0.0 0.0 0.0 0.0 0.0 0.0 0.0 0.0 0.0 0.0
0.9627402424812317 0.0036814650520682335 0.003055443987250328 0.0028331417124718428 0.002947017550468445 0.0032596213277429342 0.0030724916141480207 0.0034184034448117018 0.005480801686644554 0.009511740878224373 0.0 0.0 0.0 0.0 0.0 0.0 0.0 0.0 0.0 0.0 0.0 0.0 0.0 0.0 0.0 0.0 0.0 0.0 0.0 0.0 0.0 0.0
0.9608486294746399 0.0036311503499746323 0.003069421276450157 0.002827167045325041 0.002747221617028117 0.0027007597964257 0.002824453404173255 0.0029703029431402683 0.003488214686512947 0.005178277380764484 0.009712678380310535 0.0 0.0 0.0 0.0 0.0 0.0 0.0 0.0 0.0 0.0 0.0 0.0 0.0 0.0 0.0 0.0 0.0 0.0 0.0 0.0 0.0
0.958195149898529 0.0032749450765550137 0.0029481896199285984 0.0028198251966387033 0.0028797483537346125 0.0027278554625809193 0.00249839061871171 0.0028640939854085445 0.0028357012197375298 0.0031287719029933214 0.005918906070291996 0.009906813502311707 0.0 0.0 0.0 0.0 0.0 0.0 0.0 0.0 0.0 0.0 0.0 0.0 0.0 0.0 0.0 0.0 0.0 0.0 0.0 0.0
0.9572393894195557 0.0030374242924153805 0.0027654008008539677 0.002825614297762513 0.002869491232559085 0.0026708294171839952 0.0024789804592728615 0.0024342171382158995 0.002604783745482564 0.0027348396833986044 0.0030202388297766447 0.005915587302297354 0.009401028975844383 0.0 0.0 0.0 0.0 0.0 0.0 0.0 0.0 0.0 0.0 0.0 0.0 0.0 0.0 0.0 0.0 0.0 0.0 0.0
0.9574853181838989 0.0030148157384246588 0.002541052643209696 0.0025221502874046564 0.002624071668833494 0.00264833215624094 0.002325130393728614 0.0022932139690965414 0.002323085442185402 0.002489564474672079 0.002552172401919961 0.002815443091094494 0.005276859272271395 0.009084347635507584 0.0 0.0 0.0 0.0 0.0 0.0 0.0 0.0 0.0 0.0 0.0 0.0 0.0 0.0 0.0 0.0 0.0 0.0
0.9555433392524719 0.0029737786389887333 0.0024890198837965727 0.002329961396753788 0.0025023194029927254 0.0024991543032228947 0.0024135205894708633 0.0022899594623595476 0.002344232751056552 0.002409151988103986 0.0024404870346188545 0.002488665981218219 0.0028424684423953295 0.0051142447628080845 0.009319926612079144 0.0 0.0 0.0 0.0 0.0 0.0 0.0 0.0 0.0 0.0 0.0 0.0 0.0 0.0 0.0 0.0 0.0
0.9528758525848389 0.0030711274594068527 0.0025692672934383154 0.002409818349406123 0.0024401589762419462 0.002521130722016096 0.002434312831610441 0.002328603295609355 0.00247288029640913 0.0023056294303387403 0.002308064606040716 0.002405797364190221 0.002495263470336795 0.0027185329236090183 0.005489882081747055 0.009158097207546234 0.0 0.0 0.0 0.0 0.0 0.0 0.0 0.0 0.0 0.0 0.0 0.0 0.0 0.0 0.0 0.0
0.9518920183181763 0.0028776784893125296 0.002521809656172991 0.002380241872742772 0.002294668462127447 0.0022337259724736214 0.002272625220939517 0.0022085520904511213 0.00234286580234766 0.002235594904050231 0.0021471844520419836 0.002201825613155961 0.0022570209112018347 0.0022298917174339294 0.002821693429723382 0.005326224956661463 0.009759379550814629 0.0 0.0 0.0 0.0 0.0 0.0 0.0 0.0 0.0 0.0 0.0 0.0 0.0 0.0 0.0
0.9485959410667419 0.0028605496045202017 0.0025097851175814867 0.0024792139884084463 0.0024093652609735727 0.002324324334040284 0.002187109086662531 0.0021066288463771343 0.002319596940651536 0.002333688084036112 0.0023970750626176596 0.002262601861730218 0.002138463081791997 0.0022441346663981676 0.0025131471920758486 0.002728314371779561 0.006101994775235653 0.009488002397119999 0.0 0.0 0.0 0.0 0.0 0.0 0.0 0.0 0.0 0.0 0.0 0.0 0.0 0.0
0.9485897421836853 0.0028014350682497025 0.002272385871037841 0.0024085051845759153 0.0024388472083956003 0.0022216965444386005 0.002059024991467595 0.002041723346337676 0.00208497466519475 0.002318920101970434 0.0022731488570570946 0.002324341330677271 0.0021289042197167873 0.002126772189512849 0.002216922352090478 0.0023663167376071215 0.002768897684291005 0.005268661305308342 0.009283591993153095 0.0 0.0 0.0 0.0 0.0 0.0 0.0 0.0 0.0 0.0 0.0 0.0 0.0
0.9458372592926025 0.0028857558500021696 0.0021885731257498264 0.00225364463403821 0.002352519193664193 0.0022601992823183537 0.0021294269245117903 0.0020851579029113054 0.0022654582280665636 0.0023057861253619194 0.0022425693459808826 0.002438025549054146 0.0022646700963377953 0.00206437218002975 0.002075668890029192 0.0021150747779756784 0.002351915929466486 0.0026364701334387064 0.005455130711197853 0.009796579368412495 0.0 0.0 0.0 0.0 0.0 0.0 0.0 0.0 0.0 0.0 0.0 0.0
0.943270742893219 0.0030676559545099735 0.002376447431743145 0.002203903393819928 0.002309967065230012 0.0022940621711313725 0.002096296288073063 0.002032896736636758 0.0021921966690570116 0.003005111822858453 0.002148522064089775 0.0021693033631891012 0.002261750865727663 0.002203436102718115 0.0020888689905405045 0.0020672103855758905 0.00224312418140471 0.002285734051838517 0.0026047821156680584 0.005617866758257151 0.009458732791244984 0.0 0.0 0.0 0.0 0.0 0.0 0.0 0.0 0.0 0.0 0.0
0.942980945110321 0.002880910411477089 0.0023093675263226032 0.0021572986152023077 0.0021830310579389334 0.002128483960404992 0.0019450505496934056 0.0019991726148873568 0.0020765734370797873 0.0025826022028923035 0.002062112558633089 0.002110200934112072 0.0021583959460258484 0.0021855009254068136 0.0022187065333127975 0.0020324240904301405 0.0020537516102194786 0.002057787263765931 0.0022393150720745325 0.0025798394344747066 0.005341455340385437 0.009714929386973381 0.0 0.0 0.0 0.0 0.0 0.0 0.0 0.0 0.0 0.0
0.9413173794746399 0.002715454204007983 0.002208974678069353 0.0022377946879714727 0.002345047192648053 0.001973220845684409 0.0019201776012778282 0.0019813943654298782 0.0020397750195115805 0.0022685108706355095 0.002042136387899518 0.002360979327932 0.0021130756940692663 0.0020163527224212885 0.002259463770315051 0.0020989244803786278 0.0022233373019844294 0.001985832815989852 0.00194948585703969 0.0021900611463934183 0.002494107699021697 0.005834722425788641 0.009425955824553967 0.0 0.0 0.0 0.0 0.0 0.0 0.0 0.0 0.0
0.9402226209640503 0.002529680961742997 0.0021721285302191973 0.002280457643792033 0.0022503803484141827 0.0021489413920789957 0.0018035250250250101 0.001948594581335783 0.001969393575564027 0.002040213905274868 0.0021537223365157843 0.002128525637090206 0.001997400773689151 0.0019589969888329506 0.0021110689267516136 0.002053935546427965 0.0021347447764128447 0.0019996536429971457 0.0019701365381479263 0.0020155194215476513 0.0022364421747624874 0.002502493094652891 0.005152548663318157 0.01021603588014841 0.0 0.0 0.0 0.0 0.0 0.0 0.0 0.0
0.9370366930961609 0.0024640944320708513 0.0019998173229396343 0.002173934830352664 0.002224813913926482 0.002151427324861288 0.0019611839670687914 0.0018781711114570498 0.001985750859603286 0.0020875066984444857 0.0022459253668785095 0.0021811770275235176 0.0020861763041466475 0.0019274810329079628 0.0020921709947288036 0.0021357957739382982 0.002151510678231716 0.0019828402437269688 0.002010982483625412 0.0020200181752443314 0.0021679785568267107 0.002239953726530075 0.002486350480467081 0.006238732486963272 0.010071540251374245 0.0 0.0 0.0 0.0 0.0 0.0 0.0
0.9371031522750854 0.002360917627811432 0.0017714760033413768 0.001976798754185438 0.0022510134149342775 0.0022137248888611794 0.002176673850044608 0.0018694724421948195 0.0018919315189123154 0.002004992449656129 0.002090530702844262 0.002160637639462948 0.002104218117892742 0.002043559681624174 0.0019681041594594717 0.0020063642878085375 0.0020579076372087 0.0020042352844029665 0.002057222416624427 0.0019477492896839976 0.0019409192027524114 0.002035710262134671 0.0020881786476820707 0.002594426739960909 0.0057526808232069016 0.009529290720820427 0.0 0.0 0.0 0.0 0.0 0.0
0.9374691843986511 0.00228650844655931 0.0017633839743211865 0.0016958258347585797 0.001968684606254101 0.0020858366042375565 0.0018171662231907248 0.0017742663621902466 0.0018388895550742745 0.0018166032386943698 0.001965639414265752 0.001991663360968232 0.0020600194111466408 0.0019107256084680557 0.0021128333173692226 0.0017966297455132008 0.0019058859907090664 0.0019436096772551537 0.0018171698320657015 0.001960441470146179 0.0019108521519228816 0.0018398986430838704 0.001945309923030436 0.0022774753160774708 0.002406991785392165 0.005460824351757765 0.010173494927585125 0.0 0.0 0.0 0.0 0.0
0.9366382956504822 0.0025155155453830957 0.001770843518897891 0.0016875299625098705 0.0017065267311409116 0.0018327625002712011 0.001786043867468834 0.0018178371246904135 0.0017778173787519336 0.0017954435897991061 0.0018356062937527895 0.001897586858831346 0.0020215369295328856 0.0019308695336803794 0.001999100437387824 0.0018478354904800653 0.0018412129720672965 0.0018024302553385496 0.0018942422466352582 0.0018859398551285267 0.0019338508136570454 0.0017983379075303674 0.0018271293956786394 0.0020425065886229277 0.0020282960031181574 0.002476535039022565 0.005834525916725397 0.009777570143342018 0.0 0.0 0.0 0.0
0.9348812103271484 0.002577251987531781 0.0018624301301315427 0.0017250669188797474 0.001745011773891747 0.0017141323769465089 0.0017137721879407763 0.0016651832265779376 0.0018383917631581426 0.001995832659304142 0.0018286596750840545 0.001932712271809578 0.0019061329076066613 0.002025048015639186 0.002064124681055546 0.0019485466182231903 0.0019245849689468741 0.0017737329471856356 0.0018419288098812103 0.0019509353442117572 0.0019397579599171877 0.0018588893581181765 0.001804475556127727 0.0019489624537527561 0.0019829794764518738 0.0020147620234638453 0.002421934623271227 0.005697812419384718 0.00941389985382557 0.0 0.0 0.0
0.9334023594856262 0.002491157501935959 0.001848581712692976 0.0017341236816719174 0.001665598712861538 0.0015729647129774094 0.001863125478848815 0.0015567882219329476 0.001730610034428537 0.001879569492302835 0.0018357201479375362 0.0017307455418631434 0.0019146569538861513 0.0019112873123958707 0.0020598897244781256 0.0020293230190873146 0.0019693581853061914 0.001891821390017867 0.0018742132233455777 0.0018407877068966627 0.0018778358353301883 0.0018119144951924682 0.0017895406344905496 0.0023208907805383205 0.0019675821531563997 0.0018657868495211005 0.0019825086928904057 0.0023154420778155327 0.005498806945979595 0.00976335909217596 0.0 0.0
0.932431161403656 0.00241764890961349 0.0018653759034350514 0.0018737654900178313 0.0017557512037456036 0.0017086528241634369 0.0016170496819540858 0.0014664629707112908 0.0015360848046839237 0.0017199511639773846 0.0019202542025595903 0.0017975494265556335 0.0018477628473192453 0.0018250350840389729 0.0018810032634064555 0.002034905133768916 0.0020204829052090645 0.0020164167508482933 0.0017354435985907912 0.001733451965264976 0.0018347760196775198 0.0018125282367691398 0.0018245812971144915 0.0020798456389456987 0.0019198510563001037 0.0017328130779787898 0.0018623073119670153 0.001939057488925755 0.0023049195297062397 0.0058530052192509174 0.00962770450860262 0.0
0.9300401210784912 0.002417557407170534 0.0018623099895194173 0.0019119870848953724 0.001880098250694573 0.0020140791311860085 0.0016518213087692857 0.0014572321670129895 0.001550020999275148 0.0017027935246005654 0.0017600959399715066 0.0018236046889796853 0.0018829561304301023 0.0019603921100497246 0.0019070233684033155 0.0018465938046574593 0.0020775622688233852 0.001892261439934373 0.0018749634036794305 0.001755426754243672 0.0017551309429109097 0.0017140732379630208 0.0017975872615352273 0.002033101860433817 0.0019103821832686663 0.0018169344402849674 0.0018466729670763016 0.001796411583200097 0.0019071234855800867 0.0022569517605006695 0.005781587678939104 0.010117677040398121
