1.0 0.0 0.0 0.0 0.0 0.0 0.0 0.0 0.0 0.0 0.0 0.0 0.0 0.0 0.0 0.0 0.0 0.0 0.0 0.0 0.0 0.0 0.0 0.0 0.0 0.0 0.0 0.0 0.0 0.0 0.0 0.0
0.9414316415786743 0.058576323091983795 0.0 0.0 0.0 0.0 0.0 0.0 0.0 0.0 0.0 0.0 0.0 0.0 0.0 0.0 0.0 0.0 0.0 0.0 0.0 0.0 0.0 0.0 0.0 0.0 0.0 0.0 0.0 0.0 0.0 0.0
0.9378392100334167 0.03303462639451027 0.029122788459062576 0.0 0.0 0.0 0.0 0.0 0.0 0.0 0.0 0.0 0.0 0.0 0.0 0.0 0.0 0.0 0.0 0.0 0.0 0.0 0.0 0.0 0.0 0.0 0.0 0.0 0.0 0.0 0.0 0.0
0.9282264113426208 0.013219843618571758 0.03041735291481018 0.028136037290096283 0.0 0.0 0.0 0.0 0.0 0.0 0.0 0.0 0.0 0.0 0.0 0.0 0.0 0.0 0.0 0.0 0.0 0.0 0.0 0.0 0.0 0.0 0.0 0.0 0.0 0.0 0.0 0.0
0.9165332913398743 0.006438517477363348 0.012609647586941719 0.034143052995204926 0.030276186764240265 0.0 0.0 0.0 0.0 0.0 0.0 0.0 0.0 0.0 0.0 0.0 0.0 0.0 0.0 0.0 0.0 0.0 0.0 0.0 0.0 0.0 0.0 0.0 0.0 0.0 0.0 0.0
0.9064061045646667 0.004059609025716782 0.0066764638759195805 0.012291153892874718 0.03850617632269859 0.03205525875091553 0.0 0.0 0.0 0.0 0.0 0.0 0.0 0.0 0.0 0.0 0.0 0.0 0.0 0.0 0.0 0.0 0.0 0.0 0.0 0.0 0.0 0.0 0.0 0.0 0.0 0.0
0.8989642262458801 0.0024237928446382284 0.0036492079962044954 0.006233539432287216 0.013951283879578114 0.043379027396440506 0.031395863741636276 0.0 0.0 0.0 0.0 0.0 0.0 0.0 0.0 0.0 0.0 0.0 0.0 0.0 0.0 0.0 0.0 0.0 0.0 0.0 0.0 0.0 0.0 0.0 0.0 0.0
0.8989778161048889 0.0021639878395944834 0.0029537470545619726 0.003990760073065758 0.006888112518936396 0.014434749260544777 0.04062546044588089 0.029963649809360504 0.0 0.0 0.0 0.0 0.0 0.0 0.0 0.0 0.0 0.0 0.0 0.0 0.0 0.0 0.0 0.0 0.0 0.0 0.0 0.0 0.0 0.0 0.0 0.0
0.9021139144897461 0.0019785866606980562 0.002255910774692893 0.0024924217723309994 0.003838910488411784 0.006644390523433685 0.012599273584783077 0.03888691961765289 0.029187312349677086 0.0 0.0 0.0 0.0 0.0 0.0 0.0 0.0 0.0 0.0 0.0 0.0 0.0 0.0 0.0 0.0 0.0 0.0 0.0 0.0 0.0 0.0 0.0
0.8967542052268982 0.002731116022914648 0.003019369440153241 0.002068479545414448 0.0026183153968304396 0.0038995398208498955 0.006196152418851852 0.01249848585575819 0.04102180898189545 0.029197081923484802 0.0 0.0 0.0 0.0 0.0 0.0 0.0 0.0 0.0 0.0 0.0 0.0 0.0 0.0 0.0 0.0 0.0 0.0 0.0 0.0 0.0 0.0
0.8973924517631531 0.001439818530343473 0.0017435121117159724 0.0018284624675288796 0.0021348523441702127 0.0026878193020820618 0.0036985697224736214 0.006100411992520094 0.012562992982566357 0.04100698605179787 0.02940245531499386 0.0 0.0 0.0 0.0 0.0 0.0 0.0 0.0 0.0 0.0 0.0 0.0 0.0 0.0 0.0 0.0 0.0 0.0 0.0 0.0 0.0
0.8963032364845276 0.0013218766544014215 0.0016113281017169356 0.0017731906846165657 0.0020622536540031433 0.002243760274723172 0.0026057919021695852 0.0038293658290058374 0.006016253959387541 0.012298948131501675 0.041277363896369934 0.028658773750066757 0.0 0.0 0.0 0.0 0.0 0.0 0.0 0.0 0.0 0.0 0.0 0.0 0.0 0.0 0.0 0.0 0.0 0.0 0.0 0.0
0.8847277760505676 0.001342794275842607 0.0014347038231790066 0.001581938355229795 0.0020080190151929855 0.0020723689813166857 0.002234160667285323 0.002785868477076292 0.003932849038392305 0.005988709162920713 0.01476608868688345 0.04695799946784973 0.030162688344717026 0.0 0.0 0.0 0.0 0.0 0.0 0.0 0.0 0.0 0.0 0.0 0.0 0.0 0.0 0.0 0.0 0.0 0.0 0.0
0.8894785642623901 0.001305797602981329 0.0013116144109517336 0.001312218839302659 0.0016293153166770935 0.0017352285794913769 0.001915000262670219 0.0021543335169553757 0.0026937476359307766 0.003646098542958498 0.006160436663776636 0.012790313921868801 0.04573953524231911 0.028126008808612823 0.0 0.0 0.0 0.0 0.0 0.0 0.0 0.0 0.0 0.0 0.0 0.0 0.0 0.0 0.0 0.0 0.0 0.0
0.8896156549453735 0.001269170199520886 0.0013286663452163339 0.0012440878199413419 0.001342562842182815 0.001491494826041162 0.0017609740607440472 0.0018338082591071725 0.0021286795381456614 0.002544202608987689 0.0035811495035886765 0.006029894109815359 0.013118917122483253 0.04437059164047241 0.028336448594927788 0.0 0.0 0.0 0.0 0.0 0.0 0.0 0.0 0.0 0.0 0.0 0.0 0.0 0.0 0.0 0.0 0.0
0.8930896520614624 0.0011021250393241644 0.0012427422916516662 0.001188825466670096 0.0012379069812595844 0.0012859123526141047 0.0013917417963966727 0.001606777193956077 0.0018170314142480493 0.0020301241893321276 0.002590398071333766 0.0035115357022732496 0.006273586302995682 0.012618880718946457 0.041824351996183395 0.02718588151037693 0.0 0.0 0.0 0.0 0.0 0.0 0.0 0.0 0.0 0.0 0.0 0.0 0.0 0.0 0.0 0.0
0.8885846734046936 0.0008913606870919466 0.001077778753824532 0.0011501529952511191 0.0012175404699519277 0.0012007619952782989 0.0011978907277807593 0.0013254117220640182 0.0015743676340207458 0.0017306458903476596 0.002045177621766925 0.0024307093117386103 0.00354740209877491 0.005786526016891003 0.012191957794129848 0.04659639298915863 0.027451328933238983 0.0 0.0 0.0 0.0 0.0 0.0 0.0 0.0 0.0 0.0 0.0 0.0 0.0 0.0 0.0
0.890458881855011 0.0007718428387306631 0.0008860989473760128 0.001030081300996244 0.001170446164906025 0.0012271057348698378 0.001183403073810041 0.0012020416324958205 0.0013232645578682423 0.0014722357736900449 0.002076912671327591 0.0019064320949837565 0.0024542729370296 0.0037362927105277777 0.005725722294300795 0.012141821905970573 0.04459870979189873 0.02663257159292698 0.0 0.0 0.0 0.0 0.0 0.0 0.0 0.0 0.0 0.0 0.0 0.0 0.0 0.0
0.8811727166175842 0.0007591507746838033 0.0007823191699571908 0.0008700300240889192 0.0010386006906628609 0.0012103508925065398 0.0012307742144912481 0.0011541151907294989 0.001223360886797309 0.0013615096686407924 0.0019305291352793574 0.0017464584670960903 0.0019967972766608 0.0025589335709810257 0.0038236798718571663 0.005771071650087833 0.012834299355745316 0.05025620013475418 0.02827741950750351 0.0 0.0 0.0 0.0 0.0 0.0 0.0 0.0 0.0 0.0 0.0 0.0 0.0
0.8895661234855652 0.0008438148070126772 0.0007367193466052413 0.0007822808693163097 0.0009384953300468624 0.0010964032262563705 0.0012116371653974056 0.0011412944877520204 0.0011821903754025698 0.0012083589099347591 0.0013982277596369386 0.001503415871411562 0.0018086445052176714 0.0019106147810816765 0.0024561481550335884 0.0034636766649782658 0.005920530296862125 0.013584565371274948 0.04197398200631142 0.027282578870654106 0.0 0.0 0.0 0.0 0.0 0.0 0.0 0.0 0.0 0.0 0.0 0.0
0.8909060955047607 0.0008599003194831312 0.0007788662915118039 0.0007627406739629805 0.0008091164054349065 0.0009345637517981231 0.0010346461785957217 0.001095762592740357 0.0011369488202035427 0.0011182016460224986 0.0011848820140585303 0.001325155608355999 0.00157184770796448 0.0017313313437625766 0.00197504460811615 0.002327205613255501 0.003412409219890833 0.005716890562325716 0.012248173356056213 0.042334023863077164 0.02673976495862007 0.0 0.0 0.0 0.0 0.0 0.0 0.0 0.0 0.0 0.0 0.0
0.8900454044342041 0.0008169077336788177 0.000844101479742676 0.0008008888689801097 0.0007859220495447516 0.0008231663960032165 0.0008934894576668739 0.001007083454169333 0.001099421875551343 0.0011270641116425395 0.0015363652491942048 0.0011984928278252482 0.0014030016027390957 0.0016434071585536003 0.002130168257281184 0.0019305710447952151 0.0025488948449492455 0.003497718833386898 0.005800716113299131 0.012516043148934841 0.04134363681077957 0.026210786774754524 0.0 0.0 0.0 0.0 0.0 0.0 0.0 0.0 0.0 0.0
0.8914157748222351 0.0007328825304284692 0.0008269800455309451 0.0008473681518808007 0.0008246309007517993 0.0008076422964222729 0.0008282886701636016 0.0008837845525704324 0.0010173441842198372 0.001062269788235426 0.0011018447112292051 0.0010932952864095569 0.0011663762852549553 0.0013224678114056587 0.0015898048877716064 0.001665086718276143 0.00193010363727808 0.0022407693322747946 0.0033340624067932367 0.005693790968507528 0.012071706354618073 0.04143480956554413 0.026112686842679977 0.0 0.0 0.0 0.0 0.0 0.0 0.0 0.0 0.0
0.8895652294158936 0.0006439003627747297 0.0007440728950314224 0.0008246481884270906 0.0008798349881544709 0.0008612310630269349 0.0008085655863396823 0.0007804104825481772 0.0008956070523709059 0.0009783734567463398 0.0010719391284510493 0.0010543883545324206 0.0010794498957693577 0.0011484730057418346 0.0013598593650385737 0.0014425930567085743 0.0016835329588502645 0.001828994252718985 0.002385101281106472 0.0033033527433872223 0.005574665032327175 0.012231938540935516 0.04251176118850708 0.026346459984779358 0.0 0.0 0.0 0.0 0.0 0.0 0.0 0.0
0.8812106847763062 0.0006201674113981426 0.0006623751251026988 0.0007477268809452653 0.0008319389307871461 0.0008845513220876455 0.0008898940868675709 0.0007662013522349298 0.0007700295536778867 0.0008545878808945417 0.0009481269516982138 0.001016970374621451 0.0010812608525156975 0.0010661161504685879 0.0011409517610445619 0.001257873373106122 0.001450339681468904 0.0015771717298775911 0.0019290974596515298 0.002348403912037611 0.0033260888885706663 0.005706968251615763 0.012430405244231224 0.04996227100491524 0.026515334844589233 0.0 0.0 0.0 0.0 0.0 0.0 0.0
0.8875128030776978 0.0006568976677954197 0.0006154412985779345 0.0006822320865467191 0.0007900847704149783 0.0008697231533005834 0.0009142505005002022 0.0007957693305797875 0.0008198174182325602 0.0007721715955995023 0.0009191192802973092 0.0009271265007555485 0.0010146433487534523 0.001046544872224331 0.0011769328266382217 0.001125637092627585 0.0013131515588611364 0.0014396648621186614 0.001855472568422556 0.0019193615298718214 0.0022871794644743204 0.003432830097153783 0.005930842831730843 0.012430323287844658 0.041644252836704254 0.02710876055061817 0.0 0.0 0.0 0.0 0.0 0.0
0.8879930377006531 0.0008722282946109772 0.0006665003020316362 0.0006852576625533402 0.000728545302990824 0.0008241108735091984 0.0008819834911264479 0.000830944103654474 0.000843388494104147 0.0007575737545266747 0.0007761078304611146 0.0008809876162558794 0.0009595037554390728 0.0010688643669709563 0.0010767981875687838 0.0010629332391545177 0.0011082855053246021 0.0012068190844729543 0.0015695717884227633 0.0018044846365228295 0.0017950152978301048 0.002307757968083024 0.0034700154792517424 0.005718880333006382 0.012681448832154274 0.041635386645793915 0.02579144947230816 0.0 0.0 0.0 0.0 0.0
0.8896043300628662 0.0007516490295529366 0.000693133391905576 0.0006712954491376877 0.0006586488452740014 0.0007150141173042357 0.0008634012192487717 0.0007950281724333763 0.0007984093972481787 0.0007686659810133278 0.0007372494437731802 0.0007469684351235628 0.0008364089298993349 0.0009219080675393343 0.0010351012460887432 0.0010140499798581004 0.0010559469228610396 0.0010662267450243235 0.0012856563553214073 0.0015644552186131477 0.001594391418620944 0.0018104076152667403 0.0023219066206365824 0.0033698249608278275 0.00564922858029604 0.012543621473014355 0.04110578075051308 0.025024734437465668 0.0 0.0 0.0 0.0
0.8886021971702576 0.0006988173117861152 0.0007401540060527623 0.0007185902213677764 0.0006939223385415971 0.000682472309563309 0.0007101490045897663 0.0007280314457602799 0.0007616412476636469 0.0007661759736947715 0.0007636576192453504 0.000711724569555372 0.000729584542568773 0.0008164349128492177 0.0009849952766671777 0.000969353539403528 0.0010094220051541924 0.0009904217440634966 0.00112040969543159 0.0012508834479376674 0.001391292316839099 0.0016318500274792314 0.0018358328379690647 0.00226145563647151 0.003347742138430476 0.005798722617328167 0.01219438947737217 0.04133978113532066 0.025750476866960526 0.0 0.0 0.0
0.8762900829315186 0.0006324372952803969 0.0007253409712575376 0.0007536240736953914 0.0007356070564128458 0.0007157622021622956 0.000699568830896169 0.0006470261723734438 0.0006903628236614168 0.0007446546223945916 0.0007749767974019051 0.0007582313264720142 0.0007285167230293155 0.0007211898919194937 0.0008354982710443437 0.000882837746758014 0.000937072851229459 0.0009825980523601174 0.0010208883322775364 0.0011231331154704094 0.0012166235828772187 0.0014144864398986101 0.0016039102338254452 0.0018059577560052276 0.0022694498766213655 0.0034289760515093803 0.005928316619247198 0.012230909429490566 0.05107387155294418 0.02763018012046814 0.0 0.0
0.8829630613327026 0.0006055986159481108 0.0006730833556503057 0.0007638126844540238 0.0007855551084503531 0.0007780029554851353 0.0007116177584975958 0.0006252884049899876 0.0006467599887400866 0.0006944782799109817 0.0009197915205731988 0.0007687357137911022 0.0007742123561911285 0.0007462992216460407 0.0008388598798774183 0.0008248997037298977 0.0009501769091002643 0.0009229214629158378 0.001047451514750719 0.0010458034230396152 0.0010991807794198394 0.0014062778791412711 0.0021148205269128084 0.0017171934014186263 0.0018358818488195539 0.0024859656114131212 0.0035632129292935133 0.0058309342712163925 0.013907762244343758 0.041650284081697464 0.02630007080733776 0.0
0.8772038221359253 0.0005974782397970557 0.0006180739146657288 0.0006893440149724483 0.0007580341771245003 0.0008017263025976717 0.0007405812502838671 0.0006503239274024963 0.0006292732432484627 0.0006254225154407322 0.0006813394138589501 0.0007355940761044621 0.0007755790138617158 0.0007661762065254152 0.0007365801720879972 0.0007273891242220998 0.0007759795989841223 0.0008405607077293098 0.0009521450265310705 0.0010033199796453118 0.0010041859932243824 0.0010824860073626041 0.0013113191816955805 0.0014600566355511546 0.0016631605103611946 0.0019427664810791612 0.0023804937954992056 0.00348576414398849 0.005863158963620663 0.012898525223135948 0.05027884244918823 0.02532070130109787
