1.0 0.0 0.0 0.0 0.0 0.0 0.0 0.0 0.0 0.0 0.0 0.0 0.0 0.0 0.0 0.0 0.0 0.0 0.0 0.0 0.0 0.0 0.0 0.0 0.0 0.0 0.0 0.0 0.0 0.0 0.0 0.0
0.9844249486923218 0.015550262294709682 0.0 0.0 0.0 0.0 0.0 0.0 0.0 0.0 0.0 0.0 0.0 0.0 0.0 0.0 0.0 0.0 0.0 0.0 0.0 0.0 0.0 0.0 0.0 0.0 0.0 0.0 0.0 0.0 0.0 0.0
0.9675858616828918 0.0266835018992424 0.0057287802919745445 0.0 0.0 0.0 0.0 0.0 0.0 0.0 0.0 0.0 0.0 0.0 0.0 0.0 0.0 0.0 0.0 0.0 0.0 0.0 0.0 0.0 0.0 0.0 0.0 0.0 0.0 0.0 0.0 0.0
0.9433870911598206 0.030300943180918694 0.020325347781181335 0.005990962497889996 0.0 0.0 0.0 0.0 0.0 0.0 0.0 0.0 0.0 0.0 0.0 0.0 0.0 0.0 0.0 0.0 0.0 0.0 0.0 0.0 0.0 0.0 0.0 0.0 0.0 0.0 0.0 0.0
0.9164246916770935 0.029452722519636154 0.028892410919070244 0.01904904656112194 0.006179960910230875 0.0 0.0 0.0 0.0 0.0 0.0 0.0 0.0 0.0 0.0 0.0 0.0 0.0 0.0 0.0 0.0 0.0 0.0 0.0 0.0 0.0 0.0 0.0 0.0 0.0 0.0 0.0
0.8926709890365601 0.02712399885058403 0.02991599775850773 0.026639463379979134 0.01763697899878025 0.006009833887219429 0.0 0.0 0.0 0.0 0.0 0.0 0.0 0.0 0.0 0.0 0.0 0.0 0.0 0.0 0.0 0.0 0.0 0.0 0.0 0.0 0.0 0.0 0.0 0.0 0.0 0.0
0.8681946992874146 0.025874823331832886 0.029251910746097565 0.029462028294801712 0.024948887526988983 0.01664670556783676 0.005627732258290052 0.0 0.0 0.0 0.0 0.0 0.0 0.0 0.0 0.0 0.0 0.0 0.0 0.0 0.0 0.0 0.0 0.0 0.0 0.0 0.0 0.0 0.0 0.0 0.0 0.0
0.847501814365387 0.024213586002588272 0.027474764734506607 0.02880645915865898 0.027829596772789955 0.0236904788762331 0.01526167243719101 0.005221728701144457 0.0 0.0 0.0 0.0 0.0 0.0 0.0 0.0 0.0 0.0 0.0 0.0 0.0 0.0 0.0 0.0 0.0 0.0 0.0 0.0 0.0 0.0 0.0 0.0
0.8350626230239868 0.022702176123857498 0.02534342184662819 0.02610439620912075 0.02577262744307518 0.02513701282441616 0.020780708640813828 0.014052806422114372 0.0050370218232274055 0.0 0.0 0.0 0.0 0.0 0.0 0.0 0.0 0.0 0.0 0.0 0.0 0.0 0.0 0.0 0.0 0.0 0.0 0.0 0.0 0.0 0.0 0.0
0.8201404213905334 0.021200574934482574 0.02435402013361454 0.02428143471479416 0.02394004911184311 0.024342838674783707 0.023027963936328888 0.02012600190937519 0.013483865186572075 0.005099502857774496 0.0 0.0 0.0 0.0 0.0 0.0 0.0 0.0 0.0 0.0 0.0 0.0 0.0 0.0 0.0 0.0 0.0 0.0 0.0 0.0 0.0 0.0
0.8069472908973694 0.020275743678212166 0.023692553862929344 0.023596612736582756 0.022417612373828888 0.02267543412744999 0.02234276756644249 0.022093502804636955 0.018419399857521057 0.012798645533621311 0.004738390911370516 0.0 0.0 0.0 0.0 0.0 0.0 0.0 0.0 0.0 0.0 0.0 0.0 0.0 0.0 0.0 0.0 0.0 0.0 0.0 0.0 0.0
0.7927243709564209 0.019294997677206993 0.023115921765565872 0.02354336343705654 0.022052673622965813 0.021148448809981346 0.020783009007573128 0.022120708599686623 0.020709989592432976 0.017783883959054947 0.012150568887591362 0.0045690592378377914 0.0 0.0 0.0 0.0 0.0 0.0 0.0 0.0 0.0 0.0 0.0 0.0 0.0 0.0 0.0 0.0 0.0 0.0 0.0 0.0
0.7772999405860901 0.018780583515763283 0.02209428884088993 0.022972097620368004 0.022118262946605682 0.02055399864912033 0.019863780587911606 0.0206854660063982 0.02109704166650772 0.02091374434530735 0.01708865910768509 0.011805057525634766 0.004727178253233433 0.0 0.0 0.0 0.0 0.0 0.0 0.0 0.0 0.0 0.0 0.0 0.0 0.0 0.0 0.0 0.0 0.0 0.0 0.0
0.7678817510604858 0.017078399658203125 0.020287519320845604 0.021713705733418465 0.021231070160865784 0.020271550863981247 0.01921745575964451 0.019808057695627213 0.0209769569337368 0.020302992314100266 0.019180305302143097 0.016590192914009094 0.01111962366849184 0.004335805308073759 0.0 0.0 0.0 0.0 0.0 0.0 0.0 0.0 0.0 0.0 0.0 0.0 0.0 0.0 0.0 0.0 0.0 0.0
0.760023832321167 0.016363034024834633 0.019224068149924278 0.02012399025261402 0.019963933154940605 0.0194031223654747 0.018856212496757507 0.01933909021317959 0.018873343244194984 0.01900937780737877 0.019267087802290916 0.01896754465997219 0.015565179288387299 0.010755411349236965 0.004265196621417999 0.0 0.0 0.0 0.0 0.0 0.0 0.0 0.0 0.0 0.0 0.0 0.0 0.0 0.0 0.0 0.0 0.0
0.7458631992340088 0.015473652631044388 0.01868635229766369 0.019778409972786903 0.01903064176440239 0.01904939115047455 0.019240746274590492 0.01899351179599762 0.018338995054364204 0.01832207851111889 0.018822312355041504 0.01944448985159397 0.018384119495749474 0.01576956920325756 0.010601590387523174 0.004198688082396984 0.0 0.0 0.0 0.0 0.0 0.0 0.0 0.0 0.0 0.0 0.0 0.0 0.0 0.0 0.0 0.0
0.7381274700164795 0.014898090623319149 0.017717160284519196 0.01844346709549427 0.0179440975189209 0.017876576632261276 0.017926029860973358 0.018780207261443138 0.01851174607872963 0.018173908814787865 0.017476238310337067 0.018247613683342934 0.01849748194217682 0.01773761585354805 0.015079745091497898 0.010417645797133446 0.004147706553339958 0.0 0.0 0.0 0.0 0.0 0.0 0.0 0.0 0.0 0.0 0.0 0.0 0.0 0.0 0.0
0.725913405418396 0.014442232437431812 0.016731934621930122 0.018042897805571556 0.017591923475265503 0.01695210300385952 0.017214523628354073 0.01793706975877285 0.01824098639190197 0.01781952753663063 0.017160188406705856 0.018066531047225 0.017982516437768936 0.019068025052547455 0.01743052341043949 0.0150332385674119 0.010314960964024067 0.004060397390276194 0.0 0.0 0.0 0.0 0.0 0.0 0.0 0.0 0.0 0.0 0.0 0.0 0.0 0.0
0.7225033640861511 0.0140838036313653 0.015755485743284225 0.01699400506913662 0.016967231407761574 0.016439707949757576 0.015912527218461037 0.01663929782807827 0.017471138387918472 0.017378443852066994 0.01688240095973015 0.017245490103960037 0.016872193664312363 0.01746734045445919 0.0174571443349123 0.016587864607572556 0.013956902548670769 0.009521130472421646 0.0038651905488222837 0.0 0.0 0.0 0.0 0.0 0.0 0.0 0.0 0.0 0.0 0.0 0.0 0.0
0.7130455374717712 0.01426971610635519 0.015326855704188347 0.016437742859125137 0.016479089856147766 0.015992330387234688 0.015608689747750759 0.016039613634347916 0.01592387445271015 0.0168774351477623 0.017069101333618164 0.01712493970990181 0.016548145562410355 0.016541561111807823 0.016758056357502937 0.016896482557058334 0.016010627150535583 0.01352537889033556 0.009563586674630642 0.003961013630032539 0.0 0.0 0.0 0.0 0.0 0.0 0.0 0.0 0.0 0.0 0.0 0.0
0.7023136019706726 0.014149434864521027 0.015049215406179428 0.015723370015621185 0.015681203454732895 0.015499475412070751 0.015228739939630032 0.01567012630403042 0.015861907973885536 0.01601244881749153 0.016425125300884247 0.016794750466942787 0.016462750732898712 0.016835402697324753 0.01643633469939232 0.01652086339890957 0.016551345586776733 0.015663696452975273 0.013842664659023285 0.009454632177948952 0.0038234370294958353 0.0 0.0 0.0 0.0 0.0 0.0 0.0 0.0 0.0 0.0 0.0
0.6932312250137329 0.013461886905133724 0.01513736043125391 0.015504301525652409 0.014927887357771397 0.015074309892952442 0.014778356067836285 0.015418676659464836 0.015631236135959625 0.01531511452049017 0.01563267782330513 0.01634550280869007 0.016470743343234062 0.017206408083438873 0.016259294003248215 0.016103452071547508 0.016051175072789192 0.01625746674835682 0.015516347251832485 0.013039893470704556 0.008955854922533035 0.003679894842207432 0.0 0.0 0.0 0.0 0.0 0.0 0.0 0.0 0.0 0.0
0.6862622499465942 0.012642143294215202 0.01511136069893837 0.015933310613036156 0.015036109834909439 0.014627319760620594 0.01421442348510027 0.014568954706192017 0.014759472571313381 0.014922715723514557 0.015219258144497871 0.01578127220273018 0.016146402806043625 0.01608225144445896 0.015950338914990425 0.01580122299492359 0.015510463155806065 0.01596631482243538 0.015867851674556732 0.014739406295120716 0.01250119786709547 0.008718050085008144 0.0036415935028344393 0.0 0.0 0.0 0.0 0.0 0.0 0.0 0.0 0.0
0.6796004772186279 0.012034575454890728 0.014456183649599552 0.015522880479693413 0.014928548596799374 0.014249391853809357 0.013770027086138725 0.014015816152095795 0.01452711783349514 0.0146361468359828 0.014699144288897514 0.015048887580633163 0.01518305204808712 0.015779001638293266 0.016129063442349434 0.015752803534269333 0.01518264226615429 0.015178191475570202 0.015213124454021454 0.015270215459167957 0.014310408383607864 0.012210234999656677 0.008612049743533134 0.0036890683695673943 0.0 0.0 0.0 0.0 0.0 0.0 0.0 0.0
0.6694931387901306 0.012520820833742619 0.014017801731824875 0.015263553708791733 0.014915156178176403 0.014366517774760723 0.013502600602805614 0.013663356192409992 0.014206654392182827 0.014281932264566422 0.014424802735447884 0.014791022054851055 0.014283253811299801 0.016182851046323776 0.016279902309179306 0.015505067072808743 0.015163764357566833 0.014903809875249863 0.014880780130624771 0.014881465584039688 0.014717655256390572 0.013835898600518703 0.011849519796669483 0.008493179455399513 0.0035749999806284904 0.0 0.0 0.0 0.0 0.0 0.0 0.0
0.6615367531776428 0.012526541016995907 0.013449789956212044 0.014433709904551506 0.014690698124468327 0.01433595921844244 0.013664552941918373 0.013536002486944199 0.01363646425306797 0.01395329274237156 0.014307471923530102 0.014650724828243256 0.01431628130376339 0.015184076502919197 0.015115036629140377 0.015247331000864506 0.015168351121246815 0.014869608916342258 0.01475499663501978 0.014414357952773571 0.01441705971956253 0.014242156408727169 0.013510080054402351 0.011783965863287449 0.00862080417573452 0.003627666737884283 0.0 0.0 0.0 0.0 0.0 0.0
0.6596695184707642 0.012153520248830318 0.012992407195270061 0.013338590040802956 0.013732473365962505 0.013680834323167801 0.013630731962621212 0.013395431451499462 0.013383515179157257 0.013625383377075195 0.013674898073077202 0.014009300619363785 0.014049048535525799 0.014065342955291271 0.014310501515865326 0.014387046918272972 0.01477084681391716 0.014691086485981941 0.014605767093598843 0.014137817546725273 0.013749035075306892 0.01392417773604393 0.013847552239894867 0.013101588003337383 0.011469117365777493 0.00812210887670517 0.0034821813460439444 0.0 0.0 0.0 0.0 0.0
0.6498191356658936 0.011566788889467716 0.01304917223751545 0.013387874700129032 0.013086267746984959 0.013029253110289574 0.01324955653399229 0.013654839247465134 0.01358411181718111 0.013279365375638008 0.013197200372815132 0.01373770460486412 0.013912228867411613 0.0140093844383955 0.013906773179769516 0.01402832381427288 0.014324852265417576 0.014606684446334839 0.0151600893586874 0.014317512512207031 0.013823961839079857 0.013497430831193924 0.013653160072863102 0.013690857216715813 0.013067839667201042 0.011817250400781631 0.0080552464351058 0.0034897595178335905 0.0 0.0 0.0 0.0
0.6446725130081177 0.010934248566627502 0.012896033003926277 0.01314312219619751 0.012750734575092793 0.01256007794290781 0.01263551414012909 0.012905473820865154 0.013318204320967197 0.013394431211054325 0.013231015764176846 0.013312541879713535 0.013512593694031239 0.014009200036525726 0.013894530013203621 0.013845655135810375 0.013836110010743141 0.013882150873541832 0.014745949767529964 0.014227875508368015 0.01393081434071064 0.013399447314441204 0.013221199624240398 0.013309486210346222 0.01344338245689869 0.012741767801344395 0.010931489989161491 0.007854565978050232 0.003460238454863429 0.0 0.0 0.0
0.6395079493522644 0.010142995044589043 0.0123127531260252 0.013203374110162258 0.01264137402176857 0.012214113026857376 0.012089194729924202 0.012564849108457565 0.013253826647996902 0.013269592076539993 0.01318364404141903 0.013291477225720882 0.013088717125356197 0.013550419360399246 0.013371909037232399 0.01352779846638441 0.013329784385859966 0.013521969318389893 0.01394498161971569 0.014064325951039791 0.013505643233656883 0.013431391678750515 0.013167527504265308 0.013104377314448357 0.013376113027334213 0.013254271820187569 0.012265097349882126 0.010727654211223125 0.00765357306227088 0.0034385507460683584 0.0 0.0
0.6355971693992615 0.009797909297049046 0.01146017201244831 0.012724047526717186 0.012513118796050549 0.011994654312729836 0.011633897200226784 0.012130025774240494 0.01261038240045309 0.012988796457648277 0.01288279052823782 0.01318951603025198 0.012981382198631763 0.013077561743557453 0.012974240817129612 0.013249488547444344 0.013020778074860573 0.013158242218196392 0.013283948414027691 0.013586976565420628 0.013214063830673695 0.01318767387419939 0.013179396279156208 0.012890398502349854 0.012725474312901497 0.013147631660103798 0.012808316387236118 0.0122109679505229 0.010672219097614288 0.007706162985414267 0.0034071023110300303 0.0
0.6274579763412476 0.009959345683455467 0.010880818590521812 0.012055736035108566 0.012363748624920845 0.012545999139547348 0.011749944649636745 0.012011180631816387 0.012353109195828438 0.012919704429805279 0.012784797698259354 0.013138653710484505 0.013084867037832737 0.012874959036707878 0.012896510772407055 0.012931843288242817 0.013004647567868233 0.012917830608785152 0.013298970647156239 0.013051949441432953 0.012820779345929623 0.013072832487523556 0.013109074905514717 0.01296944823116064 0.01275936421006918 0.012560934759676456 0.012643328867852688 0.012665954418480396 0.011975745670497417 0.010278900153934956 0.007488738279789686 0.0033707006368786097
