1.0 0.0 0.0 0.0 0.0 0.0 0.0 0.0 0.0 0.0 0.0 0.0 0.0 0.0 0.0 0.0 0.0 0.0 0.0 0.0 0.0 0.0 0.0 0.0 0.0 0.0 0.0 0.0 0.0 0.0 0.0 0.0
0.9872384667396545 0.012759704142808914 0.0 0.0 0.0 0.0 0.0 0.0 0.0 0.0 0.0 0.0 0.0 0.0 0.0 0.0 0.0 0.0 0.0 0.0 0.0 0.0 0.0 0.0 0.0 0.0 0.0 0.0 0.0 0.0 0.0 0.0
0.9717680215835571 0.014326502569019794 0.013908138498663902 0.0 0.0 0.0 0.0 0.0 0.0 0.0 0.0 0.0 0.0 0.0 0.0 0.0 0.0 0.0 0.0 0.0 0.0 0.0 0.0 0.0 0.0 0.0 0.0 0.0 0.0 0.0 0.0 0.0
0.95660400390625 0.014466622844338417 0.016435369849205017 0.012494371272623539 0.0 0.0 0.0 0.0 0.0 0.0 0.0 0.0 0.0 0.0 0.0 0.0 0.0 0.0 0.0 0.0 0.0 0.0 0.0 0.0 0.0 0.0 0.0 0.0 0.0 0.0 0.0 0.0
0.9467633962631226 0.012238690629601479 0.015134335495531559 0.013814077712595463 0.01205136626958847 0.0 0.0 0.0 0.0 0.0 0.0 0.0 0.0 0.0 0.0 0.0 0.0 0.0 0.0 0.0 0.0 0.0 0.0 0.0 0.0 0.0 0.0 0.0 0.0 0.0 0.0 0.0
0.9383676052093506 0.010717189870774746 0.012828472070395947 0.013244965113699436 0.013067281804978848 0.011778553016483784 0.0 0.0 0.0 0.0 0.0 0.0 0.0 0.0 0.0 0.0 0.0 0.0 0.0 0.0 0.0 0.0 0.0 0.0 0.0 0.0 0.0 0.0 0.0 0.0 0.0 0.0
0.932211697101593 0.009627996943891048 0.011254667304456234 0.01143284048885107 0.012452291324734688 0.012254761531949043 0.010763735510408878 0.0 0.0 0.0 0.0 0.0 0.0 0.0 0.0 0.0 0.0 0.0 0.0 0.0 0.0 0.0 0.0 0.0 0.0 0.0 0.0 0.0 0.0 0.0 0.0 0.0
0.9249324202537537 0.009335380047559738 0.010509349405765533 0.010101575404405594 0.011019812896847725 0.012214680202305317 0.011507207527756691 0.01038264948874712 0.0 0.0 0.0 0.0 0.0 0.0 0.0 0.0 0.0 0.0 0.0 0.0 0.0 0.0 0.0 0.0 0.0 0.0 0.0 0.0 0.0 0.0 0.0 0.0
0.9183681011199951 0.008978843688964844 0.009843898937106133 0.009368302300572395 0.009715469554066658 0.01080324873328209 0.011380304582417011 0.011014881543815136 0.010532841086387634 0.0 0.0 0.0 0.0 0.0 0.0 0.0 0.0 0.0 0.0 0.0 0.0 0.0 0.0 0.0 0.0 0.0 0.0 0.0 0.0 0.0 0.0 0.0
0.9113258719444275 0.008821380324661732 0.00988130271434784 0.009082606993615627 0.008912798017263412 0.009850464761257172 0.010092317126691341 0.011040722019970417 0.011009796522557735 0.009989883750677109 0.0 0.0 0.0 0.0 0.0 0.0 0.0 0.0 0.0 0.0 0.0 0.0 0.0 0.0 0.0 0.0 0.0 0.0 0.0 0.0 0.0 0.0
0.9052095413208008 0.00849212147295475 0.009894674643874168 0.008960438892245293 0.00869122613221407 0.008843584917485714 0.009077607654035091 0.009728875942528248 0.010652006603777409 0.01046163309365511 0.009989218786358833 0.0 0.0 0.0 0.0 0.0 0.0 0.0 0.0 0.0 0.0 0.0 0.0 0.0 0.0 0.0 0.0 0.0 0.0 0.0 0.0 0.0
0.9006604552268982 0.007741906214505434 0.00919883418828249 0.008760010823607445 0.008489612489938736 0.008504102006554604 0.008259455673396587 0.00878036767244339 0.009526670910418034 0.010330666787922382 0.010185804218053818 0.009563210420310497 0.0 0.0 0.0 0.0 0.0 0.0 0.0 0.0 0.0 0.0 0.0 0.0 0.0 0.0 0.0 0.0 0.0 0.0 0.0 0.0
0.8964621424674988 0.007302617188543081 0.008638705126941204 0.008205748163163662 0.008368008770048618 0.008418126963078976 0.008047190494835377 0.008109580725431442 0.00865614041686058 0.009223775006830692 0.009840725921094418 0.0097558768466115 0.008967209607362747 0.0 0.0 0.0 0.0 0.0 0.0 0.0 0.0 0.0 0.0 0.0 0.0 0.0 0.0 0.0 0.0 0.0 0.0 0.0
0.8905982375144958 0.007251252885907888 0.008269709534943104 0.007814683020114899 0.008139914833009243 0.00857502780854702 0.00803866796195507 0.00794159434735775 0.007989172823727131 0.008441824465990067 0.009114941582083702 0.009585545398294926 0.009233537130057812 0.009006530977785587 0.0 0.0 0.0 0.0 0.0 0.0 0.0 0.0 0.0 0.0 0.0 0.0 0.0 0.0 0.0 0.0 0.0 0.0
0.886111319065094 0.007052374538034201 0.008069229312241077 0.007501938845962286 0.007756514009088278 0.008164350874722004 0.007965072058141232 0.007863098755478859 0.007822617888450623 0.007788314018398523 0.008233250118792057 0.008732500486075878 0.008928107097744942 0.009136859327554703 0.008878262713551521 0.0 0.0 0.0 0.0 0.0 0.0 0.0 0.0 0.0 0.0 0.0 0.0 0.0 0.0 0.0 0.0 0.0
0.8823453187942505 0.006852033082395792 0.008026592433452606 0.007260461337864399 0.007387849036604166 0.007791168987751007 0.007611122913658619 0.00798727199435234 0.00765635771676898 0.007418985944241285 0.0076195476576685905 0.007798696402460337 0.008067958056926727 0.008981396444141865 0.008735311217606068 0.008462699130177498 0.0 0.0 0.0 0.0 0.0 0.0 0.0 0.0 0.0 0.0 0.0 0.0 0.0 0.0 0.0 0.0
0.8786633610725403 0.006498370319604874 0.00787627138197422 0.007215316407382488 0.007253141608089209 0.007361467462033033 0.007237431593239307 0.007531610783189535 0.0075898985378444195 0.007277248427271843 0.007245260756462812 0.007223496213555336 0.007284308783710003 0.00811100285500288 0.008711430244147778 0.008516756817698479 0.008403979241847992 0.0 0.0 0.0 0.0 0.0 0.0 0.0 0.0 0.0 0.0 0.0 0.0 0.0 0.0 0.0
0.8756921887397766 0.006232091225683689 0.007598020602017641 0.007102663163095713 0.007365971803665161 0.007198921870440245 0.0068544442765414715 0.007017448544502258 0.007310624700039625 0.007274349220097065 0.007172983605414629 0.0069600967690348625 0.006827204953879118 0.007092958781868219 0.007718892768025398 0.008314189501106739 0.008189981803297997 0.008076051250100136 0.0 0.0 0.0 0.0 0.0 0.0 0.0 0.0 0.0 0.0 0.0 0.0 0.0 0.0
0.871422529220581 0.006115342490375042 0.007440260145813227 0.006920602172613144 0.007081193383783102 0.007137119770050049 0.006883551832288504 0.006791939493268728 0.007004977203905582 0.00703294575214386 0.00714444275945425 0.006998294498771429 0.0065899197943508625 0.006670476868748665 0.00707987742498517 0.007572232745587826 0.007945694029331207 0.008040625602006912 0.008131269365549088 0.0 0.0 0.0 0.0 0.0 0.0 0.0 0.0 0.0 0.0 0.0 0.0 0.0
0.8666582703590393 0.006216056644916534 0.0072692749090492725 0.006675989367067814 0.006910318974405527 0.007155612111091614 0.006760502699762583 0.006817156914621592 0.006870182231068611 0.006895235273987055 0.006990612950176001 0.006886197719722986 0.006576028186827898 0.006508904974907637 0.0064957160502672195 0.0068707214668393135 0.007425839081406593 0.007773756980895996 0.008227349258959293 0.008015204221010208 0.0 0.0 0.0 0.0 0.0 0.0 0.0 0.0 0.0 0.0 0.0 0.0
0.8637610673904419 0.0062429350800812244 0.007364243268966675 0.006507654208689928 0.006780997384339571 0.0068236179649829865 0.006639354862272739 0.006663294043391943 0.006571339908987284 0.00660530012100935 0.006716386415064335 0.006726447027176619 0.006452958565205336 0.006390048656612635 0.006248985417187214 0.006380884442478418 0.006581616122275591 0.007057072129100561 0.007698957808315754 0.0077715422958135605 0.008014548569917679 0.0 0.0 0.0 0.0 0.0 0.0 0.0 0.0 0.0 0.0 0.0
0.8624755144119263 0.005960534326732159 0.007276398129761219 0.006524390075355768 0.006285668350756168 0.006479854695498943 0.006465332582592964 0.006434490904211998 0.006417618133127689 0.00633199792355299 0.006232723128050566 0.006288440432399511 0.006159014999866486 0.0062031554989516735 0.006171641871333122 0.006005045026540756 0.006007845513522625 0.006305132992565632 0.007054254412651062 0.007481057196855545 0.007800831459462643 0.007638963870704174 0.0 0.0 0.0 0.0 0.0 0.0 0.0 0.0 0.0 0.0
0.8586928844451904 0.005575477611273527 0.007376192603260279 0.006586083211004734 0.006535617634654045 0.006429025903344154 0.00620471965521574 0.006342800334095955 0.006366454530507326 0.0062410165555775166 0.006142434664070606 0.006067362148314714 0.005975056905299425 0.00610280642285943 0.006114605348557234 0.005985547322779894 0.005762132350355387 0.005857613869011402 0.006354067008942366 0.006769626401364803 0.007398501969873905 0.007505261804908514 0.007615155074745417 0.0 0.0 0.0 0.0 0.0 0.0 0.0 0.0 0.0
0.8548901081085205 0.005153993144631386 0.006902716122567654 0.00652248365804553 0.006605977192521095 0.006557591259479523 0.0060981810092926025 0.006126977503299713 0.006326301489025354 0.006209527608007193 0.006216150708496571 0.005982006434351206 0.005744529888033867 0.005902848672121763 0.005977935623377562 0.0060312822461128235 0.005794193129986525 0.005711589939892292 0.005993743892759085 0.006187138147652149 0.006804957520216703 0.0072499290108680725 0.007363065145909786 0.007644582074135542 0.0 0.0 0.0 0.0 0.0 0.0 0.0 0.0
0.8512474894523621 0.004945257678627968 0.0063739498145878315 0.006193671841174364 0.006465775892138481 0.006704750470817089 0.006220577284693718 0.0060484581626951694 0.006007635034620762 0.006091366522014141 0.006170178297907114 0.006132626440376043 0.00564381992444396 0.005795818753540516 0.005888216197490692 0.005860472563654184 0.005760907661169767 0.005735788028687239 0.005864949896931648 0.00576619291678071 0.00627855584025383 0.006537870969623327 0.007191125303506851 0.0074953725561499596 0.007579735480248928 0.0 0.0 0.0 0.0 0.0 0.0 0.0
0.8462382555007935 0.004844399634748697 0.006144138518720865 0.005826894659548998 0.006401406601071358 0.006923706270754337 0.006311814300715923 0.00620694737881422 0.006168544292449951 0.005994705483317375 0.006217630114406347 0.006085292436182499 0.005657373461872339 0.005767532624304295 0.005699555389583111 0.005853747949004173 0.005688515491783619 0.005780526902526617 0.005779517814517021 0.005611215252429247 0.005991900805383921 0.006019199267029762 0.006725270766764879 0.0071048135869205 0.00738008227199316 0.007574913091957569 0.0 0.0 0.0 0.0 0.0 0.0
0.8443096280097961 0.004800788592547178 0.006016119848936796 0.005462537053972483 0.005898152478039265 0.006305743008852005 0.006222783587872982 0.006229578983038664 0.0061854287050664425 0.005893826484680176 0.005892919842153788 0.005744211841374636 0.005535307805985212 0.005619056988507509 0.005653182975947857 0.00556868314743042 0.0056388177908957005 0.005548491142690182 0.005884949583560228 0.005622908007353544 0.005736562889069319 0.005622181575745344 0.006073378026485443 0.006691110786050558 0.007139192428439856 0.007255570497363806 0.007446140516549349 0.0 0.0 0.0 0.0 0.0
0.8422679305076599 0.004810689017176628 0.00603468669578433 0.005320088937878609 0.005770849529653788 0.006005891133099794 0.0058641619980335236 0.006230257451534271 0.00610276497900486 0.0058628832921385765 0.005689696408808231 0.00556912599131465 0.005369594320654869 0.005553505849093199 0.005429570563137531 0.00545742129907012 0.005305901635438204 0.005285307765007019 0.005640589166432619 0.005471396259963512 0.005699334666132927 0.00541700841858983 0.005532503593713045 0.006034171208739281 0.006608793046325445 0.007088386919349432 0.007267633453011513 0.007312871981412172 0.0 0.0 0.0 0.0
0.8408485651016235 0.004645941779017448 0.005984521936625242 0.005488529335707426 0.00538622448220849 0.005463066045194864 0.00552594568580389 0.005899446085095406 0.006040650885552168 0.005867110099643469 0.0057723745703697205 0.0053766206838190556 0.0051920064724981785 0.005384084302932024 0.005369711667299271 0.005200972780585289 0.005053917411714792 0.005073887296020985 0.0053434474393725395 0.005374508444219828 0.005560013465583324 0.005360038951039314 0.005412524566054344 0.005498420912772417 0.005969889461994171 0.0064996699802577496 0.006991053465753794 0.007063687779009342 0.00735899992287159 0.0 0.0 0.0
0.8398934602737427 0.004432184621691704 0.005713620223104954 0.005468448158353567 0.005351930856704712 0.0053307791240513325 0.005208171904087067 0.005459226667881012 0.005740875843912363 0.005785362794995308 0.005702228285372257 0.0054637594148516655 0.005078422371298075 0.00506964698433876 0.0051437923684716225 0.0051398854702711105 0.0051059415563941 0.004993319045752287 0.005185013636946678 0.00511884642764926 0.005302070174366236 0.005293730646371841 0.005338932853192091 0.005269307643175125 0.005476322956383228 0.0057416390627622604 0.006296854931861162 0.006653886754065752 0.00698666088283062 0.007256610784679651 0.0 0.0
0.8361987471580505 0.004272592253983021 0.005549473688006401 0.005240872967988253 0.005548951216042042 0.0056328014470636845 0.005178734660148621 0.005279429256916046 0.005387970712035894 0.005613646004348993 0.005757741164416075 0.005563738290220499 0.005132679361850023 0.005093198269605637 0.005009116139262915 0.005099362228065729 0.005113539285957813 0.004936648532748222 0.0050298054702579975 0.00494083808735013 0.005281737539917231 0.005160205531865358 0.005222094710916281 0.0052664210088551044 0.005149594973772764 0.005410643760114908 0.005695636384189129 0.006150688044726849 0.006709177512675524 0.007002068217843771 0.007374363485723734 0.0
0.8330775499343872 0.0042971596121788025 0.005225385073572397 0.00500827981159091 0.005348962265998125 0.006011417135596275 0.005310690030455589 0.005186430644243956 0.005187492351979017 0.005247754976153374 0.005555673036724329 0.005528524052351713 0.005190239753574133 0.005327142775058746 0.004995877854526043 0.004940390586853027 0.004933647811412811 0.004844991490244865 0.00504450174048543 0.0049105011858046055 0.005043304059654474 0.004936870187520981 0.005134496837854385 0.005190849769860506 0.005184250418096781 0.005257748998701572 0.0053579602390527725 0.005645212717354298 0.006264873314648867 0.00660650385543704 0.006933372002094984 0.007279329001903534
