1.0 0.0 0.0 0.0 0.0 0.0 0.0 0.0 0.0 0.0 0.0 0.0 0.0 0.0 0.0 0.0 0.0 0.0 0.0 0.0 0.0 0.0 0.0 0.0 0.0 0.0 0.0 0.0 0.0 0.0 0.0 0.0
0.7518942356109619 0.24811793863773346 0.0 0.0 0.0 0.0 0.0 0.0 0.0 0.0 0.0 0.0 0.0 0.0 0.0 0.0 0.0 0.0 0.0 0.0 0.0 0.0 0.0 0.0 0.0 0.0 0.0 0.0 0.0 0.0 0.0 0.0
0.6396733522415161 0.2408379167318344 0.11949305236339569 0.0 0.0 0.0 0.0 0.0 0.0 0.0 0.0 0.0 0.0 0.0 0.0 0.0 0.0 0.0 0.0 0.0 0.0 0.0 0.0 0.0 0.0 0.0 0.0 0.0 0.0 0.0 0.0 0.0
0.5330938696861267 0.2145787924528122 0.14048859477043152 0.1118379607796669 0.0 0.0 0.0 0.0 0.0 0.0 0.0 0.0 0.0 0.0 0.0 0.0 0.0 0.0 0.0 0.0 0.0 0.0 0.0 0.0 0.0 0.0 0.0 0.0 0.0 0.0 0.0 0.0
0.4741486608982086 0.20227761566638947 0.11354874819517136 0.11239292472600937 0.09763068705797195 0.0 0.0 0.0 0.0 0.0 0.0 0.0 0.0 0.0 0.0 0.0 0.0 0.0 0.0 0.0 0.0 0.0 0.0 0.0 0.0 0.0 0.0 0.0 0.0 0.0 0.0 0.0
0.43913209438323975 0.181272491812706 0.10313092917203903 0.09248583018779755 0.0991738885641098 0.08479925245046616 0.0 0.0 0.0 0.0 0.0 0.0 0.0 0.0 0.0 0.0 0.0 0.0 0.0 0.0 0.0 0.0 0.0 0.0 0.0 0.0 0.0 0.0 0.0 0.0 0.0 0.0
0.39336639642715454 0.18391188979148865 0.09785594791173935 0.08829827606678009 0.08061327040195465 0.08198735117912292 0.07396427541971207 0.0 0.0 0.0 0.0 0.0 0.0 0.0 0.0 0.0 0.0 0.0 0.0 0.0 0.0 0.0 0.0 0.0 0.0 0.0 0.0 0.0 0.0 0.0 0.0 0.0
0.3797485828399658 0.1573648899793625 0.09071290493011475 0.08558158576488495 0.07719115912914276 0.0698026716709137 0.07139204442501068 0.06820571422576904 0.0 0.0 0.0 0.0 0.0 0.0 0.0 0.0 0.0 0.0 0.0 0.0 0.0 0.0 0.0 0.0 0.0 0.0 0.0 0.0 0.0 0.0 0.0 0.0
0.3579789400100708 0.13530097901821136 0.08407939970493317 0.08268996328115463 0.07859593629837036 0.06805568188428879 0.06266260892152786 0.06570393592119217 0.06493601202964783 0.0 0.0 0.0 0.0 0.0 0.0 0.0 0.0 0.0 0.0 0.0 0.0 0.0 0.0 0.0 0.0 0.0 0.0 0.0 0.0 0.0 0.0 0.0
0.34204331040382385 0.12074898183345795 0.07229264080524445 0.07699227333068848 0.07630380988121033 0.07030268013477325 0.05947298929095268 0.05857466906309128 0.06405145674943924 0.05921987444162369 0.0 0.0 0.0 0.0 0.0 0.0 0.0 0.0 0.0 0.0 0.0 0.0 0.0 0.0 0.0 0.0 0.0 0.0 0.0 0.0 0.0 0.0
0.3351515233516693 0.10285206884145737 0.06314704567193985 0.06818870455026627 0.07119909673929214 0.06796976178884506 0.06292598694562912 0.05789405107498169 0.05538731813430786 0.058036770671606064 0.05724610760807991 0.0 0.0 0.0 0.0 0.0 0.0 0.0 0.0 0.0 0.0 0.0 0.0 0.0 0.0 0.0 0.0 0.0 0.0 0.0 0.0 0.0
0.3252606689929962 0.09049932658672333 0.05545029416680336 0.05991300195455551 0.0641920194029808 0.06414173543453217 0.06400056928396225 0.059064894914627075 0.055223554372787476 0.05179964751005173 0.05611913278698921 0.05433768033981323 0.0 0.0 0.0 0.0 0.0 0.0 0.0 0.0 0.0 0.0 0.0 0.0 0.0 0.0 0.0 0.0 0.0 0.0 0.0 0.0
0.29847148060798645 0.08511877059936523 0.049917787313461304 0.05211535096168518 0.058571841567754745 0.059950798749923706 0.06767250597476959 0.061951376497745514 0.05827079713344574 0.05335758998990059 0.05038824304938316 0.052783284336328506 0.05142839252948761 0.0 0.0 0.0 0.0 0.0 0.0 0.0 0.0 0.0 0.0 0.0 0.0 0.0 0.0 0.0 0.0 0.0 0.0 0.0
0.30907586216926575 0.08014563471078873 0.04419178515672684 0.04736402630805969 0.05279600992798805 0.05200397968292236 0.055238671600818634 0.05786347761750221 0.05650845170021057 0.05255427584052086 0.04860373213887215 0.046610407531261444 0.048218511044979095 0.04883156716823578 0.0 0.0 0.0 0.0 0.0 0.0 0.0 0.0 0.0 0.0 0.0 0.0 0.0 0.0 0.0 0.0 0.0 0.0
0.284478098154068 0.071994349360466 0.04072677716612816 0.043891191482543945 0.04920594394207001 0.047156088054180145 0.050042275339365005 0.05492527037858963 0.05899421498179436 0.05591053143143654 0.053510770201683044 0.04801041632890701 0.0445876345038414 0.04940125346183777 0.047161005437374115 0.0 0.0 0.0 0.0 0.0 0.0 0.0 0.0 0.0 0.0 0.0 0.0 0.0 0.0 0.0 0.0 0.0
0.2838057577610016 0.06273479014635086 0.03655320033431053 0.040655698627233505 0.04261133074760437 0.043107107281684875 0.04504894092679024 0.04914882779121399 0.05298396572470665 0.05548536777496338 0.05596308037638664 0.0508999228477478 0.0455821193754673 0.04424246773123741 0.045539047569036484 0.04563489183783531 0.0 0.0 0.0 0.0 0.0 0.0 0.0 0.0 0.0 0.0 0.0 0.0 0.0 0.0 0.0 0.0
0.27055227756500244 0.05806934833526611 0.03269720822572708 0.03625708818435669 0.040709685534238815 0.03956693783402443 0.041225776076316833 0.04529128223657608 0.04850685968995094 0.05230354890227318 0.054796766489744186 0.05291609838604927 0.049412284046411514 0.045270245522260666 0.04283580183982849 0.045634735375642776 0.04395308345556259 0.0 0.0 0.0 0.0 0.0 0.0 0.0 0.0 0.0 0.0 0.0 0.0 0.0 0.0 0.0
0.27992773056030273 0.051224611699581146 0.030020782724022865 0.032179590314626694 0.035235580056905746 0.03619120270013809 0.04229121282696724 0.03999466449022293 0.04234371334314346 0.044546402990818024 0.04828513786196709 0.050575174391269684 0.05293060094118118 0.04693644866347313 0.041701048612594604 0.040057070553302765 0.041916608810424805 0.043644919991493225 0.0 0.0 0.0 0.0 0.0 0.0 0.0 0.0 0.0 0.0 0.0 0.0 0.0 0.0
0.26496848464012146 0.049949999898672104 0.028083737939596176 0.029747571796178818 0.0328492745757103 0.03413046523928642 0.03617372736334801 0.0387832373380661 0.03965532407164574 0.04165409132838249 0.04480675607919693 0.048432908952236176 0.04979591444134712 0.050318393856287 0.0455281063914299 0.04294365644454956 0.03874511644244194 0.04193781316280365 0.04149564728140831 0.0 0.0 0.0 0.0 0.0 0.0 0.0 0.0 0.0 0.0 0.0 0.0 0.0
0.25766563415527344 0.047638338059186935 0.026595043018460274 0.028103094547986984 0.029309378936886787 0.030261805281043053 0.03321877494454384 0.035885684192180634 0.03799949958920479 0.03960754722356796 0.042098838835954666 0.04347461089491844 0.04731733351945877 0.048813346773386 0.047165513038635254 0.046197012066841125 0.03993149846792221 0.038747213780879974 0.04057392477989197 0.039397548884153366 0.0 0.0 0.0 0.0 0.0 0.0 0.0 0.0 0.0 0.0 0.0 0.0
0.26203614473342896 0.04312606528401375 0.025160348042845726 0.02634488418698311 0.02739376574754715 0.028587235137820244 0.029121769592165947 0.03181976079940796 0.034719523042440414 0.03590692952275276 0.036541398614645004 0.03964238241314888 0.04168974235653877 0.045982666313648224 0.0483255535364151 0.046960536390542984 0.042298879474401474 0.03902934864163399 0.03681974858045578 0.03883020579814911 0.039659492671489716 0.0 0.0 0.0 0.0 0.0 0.0 0.0 0.0 0.0 0.0 0.0
0.24957174062728882 0.0410582572221756 0.02362559549510479 0.025339335203170776 0.0267792996019125 0.02617291547358036 0.026905173435807228 0.028701655566692352 0.032115787267684937 0.032999880611896515 0.03464704751968384 0.03733130544424057 0.037481606006622314 0.04588155075907707 0.04541492089629173 0.04651336744427681 0.04466471076011658 0.04231099784374237 0.03870415687561035 0.03598634898662567 0.03920317068696022 0.03858945891261101 0.0 0.0 0.0 0.0 0.0 0.0 0.0 0.0 0.0 0.0
0.24228531122207642 0.03608592599630356 0.022078722715377808 0.023502640426158905 0.02514399215579033 0.024891143664717674 0.026453111320734024 0.026943843811750412 0.02888680249452591 0.03137736767530441 0.03411415219306946 0.03436444699764252 0.036425862461328506 0.03902783989906311 0.04031345993280411 0.046025872230529785 0.045946236699819565 0.04619559273123741 0.04232973977923393 0.03731205314397812 0.035893168300390244 0.03820512071251869 0.0361989364027977 0.0 0.0 0.0 0.0 0.0 0.0 0.0 0.0 0.0
0.2342028021812439 0.033846165984869 0.020362908020615578 0.02198120765388012 0.023683711886405945 0.02427317574620247 0.024373013526201248 0.02553572505712509 0.02733951434493065 0.028244346380233765 0.030836671590805054 0.033077459782361984 0.033765580505132675 0.03620193526148796 0.03715818375349045 0.04230979084968567 0.042473066598176956 0.04525473713874817 0.04548617824912071 0.04133351519703865 0.03810523450374603 0.03579409047961235 0.0377759225666523 0.03658512234687805 0.0 0.0 0.0 0.0 0.0 0.0 0.0 0.0
0.228150874376297 0.03359211981296539 0.019136417657136917 0.020476441830396652 0.022315585985779762 0.022554177790880203 0.023610414937138557 0.024524061009287834 0.02563036046922207 0.02569681964814663 0.027965057641267776 0.030099300667643547 0.03229379281401634 0.034159351140260696 0.03532402589917183 0.0387226939201355 0.03872789815068245 0.04326815530657768 0.04448120668530464 0.04305129498243332 0.041661519557237625 0.03734440356492996 0.034833867102861404 0.03633095324039459 0.03604808822274208 0.0 0.0 0.0 0.0 0.0 0.0 0.0
0.22923831641674042 0.03122681751847267 0.018282780423760414 0.01906563714146614 0.020532671362161636 0.02110590972006321 0.021839195862412453 0.023010320961475372 0.02439108118414879 0.024831203743815422 0.025936735793948174 0.027419401332736015 0.02911272644996643 0.03210548684000969 0.033409737050533295 0.03471028059720993 0.03555743768811226 0.03853730484843254 0.04241045191884041 0.04265516996383667 0.043649572879076004 0.039948470890522 0.03582043945789337 0.03414579853415489 0.03516923263669014 0.035886526107788086 0.0 0.0 0.0 0.0 0.0 0.0
0.22675523161888123 0.028383377939462662 0.0176206324249506 0.01799767278134823 0.018888501450419426 0.019125021994113922 0.020682241767644882 0.02185591123998165 0.02343783900141716 0.023997023701667786 0.02486717514693737 0.025009293109178543 0.027542509138584137 0.02938593365252018 0.03000844456255436 0.034871332347393036 0.033982984721660614 0.03649935871362686 0.03778001666069031 0.04071315377950668 0.0433405302464962 0.04244200140237808 0.03853188082575798 0.03461819142103195 0.03232000395655632 0.03484846651554108 0.03449469804763794 0.0 0.0 0.0 0.0 0.0
0.2223680168390274 0.02671780250966549 0.01685640774667263 0.01767968200147152 0.018016723915934563 0.018575970083475113 0.01867186836898327 0.01997075229883194 0.02179974690079689 0.022425254806876183 0.023068128153681755 0.024449244141578674 0.024684984236955643 0.026785418391227722 0.02905876375734806 0.030895447358489037 0.031794484704732895 0.03337409347295761 0.03478829562664032 0.03698594123125076 0.041106343269348145 0.04200251027941704 0.042684417217969894 0.0383145809173584 0.034329935908317566 0.03327864781022072 0.034923434257507324 0.03439253568649292 0.0 0.0 0.0 0.0
0.22171537578105927 0.025488367304205894 0.015666699036955833 0.01647733710706234 0.01747768186032772 0.017554916441440582 0.017451312392950058 0.018370358273386955 0.01993413269519806 0.02203918807208538 0.022644462063908577 0.02285960130393505 0.02331865206360817 0.02463868260383606 0.025733835995197296 0.028300054371356964 0.029530229046940804 0.030986543744802475 0.032684095203876495 0.03404460847377777 0.03800897300243378 0.03999984264373779 0.04217412322759628 0.041091449558734894 0.03705636039376259 0.03504054993391037 0.032630130648612976 0.03383633494377136 0.03324683755636215 0.0 0.0 0.0
0.2179335206747055 0.02465943619608879 0.015076893381774426 0.01561444066464901 0.016723979264497757 0.01720825396478176 0.017264511436223984 0.017750734463334084 0.01871892809867859 0.019518159329891205 0.020974051207304 0.02197982557117939 0.022136852145195007 0.023299572989344597 0.024514280259609222 0.025525547564029694 0.027557866647839546 0.029599901288747787 0.03174401819705963 0.03304842486977577 0.03428243473172188 0.03595259413123131 0.0401243232190609 0.040386270731687546 0.03912756219506264 0.037966348230838776 0.03407323732972145 0.031340524554252625 0.0328441858291626 0.03305325284600258 0.0 0.0
0.21631117165088654 0.023778053000569344 0.014698446728289127 0.014826543629169464 0.015878675505518913 0.016612239181995392 0.016527416184544563 0.017121566459536552 0.017641255632042885 0.01838042214512825 0.01991606503725052 0.020841091871261597 0.021532323211431503 0.02237924374639988 0.022869521751999855 0.023848919197916985 0.025500576943159103 0.027543893083930016 0.028949454426765442 0.03028077632188797 0.03138912469148636 0.03325868770480156 0.03567546606063843 0.038567159324884415 0.040207505226135254 0.03858005255460739 0.036506105214357376 0.03317933902144432 0.030713435262441635 0.03342742472887039 0.03305896744132042 0.0
0.20723238587379456 0.02337854914367199 0.014007924124598503 0.014418448321521282 0.015025432221591473 0.01515901181846857 0.016062121838331223 0.0168838519603014 0.017199700698256493 0.017582688480615616 0.018337668851017952 0.019033407792448997 0.02082599513232708 0.021501731127500534 0.0217178575694561 0.02418171428143978 0.02398519031703472 0.02553916536271572 0.026890672743320465 0.028003409504890442 0.03114732913672924 0.03191743791103363 0.03265903890132904 0.034523673355579376 0.037356603890657425 0.041432276368141174 0.04028221592307091 0.035319581627845764 0.03269672021269798 0.030277889221906662 0.03307120129466057 0.0323500782251358
