1.0 0.0 0.0 0.0 0.0 0.0 0.0 0.0 0.0 0.0 0.0 0.0 0.0 0.0 0.0 0.0 0.0 0.0 0.0 0.0 0.0 0.0 0.0 0.0 0.0 0.0 0.0 0.0 0.0 0.0 0.0 0.0
0.9704059362411499 0.029598411172628403 0.0 0.0 0.0 0.0 0.0 0.0 0.0 0.0 0.0 0.0 0.0 0.0 0.0 0.0 0.0 0.0 0.0 0.0 0.0 0.0 0.0 0.0 0.0 0.0 0.0 0.0 0.0 0.0 0.0 0.0
0.9344741702079773 0.034804560244083405 0.030725566670298576 0.0 0.0 0.0 0.0 0.0 0.0 0.0 0.0 0.0 0.0 0.0 0.0 0.0 0.0 0.0 0.0 0.0 0.0 0.0 0.0 0.0 0.0 0.0 0.0 0.0 0.0 0.0 0.0 0.0
0.9009158611297607 0.03144493326544762 0.03405311703681946 0.03358326107263565 0.0 0.0 0.0 0.0 0.0 0.0 0.0 0.0 0.0 0.0 0.0 0.0 0.0 0.0 0.0 0.0 0.0 0.0 0.0 0.0 0.0 0.0 0.0 0.0 0.0 0.0 0.0 0.0
0.8697496056556702 0.027971820905804634 0.02956799790263176 0.03676742687821388 0.03593376651406288 0.0 0.0 0.0 0.0 0.0 0.0 0.0 0.0 0.0 0.0 0.0 0.0 0.0 0.0 0.0 0.0 0.0 0.0 0.0 0.0 0.0 0.0 0.0 0.0 0.0 0.0 0.0
0.8503602147102356 0.024151746183633804 0.023707948625087738 0.028605811297893524 0.0350404754281044 0.038131579756736755 0.0 0.0 0.0 0.0 0.0 0.0 0.0 0.0 0.0 0.0 0.0 0.0 0.0 0.0 0.0 0.0 0.0 0.0 0.0 0.0 0.0 0.0 0.0 0.0 0.0 0.0
0.828048825263977 0.021477455273270607 0.019900761544704437 0.024682825431227684 0.02927539311349392 0.037464842200279236 0.03914828598499298 0.0 0.0 0.0 0.0 0.0 0.0 0.0 0.0 0.0 0.0 0.0 0.0 0.0 0.0 0.0 0.0 0.0 0.0 0.0 0.0 0.0 0.0 0.0 0.0 0.0
0.8073630332946777 0.019342590123414993 0.018676569685339928 0.021782848984003067 0.023710044100880623 0.030329551547765732 0.03676428645849228 0.042030155658721924 0.0 0.0 0.0 0.0 0.0 0.0 0.0 0.0 0.0 0.0 0.0 0.0 0.0 0.0 0.0 0.0 0.0 0.0 0.0 0.0 0.0 0.0 0.0 0.0
0.788263201713562 0.018753645941615105 0.016654979437589645 0.019364725798368454 0.021687757223844528 0.02707820013165474 0.028559667989611626 0.0380336232483387 0.041610218584537506 0.0 0.0 0.0 0.0 0.0 0.0 0.0 0.0 0.0 0.0 0.0 0.0 0.0 0.0 0.0 0.0 0.0 0.0 0.0 0.0 0.0 0.0 0.0
0.7788686752319336 0.017585664987564087 0.016480715945363045 0.017659727483987808 0.017936626449227333 0.020468661561608315 0.023310553282499313 0.029043227434158325 0.03728102520108223 0.0413668267428875 0.0 0.0 0.0 0.0 0.0 0.0 0.0 0.0 0.0 0.0 0.0 0.0 0.0 0.0 0.0 0.0 0.0 0.0 0.0 0.0 0.0 0.0
0.7671761512756348 0.015400499105453491 0.013464453630149364 0.015944164246320724 0.016440605744719505 0.01789620891213417 0.020058413967490196 0.02418287843465805 0.028377346694469452 0.03666912391781807 0.04439348354935646 0.0 0.0 0.0 0.0 0.0 0.0 0.0 0.0 0.0 0.0 0.0 0.0 0.0 0.0 0.0 0.0 0.0 0.0 0.0 0.0 0.0
0.7513068914413452 0.015952544286847115 0.012972323223948479 0.015891265124082565 0.015584391541779041 0.01740340329706669 0.018154483288526535 0.020784540101885796 0.02311975695192814 0.027332497760653496 0.03768019750714302 0.043819647282361984 0.0 0.0 0.0 0.0 0.0 0.0 0.0 0.0 0.0 0.0 0.0 0.0 0.0 0.0 0.0 0.0 0.0 0.0 0.0 0.0
0.7345633506774902 0.01452369149774313 0.012005113996565342 0.014080499298870564 0.01476444024592638 0.01667913794517517 0.017328765243291855 0.018843859434127808 0.02171873115003109 0.022748924791812897 0.029892483726143837 0.03899476304650307 0.04385785385966301 0.0 0.0 0.0 0.0 0.0 0.0 0.0 0.0 0.0 0.0 0.0 0.0 0.0 0.0 0.0 0.0 0.0 0.0 0.0
0.723121702671051 0.013271188363432884 0.011321519501507282 0.013084860518574715 0.013559635728597641 0.015151020139455795 0.015891404822468758 0.01727292686700821 0.018996693193912506 0.020389743149280548 0.02517213299870491 0.02922738343477249 0.03793957456946373 0.045601263642311096 0.0 0.0 0.0 0.0 0.0 0.0 0.0 0.0 0.0 0.0 0.0 0.0 0.0 0.0 0.0 0.0 0.0 0.0
0.7121085524559021 0.01280648447573185 0.010631497018039227 0.012339712120592594 0.012829387560486794 0.014350751414895058 0.015247332863509655 0.015933798626065254 0.016817983239889145 0.01871326193213463 0.022611355409026146 0.0240180604159832 0.028514709323644638 0.03934917598962784 0.04372207447886467 0.0 0.0 0.0 0.0 0.0 0.0 0.0 0.0 0.0 0.0 0.0 0.0 0.0 0.0 0.0 0.0 0.0
0.7071046829223633 0.011952218599617481 0.010165326297283173 0.011506856419146061 0.011861727572977543 0.012921753339469433 0.013920146971940994 0.01529949065297842 0.015566949732601643 0.01670054905116558 0.018629269674420357 0.02156841941177845 0.023414280265569687 0.028583738952875137 0.03676310554146767 0.044039689004421234 0.0 0.0 0.0 0.0 0.0 0.0 0.0 0.0 0.0 0.0 0.0 0.0 0.0 0.0 0.0 0.0
0.6950011253356934 0.011717426590621471 0.009544087573885918 0.011051137931644917 0.011621692217886448 0.012849490158259869 0.013238520361483097 0.01451814267784357 0.015049922280013561 0.01634937711060047 0.01840350776910782 0.01853157766163349 0.02017640508711338 0.02416122332215309 0.02729666791856289 0.03641848638653755 0.04407426342368126 0.0 0.0 0.0 0.0 0.0 0.0 0.0 0.0 0.0 0.0 0.0 0.0 0.0 0.0 0.0
0.6881533265113831 0.011336853727698326 0.008789128623902798 0.010568897239863873 0.01116589643061161 0.011978771537542343 0.012059669010341167 0.012984257191419601 0.013942974619567394 0.015053832903504372 0.015982741490006447 0.016775015741586685 0.01817883364856243 0.022195421159267426 0.02222229540348053 0.02738625928759575 0.03619421645998955 0.045027028769254684 0.0 0.0 0.0 0.0 0.0 0.0 0.0 0.0 0.0 0.0 0.0 0.0 0.0 0.0
0.6795827150344849 0.011037766933441162 0.008169122971594334 0.010292904451489449 0.010599399916827679 0.011230402626097202 0.011540164239704609 0.012511945329606533 0.012943767011165619 0.013857410289347172 0.015461686067283154 0.01583971455693245 0.016410844400525093 0.0183845404535532 0.019278913736343384 0.022628406062722206 0.027564385905861855 0.037775907665491104 0.04488971456885338 0.0 0.0 0.0 0.0 0.0 0.0 0.0 0.0 0.0 0.0 0.0 0.0 0.0
0.6631057262420654 0.011289188638329506 0.007623382844030857 0.00974015798419714 0.010532248765230179 0.01111174188554287 0.011103966273367405 0.012043854221701622 0.012163006700575352 0.013586631044745445 0.015198771841824055 0.01541098766028881 0.01568484678864479 0.01674707978963852 0.01715107075870037 0.019780537113547325 0.022594161331653595 0.030974889174103737 0.03926868736743927 0.04489050805568695 0.0 0.0 0.0 0.0 0.0 0.0 0.0 0.0 0.0 0.0 0.0 0.0
0.6588975787162781 0.010957056656479836 0.00761286448687315 0.009137607179582119 0.009854672476649284 0.01051743421703577 0.01072955597192049 0.01174801867455244 0.011960448697209358 0.012623634189367294 0.014422566629946232 0.014039216563105583 0.014409967698156834 0.015531396493315697 0.016178922727704048 0.017397284507751465 0.019159602001309395 0.02735219895839691 0.027940921485424042 0.03510044515132904 0.04442915692925453 0.0 0.0 0.0 0.0 0.0 0.0 0.0 0.0 0.0 0.0 0.0
0.6559255123138428 0.010362982749938965 0.007663307711482048 0.00887357909232378 0.009304470382630825 0.010125454515218735 0.01049064751714468 0.011123374104499817 0.011464202776551247 0.011954184621572495 0.012818816117942333 0.013176501728594303 0.0136369364336133 0.014963152818381786 0.0151883065700531 0.015736274421215057 0.01684436947107315 0.020143060013651848 0.023608606308698654 0.0265886839479208 0.0356970839202404 0.04431355744600296 0.0 0.0 0.0 0.0 0.0 0.0 0.0 0.0 0.0 0.0
0.6433842778205872 0.010048678144812584 0.007740698754787445 0.009186677634716034 0.009026692248880863 0.00989765115082264 0.009782425127923489 0.010694053955376148 0.011592134833335876 0.011898166500031948 0.013153886422514915 0.013104945421218872 0.0132278548553586 0.015949571505188942 0.014999820850789547 0.014932554215192795 0.015425397083163261 0.01738891191780567 0.0200551375746727 0.022150229662656784 0.026868749409914017 0.03537922725081444 0.04411589726805687 0.0 0.0 0.0 0.0 0.0 0.0 0.0 0.0 0.0
0.6327769756317139 0.009596699848771095 0.007713880855590105 0.008585079573094845 0.008689160458743572 0.009550577960908413 0.009529193863272667 0.01018517930060625 0.011105394922196865 0.011889895424246788 0.012649288401007652 0.01246554870158434 0.01270793192088604 0.01604805514216423 0.01387210376560688 0.014257454313337803 0.014977719634771347 0.01642591506242752 0.01860695704817772 0.018815288320183754 0.021776709705591202 0.027000106871128082 0.036205340176820755 0.044570110738277435 0.0 0.0 0.0 0.0 0.0 0.0 0.0 0.0
0.6289729475975037 0.009541693143546581 0.007609946187585592 0.008877807296812534 0.00853368267416954 0.009156756103038788 0.009139228612184525 0.009781108237802982 0.011248443275690079 0.011632232926785946 0.013121118769049644 0.012208088301122189 0.012617320753633976 0.014444309286773205 0.013230436481535435 0.013174980878829956 0.013889634050428867 0.014862299896776676 0.016189461573958397 0.01633082516491413 0.018504034727811813 0.021746478974819183 0.026609649881720543 0.034595172852277756 0.043982721865177155 0.0 0.0 0.0 0.0 0.0 0.0 0.0
0.6259831786155701 0.0091268764808774 0.007366301491856575 0.008126125670969486 0.00848524272441864 0.009180516004562378 0.009042012505233288 0.009565738029778004 0.010134618729352951 0.010497355833649635 0.011325458995997906 0.011758563108742237 0.012028551660478115 0.013483304530382156 0.012164325453341007 0.012705592438578606 0.013318547047674656 0.013663123361766338 0.01665857993066311 0.0156854297965765 0.016500191763043404 0.01819419488310814 0.02110082469880581 0.02567003108561039 0.03461749851703644 0.04361289367079735 0.0 0.0 0.0 0.0 0.0 0.0
0.6191184520721436 0.009015190415084362 0.006847468204796314 0.007732809986919165 0.008137251250445843 0.008732396177947521 0.008953767828643322 0.009394295513629913 0.009776095859706402 0.010002362541854382 0.01126111764460802 0.011028766632080078 0.011786048300564289 0.013591880910098553 0.011784994974732399 0.012230866588652134 0.01243957132101059 0.013124939054250717 0.016718758270144463 0.014307697303593159 0.015225850977003574 0.01602410338819027 0.018039798364043236 0.02135471999645233 0.026224970817565918 0.0344555526971817 0.04269170016050339 0.0 0.0 0.0 0.0 0.0
0.6165599822998047 0.008989881724119186 0.006755178794264793 0.007446464616805315 0.007793899159878492 0.00838707759976387 0.008864039555191994 0.008902025409042835 0.009297103621065617 0.009805568493902683 0.010669151321053505 0.010786750353872776 0.011280893348157406 0.013141022063791752 0.011734087951481342 0.011765618808567524 0.011590700596570969 0.012564216740429401 0.014830147847533226 0.01321876049041748 0.013997465372085571 0.01461555901914835 0.01620890013873577 0.01862364262342453 0.020588021725416183 0.025509590283036232 0.033036500215530396 0.04304158315062523 0.0 0.0 0.0 0.0
0.6125021576881409 0.008671573363244534 0.006519812624901533 0.00727576669305563 0.00762051111087203 0.008131228387355804 0.008568059653043747 0.008599992841482162 0.0090611157938838 0.009368367493152618 0.01007830910384655 0.010263901203870773 0.01091541163623333 0.011377792805433273 0.0113691296428442 0.011324189603328705 0.011577955447137356 0.011837250553071499 0.01487063430249691 0.012465533800423145 0.013353117741644382 0.013579407706856728 0.014486134983599186 0.0158409234136343 0.01755850948393345 0.020913872867822647 0.02503935620188713 0.03358721360564232 0.04324200004339218 0.0 0.0 0.0
0.6021342873573303 0.008748852647840977 0.006830674130469561 0.007138203829526901 0.007364838849753141 0.007724044378846884 0.008107426576316357 0.008462595753371716 0.008910709992051125 0.009242339059710503 0.010248757898807526 0.01044385600835085 0.01083354651927948 0.011837235651910305 0.010936093516647816 0.011477425694465637 0.011134617030620575 0.011476955376565456 0.012956692837178707 0.011980163864791393 0.012806965969502926 0.013048424385488033 0.014039522036910057 0.015148901380598545 0.01592417247593403 0.018396517261862755 0.02061286009848118 0.0258219875395298 0.03319967910647392 0.04301224276423454 0.0 0.0
0.6031370162963867 0.00849585235118866 0.006106663960963488 0.006906803231686354 0.007273417431861162 0.007651775609701872 0.008026262745261192 0.008306858129799366 0.008471228182315826 0.00899127870798111 0.009956376627087593 0.010047933086752892 0.01024198904633522 0.010852797888219357 0.010654972866177559 0.010831216350197792 0.01088552363216877 0.01129164919257164 0.012503881007432938 0.011193537153303623 0.01223669946193695 0.012021083384752274 0.012712584808468819 0.013530218042433262 0.013961121439933777 0.015422318130731583 0.017523938789963722 0.02079802192747593 0.025257719680666924 0.032709356397390366 0.04199954867362976 0.0
0.5966723561286926 0.008699490688741207 0.0067781866528093815 0.00675221486017108 0.0071451603434979916 0.008201727643609047 0.00799658615142107 0.008471031673252583 0.008820528164505959 0.008686787448823452 0.00971320178359747 0.00982949323952198 0.009957496076822281 0.010733388364315033 0.010144121013581753 0.010566230863332748 0.01030838955193758 0.01066888403147459 0.011157624423503876 0.010714410804212093 0.011447268538177013 0.011554182507097721 0.012751015834510326 0.013499988242983818 0.013243419118225574 0.01382233016192913 0.015116722323000431 0.01726134866476059 0.020345637574791908 0.024412494152784348 0.0319574810564518 0.042572665959596634
