1.0 0.0 0.0 0.0 0.0 0.0 0.0 0.0 0.0 0.0 0.0 0.0 0.0 0.0 0.0 0.0 0.0 0.0 0.0 0.0 0.0 0.0 0.0 0.0 0.0 0.0 0.0 0.0 0.0 0.0 0.0 0.0
0.9558496475219727 0.04417087510228157 0.0 0.0 0.0 0.0 0.0 0.0 0.0 0.0 0.0 0.0 0.0 0.0 0.0 0.0 0.0 0.0 0.0 0.0 0.0 0.0 0.0 0.0 0.0 0.0 0.0 0.0 0.0 0.0 0.0 0.0
0.9481178522109985 0.02873064950108528 0.023151984438300133 0.0 0.0 0.0 0.0 0.0 0.0 0.0 0.0 0.0 0.0 0.0 0.0 0.0 0.0 0.0 0.0 0.0 0.0 0.0 0.0 0.0 0.0 0.0 0.0 0.0 0.0 0.0 0.0 0.0
0.9370378255844116 0.028202088549733162 0.016938799992203712 0.017824480310082436 0.0 0.0 0.0 0.0 0.0 0.0 0.0 0.0 0.0 0.0 0.0 0.0 0.0 0.0 0.0 0.0 0.0 0.0 0.0 0.0 0.0 0.0 0.0 0.0 0.0 0.0 0.0 0.0
0.9260199666023254 0.02492993324995041 0.018655067309737206 0.015402899123728275 0.014982996508479118 0.0 0.0 0.0 0.0 0.0 0.0 0.0 0.0 0.0 0.0 0.0 0.0 0.0 0.0 0.0 0.0 0.0 0.0 0.0 0.0 0.0 0.0 0.0 0.0 0.0 0.0 0.0
0.9184539914131165 0.022832751274108887 0.015141534619033337 0.01290797721594572 0.015410738065838814 0.01525506004691124 0.0 0.0 0.0 0.0 0.0 0.0 0.0 0.0 0.0 0.0 0.0 0.0 0.0 0.0 0.0 0.0 0.0 0.0 0.0 0.0 0.0 0.0 0.0 0.0 0.0 0.0
0.9182773232460022 0.021120646968483925 0.01034840289503336 0.011255845427513123 0.012207960709929466 0.013907654210925102 0.012882614508271217 0.0 0.0 0.0 0.0 0.0 0.0 0.0 0.0 0.0 0.0 0.0 0.0 0.0 0.0 0.0 0.0 0.0 0.0 0.0 0.0 0.0 0.0 0.0 0.0 0.0
0.9181286096572876 0.01881895773112774 0.009087502025067806 0.00784156285226345 0.010107369162142277 0.011174226179718971 0.012824537232518196 0.012016492895781994 0.0 0.0 0.0 0.0 0.0 0.0 0.0 0.0 0.0 0.0 0.0 0.0 0.0 0.0 0.0 0.0 0.0 0.0 0.0 0.0 0.0 0.0 0.0 0.0
0.9166153073310852 0.016553929075598717 0.008485079742968082 0.006535418331623077 0.00778967933729291 0.009616076946258545 0.010888688266277313 0.011522580869495869 0.01199067011475563 0.0 0.0 0.0 0.0 0.0 0.0 0.0 0.0 0.0 0.0 0.0 0.0 0.0 0.0 0.0 0.0 0.0 0.0 0.0 0.0 0.0 0.0 0.0
0.9137991070747375 0.014436754398047924 0.006570336874574423 0.005859094671905041 0.006590991280972958 0.009632816538214684 0.009030770510435104 0.010660790838301182 0.011317734606564045 0.012099708430469036 0.0 0.0 0.0 0.0 0.0 0.0 0.0 0.0 0.0 0.0 0.0 0.0 0.0 0.0 0.0 0.0 0.0 0.0 0.0 0.0 0.0 0.0
0.9119874835014343 0.013365874998271465 0.0056689223274588585 0.005674670450389385 0.006141286808997393 0.0069908457808196545 0.007188572082668543 0.009185695089399815 0.010786323808133602 0.011048998683691025 0.01196194626390934 0.0 0.0 0.0 0.0 0.0 0.0 0.0 0.0 0.0 0.0 0.0 0.0 0.0 0.0 0.0 0.0 0.0 0.0 0.0 0.0 0.0
0.9123059511184692 0.012293709442019463 0.00513891875743866 0.0046677179634571075 0.0054056234657764435 0.0058528222143650055 0.006407196167856455 0.007078551687300205 0.008413390256464481 0.009761940687894821 0.010823107324540615 0.011848672293126583 0.0 0.0 0.0 0.0 0.0 0.0 0.0 0.0 0.0 0.0 0.0 0.0 0.0 0.0 0.0 0.0 0.0 0.0 0.0 0.0
0.9036242365837097 0.011395138688385487 0.005309464875608683 0.003902376163750887 0.004456356167793274 0.005320353899151087 0.0056913974694907665 0.007459568325430155 0.008314582519233227 0.009580949321389198 0.010403319261968136 0.013051209039986134 0.011488018557429314 0.0 0.0 0.0 0.0 0.0 0.0 0.0 0.0 0.0 0.0 0.0 0.0 0.0 0.0 0.0 0.0 0.0 0.0 0.0
0.9000319242477417 0.010361595079302788 0.0073609258979558945 0.004224176052957773 0.004999470431357622 0.005174749996513128 0.005409155040979385 0.006061303894966841 0.005943287163972855 0.006969734560698271 0.009115397930145264 0.009814061224460602 0.013365882448852062 0.011168691329658031 0.0 0.0 0.0 0.0 0.0 0.0 0.0 0.0 0.0 0.0 0.0 0.0 0.0 0.0 0.0 0.0 0.0 0.0
0.907101571559906 0.009360243566334248 0.004875418730080128 0.003286865307018161 0.0034529510885477066 0.005017534829676151 0.004444872960448265 0.004658120684325695 0.005444287322461605 0.006291587837040424 0.007121893111616373 0.008163359016180038 0.00976981408894062 0.010350064374506474 0.010660121217370033 0.0 0.0 0.0 0.0 0.0 0.0 0.0 0.0 0.0 0.0 0.0 0.0 0.0 0.0 0.0 0.0 0.0
0.9073545932769775 0.008200230076909065 0.003879150841385126 0.002977552590891719 0.003152203280478716 0.003339538350701332 0.0036570776719599962 0.004629879724234343 0.004726332612335682 0.0052976664155721664 0.00593350175768137 0.007816657423973083 0.00812193751335144 0.009879576042294502 0.010214638896286488 0.010816126130521297 0.0 0.0 0.0 0.0 0.0 0.0 0.0 0.0 0.0 0.0 0.0 0.0 0.0 0.0 0.0 0.0
0.9079827070236206 0.007393561769276857 0.003117380430921912 0.002712246496230364 0.003063926938921213 0.0030623276252299547 0.0030011679045856 0.003588356776162982 0.004269613418728113 0.0045321183279156685 0.005293693393468857 0.005825824569910765 0.007003053091466427 0.008731910027563572 0.009242831729352474 0.010521636344492435 0.01065843179821968 0.0 0.0 0.0 0.0 0.0 0.0 0.0 0.0 0.0 0.0 0.0 0.0 0.0 0.0 0.0
0.8979414701461792 0.006225210148841143 0.0026603254955261946 0.002308186376467347 0.002538616070523858 0.0028554482851177454 0.0028079880867153406 0.003475307486951351 0.003751439740881324 0.005333342589437962 0.0045393966138362885 0.008790239691734314 0.005849733483046293 0.011357700452208519 0.008443049155175686 0.009261628612875938 0.011268185451626778 0.010590879246592522 0.0 0.0 0.0 0.0 0.0 0.0 0.0 0.0 0.0 0.0 0.0 0.0 0.0 0.0
0.9056957364082336 0.005995980463922024 0.002331034280359745 0.0020740078762173653 0.0023364382795989513 0.002572536002844572 0.0028776167891919613 0.002887951210141182 0.0031987398397177458 0.003400537883862853 0.004300758708268404 0.00479467585682869 0.0056069050915539265 0.005950558464974165 0.008243178948760033 0.008084985427558422 0.009206029586493969 0.010104271583259106 0.010334957391023636 0.0 0.0 0.0 0.0 0.0 0.0 0.0 0.0 0.0 0.0 0.0 0.0 0.0
0.903075098991394 0.005846812389791012 0.002088285982608795 0.0017762898933142424 0.002064224798232317 0.0022265100851655006 0.0024109440855681896 0.0031921681948006153 0.002756656613200903 0.003211898496374488 0.0035702455788850784 0.004228099714964628 0.009057984687387943 0.005221264902502298 0.005638964008539915 0.006687154993414879 0.007840807549655437 0.008727679029107094 0.009793086908757687 0.010581138543784618 0.0 0.0 0.0 0.0 0.0 0.0 0.0 0.0 0.0 0.0 0.0 0.0
0.9070819616317749 0.004865780007094145 0.0018809041939675808 0.0016037863679230213 0.001720919506624341 0.001877523958683014 0.0022222360130399466 0.0023446730338037014 0.0024742644745856524 0.002733259228989482 0.003891582367941737 0.0034822423476725817 0.004041730891913176 0.004774483852088451 0.0053818104788661 0.005906210280954838 0.006440461613237858 0.008301644586026669 0.008725591003894806 0.01013021357357502 0.010118705220520496 0.0 0.0 0.0 0.0 0.0 0.0 0.0 0.0 0.0 0.0 0.0
0.8994789719581604 0.004466158803552389 0.0019102420192211866 0.0017222283640876412 0.0016793922986835241 0.0018979095621034503 0.0020034669432789087 0.002059058751910925 0.002351764589548111 0.002587991300970316 0.0038383554201573133 0.003243833314627409 0.004046735353767872 0.003929580561816692 0.00571818882599473 0.006433357484638691 0.005833849776536226 0.007487561088055372 0.007927979342639446 0.009358718059957027 0.010342244990170002 0.011681864969432354 0.0 0.0 0.0 0.0 0.0 0.0 0.0 0.0 0.0 0.0
0.9031615257263184 0.0037783922161906958 0.0015143847558647394 0.0013490152778103948 0.0013436884619295597 0.001497367164120078 0.0015183459036052227 0.0017824339447543025 0.0020307970698922873 0.00232695578597486 0.0026905632112175226 0.002981259021908045 0.003734245430678129 0.0033902591094374657 0.0038047570269554853 0.00645772460848093 0.005620739888399839 0.005563454702496529 0.007130322977900505 0.007903761230409145 0.009309972636401653 0.010140258818864822 0.010969812050461769 0.0 0.0 0.0 0.0 0.0 0.0 0.0 0.0 0.0
0.9068394303321838 0.003516122931614518 0.0013844731729477644 0.001100449706427753 0.001329258200712502 0.001380224130116403 0.001475461176596582 0.0014225081540644169 0.00178311369381845 0.0020947707816958427 0.002339392201974988 0.0027372059412300587 0.003053937340155244 0.0030972077511250973 0.0037180017679929733 0.0038501855451613665 0.004553584847599268 0.004897689446806908 0.005441862624138594 0.00706481235101819 0.007700709160417318 0.008712001144886017 0.009633834473788738 0.01086888276040554 0.0 0.0 0.0 0.0 0.0 0.0 0.0 0.0
0.9060714840888977 0.003714114660397172 0.0012398185208439827 0.0009947210783138871 0.0011208010837435722 0.0012396248057484627 0.0013032915303483605 0.0012861897703260183 0.0014875022461637855 0.001769782043993473 0.0020996981766074896 0.0023708113003522158 0.002624339424073696 0.0029855952598154545 0.002950395690277219 0.0035387608222663403 0.0038067528512328863 0.0044268108904361725 0.0047108144499361515 0.005663538351655006 0.006792251951992512 0.007731118705123663 0.00880494061857462 0.009692556224763393 0.01157317403703928 0.0 0.0 0.0 0.0 0.0 0.0 0.0
0.908145010471344 0.0030674387235194445 0.0011528434697538614 0.0008380890940316021 0.000982337282039225 0.0010182901751250029 0.0012193506117910147 0.0013029045658186078 0.0012434041127562523 0.0014262850163504481 0.001743411528877914 0.0018559233285486698 0.0020799688063561916 0.002536693587899208 0.002793454797938466 0.002909288741648197 0.0032493595499545336 0.003646411234512925 0.004069088958203793 0.004810018464922905 0.005998880602419376 0.006862674839794636 0.007464414928108454 0.008771833032369614 0.009965026751160622 0.0108537832275033 0.0 0.0 0.0 0.0 0.0 0.0
0.9066616892814636 0.0029484054539352655 0.0010235091904178262 0.0007833163836039603 0.0008112178184092045 0.0009087755461223423 0.000980512355454266 0.0010393953416496515 0.001156682032160461 0.0012701842933893204 0.0014682438923045993 0.001776907593011856 0.001849637134000659 0.002379625104367733 0.0023702322505414486 0.0029304546769708395 0.0028981424402445555 0.0033976691775023937 0.0039276620373129845 0.004077017307281494 0.005304819438606501 0.005814547650516033 0.0064545199275016785 0.0077803065069019794 0.008865093812346458 0.009529396891593933 0.011591903865337372 0.0 0.0 0.0 0.0 0.0
0.9069805145263672 0.002564892405644059 0.0009570997790433466 0.0007941331132315099 0.0008048858726397157 0.000789242738392204 0.0008944421424530447 0.0009452192462049425 0.0010998090729117393 0.0010899098124355078 0.0012362957932054996 0.0014605395263060927 0.0016989440191537142 0.0019833038095384836 0.002091520931571722 0.0038020967040210962 0.002652810188010335 0.0027331621386110783 0.003227756591513753 0.003724142210558057 0.0041579618118703365 0.004697485826909542 0.005152062512934208 0.00639590248465538 0.007645352277904749 0.009066548198461533 0.010100888088345528 0.011253848671913147 0.0 0.0 0.0 0.0
0.9088899493217468 0.0022854218259453773 0.0008149451459757984 0.0006753073539584875 0.0007096545887179673 0.0007513220189139247 0.0007776980055496097 0.0008169042412191629 0.0008830393780954182 0.0010105757974088192 0.0011364429956302047 0.0013455977896228433 0.0013924944214522839 0.00200452352873981 0.0019245347939431667 0.002165192039683461 0.0023890254087746143 0.002440434182062745 0.002771339612081647 0.003165959380567074 0.0036145136691629887 0.004260461777448654 0.004475835710763931 0.005450259894132614 0.006366736255586147 0.00759471021592617 0.009948791936039925 0.009455425664782524 0.010484455153346062 0.0 0.0 0.0
0.9077684879302979 0.0022448068484663963 0.0008062002016231418 0.0006327359587885439 0.000669033732265234 0.0006565701332874596 0.0006709353183396161 0.0009380103438161314 0.0008334259036928415 0.0009175804443657398 0.0010061009088531137 0.0011736691230908036 0.0012980606406927109 0.0014943255810067058 0.0016493682051077485 0.0019774825777858496 0.002092256210744381 0.002203290583565831 0.0026080189272761345 0.0030352408066391945 0.003252086229622364 0.0035842712968587875 0.0039794472977519035 0.004812559578567743 0.006050404626876116 0.006548033561557531 0.007979474030435085 0.008793805725872517 0.009912509471178055 0.010410767048597336 0.0 0.0
0.9079098105430603 0.0021574131678789854 0.0007518978090956807 0.000558128347620368 0.0006098794983699918 0.0006518844747915864 0.0006532275001518428 0.000621517188847065 0.0006724938866682351 0.0007808331865817308 0.0008784547098912299 0.0011007169960066676 0.0014239723095670342 0.0012479108991101384 0.0014376186300069094 0.0016992153832688928 0.0021368255838751793 0.0020903367549180984 0.002294747857376933 0.00239489134401083 0.004724202677607536 0.003109622746706009 0.003649617312476039 0.003945709206163883 0.004916349891573191 0.0053799888119101524 0.0063705965876579285 0.007577337324619293 0.008440281264483929 0.00949325691908598 0.010321508161723614 0.0
0.9079239964485168 0.002299089916050434 0.0007519366918131709 0.0005357392365112901 0.0005446317372843623 0.0005742472712881863 0.0006831833743490279 0.0006432434893213212 0.0006119278841651976 0.0007284911116585135 0.0008423791150562465 0.0009619932970963418 0.0010167015716433525 0.0011885043932124972 0.0012619637418538332 0.0016428957460448146 0.0016278130933642387 0.0020413915626704693 0.001976744271814823 0.002125701168552041 0.0022962898947298527 0.0030315984040498734 0.0030548854265362024 0.0035639225970953703 0.004118993412703276 0.004741817247122526 0.006105467677116394 0.0069159939885139465 0.007452984340488911 0.008703744038939476 0.009709753096103668 0.010324215516448021
