1.0 0.0 0.0 0.0 0.0 0.0 0.0 0.0 0.0 0.0 0.0 0.0 0.0 0.0 0.0 0.0 0.0 0.0 0.0 0.0 0.0 0.0 0.0 0.0 0.0 0.0 0.0 0.0 0.0 0.0 0.0 0.0
0.9606530666351318 0.039348915219306946 0.0 0.0 0.0 0.0 0.0 0.0 0.0 0.0 0.0 0.0 0.0 0.0 0.0 0.0 0.0 0.0 0.0 0.0 0.0 0.0 0.0 0.0 0.0 0.0 0.0 0.0 0.0 0.0 0.0 0.0
0.8897410035133362 0.09367202967405319 0.016587594524025917 0.0 0.0 0.0 0.0 0.0 0.0 0.0 0.0 0.0 0.0 0.0 0.0 0.0 0.0 0.0 0.0 0.0 0.0 0.0 0.0 0.0 0.0 0.0 0.0 0.0 0.0 0.0 0.0 0.0
0.8421244025230408 0.08137480169534683 0.058484796434640884 0.018013520166277885 0.0 0.0 0.0 0.0 0.0 0.0 0.0 0.0 0.0 0.0 0.0 0.0 0.0 0.0 0.0 0.0 0.0 0.0 0.0 0.0 0.0 0.0 0.0 0.0 0.0 0.0 0.0 0.0
0.7992153763771057 0.06721032410860062 0.058652665466070175 0.05586307495832443 0.019067000597715378 0.0 0.0 0.0 0.0 0.0 0.0 0.0 0.0 0.0 0.0 0.0 0.0 0.0 0.0 0.0 0.0 0.0 0.0 0.0 0.0 0.0 0.0 0.0 0.0 0.0 0.0 0.0
0.7682785391807556 0.05614571273326874 0.04753147438168526 0.05546758696436882 0.054360531270504 0.018214788287878036 0.0 0.0 0.0 0.0 0.0 0.0 0.0 0.0 0.0 0.0 0.0 0.0 0.0 0.0 0.0 0.0 0.0 0.0 0.0 0.0 0.0 0.0 0.0 0.0 0.0 0.0
0.7386437654495239 0.05303862690925598 0.03889869153499603 0.04641310125589371 0.0537654310464859 0.051645368337631226 0.01759234257042408 0.0 0.0 0.0 0.0 0.0 0.0 0.0 0.0 0.0 0.0 0.0 0.0 0.0 0.0 0.0 0.0 0.0 0.0 0.0 0.0 0.0 0.0 0.0 0.0 0.0
0.7124539017677307 0.04960903897881508 0.035236965864896774 0.039123259484767914 0.046189989894628525 0.05337607488036156 0.04791250824928284 0.016102543100714684 0.0 0.0 0.0 0.0 0.0 0.0 0.0 0.0 0.0 0.0 0.0 0.0 0.0 0.0 0.0 0.0 0.0 0.0 0.0 0.0 0.0 0.0 0.0 0.0
0.7032978534698486 0.045605193823575974 0.030918700620532036 0.033240221440792084 0.03713291510939598 0.04347863420844078 0.04715026170015335 0.043587882071733475 0.015592759475111961 0.0 0.0 0.0 0.0 0.0 0.0 0.0 0.0 0.0 0.0 0.0 0.0 0.0 0.0 0.0 0.0 0.0 0.0 0.0 0.0 0.0 0.0 0.0
0.6875318884849548 0.0401756577193737 0.029206039384007454 0.030832000076770782 0.03265870362520218 0.035815346986055374 0.04057913273572922 0.04576354846358299 0.04207025095820427 0.015362880192697048 0.0 0.0 0.0 0.0 0.0 0.0 0.0 0.0 0.0 0.0 0.0 0.0 0.0 0.0 0.0 0.0 0.0 0.0 0.0 0.0 0.0 0.0
0.6763352155685425 0.03553038462996483 0.026821790263056755 0.028722088783979416 0.029880397021770477 0.030690548941493034 0.03310580924153328 0.039679087698459625 0.04349192976951599 0.0413026325404644 0.014444983564317226 0.0 0.0 0.0 0.0 0.0 0.0 0.0 0.0 0.0 0.0 0.0 0.0 0.0 0.0 0.0 0.0 0.0 0.0 0.0 0.0 0.0
0.6659627556800842 0.032637450844049454 0.023685039952397346 0.02686545066535473 0.02871716395020485 0.02872622385621071 0.029408656060695648 0.03274891898036003 0.037416692823171616 0.04126380383968353 0.038809884339571 0.013756347820162773 0.0 0.0 0.0 0.0 0.0 0.0 0.0 0.0 0.0 0.0 0.0 0.0 0.0 0.0 0.0 0.0 0.0 0.0 0.0 0.0
0.6576218008995056 0.03097410872578621 0.02070092223584652 0.02405235543847084 0.02658681385219097 0.027031054720282555 0.027338040992617607 0.028607526794075966 0.031160593032836914 0.036136072129011154 0.03959280997514725 0.03684195131063461 0.013356219045817852 0.0 0.0 0.0 0.0 0.0 0.0 0.0 0.0 0.0 0.0 0.0 0.0 0.0 0.0 0.0 0.0 0.0 0.0 0.0
0.6487367749214172 0.02878829836845398 0.01883871480822563 0.021032439544796944 0.023436550050973892 0.02541157975792885 0.02574664168059826 0.026807399466633797 0.02749740332365036 0.03005260042846203 0.03550869598984718 0.03912143036723137 0.0358106903731823 0.013211523182690144 0.0 0.0 0.0 0.0 0.0 0.0 0.0 0.0 0.0 0.0 0.0 0.0 0.0 0.0 0.0 0.0 0.0 0.0
0.6387582421302795 0.02868865430355072 0.01880573481321335 0.01987909898161888 0.0210710559040308 0.02306911163032055 0.025447579100728035 0.02580619417130947 0.025752320885658264 0.026621922850608826 0.029828127473592758 0.033293794840574265 0.03651827946305275 0.034219302237033844 0.012244302779436111 0.0 0.0 0.0 0.0 0.0 0.0 0.0 0.0 0.0 0.0 0.0 0.0 0.0 0.0 0.0 0.0 0.0
0.6313567161560059 0.026221096515655518 0.01793413609266281 0.01877550780773163 0.01951676234602928 0.020969867706298828 0.022124100476503372 0.023720957338809967 0.02458752878010273 0.025322426110506058 0.026495227590203285 0.028923247009515762 0.03284657746553421 0.03676769137382507 0.032286327332258224 0.012150811962783337 0.0 0.0 0.0 0.0 0.0 0.0 0.0 0.0 0.0 0.0 0.0 0.0 0.0 0.0 0.0 0.0
0.6270753145217896 0.02535044401884079 0.01724334806203842 0.018294747918844223 0.018636269494891167 0.019397228956222534 0.020399123430252075 0.022187357768416405 0.023283515125513077 0.0235776174813509 0.024538245052099228 0.025264780968427658 0.027347588911652565 0.030978377908468246 0.033524952828884125 0.031141182407736778 0.01176027674227953 0.0 0.0 0.0 0.0 0.0 0.0 0.0 0.0 0.0 0.0 0.0 0.0 0.0 0.0 0.0
0.6184242963790894 0.02364192344248295 0.0157012939453125 0.01727510429918766 0.018283670768141747 0.017993038520216942 0.01806466653943062 0.019816812127828598 0.021250935271382332 0.02316461317241192 0.02406132221221924 0.02374590002000332 0.0246740709990263 0.02808395028114319 0.030171608552336693 0.032661452889442444 0.03146285563707352 0.011518077924847603 0.0 0.0 0.0 0.0 0.0 0.0 0.0 0.0 0.0 0.0 0.0 0.0 0.0 0.0
0.6149563789367676 0.023494673892855644 0.014731242321431637 0.016753125935792923 0.01759377494454384 0.017720406875014305 0.017395267263054848 0.017986029386520386 0.019266558811068535 0.020506776869297028 0.022104913368821144 0.022466937080025673 0.022597720846533775 0.02440175972878933 0.025713853538036346 0.02922159619629383 0.032033149152994156 0.02991291880607605 0.011144798249006271 0.0 0.0 0.0 0.0 0.0 0.0 0.0 0.0 0.0 0.0 0.0 0.0 0.0
0.6072938442230225 0.023677337914705276 0.014069555327296257 0.01553861703723669 0.016606006771326065 0.017085492610931396 0.01715657114982605 0.017114179208874702 0.017523767426609993 0.019006574526429176 0.02060801163315773 0.021222637966275215 0.022222794592380524 0.022434359416365623 0.02269662357866764 0.02526627480983734 0.02868841215968132 0.031300369650125504 0.029357071965932846 0.011128159239888191 0.0 0.0 0.0 0.0 0.0 0.0 0.0 0.0 0.0 0.0 0.0 0.0
0.5963940024375916 0.023201055824756622 0.013945144601166248 0.015032448805868626 0.01551856379956007 0.0162319615483284 0.016816455870866776 0.017033984884619713 0.016791298985481262 0.01725148595869541 0.018516704440116882 0.019463105127215385 0.020730260759592056 0.022372514009475708 0.021968740969896317 0.022943126037716866 0.025685736909508705 0.02811233140528202 0.03111925534904003 0.029552148655056953 0.011321845464408398 0.0 0.0 0.0 0.0 0.0 0.0 0.0 0.0 0.0 0.0 0.0
0.5913659930229187 0.021962696686387062 0.013893572613596916 0.014672067947685719 0.014820481650531292 0.01545047853142023 0.015845078974962234 0.016400521621108055 0.016443073749542236 0.016496604308485985 0.016994420439004898 0.01771850511431694 0.019113073125481606 0.02056029438972473 0.021208304911851883 0.021563002839684486 0.02234920673072338 0.024673810228705406 0.028442222625017166 0.03068593144416809 0.02861303836107254 0.010724888183176517 0.0 0.0 0.0 0.0 0.0 0.0 0.0 0.0 0.0 0.0
0.586883544921875 0.020183522254228592 0.013714935630559921 0.015169402584433556 0.014843574725091457 0.014953616075217724 0.015058772638440132 0.015509773045778275 0.015610565431416035 0.015956543385982513 0.01618475653231144 0.016689103096723557 0.017510749399662018 0.019740412011742592 0.019731733947992325 0.020645899698138237 0.020937316119670868 0.021987656131386757 0.024059077724814415 0.027217241004109383 0.029488876461982727 0.0274096317589283 0.010513370856642723 0.0 0.0 0.0 0.0 0.0 0.0 0.0 0.0 0.0
0.5844378471374512 0.01854214444756508 0.012343468144536018 0.014108349569141865 0.01416980754584074 0.014395994134247303 0.014680948108434677 0.014720036648213863 0.015076633542776108 0.015471231192350388 0.01570383831858635 0.015871545299887657 0.016012927517294884 0.01792842335999012 0.018276141956448555 0.01952999085187912 0.020095599815249443 0.020656954497098923 0.021624982357025146 0.023938747122883797 0.026442404836416245 0.028801361098885536 0.026823369786143303 0.01034652628004551 0.0 0.0 0.0 0.0 0.0 0.0 0.0 0.0
0.582127571105957 0.0184373389929533 0.01130220852792263 0.012978521175682545 0.01357392780482769 0.01420336402952671 0.014207646250724792 0.014039486646652222 0.014479453675448895 0.014740153215825558 0.015316999517381191 0.015515947714447975 0.015195991843938828 0.01649235188961029 0.01654304936528206 0.01772739551961422 0.018950633704662323 0.01942613534629345 0.019894864410161972 0.020678546279668808 0.0230630561709404 0.02590273693203926 0.02813675068318844 0.02682637982070446 0.010242316871881485 0.0 0.0 0.0 0.0 0.0 0.0 0.0
0.5786103010177612 0.01871991902589798 0.01067767757922411 0.011721866205334663 0.012416197918355465 0.013145098462700844 0.013555916957557201 0.013821283355355263 0.013744469732046127 0.014070977456867695 0.014435452409088612 0.014878672547638416 0.014836504124104977 0.015248464420437813 0.015227165073156357 0.01635393500328064 0.017448600381612778 0.018467798829078674 0.01975409686565399 0.019813578575849533 0.020885905250906944 0.02254994586110115 0.025466464459896088 0.0279653649777174 0.026126008480787277 0.010058235377073288 0.0 0.0 0.0 0.0 0.0 0.0
0.5716437101364136 0.017908940091729164 0.010241471230983734 0.011106795631349087 0.011619064025580883 0.012435048818588257 0.013100042939186096 0.013392452150583267 0.013741924427449703 0.013607545755803585 0.01398141123354435 0.014348885975778103 0.014395983889698982 0.014786080457270145 0.014600349590182304 0.015080911107361317 0.016250837594270706 0.017282705754041672 0.018770618364214897 0.019891060888767242 0.01978532038629055 0.020330004394054413 0.02205546572804451 0.025158559903502464 0.028125785291194916 0.0264753270894289 0.00988733395934105 0.0 0.0 0.0 0.0 0.0
0.569275975227356 0.016858277842402458 0.010366065427660942 0.011081437580287457 0.010670924559235573 0.011094257235527039 0.011767422780394554 0.01287564355880022 0.013011430390179157 0.012952739372849464 0.013155542314052582 0.013809693977236748 0.013815313577651978 0.014812177047133446 0.014163547195494175 0.0145370252430439 0.014798667281866074 0.015879280865192413 0.017576420679688454 0.018548231571912766 0.018730994313955307 0.018950700759887695 0.020177554339170456 0.02254406549036503 0.025705158710479736 0.02718321606516838 0.025858325883746147 0.009801190346479416 0.0 0.0 0.0 0.0
0.5597891211509705 0.01647198759019375 0.010105260647833347 0.010972661897540092 0.010763643309473991 0.011001786217093468 0.011111931875348091 0.011789947748184204 0.012442165054380894 0.012946642003953457 0.013008839450776577 0.013226263225078583 0.01338429655879736 0.015176879242062569 0.014016813598573208 0.014296536333858967 0.014268587343394756 0.014624218456447124 0.016124239191412926 0.017648406326770782 0.018285101279616356 0.018471788614988327 0.01877897046506405 0.02014993131160736 0.023022886365652084 0.02534986101090908 0.027401022613048553 0.02554578147828579 0.009826966561377048 0.0 0.0 0.0
0.5574365854263306 0.015736201778054237 0.009664610959589481 0.0108730997890234 0.01071847788989544 0.010795672424137592 0.01044288370758295 0.010791175067424774 0.011496072635054588 0.012079320847988129 0.012669107876718044 0.012752378359436989 0.012833748944103718 0.01430222112685442 0.013517444021999836 0.013984357938170433 0.013932687230408192 0.014104251749813557 0.015009385533630848 0.015922987833619118 0.01694798283278942 0.017631130293011665 0.01819070614874363 0.019129974767565727 0.020748822018504143 0.022096192464232445 0.024738598614931107 0.026879452168941498 0.024797827005386353 0.009780309163033962 0.0 0.0
0.5546623468399048 0.015298895537853241 0.00903316866606474 0.01023357454687357 0.010681980289518833 0.010777182877063751 0.010210378095507622 0.010117369703948498 0.010539568960666656 0.011530586518347263 0.012164519168436527 0.01253896951675415 0.012754686176776886 0.013980177231132984 0.013113661669194698 0.01349312998354435 0.013605821877717972 0.013697568327188492 0.014059838838875294 0.014711664989590645 0.015613654628396034 0.016306888312101364 0.017280323430895805 0.01819499582052231 0.01866217702627182 0.019379770383238792 0.021621225401759148 0.024478532373905182 0.02654637210071087 0.025141501799225807 0.009570866823196411 0.0
0.547299325466156 0.017650838941335678 0.009194347076117992 0.009576099924743176 0.010498966090381145 0.011952796950936317 0.012144764885306358 0.010276968590915203 0.010419688187539577 0.010914882645010948 0.01126160565763712 0.011789352633059025 0.012419668957591057 0.013160931877791882 0.012317121028900146 0.012750164605677128 0.012994005344808102 0.013143926858901978 0.013767082244157791 0.013885934837162495 0.014785200357437134 0.01488370168954134 0.016129357740283012 0.01704881340265274 0.017734898254275322 0.018048563972115517 0.01923307776451111 0.02115255407989025 0.02408217266201973 0.02570897899568081 0.024142898619174957 0.009633357636630535
