1.0 0.0 0.0 0.0 0.0 0.0 0.0 0.0 0.0 0.0 0.0 0.0 0.0 0.0 0.0 0.0 0.0 0.0 0.0 0.0 0.0 0.0 0.0 0.0 0.0 0.0 0.0 0.0 0.0 0.0 0.0 0.0
0.9759590029716492 0.024032732471823692 0.0 0.0 0.0 0.0 0.0 0.0 0.0 0.0 0.0 0.0 0.0 0.0 0.0 0.0 0.0 0.0 0.0 0.0 0.0 0.0 0.0 0.0 0.0 0.0 0.0 0.0 0.0 0.0 0.0 0.0
0.9643096923828125 0.015874378383159637 0.01981501094996929 0.0 0.0 0.0 0.0 0.0 0.0 0.0 0.0 0.0 0.0 0.0 0.0 0.0 0.0 0.0 0.0 0.0 0.0 0.0 0.0 0.0 0.0 0.0 0.0 0.0 0.0 0.0 0.0 0.0
0.9584866762161255 0.013604765757918358 0.010577181354165077 0.01733662746846676 0.0 0.0 0.0 0.0 0.0 0.0 0.0 0.0 0.0 0.0 0.0 0.0 0.0 0.0 0.0 0.0 0.0 0.0 0.0 0.0 0.0 0.0 0.0 0.0 0.0 0.0 0.0 0.0
0.9537341594696045 0.012394711375236511 0.008112038485705853 0.008509499952197075 0.017254285514354706 0.0 0.0 0.0 0.0 0.0 0.0 0.0 0.0 0.0 0.0 0.0 0.0 0.0 0.0 0.0 0.0 0.0 0.0 0.0 0.0 0.0 0.0 0.0 0.0 0.0 0.0 0.0
0.9499759078025818 0.01123358216136694 0.007021257653832436 0.006190961692482233 0.007980769500136375 0.01759190857410431 0.0 0.0 0.0 0.0 0.0 0.0 0.0 0.0 0.0 0.0 0.0 0.0 0.0 0.0 0.0 0.0 0.0 0.0 0.0 0.0 0.0 0.0 0.0 0.0 0.0 0.0
0.9447360038757324 0.010611113160848618 0.005746924784034491 0.005648927763104439 0.006260414607822895 0.008636794984340668 0.0183640718460083 0.0 0.0 0.0 0.0 0.0 0.0 0.0 0.0 0.0 0.0 0.0 0.0 0.0 0.0 0.0 0.0 0.0 0.0 0.0 0.0 0.0 0.0 0.0 0.0 0.0
0.94086754322052 0.0092744380235672 0.004900666419416666 0.004697016440331936 0.004977287258952856 0.006981282494962215 0.008472641929984093 0.019829601049423218 0.0 0.0 0.0 0.0 0.0 0.0 0.0 0.0 0.0 0.0 0.0 0.0 0.0 0.0 0.0 0.0 0.0 0.0 0.0 0.0 0.0 0.0 0.0 0.0
0.934916615486145 0.008706662803888321 0.004997299052774906 0.004920983221381903 0.005208986811339855 0.006544379983097315 0.00615142285823822 0.008487476035952568 0.020068490877747536 0.0 0.0 0.0 0.0 0.0 0.0 0.0 0.0 0.0 0.0 0.0 0.0 0.0 0.0 0.0 0.0 0.0 0.0 0.0 0.0 0.0 0.0 0.0
0.934593141078949 0.00845241453498602 0.004327664151787758 0.004100281745195389 0.004029181320220232 0.005263020284473896 0.005053648259490728 0.006284965202212334 0.008374224416911602 0.019520023837685585 0.0 0.0 0.0 0.0 0.0 0.0 0.0 0.0 0.0 0.0 0.0 0.0 0.0 0.0 0.0 0.0 0.0 0.0 0.0 0.0 0.0 0.0
0.9321082234382629 0.00825865101069212 0.004211633466184139 0.0037372326478362083 0.003769895527511835 0.004414676688611507 0.004579887725412846 0.004914721008390188 0.005894747097045183 0.00784335471689701 0.020268699154257774 0.0 0.0 0.0 0.0 0.0 0.0 0.0 0.0 0.0 0.0 0.0 0.0 0.0 0.0 0.0 0.0 0.0 0.0 0.0 0.0 0.0
0.9287546873092651 0.008020521141588688 0.00399915361776948 0.0036713136360049248 0.003647567005828023 0.004183413926512003 0.004201272968202829 0.004492811858654022 0.004798409063369036 0.005670739803463221 0.008157581090927124 0.020405184477567673 0.0 0.0 0.0 0.0 0.0 0.0 0.0 0.0 0.0 0.0 0.0 0.0 0.0 0.0 0.0 0.0 0.0 0.0 0.0 0.0
0.9239119291305542 0.007932525128126144 0.004313924349844456 0.0038118616212159395 0.003874810878187418 0.00379050406627357 0.004031107295304537 0.004111660644412041 0.004438419826328754 0.00479555269703269 0.0061953505501151085 0.008028490468859673 0.02076132223010063 0.0 0.0 0.0 0.0 0.0 0.0 0.0 0.0 0.0 0.0 0.0 0.0 0.0 0.0 0.0 0.0 0.0 0.0 0.0
0.9221623539924622 0.007477480452507734 0.004160335287451744 0.003618028713390231 0.0034018047153949738 0.003573276102542877 0.003800787730142474 0.003931466955691576 0.0039854589849710464 0.004328812472522259 0.0049672359600663185 0.0058020115830004215 0.008234420791268349 0.020555280148983 0.0 0.0 0.0 0.0 0.0 0.0 0.0 0.0 0.0 0.0 0.0 0.0 0.0 0.0 0.0 0.0 0.0 0.0
0.9183657765388489 0.007130706217139959 0.004071576986461878 0.003704031463712454 0.0035674776881933212 0.0035504477564245462 0.003733980003744364 0.0037414892576634884 0.004012682940810919 0.004059165716171265 0.004610811360180378 0.005183483939617872 0.006050632800906897 0.008093591779470444 0.020123660564422607 0.0 0.0 0.0 0.0 0.0 0.0 0.0 0.0 0.0 0.0 0.0 0.0 0.0 0.0 0.0 0.0 0.0
0.9143076539039612 0.0069945575669407845 0.0038933181203901768 0.0035135182552039623 0.0035924443509429693 0.0036676148883998394 0.003545554121956229 0.0036693094298243523 0.003909002523869276 0.003985998686403036 0.004159101750701666 0.0044325790368020535 0.005122840404510498 0.005770669784396887 0.007970230653882027 0.02146233059465885 0.0 0.0 0.0 0.0 0.0 0.0 0.0 0.0 0.0 0.0 0.0 0.0 0.0 0.0 0.0 0.0
0.9098989963531494 0.00699473125860095 0.0035197618417441845 0.0034839054569602013 0.0035105873830616474 0.0037200446240603924 0.0038519513327628374 0.0037441204767674208 0.0041071269661188126 0.0038680408615618944 0.004532711114734411 0.004056623205542564 0.004589238204061985 0.004866146016865969 0.005835387855768204 0.008114606142044067 0.021303636953234673 0.0 0.0 0.0 0.0 0.0 0.0 0.0 0.0 0.0 0.0 0.0 0.0 0.0 0.0 0.0
0.9074758291244507 0.006678590085357428 0.003512103809043765 0.003650532802566886 0.003783985273912549 0.003868896048516035 0.003793054725974798 0.0037349204067140818 0.0037862209137529135 0.003576287068426609 0.0036825654096901417 0.003831146052107215 0.004086181987076998 0.004623936489224434 0.004880690481513739 0.0061014448292553425 0.007900543510913849 0.021028293296694756 0.0 0.0 0.0 0.0 0.0 0.0 0.0 0.0 0.0 0.0 0.0 0.0 0.0 0.0
0.9022299647331238 0.006611276417970657 0.003443154040724039 0.0035682839807122946 0.003662311704829335 0.003860631724819541 0.0038482516538351774 0.0037719577085226774 0.0037759754341095686 0.0036946518812328577 0.003819200908765197 0.004212400410324335 0.003961930051445961 0.004356424789875746 0.004465022124350071 0.005189875140786171 0.005964622832834721 0.008164078928530216 0.0214000903069973 0.0 0.0 0.0 0.0 0.0 0.0 0.0 0.0 0.0 0.0 0.0 0.0 0.0
0.8972559571266174 0.006441297475248575 0.0033803856931626797 0.003683360293507576 0.003668371820822358 0.003655570326372981 0.0039730193093419075 0.00393249187618494 0.0037778536789119244 0.0039486209861934185 0.0039036350790411234 0.003926093224436045 0.0038529501762241125 0.0038801105692982674 0.004137313924729824 0.0048362743109464645 0.005103167612105608 0.006303596310317516 0.008999207057058811 0.021339746192097664 0.0 0.0 0.0 0.0 0.0 0.0 0.0 0.0 0.0 0.0 0.0 0.0
0.8938299417495728 0.00645896652713418 0.003321643453091383 0.003472463460639119 0.0035662215668708086 0.0037335073575377464 0.0037344112060964108 0.003783105406910181 0.003764208871871233 0.0038948424626141787 0.003972523380070925 0.0036980570293962955 0.003864695318043232 0.003910127095878124 0.004028884693980217 0.0044049713760614395 0.004533746745437384 0.0053942264057695866 0.006515360437333584 0.008267623372375965 0.02184673771262169 0.0 0.0 0.0 0.0 0.0 0.0 0.0 0.0 0.0 0.0 0.0
0.887944757938385 0.006618830841034651 0.0036125106271356344 0.003712245263159275 0.003704165108501911 0.003701794194057584 0.0037809608038514853 0.0038089940790086985 0.0038799471221864223 0.00396175729110837 0.003997951280325651 0.004023187793791294 0.0038532873149961233 0.003946306183934212 0.004022522829473019 0.004940186161547899 0.004157559014856815 0.004650571849197149 0.00555529585108161 0.00597120076417923 0.008223455399274826 0.0219293050467968 0.0 0.0 0.0 0.0 0.0 0.0 0.0 0.0 0.0 0.0
0.8862878680229187 0.006647440604865551 0.003589068306609988 0.003734086873009801 0.0038148663006722927 0.0038386727683246136 0.0037999057676643133 0.0037522276397794485 0.003885254729539156 0.003831892041489482 0.004103037528693676 0.003929488826543093 0.0040298281237483025 0.003962540999054909 0.0036716561298817396 0.003693241160362959 0.003788220463320613 0.003976589068770409 0.00441398611292243 0.004941681865602732 0.006100316997617483 0.008497136645019054 0.02171560563147068 0.0 0.0 0.0 0.0 0.0 0.0 0.0 0.0 0.0
0.8821539282798767 0.006756783463060856 0.003699352964758873 0.0037338114343583584 0.0037341846618801355 0.004024701192975044 0.0038397330790758133 0.003755941754207015 0.00382714974693954 0.003632884006947279 0.004103668965399265 0.0039243390783667564 0.003776844823732972 0.0038938678335398436 0.0035967109724879265 0.003610847983509302 0.0036398512311279774 0.0039722430519759655 0.004429526627063751 0.004387931898236275 0.005063068587332964 0.006161520257592201 0.008375304751098156 0.021907998248934746 0.0 0.0 0.0 0.0 0.0 0.0 0.0 0.0
0.8781018257141113 0.006534946616739035 0.003705540904775262 0.0039270129054784775 0.004047870635986328 0.0037331387866288424 0.003891721135005355 0.003622746793553233 0.0038630240596830845 0.003959975205361843 0.004157387651503086 0.003946495242416859 0.004045762587338686 0.00380312348715961 0.003778159385547042 0.0035423985682427883 0.0035008310806006193 0.0035837176255881786 0.004036326892673969 0.00409261230379343 0.004456255119293928 0.005275557283312082 0.006079132668673992 0.008284071460366249 0.022034740075469017 0.0 0.0 0.0 0.0 0.0 0.0 0.0
0.8726416230201721 0.006588147487491369 0.0036686155945062637 0.003869707463309169 0.004034218844026327 0.0037733057979494333 0.003886205842718482 0.0038265336770564318 0.004028657451272011 0.004107867833226919 0.004158401396125555 0.004373934585601091 0.004301737993955612 0.0037922279443591833 0.00427154079079628 0.0036805651616305113 0.0035641887225210667 0.0035446081310510635 0.003907897509634495 0.003942808602005243 0.004108861088752747 0.004567470867186785 0.005178465507924557 0.0060119288973510265 0.008510136976838112 0.02165987156331539 0.0 0.0 0.0 0.0 0.0 0.0
0.8671238422393799 0.006405659019947052 0.003468108596280217 0.0036813681945204735 0.003837434109300375 0.0037402689922600985 0.0038369845133274794 0.0037431935779750347 0.0038276142440736294 0.003854287089779973 0.004042904824018478 0.004520336631685495 0.004318228457123041 0.004049490671604872 0.005579393822699785 0.004128781612962484 0.0036920038983225822 0.0034985493402928114 0.0038095524068921804 0.0040301731787621975 0.0038194863591343164 0.004095306154340506 0.004514690022915602 0.005026733968406916 0.006438170559704304 0.008802028372883797 0.022114822641015053 0.0 0.0 0.0 0.0 0.0
0.8672577142715454 0.006312349811196327 0.0036263144575059414 0.003597917500883341 0.0039968290366232395 0.0038918049540370703 0.004069662187248468 0.0038579190149903297 0.0038467247504740953 0.003839138662442565 0.004106184002012014 0.004222098737955093 0.0039625209756195545 0.003942015580832958 0.003832452930510044 0.003724444191902876 0.003637411631643772 0.0037438313011080027 0.0038067831192165613 0.00361967203207314 0.0036377201322466135 0.0037559533957391977 0.004018671344965696 0.004596274811774492 0.005239600315690041 0.006071812938898802 0.008180641569197178 0.021600572392344475 0.0 0.0 0.0 0.0
0.8639940023422241 0.00617171311751008 0.0034903886262327433 0.00359009369276464 0.0038874170277267694 0.003911363892257214 0.00411112979054451 0.003963904920965433 0.0039225053042173386 0.0039552198722958565 0.003943547606468201 0.005063739605247974 0.003888099454343319 0.003859872929751873 0.0036940015852451324 0.004046227317303419 0.0037347006145864725 0.003465001005679369 0.003720024833455682 0.0036851598415523767 0.003484556684270501 0.003645737422630191 0.003875242779031396 0.0040504042990505695 0.004412482958287001 0.005014719441533089 0.00586352264508605 0.008024955168366432 0.021525898948311806 0.0 0.0 0.0
0.8568647503852844 0.006148760672658682 0.0035403373185545206 0.0036158098373562098 0.00394415995106101 0.003934759646654129 0.004051926080137491 0.00391809269785881 0.004049008712172508 0.003948539029806852 0.004066017922013998 0.004483267664909363 0.004071978386491537 0.004164139274507761 0.003914922475814819 0.004110618028789759 0.0037677311338484287 0.003634552238509059 0.005005033686757088 0.003855992341414094 0.003748627845197916 0.004216365981847048 0.003765076631680131 0.004315793048590422 0.004138702992349863 0.0044303894974291325 0.0049790265038609505 0.00585583271458745 0.008126833476126194 0.02133900113403797 0.0 0.0
0.8498845100402832 0.006136317737400532 0.003558207768946886 0.003606548300012946 0.003695992985740304 0.003999954555183649 0.0040835305117070675 0.0040170918218791485 0.00396764138713479 0.0039948103949427605 0.0042960490100085735 0.004155350849032402 0.004140558186918497 0.004076989833265543 0.004329354502260685 0.005278107710182667 0.004071767441928387 0.003873643232509494 0.00583362253382802 0.003730088472366333 0.00371098262257874 0.0038079051300883293 0.0036835356149822474 0.005696312058717012 0.0038883602246642113 0.004084872547537088 0.004377170465886593 0.0048905001021921635 0.005792886484414339 0.008137557655572891 0.021202318370342255 0.0
0.8427723050117493 0.005913148168474436 0.0034544363152235746 0.0036982365418225527 0.0038660827558487654 0.003941643517464399 0.003938845358788967 0.004089422523975372 0.004123261198401451 0.004103491548448801 0.004142906051129103 0.004138309042900801 0.004264017567038536 0.004131322726607323 0.004192180000245571 0.0045335195027291775 0.0036178885493427515 0.0034770029596984386 0.009499362669885159 0.003695087041705847 0.00346658518537879 0.004474526271224022 0.00538027286529541 0.005766006652265787 0.0036651985719799995 0.003771822666749358 0.003924322780221701 0.004248099867254496 0.00474117835983634 0.0058535803109407425 0.007851501926779747 0.021265747025609016
