10.71379566192627 0.0 0.0 0.0 0.0 0.0 0.0 0.0 0.0 0.0 0.0 0.0 0.0 0.0 0.0 0.0 0.0 0.0 0.0 0.0 0.0 0.0 0.0 0.0 0.0 0.0 0.0 0.0 0.0 0.0 0.0 0.0
10.68337345123291 7.200642108917236 0.0 0.0 0.0 0.0 0.0 0.0 0.0 0.0 0.0 0.0 0.0 0.0 0.0 0.0 0.0 0.0 0.0 0.0 0.0 0.0 0.0 0.0 0.0 0.0 0.0 0.0 0.0 0.0 0.0 0.0
10.635047912597656 7.095475673675537 7.693134784698486 0.0 0.0 0.0 0.0 0.0 0.0 0.0 0.0 0.0 0.0 0.0 0.0 0.0 0.0 0.0 0.0 0.0 0.0 0.0 0.0 0.0 0.0 0.0 0.0 0.0 0.0 0.0 0.0 0.0
10.590744972229004 6.642989635467529 7.547297477722168 7.839178562164307 0.0 0.0 0.0 0.0 0.0 0.0 0.0 0.0 0.0 0.0 0.0 0.0 0.0 0.0 0.0 0.0 0.0 0.0 0.0 0.0 0.0 0.0 0.0 0.0 0.0 0.0 0.0 0.0
10.560643196105957 6.232929706573486 7.083514213562012 7.625028133392334 7.874711513519287 0.0 0.0 0.0 0.0 0.0 0.0 0.0 0.0 0.0 0.0 0.0 0.0 0.0 0.0 0.0 0.0 0.0 0.0 0.0 0.0 0.0 0.0 0.0 0.0 0.0 0.0 0.0
10.54096794128418 5.875065803527832 6.756309986114502 7.134134292602539 7.669186115264893 7.832292556762695 0.0 0.0 0.0 0.0 0.0 0.0 0.0 0.0 0.0 0.0 0.0 0.0 0.0 0.0 0.0 0.0 0.0 0.0 0.0 0.0 0.0 0.0 0.0 0.0 0.0 0.0
10.523462295532227 5.584797382354736 6.51093053817749 6.818808555603027 7.158503532409668 7.639307975769043 7.852086067199707 0.0 0.0 0.0 0.0 0.0 0.0 0.0 0.0 0.0 0.0 0.0 0.0 0.0 0.0 0.0 0.0 0.0 0.0 0.0 0.0 0.0 0.0 0.0 0.0 0.0
10.5054292678833 5.55642032623291 6.365475177764893 6.556084156036377 6.8213982582092285 7.146484851837158 7.6358962059021 7.882626056671143 0.0 0.0 0.0 0.0 0.0 0.0 0.0 0.0 0.0 0.0 0.0 0.0 0.0 0.0 0.0 0.0 0.0 0.0 0.0 0.0 0.0 0.0 0.0 0.0
10.48546028137207 5.441604137420654 6.1539835929870605 6.347317695617676 6.553158760070801 6.815747261047363 7.259319305419922 7.6774492263793945 7.904120922088623 0.0 0.0 0.0 0.0 0.0 0.0 0.0 0.0 0.0 0.0 0.0 0.0 0.0 0.0 0.0 0.0 0.0 0.0 0.0 0.0 0.0 0.0 0.0
10.475689888000488 5.256397724151611 6.045528888702393 6.174464225769043 6.241776466369629 6.43920373916626 6.811910152435303 7.119765281677246 7.745978832244873 7.94848108291626 0.0 0.0 0.0 0.0 0.0 0.0 0.0 0.0 0.0 0.0 0.0 0.0 0.0 0.0 0.0 0.0 0.0 0.0 0.0 0.0 0.0 0.0
10.465023040771484 5.053277015686035 5.960740089416504 6.122202396392822 6.0890631675720215 6.197694301605225 6.4719929695129395 6.785836696624756 7.231925964355469 7.77621603012085 7.889008045196533 0.0 0.0 0.0 0.0 0.0 0.0 0.0 0.0 0.0 0.0 0.0 0.0 0.0 0.0 0.0 0.0 0.0 0.0 0.0 0.0 0.0
10.455556869506836 4.913074970245361 5.814189434051514 6.1255059242248535 6.123442649841309 6.049223899841309 6.1862006187438965 6.4880852699279785 6.841261863708496 7.142678260803223 7.762882232666016 7.910300254821777 0.0 0.0 0.0 0.0 0.0 0.0 0.0 0.0 0.0 0.0 0.0 0.0 0.0 0.0 0.0 0.0 0.0 0.0 0.0 0.0
10.447633743286133 4.876542568206787 5.725636959075928 5.957891941070557 6.118499755859375 6.036007881164551 6.095450401306152 6.218014240264893 6.571251392364502 6.744150638580322 7.169624328613281 7.741368293762207 7.89967155456543 0.0 0.0 0.0 0.0 0.0 0.0 0.0 0.0 0.0 0.0 0.0 0.0 0.0 0.0 0.0 0.0 0.0 0.0 0.0
10.443793296813965 4.859703063964844 5.598130226135254 5.804799556732178 5.8959197998046875 5.952692031860352 5.992058277130127 6.056355953216553 6.23529052734375 6.4252190589904785 6.797431468963623 7.201237678527832 7.713277339935303 7.911072731018066 0.0 0.0 0.0 0.0 0.0 0.0 0.0 0.0 0.0 0.0 0.0 0.0 0.0 0.0 0.0 0.0 0.0 0.0
10.42136287689209 4.851309776306152 5.602052688598633 5.757630348205566 5.798631191253662 5.846149921417236 5.931975364685059 6.010754108428955 6.147073745727539 6.244622230529785 6.491241455078125 6.921647548675537 7.24664831161499 7.780066013336182 7.926302433013916 0.0 0.0 0.0 0.0 0.0 0.0 0.0 0.0 0.0 0.0 0.0 0.0 0.0 0.0 0.0 0.0 0.0
10.421013832092285 4.7713165283203125 5.571585655212402 5.685197353363037 5.657250881195068 5.728758811950684 5.811307430267334 5.9400954246521 6.102047443389893 6.089261531829834 6.253105163574219 6.528386116027832 6.848599433898926 7.195370197296143 7.755383014678955 7.909758567810059 0.0 0.0 0.0 0.0 0.0 0.0 0.0 0.0 0.0 0.0 0.0 0.0 0.0 0.0 0.0 0.0
10.403383255004883 4.617005348205566 5.506416320800781 5.670566082000732 5.68295955657959 5.663129806518555 5.742781162261963 5.84653377532959 6.064148426055908 6.234119892120361 6.147796154022217 6.281031131744385 6.521289825439453 6.850680351257324 7.277647972106934 7.738300323486328 7.940793037414551 0.0 0.0 0.0 0.0 0.0 0.0 0.0 0.0 0.0 0.0 0.0 0.0 0.0 0.0 0.0
10.408222198486328 4.457003116607666 5.429356098175049 5.655450820922852 5.63147497177124 5.6912522315979 5.6903395652771 5.773096084594727 5.848631858825684 5.916102409362793 6.073324203491211 6.151333332061768 6.235489845275879 6.483735084533691 6.7786664962768555 7.200307369232178 7.734220027923584 7.92011022567749 0.0 0.0 0.0 0.0 0.0 0.0 0.0 0.0 0.0 0.0 0.0 0.0 0.0 0.0
10.393919944763184 4.39948034286499 5.370711326599121 5.613344669342041 5.576456546783447 5.689831256866455 5.692643642425537 5.763279438018799 5.767040729522705 5.848136901855469 6.075740814208984 6.0622100830078125 6.102578639984131 6.238770484924316 6.453692436218262 6.851867198944092 7.173859119415283 7.769111156463623 7.943759918212891 0.0 0.0 0.0 0.0 0.0 0.0 0.0 0.0 0.0 0.0 0.0 0.0 0.0
10.383402824401855 4.408520698547363 5.269200801849365 5.488423824310303 5.499020099639893 5.634997367858887 5.64514684677124 5.69003963470459 5.747106552124023 5.768351078033447 5.876072406768799 6.03551721572876 6.064661026000977 6.115092754364014 6.296319961547852 6.543195724487305 6.824470520019531 7.199061870574951 7.799625873565674 7.937438011169434 0.0 0.0 0.0 0.0 0.0 0.0 0.0 0.0 0.0 0.0 0.0 0.0
10.380658149719238 4.443470478057861 5.293466567993164 5.4783148765563965 5.459527015686035 5.519842147827148 5.585213661193848 5.650880813598633 5.675268650054932 5.680548667907715 5.770059585571289 5.941540241241455 5.989419460296631 6.060431480407715 6.1081223487854 6.274277687072754 6.4990997314453125 6.838133811950684 7.174404621124268 7.761927127838135 7.948352813720703 0.0 0.0 0.0 0.0 0.0 0.0 0.0 0.0 0.0 0.0 0.0
10.365572929382324 4.408711910247803 5.2944135665893555 5.542581081390381 5.434900760650635 5.476868629455566 5.54365348815918 5.648741245269775 5.658248424530029 5.686226844787598 5.742937088012695 5.871452331542969 5.849145889282227 6.015020370483398 6.074449062347412 6.146538257598877 6.247945308685303 6.512203693389893 6.835954189300537 7.200215816497803 7.799910068511963 7.960711479187012 0.0 0.0 0.0 0.0 0.0 0.0 0.0 0.0 0.0 0.0
10.359556198120117 4.305477619171143 5.258383750915527 5.594766616821289 5.424006462097168 5.412891387939453 5.44914436340332 5.606316089630127 5.672358512878418 5.717184066772461 5.75327730178833 6.012346267700195 5.845386981964111 5.932728290557861 6.022418022155762 6.043523788452148 6.155592441558838 6.222668647766113 6.50689172744751 6.8553643226623535 7.208137512207031 7.762312889099121 7.9185051918029785 0.0 0.0 0.0 0.0 0.0 0.0 0.0 0.0 0.0
10.356061935424805 4.205419540405273 5.1571125984191895 5.421534061431885 5.401806831359863 5.3725481033325195 5.407475471496582 5.469669818878174 5.62449312210083 5.710095405578613 5.7847394943237305 5.806820392608643 5.738198280334473 5.859591007232666 5.835234642028809 5.92377233505249 6.020593643188477 6.13192892074585 6.310020446777344 6.5759148597717285 6.806832790374756 7.196864128112793 7.7795538902282715 7.926726341247559 0.0 0.0 0.0 0.0 0.0 0.0 0.0 0.0
10.3608980178833 4.296499729156494 5.118647575378418 5.398756980895996 5.387607097625732 5.349252700805664 5.409374713897705 5.43151330947876 5.559980869293213 5.588870525360107 5.683246612548828 5.749314785003662 5.715594291687012 5.767711162567139 5.8002448081970215 5.837121963500977 5.921474933624268 6.02532958984375 6.140182018280029 6.269212245941162 6.491350173950195 6.788481712341309 7.175425052642822 7.716721057891846 7.90606164932251 0.0 0.0 0.0 0.0 0.0 0.0 0.0
10.348573684692383 4.243762016296387 5.017240047454834 5.25433349609375 5.259632587432861 5.322125434875488 5.407317638397217 5.402776718139648 5.52695369720459 5.519428730010986 5.595080852508545 5.686203956604004 5.691773891448975 5.760701656341553 5.761521816253662 5.796057224273682 5.871273517608643 5.945274829864502 6.149524211883545 6.140017986297607 6.268705368041992 6.511340618133545 6.828376770019531 7.161338806152344 7.781179904937744 7.8989667892456055 0.0 0.0 0.0 0.0 0.0 0.0
10.341591835021973 4.290693283081055 5.076616287231445 5.238481044769287 5.20430850982666 5.277289867401123 5.4095683097839355 5.382145881652832 5.486954689025879 5.4905853271484375 5.608630657196045 5.809925079345703 5.74415922164917 5.796855449676514 5.7508721351623535 5.705451011657715 5.74692440032959 5.846127986907959 6.027209281921387 6.031569004058838 6.1037516593933105 6.24642276763916 6.557851791381836 6.818548679351807 7.166618824005127 7.736859321594238 7.908905982971191 0.0 0.0 0.0 0.0 0.0
10.337770462036133 4.306997299194336 5.123248100280762 5.168840408325195 5.122738838195801 5.188268184661865 5.310396194458008 5.328930377960205 5.455206871032715 5.452578067779541 5.55519962310791 5.570770263671875 5.603078365325928 5.688756942749023 5.746302604675293 5.723556041717529 5.691605567932129 5.740830421447754 5.8509202003479 5.957977771759033 5.982994079589844 6.094468116760254 6.316434383392334 6.488746166229248 6.836284160614014 7.2127556800842285 7.760783672332764 7.905203342437744 0.0 0.0 0.0 0.0
10.33353328704834 4.156299591064453 5.091645240783691 5.20551872253418 5.159603595733643 5.105030059814453 5.150028228759766 5.256430625915527 5.436995983123779 5.494174480438232 5.460259437561035 5.514796733856201 5.545057773590088 5.646546363830566 5.744390964508057 5.710385799407959 5.682795524597168 5.709029674530029 5.918951988220215 5.876108169555664 5.932271480560303 5.985147953033447 6.137813091278076 6.261526584625244 6.487959861755371 6.846802234649658 7.148955345153809 7.738159656524658 7.917515277862549 0.0 0.0 0.0
10.325042724609375 4.115921497344971 5.054983139038086 5.255945205688477 5.21079158782959 5.181379795074463 5.138822555541992 5.206274032592773 5.351014614105225 5.402626991271973 5.4606146812438965 5.48987340927124 5.507486820220947 5.558609962463379 5.676355361938477 5.7283759117126465 5.698116779327393 5.73049783706665 5.735846996307373 5.763604164123535 5.861141204833984 6.051356315612793 6.051656246185303 6.149184226989746 6.248020648956299 6.525839805603027 6.807868480682373 7.187295913696289 7.717465400695801 7.923014163970947 0.0 0.0
10.314358711242676 3.9885408878326416 4.912161350250244 5.158136367797852 5.254335880279541 5.225955009460449 5.17669153213501 5.166295051574707 5.247580528259277 5.3075127601623535 5.432031154632568 5.508336067199707 5.479546070098877 5.577637672424316 5.6527204513549805 5.71327543258667 5.670096397399902 5.737663269042969 5.891664981842041 5.676450729370117 5.821927070617676 5.953985691070557 5.982079029083252 6.0922746658325195 6.158280849456787 6.238245010375977 6.493675708770752 6.776734352111816 7.141765117645264 7.783058166503906 7.918198585510254 0.0
10.31591510772705 4.042330265045166 4.838173866271973 5.066793441772461 5.261173725128174 5.350063800811768 5.2108025550842285 5.2629804611206055 5.260715007781982 5.382566452026367 5.448422908782959 5.458322048187256 5.452349662780762 5.4950456619262695 5.598599433898926 5.543233871459961 5.660706996917725 5.671392917633057 5.851630210876465 5.667759895324707 5.787303924560547 5.928059101104736 5.9189229011535645 5.982917785644531 6.011054515838623 6.068062782287598 6.253755569458008 6.465569496154785 6.783057689666748 7.1371893882751465 7.706835746765137 7.901725769042969
