10.71379566192627 0.0 0.0 0.0 0.0 0.0 0.0 0.0 0.0 0.0 0.0 0.0 0.0 0.0 0.0 0.0 0.0 0.0 0.0 0.0 0.0 0.0 0.0 0.0 0.0 0.0 0.0 0.0 0.0 0.0 0.0 0.0
10.700653076171875 6.367164611816406 0.0 0.0 0.0 0.0 0.0 0.0 0.0 0.0 0.0 0.0 0.0 0.0 0.0 0.0 0.0 0.0 0.0 0.0 0.0 0.0 0.0 0.0 0.0 0.0 0.0 0.0 0.0 0.0 0.0 0.0
10.701441764831543 5.170136451721191 5.914311408996582 0.0 0.0 0.0 0.0 0.0 0.0 0.0 0.0 0.0 0.0 0.0 0.0 0.0 0.0 0.0 0.0 0.0 0.0 0.0 0.0 0.0 0.0 0.0 0.0 0.0 0.0 0.0 0.0 0.0
10.699403762817383 4.921352863311768 5.297190189361572 5.702798366546631 0.0 0.0 0.0 0.0 0.0 0.0 0.0 0.0 0.0 0.0 0.0 0.0 0.0 0.0 0.0 0.0 0.0 0.0 0.0 0.0 0.0 0.0 0.0 0.0 0.0 0.0 0.0 0.0
10.696840286254883 4.827632904052734 5.117631912231445 5.213132381439209 5.614928245544434 0.0 0.0 0.0 0.0 0.0 0.0 0.0 0.0 0.0 0.0 0.0 0.0 0.0 0.0 0.0 0.0 0.0 0.0 0.0 0.0 0.0 0.0 0.0 0.0 0.0 0.0 0.0
10.694441795349121 4.860625267028809 5.07566499710083 4.971652030944824 5.067409992218018 5.575296878814697 0.0 0.0 0.0 0.0 0.0 0.0 0.0 0.0 0.0 0.0 0.0 0.0 0.0 0.0 0.0 0.0 0.0 0.0 0.0 0.0 0.0 0.0 0.0 0.0 0.0 0.0
10.693530082702637 4.702140808105469 4.962107181549072 4.871335029602051 4.793241024017334 4.98684024810791 5.503511428833008 0.0 0.0 0.0 0.0 0.0 0.0 0.0 0.0 0.0 0.0 0.0 0.0 0.0 0.0 0.0 0.0 0.0 0.0 0.0 0.0 0.0 0.0 0.0 0.0 0.0
10.691601753234863 4.711020469665527 4.998697280883789 4.727440357208252 4.678940296173096 4.8304948806762695 4.898171901702881 5.488324165344238 0.0 0.0 0.0 0.0 0.0 0.0 0.0 0.0 0.0 0.0 0.0 0.0 0.0 0.0 0.0 0.0 0.0 0.0 0.0 0.0 0.0 0.0 0.0 0.0
10.688798904418945 4.652571678161621 4.9968180656433105 4.794953346252441 4.703676700592041 4.791013717651367 4.764310359954834 5.091030597686768 5.393246650695801 0.0 0.0 0.0 0.0 0.0 0.0 0.0 0.0 0.0 0.0 0.0 0.0 0.0 0.0 0.0 0.0 0.0 0.0 0.0 0.0 0.0 0.0 0.0
10.68864631652832 4.492255687713623 4.879157543182373 4.648684501647949 4.563528537750244 4.627900123596191 4.632494926452637 4.760334014892578 4.808267593383789 5.503479480743408 0.0 0.0 0.0 0.0 0.0 0.0 0.0 0.0 0.0 0.0 0.0 0.0 0.0 0.0 0.0 0.0 0.0 0.0 0.0 0.0 0.0 0.0
10.688094139099121 4.474198818206787 4.71585750579834 4.5938029289245605 4.511444091796875 4.495272636413574 4.572903156280518 4.650875091552734 4.645598411560059 4.893166542053223 5.381159782409668 0.0 0.0 0.0 0.0 0.0 0.0 0.0 0.0 0.0 0.0 0.0 0.0 0.0 0.0 0.0 0.0 0.0 0.0 0.0 0.0 0.0
10.686260223388672 4.497027397155762 4.756317138671875 4.60745906829834 4.5384416580200195 4.486361980438232 4.525246620178223 4.541934490203857 4.617802143096924 4.63753604888916 4.786139488220215 5.377267837524414 0.0 0.0 0.0 0.0 0.0 0.0 0.0 0.0 0.0 0.0 0.0 0.0 0.0 0.0 0.0 0.0 0.0 0.0 0.0 0.0
10.684566497802734 4.593807697296143 4.785455226898193 4.590000152587891 4.47056245803833 4.4841814041137695 4.4776201248168945 4.464375972747803 4.496510028839111 4.568451881408691 4.658567905426025 4.766482353210449 5.357852935791016 0.0 0.0 0.0 0.0 0.0 0.0 0.0 0.0 0.0 0.0 0.0 0.0 0.0 0.0 0.0 0.0 0.0 0.0 0.0
10.6845121383667 4.395177841186523 4.721189975738525 4.612527370452881 4.471579551696777 4.428163528442383 4.411345958709717 4.413880825042725 4.406237602233887 4.4477105140686035 4.486815929412842 4.5742363929748535 4.705648899078369 5.287496089935303 0.0 0.0 0.0 0.0 0.0 0.0 0.0 0.0 0.0 0.0 0.0 0.0 0.0 0.0 0.0 0.0 0.0 0.0
10.681900978088379 4.353647232055664 4.763853549957275 4.62375545501709 4.491407871246338 4.472655296325684 4.461485862731934 4.4126691818237305 4.411489486694336 4.478978633880615 4.430749893188477 4.525634765625 4.68720817565918 4.736736297607422 5.265265464782715 0.0 0.0 0.0 0.0 0.0 0.0 0.0 0.0 0.0 0.0 0.0 0.0 0.0 0.0 0.0 0.0 0.0
10.68080997467041 4.366875648498535 4.680992126464844 4.580101013183594 4.49680233001709 4.429734706878662 4.367825508117676 4.4451189041137695 4.415349960327148 4.382763385772705 4.409952640533447 4.4757585525512695 4.567691802978516 4.586118221282959 4.695988178253174 5.271355152130127 0.0 0.0 0.0 0.0 0.0 0.0 0.0 0.0 0.0 0.0 0.0 0.0 0.0 0.0 0.0 0.0
10.677022933959961 4.426782608032227 4.764194488525391 4.684200286865234 4.588324546813965 4.566893577575684 4.491298198699951 4.46917200088501 4.43501091003418 4.411037921905518 4.448723316192627 4.5856709480285645 4.490912437438965 4.518845081329346 4.596524238586426 4.697495937347412 5.286988735198975 0.0 0.0 0.0 0.0 0.0 0.0 0.0 0.0 0.0 0.0 0.0 0.0 0.0 0.0 0.0
10.676692008972168 4.358269214630127 4.720736026763916 4.558424472808838 4.536561489105225 4.427004337310791 4.462296009063721 4.4670209884643555 4.401952266693115 4.380256175994873 4.35081148147583 4.711439609527588 4.440197944641113 4.417372703552246 4.464313983917236 4.557784557342529 4.659835338592529 5.245380401611328 0.0 0.0 0.0 0.0 0.0 0.0 0.0 0.0 0.0 0.0 0.0 0.0 0.0 0.0
10.67578125 4.358736515045166 4.718039035797119 4.573563575744629 4.463939666748047 4.438352108001709 4.424159049987793 4.509561061859131 4.4204559326171875 4.434676647186279 4.348376274108887 4.499518871307373 4.379922866821289 4.387233734130859 4.3911566734313965 4.400242328643799 4.524043560028076 4.634027004241943 5.228904724121094 0.0 0.0 0.0 0.0 0.0 0.0 0.0 0.0 0.0 0.0 0.0 0.0 0.0
10.673051834106445 4.274719715118408 4.672863006591797 4.5666422843933105 4.4512104988098145 4.414334774017334 4.507538795471191 4.528136730194092 4.44511604309082 4.4379072189331055 4.421329498291016 4.554028034210205 4.544811248779297 4.402602195739746 4.32229471206665 4.418740272521973 4.466582298278809 4.551606178283691 4.709129333496094 5.2363715171813965 0.0 0.0 0.0 0.0 0.0 0.0 0.0 0.0 0.0 0.0 0.0 0.0
10.671455383300781 4.299424171447754 4.717434883117676 4.563866138458252 4.498760223388672 4.478170394897461 4.427412986755371 4.5061936378479 4.386817932128906 4.430683135986328 4.497017860412598 4.415192604064941 4.462029933929443 4.417583465576172 4.313548564910889 4.3705315589904785 4.362033367156982 4.443827152252197 4.519015312194824 4.717709541320801 5.286500930786133 0.0 0.0 0.0 0.0 0.0 0.0 0.0 0.0 0.0 0.0 0.0
10.669817924499512 4.333871364593506 4.771656513214111 4.5981879234313965 4.518776893615723 4.442595958709717 4.465086460113525 4.492137908935547 4.433836936950684 4.399056434631348 4.476112365722656 4.436068058013916 4.507668495178223 4.304715156555176 4.331486225128174 4.365943431854248 4.314034461975098 4.349821090698242 4.395444393157959 4.505964279174805 4.6850361824035645 5.262522220611572 0.0 0.0 0.0 0.0 0.0 0.0 0.0 0.0 0.0 0.0
10.668889045715332 4.305144309997559 4.669436454772949 4.5524444580078125 4.503285884857178 4.452894687652588 4.435274600982666 4.4044342041015625 4.423094272613525 4.419901371002197 4.393218994140625 4.537528038024902 4.649484157562256 4.338342189788818 4.310043811798096 4.256565093994141 4.245830535888672 4.270036697387695 4.315988540649414 4.3978657722473145 4.555781364440918 4.659659385681152 5.2252678871154785 0.0 0.0 0.0 0.0 0.0 0.0 0.0 0.0 0.0
10.667572975158691 4.293921947479248 4.679589748382568 4.510075092315674 4.4891438484191895 4.485742568969727 4.4522600173950195 4.4876790046691895 4.362775802612305 4.433744430541992 4.421069622039795 4.457028865814209 4.374302387237549 4.3475542068481445 4.298379421234131 4.233852386474609 4.223091125488281 4.243403911590576 4.315842151641846 4.321678638458252 4.491654396057129 4.60340690612793 4.656260967254639 5.235363483428955 0.0 0.0 0.0 0.0 0.0 0.0 0.0 0.0
10.664929389953613 4.398008346557617 4.719832420349121 4.577035903930664 4.469801902770996 4.390116214752197 4.468031883239746 4.450291633605957 4.372162818908691 4.435201168060303 4.4748406410217285 4.4463324546813965 4.575784683227539 4.433789253234863 4.303910732269287 4.314023017883301 4.198409080505371 4.293939113616943 4.273013114929199 4.361106872558594 4.328115463256836 4.456569194793701 4.5170063972473145 4.665454387664795 5.254510402679443 0.0 0.0 0.0 0.0 0.0 0.0 0.0
10.663752555847168 4.272218227386475 4.660650730133057 4.554510116577148 4.489635944366455 4.412864685058594 4.463542461395264 4.460538387298584 4.320400238037109 4.453925132751465 4.437810897827148 4.470582008361816 4.512872219085693 4.378318786621094 4.3006744384765625 4.300519943237305 4.300478458404541 4.327728748321533 4.309767723083496 4.316629886627197 4.321030139923096 4.336702823638916 4.470592021942139 4.533153533935547 4.665853023529053 5.200752258300781 0.0 0.0 0.0 0.0 0.0 0.0
10.662039756774902 4.278334140777588 4.68417501449585 4.547356605529785 4.430210113525391 4.399694442749023 4.455873966217041 4.393918514251709 4.278565883636475 4.391485214233398 4.463420391082764 4.722599983215332 4.4979166984558105 4.452544212341309 4.3865861892700195 4.3171844482421875 4.203282356262207 4.2973737716674805 4.245798587799072 4.241690635681152 4.28844690322876 4.3273725509643555 4.311163425445557 4.379824638366699 4.611499786376953 4.640382766723633 5.212793827056885 0.0 0.0 0.0 0.0 0.0
10.660840034484863 4.214628219604492 4.657102108001709 4.5443949699401855 4.496636867523193 4.433058738708496 4.473858833312988 4.365306854248047 4.3427734375 4.550580978393555 4.41524076461792 4.670039653778076 4.4039530754089355 4.415925025939941 4.332952499389648 4.35078239440918 4.254451274871826 4.268039703369141 4.267307758331299 4.246485233306885 4.221675395965576 4.240543365478516 4.304910182952881 4.311056613922119 4.392282962799072 4.500194549560547 4.642542362213135 5.2006707191467285 0.0 0.0 0.0 0.0
10.660638809204102 4.202358245849609 4.651307106018066 4.547461986541748 4.457913875579834 4.447108745574951 4.358845233917236 4.5044779777526855 4.353160858154297 4.420027732849121 4.3466620445251465 4.461164474487305 4.396266460418701 4.368496894836426 4.239692687988281 4.335710048675537 4.238468170166016 4.234084129333496 4.206448554992676 4.243263244628906 4.223937034606934 4.251743793487549 4.265051364898682 4.253467559814453 4.376570701599121 4.396917343139648 4.501588344573975 4.652853488922119 5.1525559425354 0.0 0.0 0.0
10.658252716064453 4.173269748687744 4.661628246307373 4.543620586395264 4.424290180206299 4.3655571937561035 4.414387226104736 4.452016830444336 4.41959810256958 4.363388538360596 4.399049758911133 4.527125835418701 4.420586109161377 4.400334358215332 4.301175117492676 4.34345006942749 4.2482805252075195 4.277724742889404 4.254588603973389 4.274879455566406 4.250539302825928 4.261341571807861 4.256970405578613 4.266024589538574 4.37007474899292 4.35519552230835 4.429276943206787 4.542309761047363 4.575262069702148 5.175261497497559 0.0 0.0
10.655517578125 4.17019510269165 4.613980293273926 4.5361833572387695 4.418968200683594 4.4343695640563965 4.4554290771484375 4.4023942947387695 4.372236251831055 4.4306840896606445 4.504591941833496 4.4785590171813965 4.443251132965088 4.3572587966918945 4.401000022888184 4.433748245239258 4.375710964202881 4.319331169128418 4.46956729888916 4.2257184982299805 4.363722801208496 4.28829288482666 4.328077793121338 4.288628101348877 4.270316123962402 4.288578987121582 4.319334030151367 4.471039295196533 4.401004791259766 4.565755367279053 5.183767318725586 0.0
10.651324272155762 4.251077651977539 4.574793338775635 4.542937278747559 4.463371276855469 4.363132953643799 4.4051618576049805 4.434991836547852 4.424010753631592 4.439344882965088 4.465860843658447 4.454348564147949 4.492244720458984 4.439352989196777 4.3277082443237305 4.394136428833008 4.32969331741333 4.364093780517578 4.586369514465332 4.321982383728027 4.443260669708252 4.428959369659424 4.489618301391602 4.4549241065979 4.248457431793213 4.217658996582031 4.249292373657227 4.8349480628967285 4.306229591369629 4.440367221832275 4.593240737915039 5.235484600067139
