10.71379566192627 0.0 0.0 0.0 0.0 0.0 0.0 0.0 0.0 0.0 0.0 0.0 0.0 0.0 0.0 0.0 0.0 0.0 0.0 0.0 0.0 0.0 0.0 0.0 0.0 0.0 0.0 0.0 0.0 0.0 0.0 0.0
10.702675819396973 6.1965765953063965 0.0 0.0 0.0 0.0 0.0 0.0 0.0 0.0 0.0 0.0 0.0 0.0 0.0 0.0 0.0 0.0 0.0 0.0 0.0 0.0 0.0 0.0 0.0 0.0 0.0 0.0 0.0 0.0 0.0 0.0
10.672730445861816 6.6302337646484375 6.952617168426514 0.0 0.0 0.0 0.0 0.0 0.0 0.0 0.0 0.0 0.0 0.0 0.0 0.0 0.0 0.0 0.0 0.0 0.0 0.0 0.0 0.0 0.0 0.0 0.0 0.0 0.0 0.0 0.0 0.0
10.64026927947998 6.463251113891602 7.19959831237793 7.091833114624023 0.0 0.0 0.0 0.0 0.0 0.0 0.0 0.0 0.0 0.0 0.0 0.0 0.0 0.0 0.0 0.0 0.0 0.0 0.0 0.0 0.0 0.0 0.0 0.0 0.0 0.0 0.0 0.0
10.61723518371582 6.122860431671143 6.904738426208496 7.2649149894714355 7.131842613220215 0.0 0.0 0.0 0.0 0.0 0.0 0.0 0.0 0.0 0.0 0.0 0.0 0.0 0.0 0.0 0.0 0.0 0.0 0.0 0.0 0.0 0.0 0.0 0.0 0.0 0.0 0.0
10.601197242736816 5.9573540687561035 6.613208293914795 6.893316745758057 7.222097396850586 7.167480945587158 0.0 0.0 0.0 0.0 0.0 0.0 0.0 0.0 0.0 0.0 0.0 0.0 0.0 0.0 0.0 0.0 0.0 0.0 0.0 0.0 0.0 0.0 0.0 0.0 0.0 0.0
10.581981658935547 5.90512752532959 6.5442986488342285 6.741522312164307 6.916838645935059 7.235868453979492 7.123939514160156 0.0 0.0 0.0 0.0 0.0 0.0 0.0 0.0 0.0 0.0 0.0 0.0 0.0 0.0 0.0 0.0 0.0 0.0 0.0 0.0 0.0 0.0 0.0 0.0 0.0
10.568829536437988 5.755067825317383 6.419849872589111 6.560107231140137 6.670389175415039 6.902619361877441 7.216118335723877 7.156111717224121 0.0 0.0 0.0 0.0 0.0 0.0 0.0 0.0 0.0 0.0 0.0 0.0 0.0 0.0 0.0 0.0 0.0 0.0 0.0 0.0 0.0 0.0 0.0 0.0
10.55316162109375 5.678895950317383 6.283934116363525 6.439524173736572 6.5750532150268555 6.660520553588867 6.854982376098633 7.2635273933410645 7.1997151374816895 0.0 0.0 0.0 0.0 0.0 0.0 0.0 0.0 0.0 0.0 0.0 0.0 0.0 0.0 0.0 0.0 0.0 0.0 0.0 0.0 0.0 0.0 0.0
10.537735939025879 5.604569435119629 6.24952507019043 6.38411808013916 6.400051116943359 6.445218086242676 6.6004228591918945 6.877198219299316 7.308259010314941 7.274213790893555 0.0 0.0 0.0 0.0 0.0 0.0 0.0 0.0 0.0 0.0 0.0 0.0 0.0 0.0 0.0 0.0 0.0 0.0 0.0 0.0 0.0 0.0
10.528071403503418 5.472867488861084 6.195688247680664 6.291345119476318 6.225996017456055 6.380638599395752 6.411197662353516 6.6400580406188965 6.949023246765137 7.29672908782959 7.215597629547119 0.0 0.0 0.0 0.0 0.0 0.0 0.0 0.0 0.0 0.0 0.0 0.0 0.0 0.0 0.0 0.0 0.0 0.0 0.0 0.0 0.0
10.518086433410645 5.365909099578857 6.105259895324707 6.208315849304199 6.174580097198486 6.309575080871582 6.27382755279541 6.4428935050964355 6.656198501586914 6.900856971740723 7.296916961669922 7.239311218261719 0.0 0.0 0.0 0.0 0.0 0.0 0.0 0.0 0.0 0.0 0.0 0.0 0.0 0.0 0.0 0.0 0.0 0.0 0.0 0.0
10.4998140335083 5.42695426940918 6.065826416015625 6.155798435211182 6.159830570220947 6.193562984466553 6.212686061859131 6.346717834472656 6.569974899291992 6.617495059967041 6.938905715942383 7.36509895324707 7.259807109832764 0.0 0.0 0.0 0.0 0.0 0.0 0.0 0.0 0.0 0.0 0.0 0.0 0.0 0.0 0.0 0.0 0.0 0.0 0.0
10.497116088867188 5.293735504150391 6.013583660125732 6.092798709869385 6.0685319900512695 6.0987114906311035 6.158029556274414 6.196622848510742 6.270827293395996 6.413273811340332 6.6095380783081055 6.964810848236084 7.311140537261963 7.26305627822876 0.0 0.0 0.0 0.0 0.0 0.0 0.0 0.0 0.0 0.0 0.0 0.0 0.0 0.0 0.0 0.0 0.0 0.0
10.488201141357422 5.3063273429870605 5.965066432952881 6.033227920532227 6.027981758117676 6.0794758796691895 6.078092098236084 6.114975929260254 6.168829917907715 6.287463188171387 6.420332431793213 6.648089408874512 6.915083408355713 7.320038795471191 7.250999927520752 0.0 0.0 0.0 0.0 0.0 0.0 0.0 0.0 0.0 0.0 0.0 0.0 0.0 0.0 0.0 0.0 0.0
10.47569751739502 5.28579568862915 5.941086292266846 6.011719226837158 5.966676235198975 6.030447483062744 6.040831565856934 6.105786323547363 6.1815314292907715 6.196026802062988 6.2653374671936035 6.428192138671875 6.636946678161621 6.935775279998779 7.316018104553223 7.277040958404541 0.0 0.0 0.0 0.0 0.0 0.0 0.0 0.0 0.0 0.0 0.0 0.0 0.0 0.0 0.0 0.0
10.454912185668945 5.212883472442627 5.9652485847473145 6.0203118324279785 5.981955051422119 6.073678493499756 6.006543159484863 6.093806266784668 6.128193378448486 6.15854549407959 6.259984493255615 6.345819473266602 6.437707424163818 6.6898064613342285 6.996061325073242 7.378829479217529 7.271620750427246 0.0 0.0 0.0 0.0 0.0 0.0 0.0 0.0 0.0 0.0 0.0 0.0 0.0 0.0 0.0
10.457784652709961 5.148012161254883 5.90360164642334 6.009626388549805 5.967933654785156 6.0087785720825195 5.957520961761475 6.001424312591553 6.009828090667725 6.107274055480957 6.118819713592529 6.241199970245361 6.282880783081055 6.430916786193848 6.62322998046875 6.918778419494629 7.300305366516113 7.239350318908691 0.0 0.0 0.0 0.0 0.0 0.0 0.0 0.0 0.0 0.0 0.0 0.0 0.0 0.0
10.444025039672852 5.051563262939453 5.866492748260498 6.027082920074463 5.933610916137695 5.987240791320801 5.920570373535156 6.004161834716797 5.946493625640869 6.032083511352539 6.102108955383301 6.216940402984619 6.198653221130371 6.280113697052002 6.428506374359131 6.709785461425781 6.915594100952148 7.3093485832214355 7.269309997558594 0.0 0.0 0.0 0.0 0.0 0.0 0.0 0.0 0.0 0.0 0.0 0.0 0.0
10.442056655883789 5.012537956237793 5.7974677085876465 5.924375534057617 5.874901294708252 5.9216532707214355 5.874506950378418 5.92383337020874 5.939349174499512 5.985570430755615 6.012691974639893 6.123745441436768 6.112203121185303 6.207973480224609 6.267699718475342 6.426142692565918 6.627009391784668 6.924882411956787 7.301419258117676 7.238348484039307 0.0 0.0 0.0 0.0 0.0 0.0 0.0 0.0 0.0 0.0 0.0 0.0
10.433591842651367 5.013091087341309 5.74542760848999 5.880312442779541 5.852295398712158 5.880627632141113 5.864865303039551 5.926345348358154 5.904856204986572 5.970097064971924 5.974856376647949 6.079225063323975 6.045954704284668 6.130941390991211 6.157898902893066 6.304087162017822 6.400888919830322 6.635127544403076 6.896918773651123 7.286144256591797 7.263118267059326 0.0 0.0 0.0 0.0 0.0 0.0 0.0 0.0 0.0 0.0 0.0
10.426901817321777 5.020940780639648 5.804364204406738 5.931649208068848 5.801878452301025 5.843095779418945 5.795481204986572 5.8489837646484375 5.905335426330566 5.932325839996338 5.912659645080566 6.041756629943848 5.996015548706055 6.092525005340576 6.115174293518066 6.193652629852295 6.236801624298096 6.408869743347168 6.646268367767334 6.865901470184326 7.272495746612549 7.237409591674805 0.0 0.0 0.0 0.0 0.0 0.0 0.0 0.0 0.0 0.0
10.416238784790039 5.007935047149658 5.759188175201416 5.861173629760742 5.774393081665039 5.82569694519043 5.7763991355896 5.833891868591309 5.887117385864258 5.936206340789795 5.95390510559082 6.011542320251465 5.984873294830322 6.061683177947998 6.133161544799805 6.0919413566589355 6.163092136383057 6.261380195617676 6.398480415344238 6.599043369293213 6.91142463684082 7.266749858856201 7.239996910095215 0.0 0.0 0.0 0.0 0.0 0.0 0.0 0.0 0.0
10.410114288330078 4.984629154205322 5.751189708709717 5.8526692390441895 5.763882160186768 5.842291831970215 5.744545936584473 5.789524078369141 5.872406482696533 5.913250923156738 5.920476913452148 6.011175155639648 5.929645538330078 6.025836944580078 6.011223316192627 6.039788246154785 6.06036901473999 6.130656719207764 6.233431339263916 6.383358955383301 6.59367561340332 6.889665126800537 7.2771382331848145 7.235937595367432 0.0 0.0 0.0 0.0 0.0 0.0 0.0 0.0
10.40119743347168 4.990102767944336 5.747105121612549 5.873861312866211 5.764632225036621 5.812563419342041 5.748197078704834 5.767465591430664 5.810905456542969 5.861212253570557 5.933218955993652 5.966939449310303 5.931059837341309 6.013359069824219 5.932356834411621 5.970792293548584 5.999480724334717 6.099330902099609 6.1353864669799805 6.23481559753418 6.378487586975098 6.612481594085693 6.886500358581543 7.248213291168213 7.257331371307373 0.0 0.0 0.0 0.0 0.0 0.0 0.0
10.397109031677246 4.957140922546387 5.679575443267822 5.777379035949707 5.7534613609313965 5.833943843841553 5.720571994781494 5.7554216384887695 5.8101725578308105 5.814800262451172 5.835319519042969 5.91373872756958 5.867298603057861 5.974991321563721 5.966073513031006 5.932905197143555 5.957000732421875 5.989151477813721 6.082005500793457 6.097048759460449 6.244260311126709 6.370250225067139 6.6180419921875 6.864326000213623 7.26863431930542 7.215720176696777 0.0 0.0 0.0 0.0 0.0 0.0
10.390802383422852 4.962531566619873 5.662039279937744 5.75035285949707 5.721811294555664 5.744513034820557 5.737911224365234 5.737431049346924 5.801498889923096 5.777662754058838 5.812036991119385 5.896852016448975 5.884564399719238 6.024841785430908 5.993454933166504 5.934117794036865 5.883810520172119 5.934689044952393 6.008564472198486 5.995193004608154 6.109748363494873 6.221785068511963 6.375950336456299 6.5622453689575195 6.890538215637207 7.219767093658447 7.225667476654053 0.0 0.0 0.0 0.0 0.0
10.389199256896973 4.922072410583496 5.743619441986084 5.738070487976074 5.672425270080566 5.680944442749023 5.666754245758057 5.747111797332764 5.742869853973389 5.760499954223633 5.779211044311523 5.84513521194458 5.811074256896973 5.916787147521973 5.893554210662842 5.925251483917236 5.8517842292785645 5.875816822052002 5.933931350708008 5.959613800048828 6.018017768859863 6.109807968139648 6.2330803871154785 6.3364362716674805 6.5653228759765625 6.855985164642334 7.229043006896973 7.191072940826416 0.0 0.0 0.0 0.0
10.385217666625977 4.812017440795898 5.644946575164795 5.681315898895264 5.629425525665283 5.697734832763672 5.6886115074157715 5.700886249542236 5.743589878082275 5.74770450592041 5.764555931091309 5.769939422607422 5.781984329223633 5.873839378356934 5.867898464202881 5.898887634277344 5.839917182922363 5.8489789962768555 5.984067916870117 5.926830291748047 5.947433948516846 6.003711700439453 6.0964884757995605 6.179202556610107 6.302791595458984 6.559261798858643 6.854191780090332 7.214293479919434 7.183394432067871 0.0 0.0 0.0
10.3746337890625 4.8129754066467285 5.668166637420654 5.728435039520264 5.662410259246826 5.670168399810791 5.64110803604126 5.681541442871094 5.72205114364624 5.809091091156006 5.748354434967041 5.808091163635254 5.737400531768799 5.784118175506592 5.818212509155273 6.001617908477783 5.835319519042969 5.833706855773926 5.91347599029541 5.870589733123779 5.914798259735107 5.973284721374512 6.035090923309326 6.093045711517334 6.191321849822998 6.317455291748047 6.543392181396484 6.8186211585998535 7.199021816253662 7.223074436187744 0.0 0.0
10.373756408691406 4.710919380187988 5.562321186065674 5.665886402130127 5.621795177459717 5.68887186050415 5.633906364440918 5.644687175750732 5.686703681945801 5.694731712341309 5.753939628601074 5.813989162445068 5.734257698059082 5.743401050567627 5.788183689117432 5.938075065612793 5.7778167724609375 5.865169048309326 6.018017768859863 5.8281426429748535 5.857415199279785 5.88301944732666 5.906087398529053 5.965858459472656 6.06364107131958 6.150847434997559 6.304215431213379 6.5271897315979 6.8196916580200195 7.209280014038086 7.171653747558594 0.0
10.365470886230469 4.676110744476318 5.562492847442627 5.656769752502441 5.634759426116943 5.647209167480469 5.5806660652160645 5.65430212020874 5.733002662658691 5.719360828399658 5.783498764038086 5.831843852996826 5.733724117279053 5.824497699737549 5.729647636413574 5.783879280090332 5.708983898162842 5.837655067443848 5.9170427322387695 5.808183670043945 5.812709331512451 5.853078365325928 5.96757173538208 6.092642307281494 5.984046459197998 6.017021656036377 6.168559551239014 6.293271541595459 6.5125346183776855 6.796296119689941 7.167294025421143 7.197896957397461
