10.71379566192627 0.0 0.0 0.0 0.0 0.0 0.0 0.0 0.0 0.0 0.0 0.0 0.0 0.0 0.0 0.0 0.0 0.0 0.0 0.0 0.0 0.0 0.0 0.0 0.0 0.0 0.0 0.0 0.0 0.0 0.0 0.0
10.586647987365723 8.587443351745605 0.0 0.0 0.0 0.0 0.0 0.0 0.0 0.0 0.0 0.0 0.0 0.0 0.0 0.0 0.0 0.0 0.0 0.0 0.0 0.0 0.0 0.0 0.0 0.0 0.0 0.0 0.0 0.0 0.0 0.0
10.55882453918457 8.391247749328613 7.621607780456543 0.0 0.0 0.0 0.0 0.0 0.0 0.0 0.0 0.0 0.0 0.0 0.0 0.0 0.0 0.0 0.0 0.0 0.0 0.0 0.0 0.0 0.0 0.0 0.0 0.0 0.0 0.0 0.0 0.0
10.493307113647461 7.785211563110352 8.428995132446289 7.554934978485107 0.0 0.0 0.0 0.0 0.0 0.0 0.0 0.0 0.0 0.0 0.0 0.0 0.0 0.0 0.0 0.0 0.0 0.0 0.0 0.0 0.0 0.0 0.0 0.0 0.0 0.0 0.0 0.0
10.44864559173584 7.24948787689209 7.857137203216553 8.46589469909668 7.453937530517578 0.0 0.0 0.0 0.0 0.0 0.0 0.0 0.0 0.0 0.0 0.0 0.0 0.0 0.0 0.0 0.0 0.0 0.0 0.0 0.0 0.0 0.0 0.0 0.0 0.0 0.0 0.0
10.441929817199707 6.7832183837890625 7.108099460601807 7.8527140617370605 8.386825561523438 7.398128032684326 0.0 0.0 0.0 0.0 0.0 0.0 0.0 0.0 0.0 0.0 0.0 0.0 0.0 0.0 0.0 0.0 0.0 0.0 0.0 0.0 0.0 0.0 0.0 0.0 0.0 0.0
10.441304206848145 6.585568904876709 6.572552680969238 7.141782283782959 7.812808513641357 8.296370506286621 7.336817741394043 0.0 0.0 0.0 0.0 0.0 0.0 0.0 0.0 0.0 0.0 0.0 0.0 0.0 0.0 0.0 0.0 0.0 0.0 0.0 0.0 0.0 0.0 0.0 0.0 0.0
10.449012756347656 6.078238010406494 6.050161838531494 6.511218547821045 7.12203311920166 7.764461517333984 8.245810508728027 7.32440185546875 0.0 0.0 0.0 0.0 0.0 0.0 0.0 0.0 0.0 0.0 0.0 0.0 0.0 0.0 0.0 0.0 0.0 0.0 0.0 0.0 0.0 0.0 0.0 0.0
10.439871788024902 5.98835563659668 5.890409469604492 6.15085506439209 6.562095642089844 7.112189769744873 7.735551834106445 8.23796272277832 7.336590766906738 0.0 0.0 0.0 0.0 0.0 0.0 0.0 0.0 0.0 0.0 0.0 0.0 0.0 0.0 0.0 0.0 0.0 0.0 0.0 0.0 0.0 0.0 0.0
10.439366340637207 5.611137866973877 5.661528587341309 5.954596519470215 6.214421272277832 6.528016567230225 7.031578540802002 7.714017391204834 8.233295440673828 7.327199459075928 0.0 0.0 0.0 0.0 0.0 0.0 0.0 0.0 0.0 0.0 0.0 0.0 0.0 0.0 0.0 0.0 0.0 0.0 0.0 0.0 0.0 0.0
10.442605018615723 5.319891452789307 5.380393981933594 5.781538009643555 6.0059332847595215 6.175897121429443 6.517418384552002 7.011942386627197 7.648308753967285 8.207816123962402 7.306919097900391 0.0 0.0 0.0 0.0 0.0 0.0 0.0 0.0 0.0 0.0 0.0 0.0 0.0 0.0 0.0 0.0 0.0 0.0 0.0 0.0 0.0
10.438366889953613 5.1417975425720215 4.971412181854248 5.482563018798828 5.798232555389404 6.023165702819824 6.147467613220215 6.481572151184082 7.015523910522461 7.678109169006348 8.200159072875977 7.304407119750977 0.0 0.0 0.0 0.0 0.0 0.0 0.0 0.0 0.0 0.0 0.0 0.0 0.0 0.0 0.0 0.0 0.0 0.0 0.0 0.0
10.434687614440918 5.081651210784912 4.736904144287109 5.111420154571533 5.505073070526123 5.782773971557617 5.888882637023926 6.097529411315918 6.462709426879883 7.010335922241211 7.6811747550964355 8.234193801879883 7.276192665100098 0.0 0.0 0.0 0.0 0.0 0.0 0.0 0.0 0.0 0.0 0.0 0.0 0.0 0.0 0.0 0.0 0.0 0.0 0.0
10.439044952392578 4.988800048828125 4.660627841949463 4.836759090423584 5.1419596672058105 5.464488983154297 5.661776065826416 5.875129699707031 6.086690425872803 6.491491317749023 6.986417770385742 7.648611545562744 8.19384479522705 7.293567180633545 0.0 0.0 0.0 0.0 0.0 0.0 0.0 0.0 0.0 0.0 0.0 0.0 0.0 0.0 0.0 0.0 0.0 0.0
10.424966812133789 4.847507953643799 4.749795436859131 4.773831844329834 4.967949867248535 5.187712669372559 5.424587726593018 5.676724910736084 5.890850067138672 6.127580642700195 6.491673946380615 7.044522762298584 7.698542594909668 8.245525360107422 7.265947341918945 0.0 0.0 0.0 0.0 0.0 0.0 0.0 0.0 0.0 0.0 0.0 0.0 0.0 0.0 0.0 0.0 0.0
10.424166679382324 4.631318092346191 4.836062431335449 4.863522052764893 4.961179733276367 5.377344131469727 5.223555564880371 5.429994583129883 5.675655841827393 5.918838024139404 6.124220848083496 6.476507663726807 7.030349254608154 7.694699764251709 8.19140625 7.289422988891602 0.0 0.0 0.0 0.0 0.0 0.0 0.0 0.0 0.0 0.0 0.0 0.0 0.0 0.0 0.0 0.0
10.42442798614502 4.267513275146484 4.582639694213867 4.842276096343994 4.819401264190674 4.86658239364624 4.913499355316162 5.141321182250977 5.401340484619141 5.70367956161499 5.914149284362793 6.189751625061035 6.546484470367432 7.0591583251953125 7.66343879699707 8.199959754943848 7.263660907745361 0.0 0.0 0.0 0.0 0.0 0.0 0.0 0.0 0.0 0.0 0.0 0.0 0.0 0.0 0.0
10.438176155090332 4.085387229919434 4.259281635284424 4.698384761810303 4.860530853271484 4.808663368225098 4.7646803855896 4.898776531219482 5.106205940246582 5.399825096130371 5.696907997131348 5.876431941986084 6.09749174118042 6.43892765045166 6.953760147094727 7.599005222320557 8.159820556640625 7.266987323760986 0.0 0.0 0.0 0.0 0.0 0.0 0.0 0.0 0.0 0.0 0.0 0.0 0.0 0.0
10.427740097045898 4.054909706115723 3.9634525775909424 4.431329727172852 4.684769630432129 4.796785831451416 4.781175136566162 4.793917179107666 4.939610958099365 5.155742645263672 5.4565558433532715 5.722361087799072 5.937994480133057 6.136858940124512 6.4812188148498535 6.9968132972717285 7.6479644775390625 8.173834800720215 7.268677234649658 0.0 0.0 0.0 0.0 0.0 0.0 0.0 0.0 0.0 0.0 0.0 0.0 0.0
10.424674987792969 4.12800407409668 3.8427202701568604 4.141447067260742 4.420722961425781 4.63744592666626 4.737420558929443 4.7279534339904785 4.76411247253418 4.919061660766602 5.159393787384033 5.481253623962402 5.759421348571777 5.925601005554199 6.15944242477417 6.521417617797852 7.002878189086914 7.6395111083984375 8.182083129882812 7.267236709594727 0.0 0.0 0.0 0.0 0.0 0.0 0.0 0.0 0.0 0.0 0.0 0.0
10.431291580200195 4.2677321434021 3.8665809631347656 3.995110034942627 4.168728828430176 4.356799602508545 4.565404891967773 4.698966979980469 4.726684093475342 4.777924537658691 4.9198126792907715 5.195559501647949 5.455726623535156 5.71190881729126 5.9041218757629395 6.111456394195557 6.457289695739746 6.954533576965332 7.602561950683594 8.164236068725586 7.269120216369629 0.0 0.0 0.0 0.0 0.0 0.0 0.0 0.0 0.0 0.0 0.0
10.431283950805664 4.225285053253174 3.954970121383667 4.016542434692383 4.041614055633545 4.126827239990234 4.265167713165283 4.540027618408203 4.671093463897705 4.692066192626953 4.757734775543213 4.888099193572998 5.134274959564209 5.415740966796875 5.695023059844971 5.890977382659912 6.111679553985596 6.441260814666748 6.962188720703125 7.601643085479736 8.160577774047852 7.277638912200928 0.0 0.0 0.0 0.0 0.0 0.0 0.0 0.0 0.0 0.0
10.425087928771973 4.135032653808594 3.973499298095703 4.057769298553467 4.042813301086426 4.016744136810303 4.053817272186279 4.238702774047852 4.529560089111328 4.698022365570068 4.733026504516602 4.79832649230957 4.951719760894775 5.1330156326293945 5.462000846862793 5.683601379394531 5.931253910064697 6.125668525695801 6.46735954284668 7.0083723068237305 7.656575679779053 8.150261878967285 7.25729513168335 0.0 0.0 0.0 0.0 0.0 0.0 0.0 0.0 0.0
10.425458908081055 4.062958240509033 3.874721050262451 4.080869197845459 4.118723392486572 4.0396599769592285 3.939457416534424 3.988854169845581 4.275089263916016 4.529063701629639 4.65380334854126 4.7555766105651855 4.796575546264648 4.927724361419678 5.185062885284424 5.429063320159912 5.763314723968506 5.903930187225342 6.10890531539917 6.450347900390625 7.031106948852539 7.6316609382629395 8.150067329406738 7.239531993865967 0.0 0.0 0.0 0.0 0.0 0.0 0.0 0.0
10.42383861541748 3.8379881381988525 3.651437520980835 3.8656198978424072 4.010027885437012 4.086108207702637 3.9169652462005615 3.8735158443450928 4.037471771240234 4.349046230316162 4.650925159454346 4.817219257354736 4.833259582519531 5.028679370880127 5.041110992431641 5.1852545738220215 5.629985809326172 5.9827423095703125 5.9558305740356445 6.102668285369873 6.495098114013672 6.967749118804932 7.587095737457275 8.134997367858887 7.228234767913818 0.0 0.0 0.0 0.0 0.0 0.0 0.0
10.429896354675293 3.7421247959136963 3.568490982055664 3.649754524230957 3.8624267578125 4.037888050079346 4.138249397277832 3.990821361541748 3.9409306049346924 4.0904412269592285 4.255574703216553 4.539806842803955 4.655149936676025 4.752007007598877 4.797580718994141 4.883394241333008 5.134216785430908 5.395188331604004 5.647107124328613 5.844292163848877 6.114778518676758 6.456937789916992 6.959021091461182 7.596061706542969 8.14751148223877 7.254612445831299 0.0 0.0 0.0 0.0 0.0 0.0
10.42771053314209 3.583427667617798 3.501699686050415 3.5105202198028564 3.617877244949341 3.812614679336548 3.938997507095337 3.945591688156128 3.928147554397583 3.9237613677978516 3.9758918285369873 4.238166332244873 4.4878692626953125 4.652262210845947 4.710888385772705 4.779502868652344 4.914859294891357 5.15939998626709 5.483758449554443 5.667133808135986 5.910236358642578 6.100319862365723 6.443309783935547 6.991017818450928 7.621551513671875 8.142416000366211 7.241319179534912 0.0 0.0 0.0 0.0 0.0
10.430872917175293 3.422548532485962 3.525186061859131 3.4783525466918945 3.531512975692749 3.529533863067627 3.7524046897888184 3.8393657207489014 3.877321243286133 3.854330539703369 3.8838255405426025 4.0314226150512695 4.503056526184082 4.669816493988037 4.741850852966309 4.7015156745910645 4.792362213134766 5.023128032684326 5.233308792114258 5.4281744956970215 5.753303527832031 5.843601703643799 6.071415424346924 6.4047932624816895 6.985012054443359 7.5726799964904785 8.125763893127441 7.2489914894104 0.0 0.0 0.0 0.0
10.432232856750488 3.282555341720581 3.335893392562866 3.443131685256958 3.4417622089385986 3.4044370651245117 3.4674630165100098 3.674123525619507 3.820420980453491 3.867858409881592 3.8222875595092773 3.8589894771575928 3.997022867202759 4.154970645904541 4.461277961730957 4.584200859069824 4.677158832550049 4.743319511413574 4.916464805603027 5.10805082321167 5.425299644470215 5.65910005569458 5.862304210662842 6.074410915374756 6.4317731857299805 6.943173885345459 7.574387550354004 8.161469459533691 7.235349655151367 0.0 0.0 0.0
10.433233261108398 3.3822450637817383 3.2116992473602295 3.472681760787964 3.55916166305542 3.381157159805298 3.3782825469970703 3.491809129714966 3.6774189472198486 3.8391125202178955 3.83565354347229 3.810960531234741 3.8584282398223877 3.9669840335845947 4.196147441864014 4.45080041885376 4.637432098388672 4.7178215980529785 4.787156581878662 4.898251533508301 5.192752838134766 5.443731307983398 5.695864200592041 5.878267765045166 6.134252071380615 6.4375762939453125 6.968862533569336 7.572359561920166 8.118992805480957 7.219040870666504 0.0 0.0
10.441362380981445 3.480743408203125 3.0590639114379883 3.2482969760894775 3.4502899646759033 3.4865171909332275 3.356745719909668 3.3302156925201416 3.3903098106384277 3.613323211669922 3.722177267074585 3.787900686264038 3.7659473419189453 3.7751457691192627 3.956636667251587 4.1859331130981445 4.441657066345215 4.564802646636963 4.679966926574707 4.754839897155762 4.936619758605957 5.1537041664123535 5.41666316986084 5.655147075653076 5.852644443511963 6.0974836349487305 6.428372383117676 6.913362503051758 7.537590026855469 8.093247413635254 7.218235492706299 0.0
10.434257507324219 3.7135844230651855 3.155761957168579 3.2046637535095215 3.3692140579223633 3.4253008365631104 3.4029228687286377 3.3857951164245605 3.4436819553375244 3.4997570514678955 3.7096872329711914 3.903959274291992 3.869386911392212 3.8026230335235596 3.846015453338623 3.9831159114837646 4.33072566986084 4.596031188964844 4.659529209136963 4.707073211669922 4.910079479217529 4.894005298614502 5.115955352783203 5.5660881996154785 5.72343635559082 5.8695855140686035 6.106939792633057 6.474270343780518 6.908569812774658 7.527917861938477 8.108805656433105 7.225156784057617
