10.71379566192627 0.0 0.0 0.0 0.0 0.0 0.0 0.0 0.0 0.0 0.0 0.0 0.0 0.0 0.0 0.0 0.0 0.0 0.0 0.0 0.0 0.0 0.0 0.0 0.0 0.0 0.0 0.0 0.0 0.0 0.0 0.0
10.704610824584961 6.000278949737549 0.0 0.0 0.0 0.0 0.0 0.0 0.0 0.0 0.0 0.0 0.0 0.0 0.0 0.0 0.0 0.0 0.0 0.0 0.0 0.0 0.0 0.0 0.0 0.0 0.0 0.0 0.0 0.0 0.0 0.0
10.701574325561523 4.869401454925537 6.015615940093994 0.0 0.0 0.0 0.0 0.0 0.0 0.0 0.0 0.0 0.0 0.0 0.0 0.0 0.0 0.0 0.0 0.0 0.0 0.0 0.0 0.0 0.0 0.0 0.0 0.0 0.0 0.0 0.0 0.0
10.701780319213867 4.635729789733887 4.008506774902344 5.921383857727051 0.0 0.0 0.0 0.0 0.0 0.0 0.0 0.0 0.0 0.0 0.0 0.0 0.0 0.0 0.0 0.0 0.0 0.0 0.0 0.0 0.0 0.0 0.0 0.0 0.0 0.0 0.0 0.0
10.701416015625 4.574769020080566 3.6423778533935547 3.99739933013916 5.880356788635254 0.0 0.0 0.0 0.0 0.0 0.0 0.0 0.0 0.0 0.0 0.0 0.0 0.0 0.0 0.0 0.0 0.0 0.0 0.0 0.0 0.0 0.0 0.0 0.0 0.0 0.0 0.0
10.702092170715332 4.447373390197754 3.910022258758545 3.3639261722564697 3.928602695465088 5.712527275085449 0.0 0.0 0.0 0.0 0.0 0.0 0.0 0.0 0.0 0.0 0.0 0.0 0.0 0.0 0.0 0.0 0.0 0.0 0.0 0.0 0.0 0.0 0.0 0.0 0.0 0.0
10.702301025390625 4.443786144256592 3.312824010848999 3.5039000511169434 3.3490302562713623 3.7816269397735596 5.669590950012207 0.0 0.0 0.0 0.0 0.0 0.0 0.0 0.0 0.0 0.0 0.0 0.0 0.0 0.0 0.0 0.0 0.0 0.0 0.0 0.0 0.0 0.0 0.0 0.0 0.0
10.702597618103027 4.38873815536499 3.308030605316162 3.218484401702881 3.4026291370391846 3.2432119846343994 3.7571163177490234 5.5740203857421875 0.0 0.0 0.0 0.0 0.0 0.0 0.0 0.0 0.0 0.0 0.0 0.0 0.0 0.0 0.0 0.0 0.0 0.0 0.0 0.0 0.0 0.0 0.0 0.0
10.701634407043457 4.383240222930908 4.030664920806885 3.0531251430511475 3.5302340984344482 3.2014288902282715 3.2561280727386475 3.669044017791748 5.546143054962158 0.0 0.0 0.0 0.0 0.0 0.0 0.0 0.0 0.0 0.0 0.0 0.0 0.0 0.0 0.0 0.0 0.0 0.0 0.0 0.0 0.0 0.0 0.0
10.699846267700195 4.499136924743652 3.1819565296173096 2.927858829498291 3.1989388465881348 4.332092761993408 3.2831671237945557 3.1153459548950195 3.636558771133423 5.692948818206787 0.0 0.0 0.0 0.0 0.0 0.0 0.0 0.0 0.0 0.0 0.0 0.0 0.0 0.0 0.0 0.0 0.0 0.0 0.0 0.0 0.0 0.0
10.701428413391113 4.404185771942139 3.1157779693603516 3.4059805870056152 3.0111165046691895 3.430680751800537 3.0812127590179443 3.1244430541992188 3.064628839492798 3.6113059520721436 5.553908824920654 0.0 0.0 0.0 0.0 0.0 0.0 0.0 0.0 0.0 0.0 0.0 0.0 0.0 0.0 0.0 0.0 0.0 0.0 0.0 0.0 0.0
10.700177192687988 4.474211692810059 3.5782854557037354 3.422839403152466 3.2113654613494873 3.4756226539611816 3.3018133640289307 3.1314938068389893 2.983581304550171 3.063920736312866 3.5963401794433594 5.574566841125488 0.0 0.0 0.0 0.0 0.0 0.0 0.0 0.0 0.0 0.0 0.0 0.0 0.0 0.0 0.0 0.0 0.0 0.0 0.0 0.0
10.698742866516113 4.526628494262695 3.4501211643218994 3.4670753479003906 3.5345311164855957 3.3140788078308105 3.2126801013946533 3.1612279415130615 3.0076398849487305 2.95772385597229 3.037148952484131 3.648564100265503 5.708277225494385 0.0 0.0 0.0 0.0 0.0 0.0 0.0 0.0 0.0 0.0 0.0 0.0 0.0 0.0 0.0 0.0 0.0 0.0 0.0
10.697029113769531 4.729809284210205 4.093010425567627 3.8342318534851074 3.631490707397461 3.677863359451294 3.3112196922302246 3.4431190490722656 3.0671753883361816 2.962273120880127 2.9783225059509277 3.008464813232422 3.5800869464874268 5.597665309906006 0.0 0.0 0.0 0.0 0.0 0.0 0.0 0.0 0.0 0.0 0.0 0.0 0.0 0.0 0.0 0.0 0.0 0.0
10.696890830993652 4.5851006507873535 3.7525901794433594 3.83583664894104 3.7395784854888916 3.7554874420166016 3.400219202041626 3.298459768295288 3.2258243560791016 3.167205333709717 2.884028673171997 2.8946104049682617 3.1092662811279297 3.602705955505371 5.618330955505371 0.0 0.0 0.0 0.0 0.0 0.0 0.0 0.0 0.0 0.0 0.0 0.0 0.0 0.0 0.0 0.0 0.0
10.696107864379883 4.608901023864746 3.710716485977173 3.8558242321014404 4.016684532165527 3.562875509262085 3.591904640197754 3.511597156524658 3.2141754627227783 3.02455472946167 2.953416347503662 2.882791042327881 2.947195053100586 3.2071428298950195 3.5762996673583984 5.6053266525268555 0.0 0.0 0.0 0.0 0.0 0.0 0.0 0.0 0.0 0.0 0.0 0.0 0.0 0.0 0.0 0.0
10.695474624633789 4.60632848739624 3.609920024871826 4.034182548522949 3.872586727142334 3.7875068187713623 3.585237741470337 3.376217842102051 3.373885154724121 3.163282871246338 2.9736361503601074 2.9571752548217773 2.934035062789917 3.039393663406372 3.1163318157196045 3.5754401683807373 5.599771499633789 0.0 0.0 0.0 0.0 0.0 0.0 0.0 0.0 0.0 0.0 0.0 0.0 0.0 0.0 0.0
10.693623542785645 4.685441493988037 3.6690595149993896 3.860598564147949 3.877182722091675 3.995666265487671 3.7303712368011475 3.6017491817474365 3.6141066551208496 3.4629902839660645 3.1036453247070312 3.7718043327331543 3.030970573425293 3.0743093490600586 2.922427177429199 3.0750060081481934 3.5606002807617188 5.575629711151123 0.0 0.0 0.0 0.0 0.0 0.0 0.0 0.0 0.0 0.0 0.0 0.0 0.0 0.0
10.692344665527344 4.706385135650635 3.6206300258636475 3.968980073928833 3.9738998413085938 4.065176486968994 3.911715507507324 3.7576043605804443 3.652249336242676 3.605365037918091 3.1988401412963867 3.440390110015869 3.024442195892334 2.8764994144439697 3.1122796535491943 3.087266445159912 3.0581140518188477 3.5781447887420654 5.6086273193359375 0.0 0.0 0.0 0.0 0.0 0.0 0.0 0.0 0.0 0.0 0.0 0.0 0.0
10.690303802490234 4.761080265045166 3.6418933868408203 4.038992404937744 4.0806684494018555 3.93929386138916 4.131646156311035 3.8250834941864014 3.7350687980651855 3.65785551071167 3.4195661544799805 3.370575189590454 3.7387030124664307 3.2202112674713135 2.9541773796081543 3.686932325363159 2.7938902378082275 3.1223013401031494 3.5345253944396973 5.591899394989014 0.0 0.0 0.0 0.0 0.0 0.0 0.0 0.0 0.0 0.0 0.0 0.0
10.690496444702148 4.730711936950684 3.6710290908813477 4.127699851989746 4.058964252471924 4.000527381896973 3.9070208072662354 3.8397088050842285 3.780515193939209 3.7445931434631348 3.744969606399536 3.4075119495391846 3.2892558574676514 3.19663405418396 3.0311760902404785 3.014897346496582 2.838024616241455 3.0162603855133057 2.972200393676758 3.5352835655212402 5.5776495933532715 0.0 0.0 0.0 0.0 0.0 0.0 0.0 0.0 0.0 0.0 0.0
10.687276840209961 4.854314804077148 3.701294422149658 4.064271450042725 4.118097305297852 4.491830825805664 4.117125511169434 3.9612948894500732 3.9027645587921143 3.779432535171509 4.107149124145508 3.6186859607696533 3.2964072227478027 3.1262972354888916 3.0397350788116455 3.4812281131744385 2.994011878967285 2.999380111694336 2.959217071533203 3.0456314086914062 3.586562156677246 5.594658374786377 0.0 0.0 0.0 0.0 0.0 0.0 0.0 0.0 0.0 0.0
10.686076164245605 4.838074207305908 3.9110426902770996 4.3999176025390625 4.194563388824463 4.317071437835693 4.045487880706787 3.9479973316192627 3.8464698791503906 3.849090337753296 3.681081533432007 3.852917432785034 3.589195489883423 3.4607532024383545 3.1743791103363037 3.1669812202453613 3.1698782444000244 2.8937394618988037 2.922544240951538 2.907588243484497 3.0809526443481445 3.6213321685791016 5.641983509063721 0.0 0.0 0.0 0.0 0.0 0.0 0.0 0.0 0.0
10.68544864654541 4.878993511199951 3.903276205062866 4.138328552246094 4.244446754455566 4.263326644897461 4.108187198638916 4.110902786254883 3.890575885772705 3.8292489051818848 3.727945327758789 3.715087413787842 3.7607977390289307 3.643317937850952 3.493898868560791 3.0345799922943115 3.0503225326538086 3.044463872909546 2.806947946548462 2.870795488357544 3.079183340072632 3.087797164916992 3.557985305786133 5.625892162322998 0.0 0.0 0.0 0.0 0.0 0.0 0.0 0.0
10.684090614318848 4.911733627319336 3.894369125366211 4.279105186462402 4.232248306274414 4.177508354187012 4.1563544273376465 3.894123077392578 4.010688781738281 3.9859466552734375 3.7846755981445312 3.7555480003356934 3.719055652618408 3.666008949279785 3.743215799331665 3.376619815826416 3.089447021484375 3.099942922592163 2.8949010372161865 2.882481813430786 2.8177590370178223 2.9738802909851074 3.1196484565734863 3.5779953002929688 5.650655269622803 0.0 0.0 0.0 0.0 0.0 0.0 0.0
10.681511878967285 4.973857879638672 4.0741119384765625 4.3885087966918945 4.24774169921875 4.067998886108398 3.9840667247772217 4.432317733764648 3.9034082889556885 4.139196872711182 4.105875015258789 3.9805173873901367 3.7977709770202637 3.6827433109283447 3.4749300479888916 3.472975730895996 3.4058783054351807 3.2929646968841553 2.9365177154541016 3.0021448135375977 3.044127941131592 2.969846248626709 3.1224005222320557 3.009981155395508 3.5487897396087646 5.6398162841796875 0.0 0.0 0.0 0.0 0.0 0.0
10.680273056030273 4.960129261016846 4.028676986694336 4.4890851974487305 4.317078590393066 4.2491374015808105 4.1629533767700195 4.016843318939209 3.924323558807373 4.062399387359619 4.131286144256592 4.1008148193359375 3.875901460647583 3.7953262329101562 3.681753635406494 3.3677172660827637 3.396113872528076 3.3469629287719727 3.054748773574829 3.0486674308776855 3.0540378093719482 3.0824015140533447 3.1068274974823 3.0179896354675293 3.0641911029815674 3.561049222946167 5.65950870513916 0.0 0.0 0.0 0.0 0.0
10.67611026763916 4.994526386260986 4.118358612060547 4.4443230628967285 4.5546369552612305 4.364694595336914 4.3157525062561035 4.157281398773193 4.107641696929932 4.051953315734863 3.9106998443603516 4.0172343254089355 4.15248966217041 3.875258684158325 3.6948091983795166 4.840440273284912 3.3679237365722656 3.321174144744873 3.2621309757232666 3.1784274578094482 2.9340980052948 2.962369203567505 3.074965000152588 3.0721025466918945 3.0533828735351562 3.1263768672943115 3.586329698562622 5.628881454467773 0.0 0.0 0.0 0.0
10.6757173538208 5.0207839012146 3.9956812858581543 4.434614181518555 4.386641502380371 4.379531383514404 4.328932762145996 4.45182466506958 4.1098952293396 4.177264213562012 4.044445037841797 4.089840412139893 4.076735019683838 4.279632568359375 4.038449764251709 3.9676480293273926 3.5475149154663086 3.3433263301849365 3.196587085723877 3.248319387435913 3.079089403152466 2.955876350402832 2.9735987186431885 3.0879509449005127 2.8822546005249023 3.1021759510040283 3.139709949493408 3.5427772998809814 5.648306369781494 0.0 0.0 0.0
10.675216674804688 5.039044380187988 4.022956371307373 4.203232765197754 4.423383712768555 4.329728126525879 4.340115547180176 4.353509426116943 4.377829074859619 4.185146331787109 4.061342716217041 4.096218585968018 4.141478538513184 4.070493221282959 3.9769012928009033 3.879976749420166 3.437120199203491 3.4207863807678223 3.411979913711548 3.266592502593994 3.0400116443634033 2.9583797454833984 2.979281187057495 3.1390841007232666 3.0960848331451416 3.108269453048706 2.978519916534424 3.008476734161377 3.5710132122039795 5.689974308013916 0.0 0.0
10.668871879577637 5.099889755249023 4.124905586242676 4.346504211425781 4.3604350090026855 4.399776935577393 4.441657066345215 4.237205982208252 4.219992637634277 4.2883620262146 4.163647651672363 4.235050201416016 4.6964430809021 4.410064697265625 4.126886367797852 4.9369401931762695 3.730246067047119 3.694380760192871 3.4191832542419434 3.4427506923675537 3.457394599914551 3.4246747493743896 3.4448118209838867 3.0020008087158203 3.1380279064178467 3.2764334678649902 2.964207649230957 2.9706666469573975 3.118065118789673 3.5426700115203857 5.636656284332275 0.0
10.669770240783691 5.077970027923584 4.116937637329102 4.435257911682129 4.411027908325195 4.293089389801025 4.392800807952881 4.315911293029785 4.2568864822387695 4.292861461639404 4.186104774475098 4.271006107330322 4.195414066314697 4.288409233093262 4.097593784332275 4.506490707397461 3.8088676929473877 3.9912655353546143 3.4657506942749023 3.3672101497650146 3.187052011489868 3.5745370388031006 3.6224732398986816 3.0414698123931885 2.7891721725463867 3.1104235649108887 3.264636754989624 3.202383279800415 2.9861536026000977 3.0126264095306396 3.615973472595215 5.689462184906006
