10.71379566192627 0.0 0.0 0.0 0.0 0.0 0.0 0.0 0.0 0.0 0.0 0.0 0.0 0.0 0.0 0.0 0.0 0.0 0.0 0.0 0.0 0.0 0.0 0.0 0.0 0.0 0.0 0.0 0.0 0.0 0.0 0.0
10.683621406555176 7.193627834320068 0.0 0.0 0.0 0.0 0.0 0.0 0.0 0.0 0.0 0.0 0.0 0.0 0.0 0.0 0.0 0.0 0.0 0.0 0.0 0.0 0.0 0.0 0.0 0.0 0.0 0.0 0.0 0.0 0.0 0.0
10.645890235900879 7.355655670166016 7.231002330780029 0.0 0.0 0.0 0.0 0.0 0.0 0.0 0.0 0.0 0.0 0.0 0.0 0.0 0.0 0.0 0.0 0.0 0.0 0.0 0.0 0.0 0.0 0.0 0.0 0.0 0.0 0.0 0.0 0.0
10.609318733215332 7.25414514541626 7.333828449249268 7.319934844970703 0.0 0.0 0.0 0.0 0.0 0.0 0.0 0.0 0.0 0.0 0.0 0.0 0.0 0.0 0.0 0.0 0.0 0.0 0.0 0.0 0.0 0.0 0.0 0.0 0.0 0.0 0.0 0.0
10.574111938476562 7.1371049880981445 7.192599773406982 7.410519123077393 7.387584209442139 0.0 0.0 0.0 0.0 0.0 0.0 0.0 0.0 0.0 0.0 0.0 0.0 0.0 0.0 0.0 0.0 0.0 0.0 0.0 0.0 0.0 0.0 0.0 0.0 0.0 0.0 0.0
10.551567077636719 6.990264415740967 6.971717834472656 7.159517288208008 7.362411022186279 7.4469499588012695 0.0 0.0 0.0 0.0 0.0 0.0 0.0 0.0 0.0 0.0 0.0 0.0 0.0 0.0 0.0 0.0 0.0 0.0 0.0 0.0 0.0 0.0 0.0 0.0 0.0 0.0
10.524978637695312 6.87291145324707 6.796665668487549 7.012014865875244 7.18265438079834 7.429309844970703 7.473263740539551 0.0 0.0 0.0 0.0 0.0 0.0 0.0 0.0 0.0 0.0 0.0 0.0 0.0 0.0 0.0 0.0 0.0 0.0 0.0 0.0 0.0 0.0 0.0 0.0 0.0
10.499680519104004 6.76821756362915 6.733177661895752 6.887030601501465 6.971806526184082 7.218029499053955 7.410433769226074 7.544294357299805 0.0 0.0 0.0 0.0 0.0 0.0 0.0 0.0 0.0 0.0 0.0 0.0 0.0 0.0 0.0 0.0 0.0 0.0 0.0 0.0 0.0 0.0 0.0 0.0
10.475738525390625 6.737296104431152 6.618617534637451 6.7693610191345215 6.882655620574951 7.104636192321777 7.157902717590332 7.444377422332764 7.534252643585205 0.0 0.0 0.0 0.0 0.0 0.0 0.0 0.0 0.0 0.0 0.0 0.0 0.0 0.0 0.0 0.0 0.0 0.0 0.0 0.0 0.0 0.0 0.0
10.463748931884766 6.67299222946167 6.608099460601807 6.677195072174072 6.692752838134766 6.824802875518799 6.9548139572143555 7.174692630767822 7.424391269683838 7.528386116027832 0.0 0.0 0.0 0.0 0.0 0.0 0.0 0.0 0.0 0.0 0.0 0.0 0.0 0.0 0.0 0.0 0.0 0.0 0.0 0.0 0.0 0.0
10.448622703552246 6.540308475494385 6.4059624671936035 6.5750017166137695 6.605662822723389 6.690496921539307 6.804556369781494 6.991552352905273 7.151498317718506 7.40784215927124 7.598999500274658 0.0 0.0 0.0 0.0 0.0 0.0 0.0 0.0 0.0 0.0 0.0 0.0 0.0 0.0 0.0 0.0 0.0 0.0 0.0 0.0 0.0
10.42772102355957 6.575527191162109 6.368727684020996 6.571678161621094 6.552178382873535 6.662574291229248 6.7048258781433105 6.840117454528809 6.946595191955566 7.113983631134033 7.435041904449463 7.585988998413086 0.0 0.0 0.0 0.0 0.0 0.0 0.0 0.0 0.0 0.0 0.0 0.0 0.0 0.0 0.0 0.0 0.0 0.0 0.0 0.0
10.405182838439941 6.481690406799316 6.291242599487305 6.450699806213379 6.498130798339844 6.620067119598389 6.658276081085205 6.742094993591309 6.884082794189453 6.930425643920898 7.203514099121094 7.469334602355957 7.586860656738281 0.0 0.0 0.0 0.0 0.0 0.0 0.0 0.0 0.0 0.0 0.0 0.0 0.0 0.0 0.0 0.0 0.0 0.0 0.0
10.389484405517578 6.391504764556885 6.232615947723389 6.377365589141846 6.413006782531738 6.523976802825928 6.571686744689941 6.655048847198486 6.750173091888428 6.820940017700195 7.031644821166992 7.181013107299805 7.441901683807373 7.625842094421387 0.0 0.0 0.0 0.0 0.0 0.0 0.0 0.0 0.0 0.0 0.0 0.0 0.0 0.0 0.0 0.0 0.0 0.0
10.374136924743652 6.355861186981201 6.169732093811035 6.318732738494873 6.357647895812988 6.4697113037109375 6.530313491821289 6.5743513107299805 6.62835693359375 6.735140323638916 6.9243597984313965 6.984713554382324 7.156327247619629 7.478382110595703 7.5837602615356445 0.0 0.0 0.0 0.0 0.0 0.0 0.0 0.0 0.0 0.0 0.0 0.0 0.0 0.0 0.0 0.0 0.0
10.367085456848145 6.286827087402344 6.124894142150879 6.24885368347168 6.279227256774902 6.364821910858154 6.439246654510498 6.533728122711182 6.551058769226074 6.621350288391113 6.730641841888428 6.877138137817383 6.959253787994385 7.158745288848877 7.410401821136475 7.59099817276001 0.0 0.0 0.0 0.0 0.0 0.0 0.0 0.0 0.0 0.0 0.0 0.0 0.0 0.0 0.0 0.0
10.349820137023926 6.266987323760986 6.06183385848999 6.208444118499756 6.25878381729126 6.359213829040527 6.389040470123291 6.4813079833984375 6.517281532287598 6.600098133087158 6.718449592590332 6.72538423538208 6.810421466827393 6.99065637588501 7.112671852111816 7.4009833335876465 7.591783046722412 0.0 0.0 0.0 0.0 0.0 0.0 0.0 0.0 0.0 0.0 0.0 0.0 0.0 0.0 0.0
10.33991813659668 6.233969211578369 5.979428768157959 6.1638264656066895 6.218774795532227 6.289046287536621 6.295776844024658 6.369647026062012 6.440885066986084 6.517541408538818 6.577418327331543 6.625799179077148 6.7061662673950195 6.9057936668396 6.907003879547119 7.115948677062988 7.394806385040283 7.6131696701049805 0.0 0.0 0.0 0.0 0.0 0.0 0.0 0.0 0.0 0.0 0.0 0.0 0.0 0.0
10.327385902404785 6.207233428955078 5.906275749206543 6.13736629486084 6.166708469390869 6.22453498840332 6.251743793487549 6.3325934410095215 6.366523742675781 6.434729099273682 6.544273853302002 6.568428993225098 6.603850841522217 6.717418193817139 6.764919757843018 6.925113677978516 7.122431755065918 7.4375786781311035 7.6101155281066895 0.0 0.0 0.0 0.0 0.0 0.0 0.0 0.0 0.0 0.0 0.0 0.0 0.0
10.302841186523438 6.229755878448486 5.837135314941406 6.082169055938721 6.160353183746338 6.2139129638671875 6.213212966918945 6.294464588165283 6.304308891296387 6.4149956703186035 6.52712345123291 6.540989398956299 6.558603763580322 6.62413215637207 6.647968769073486 6.790606498718262 6.9235992431640625 7.239084243774414 7.476334571838379 7.610133171081543 0.0 0.0 0.0 0.0 0.0 0.0 0.0 0.0 0.0 0.0 0.0 0.0
10.29647445678711 6.199894428253174 5.835754871368408 6.018311023712158 6.093857288360596 6.158945560455322 6.178913116455078 6.269594669342041 6.287515163421631 6.341480731964111 6.474703311920166 6.447763919830322 6.47382926940918 6.54877233505249 6.589617729187012 6.662222385406494 6.758711814880371 7.114704132080078 7.13599967956543 7.364120960235596 7.5998029708862305 0.0 0.0 0.0 0.0 0.0 0.0 0.0 0.0 0.0 0.0 0.0
10.291954040527344 6.144151210784912 5.842358589172363 5.9889912605285645 6.036407470703125 6.120964050292969 6.156395435333252 6.214959144592285 6.2451395988464355 6.286991596221924 6.356823921203613 6.384344577789307 6.418691158294678 6.511499404907227 6.526434421539307 6.561877250671387 6.629924774169922 6.808767795562744 6.9675188064575195 7.086392879486084 7.38097620010376 7.597197532653809 0.0 0.0 0.0 0.0 0.0 0.0 0.0 0.0 0.0 0.0
10.272648811340332 6.1133527755737305 5.852406978607178 6.023666858673096 6.006098747253418 6.098209381103516 6.086499214172363 6.175598621368408 6.256237030029297 6.282294273376465 6.382627010345459 6.378899097442627 6.3882341384887695 6.575340747833252 6.513947010040283 6.5094523429870605 6.541923999786377 6.661740779876709 6.804393291473389 6.9037556648254395 7.096871376037598 7.3720316886901855 7.592727184295654 0.0 0.0 0.0 0.0 0.0 0.0 0.0 0.0 0.0
10.256024360656738 6.067331314086914 5.848936557769775 5.955939292907715 5.967989444732666 6.062513828277588 6.060272216796875 6.126844882965088 6.21334171295166 6.281599044799805 6.343510627746582 6.328878402709961 6.348135948181152 6.581496238708496 6.435789108276367 6.463189125061035 6.512472629547119 6.604768753051758 6.729443550109863 6.740577697753906 6.886748790740967 7.101747989654541 7.395113468170166 7.602970123291016 0.0 0.0 0.0 0.0 0.0 0.0 0.0 0.0
10.249995231628418 6.061583042144775 5.835371494293213 5.989467620849609 5.949934482574463 6.02040433883667 6.01848840713501 6.08636474609375 6.22614049911499 6.259690284729004 6.380132675170898 6.308008670806885 6.340980529785156 6.47620964050293 6.388429641723633 6.3842291831970215 6.437051773071289 6.50473690032959 6.590269088745117 6.598962783813477 6.7238969802856445 6.885359764099121 7.087181091308594 7.349621295928955 7.589703559875488 0.0 0.0 0.0 0.0 0.0 0.0 0.0
10.245185852050781 6.017091751098633 5.802786827087402 5.900953769683838 5.944197654724121 6.022951602935791 6.007750034332275 6.064055442810059 6.121824264526367 6.156990051269531 6.232919216156006 6.270447731018066 6.293148517608643 6.407317161560059 6.304373264312744 6.347907543182373 6.395022392272949 6.420565128326416 6.618789196014404 6.558596611022949 6.609235763549805 6.706966400146484 6.855175495147705 7.051187038421631 7.350221633911133 7.5812153816223145 0.0 0.0 0.0 0.0 0.0 0.0
10.234158515930176 6.00477933883667 5.7297515869140625 5.851342678070068 5.902322292327881 5.9729084968566895 5.997942924499512 6.045970439910889 6.0858073234558105 6.1086883544921875 6.227221965789795 6.20637321472168 6.272782325744629 6.415337562561035 6.272692680358887 6.309828281402588 6.326747894287109 6.3803791999816895 6.6223955154418945 6.466662406921387 6.5288591384887695 6.579957962036133 6.69844388961792 6.867136001586914 7.072575092315674 7.3455328941345215 7.559866905212402 0.0 0.0 0.0 0.0 0.0
10.23001766204834 6.001967906951904 5.716182708740234 5.813610553741455 5.859211444854736 5.93256139755249 5.987871170043945 5.992147445678711 6.0355706214904785 6.088817596435547 6.17322301864624 6.184185028076172 6.228976726531982 6.381603717803955 6.268363952636719 6.271047592163086 6.256068706512451 6.3367180824279785 6.502526760101318 6.387502193450928 6.4447407722473145 6.487951278686523 6.591424465179443 6.730295658111572 6.830572605133057 7.044917583465576 7.303475856781006 7.568028926849365 0.0 0.0 0.0 0.0
10.223414421081543 5.965919017791748 5.680719375610352 5.7904205322265625 5.836714267730713 5.901581764221191 5.9539103507995605 5.957630157470703 6.009860515594482 6.043206691741943 6.116252422332764 6.134500026702881 6.196042060852051 6.237529277801514 6.236767768859863 6.232807159423828 6.254968643188477 6.2771172523498535 6.505252838134766 6.328832626342773 6.3976149559021 6.414419174194336 6.479056358337402 6.568460941314697 6.671402454376221 6.846275806427002 7.026311874389648 7.320007801055908 7.572674751281738 0.0 0.0 0.0
10.206342697143555 5.974791049957275 5.727296352386475 5.77133321762085 5.80258846282959 5.850208282470703 5.898650169372559 5.941524982452393 5.993122100830078 6.0296630859375 6.133023262023926 6.151880741119385 6.18851375579834 6.277115821838379 6.197935104370117 6.246248245239258 6.215925216674805 6.246207237243652 6.3674774169921875 6.289117813110352 6.355854511260986 6.374532699584961 6.4477410316467285 6.523792266845703 6.573702335357666 6.718025207519531 6.831778526306152 7.057089328765869 7.308403015136719 7.567347049713135 0.0 0.0
10.208006858825684 5.945446968078613 5.615255832672119 5.73837947845459 5.790097713470459 5.840808391571045 5.888588905334473 5.922950744628906 5.942544460296631 6.0021233558654785 6.1040802001953125 6.113234043121338 6.1323628425598145 6.190289497375488 6.171893119812012 6.18829870223999 6.193300247192383 6.229929447174072 6.331904411315918 6.221202850341797 6.310305118560791 6.292527675628662 6.3484578132629395 6.41079044342041 6.442141056060791 6.541679859161377 6.669431686401367 6.840721130371094 7.034994602203369 7.293523788452148 7.543521404266357 0.0
10.197230339050293 5.969133377075195 5.719582557678223 5.715743541717529 5.7723069190979 5.910214424133301 5.884884834289551 5.942521572113037 5.982950210571289 5.967671871185303 6.079353332519531 6.091254711151123 6.104192733764648 6.179225921630859 6.122761249542236 6.163529872894287 6.138824939727783 6.1731977462768555 6.217989444732666 6.177455902099609 6.243617057800293 6.252913475036621 6.351476192474365 6.408553600311279 6.3893656730651855 6.432150363922119 6.521666049957275 6.654333591461182 6.818729877471924 7.00095796585083 7.27026891708374 7.557075023651123
