10.71379566192627 0.0 0.0 0.0 0.0 0.0 0.0 0.0 0.0 0.0 0.0 0.0 0.0 0.0 0.0 0.0 0.0 0.0 0.0 0.0 0.0 0.0 0.0 0.0 0.0 0.0 0.0 0.0 0.0 0.0 0.0 0.0
10.679182052612305 7.328452110290527 0.0 0.0 0.0 0.0 0.0 0.0 0.0 0.0 0.0 0.0 0.0 0.0 0.0 0.0 0.0 0.0 0.0 0.0 0.0 0.0 0.0 0.0 0.0 0.0 0.0 0.0 0.0 0.0 0.0 0.0
10.670686721801758 6.2105207443237305 7.239686012268066 0.0 0.0 0.0 0.0 0.0 0.0 0.0 0.0 0.0 0.0 0.0 0.0 0.0 0.0 0.0 0.0 0.0 0.0 0.0 0.0 0.0 0.0 0.0 0.0 0.0 0.0 0.0 0.0 0.0
10.655008316040039 5.783706188201904 6.661025047302246 7.2830915451049805 0.0 0.0 0.0 0.0 0.0 0.0 0.0 0.0 0.0 0.0 0.0 0.0 0.0 0.0 0.0 0.0 0.0 0.0 0.0 0.0 0.0 0.0 0.0 0.0 0.0 0.0 0.0 0.0
10.655317306518555 5.285995960235596 6.047137260437012 6.438595294952393 7.172234535217285 0.0 0.0 0.0 0.0 0.0 0.0 0.0 0.0 0.0 0.0 0.0 0.0 0.0 0.0 0.0 0.0 0.0 0.0 0.0 0.0 0.0 0.0 0.0 0.0 0.0 0.0 0.0
10.64730167388916 5.160780429840088 5.825830936431885 6.095262050628662 6.439825057983398 7.173215866088867 0.0 0.0 0.0 0.0 0.0 0.0 0.0 0.0 0.0 0.0 0.0 0.0 0.0 0.0 0.0 0.0 0.0 0.0 0.0 0.0 0.0 0.0 0.0 0.0 0.0 0.0
10.64374828338623 5.076694965362549 5.614372253417969 5.819263458251953 5.961997985839844 6.359979152679443 7.1688361167907715 0.0 0.0 0.0 0.0 0.0 0.0 0.0 0.0 0.0 0.0 0.0 0.0 0.0 0.0 0.0 0.0 0.0 0.0 0.0 0.0 0.0 0.0 0.0 0.0 0.0
10.639825820922852 5.031038284301758 5.402812957763672 5.451484203338623 5.616878986358643 5.872396469116211 6.354684829711914 7.235000133514404 0.0 0.0 0.0 0.0 0.0 0.0 0.0 0.0 0.0 0.0 0.0 0.0 0.0 0.0 0.0 0.0 0.0 0.0 0.0 0.0 0.0 0.0 0.0 0.0
10.637239456176758 4.90461540222168 5.3106770515441895 5.315988540649414 5.434939861297607 5.566899299621582 5.899022579193115 6.3811821937561035 7.186347484588623 0.0 0.0 0.0 0.0 0.0 0.0 0.0 0.0 0.0 0.0 0.0 0.0 0.0 0.0 0.0 0.0 0.0 0.0 0.0 0.0 0.0 0.0 0.0
10.634207725524902 4.8102946281433105 5.139161109924316 5.183032035827637 5.245437145233154 5.3627471923828125 5.597714424133301 5.943285942077637 6.353769779205322 7.196268081665039 0.0 0.0 0.0 0.0 0.0 0.0 0.0 0.0 0.0 0.0 0.0 0.0 0.0 0.0 0.0 0.0 0.0 0.0 0.0 0.0 0.0 0.0
10.632667541503906 4.636092185974121 4.990301609039307 5.053887844085693 5.115674018859863 5.197576522827148 5.326142311096191 5.587876319885254 5.836248397827148 6.310328006744385 7.228947639465332 0.0 0.0 0.0 0.0 0.0 0.0 0.0 0.0 0.0 0.0 0.0 0.0 0.0 0.0 0.0 0.0 0.0 0.0 0.0 0.0 0.0
10.628423690795898 4.472376346588135 4.847696304321289 4.922322750091553 5.004322528839111 5.116492748260498 5.187041759490967 5.374021530151367 5.490972995758057 5.843867778778076 6.526615142822266 7.200845718383789 0.0 0.0 0.0 0.0 0.0 0.0 0.0 0.0 0.0 0.0 0.0 0.0 0.0 0.0 0.0 0.0 0.0 0.0 0.0 0.0
10.625661849975586 4.452644348144531 4.761597156524658 4.8352508544921875 4.912254333496094 5.040587902069092 5.119304180145264 5.270975589752197 5.348353385925293 5.577799320220947 6.113471508026123 6.3444037437438965 7.178474426269531 0.0 0.0 0.0 0.0 0.0 0.0 0.0 0.0 0.0 0.0 0.0 0.0 0.0 0.0 0.0 0.0 0.0 0.0 0.0
10.625248908996582 4.436313629150391 4.69678258895874 4.73084020614624 4.758556365966797 4.906783580780029 4.981525421142578 5.129446983337402 5.226387023925781 5.355302810668945 5.634954452514648 5.840699672698975 6.316553592681885 7.211942672729492 0.0 0.0 0.0 0.0 0.0 0.0 0.0 0.0 0.0 0.0 0.0 0.0 0.0 0.0 0.0 0.0 0.0 0.0
10.624906539916992 4.402752876281738 4.6941423416137695 4.6826934814453125 4.67782735824585 4.77716064453125 4.89730167388916 5.025547504425049 5.094328880310059 5.22233247756958 5.433378219604492 5.527064800262451 5.8660569190979 6.325501918792725 7.144685745239258 0.0 0.0 0.0 0.0 0.0 0.0 0.0 0.0 0.0 0.0 0.0 0.0 0.0 0.0 0.0 0.0 0.0
10.622861862182617 4.334564685821533 4.648861885070801 4.669137954711914 4.668783664703369 4.7128167152404785 4.762923717498779 4.9965620040893555 5.070556640625 5.118703365325928 5.216715335845947 5.2975687980651855 5.531855583190918 5.869665622711182 6.268864154815674 7.160414218902588 0.0 0.0 0.0 0.0 0.0 0.0 0.0 0.0 0.0 0.0 0.0 0.0 0.0 0.0 0.0 0.0
10.620633125305176 4.284060001373291 4.529942035675049 4.606127738952637 4.645735740661621 4.675755500793457 4.686500549316406 4.8209428787231445 4.950104236602783 4.998151779174805 5.240020751953125 5.164892196655273 5.319167137145996 5.560878276824951 5.799841403961182 6.304896831512451 7.162615776062012 0.0 0.0 0.0 0.0 0.0 0.0 0.0 0.0 0.0 0.0 0.0 0.0 0.0 0.0 0.0
10.619087219238281 4.21954870223999 4.488333225250244 4.5211992263793945 4.5637664794921875 4.628528594970703 4.642165660858154 4.681199073791504 4.798452377319336 4.930559158325195 5.140200138092041 5.1211442947387695 5.175996780395508 5.304912567138672 5.509547233581543 5.789507865905762 6.292620658874512 7.176262378692627 0.0 0.0 0.0 0.0 0.0 0.0 0.0 0.0 0.0 0.0 0.0 0.0 0.0 0.0
10.616284370422363 4.252941131591797 4.4546332359313965 4.460333824157715 4.4615864753723145 4.643989562988281 4.634278774261475 4.756158351898193 4.75166654586792 4.897862911224365 4.9885993003845215 5.036638259887695 5.086515426635742 5.206546783447266 5.343747138977051 5.552081108093262 5.859014987945557 6.305711269378662 7.138847827911377 0.0 0.0 0.0 0.0 0.0 0.0 0.0 0.0 0.0 0.0 0.0 0.0 0.0
10.615771293640137 4.19495964050293 4.3373026847839355 4.3537139892578125 4.3674516677856445 4.478683948516846 4.5811448097229 4.612633228302002 4.633016586303711 4.736400127410889 4.871671199798584 4.919981002807617 5.030238628387451 5.2083234786987305 5.181734085083008 5.356597423553467 5.606448650360107 5.869616985321045 6.3016462326049805 7.111032009124756 0.0 0.0 0.0 0.0 0.0 0.0 0.0 0.0 0.0 0.0 0.0 0.0
10.615214347839355 4.144445419311523 4.36226749420166 4.340020656585693 4.347817897796631 4.383577823638916 4.499183654785156 4.6069440841674805 4.648435115814209 4.6677165031433105 4.8036017417907715 4.782133102416992 4.8632330894470215 5.002547740936279 5.084630012512207 5.167026042938232 5.340954780578613 5.557955265045166 5.8037896156311035 6.252552509307861 7.142044544219971 0.0 0.0 0.0 0.0 0.0 0.0 0.0 0.0 0.0 0.0 0.0
10.614584922790527 4.057788372039795 4.363669395446777 4.362369060516357 4.2616047859191895 4.334781646728516 4.377595901489258 4.496831893920898 4.5695319175720215 4.607194900512695 4.744077682495117 4.6926469802856445 4.765705585479736 4.861928462982178 4.9530253410339355 5.037823677062988 5.164165496826172 5.343010425567627 5.5032148361206055 5.752044677734375 6.271521091461182 7.149362564086914 0.0 0.0 0.0 0.0 0.0 0.0 0.0 0.0 0.0 0.0
10.613951683044434 4.001731872558594 4.280760288238525 4.370447635650635 4.309966087341309 4.280360698699951 4.322892665863037 4.4438090324401855 4.519226551055908 4.569790363311768 4.6958231925964355 4.6437153816223145 4.674999237060547 4.803126811981201 4.874329090118408 4.943966388702393 5.051004886627197 5.139611721038818 5.284106254577637 5.47679328918457 5.853382587432861 6.246913909912109 7.110035419464111 0.0 0.0 0.0 0.0 0.0 0.0 0.0 0.0 0.0
10.614371299743652 4.00977897644043 4.235926628112793 4.318912506103516 4.3153181076049805 4.309086322784424 4.2964768409729 4.334985733032227 4.397319316864014 4.503328323364258 4.652143478393555 4.63759708404541 4.645572662353516 4.6472487449646 4.744361400604248 4.827081203460693 4.9773335456848145 5.066342353820801 5.126817226409912 5.247257232666016 5.456248760223389 5.810441493988037 6.232261657714844 7.077618598937988 0.0 0.0 0.0 0.0 0.0 0.0 0.0 0.0
10.61108684539795 4.078163146972656 4.257091045379639 4.26396369934082 4.2266740798950195 4.257199287414551 4.289850234985352 4.32942008972168 4.320849418640137 4.400791168212891 4.6083478927612305 4.588921070098877 4.648740291595459 4.667517185211182 4.656442642211914 4.741438865661621 4.830556392669678 4.970701217651367 5.038178443908691 5.1111531257629395 5.331651210784912 5.56825590133667 5.824397087097168 6.2245049476623535 7.09629487991333 0.0 0.0 0.0 0.0 0.0 0.0 0.0
10.611337661743164 4.15833044052124 4.224947452545166 4.150808811187744 4.155695915222168 4.205042839050293 4.229185581207275 4.263630390167236 4.275150775909424 4.317192554473877 4.420908451080322 4.496380805969238 4.57679557800293 4.599981784820557 4.609612464904785 4.615885257720947 4.721339702606201 4.808449745178223 4.956301689147949 5.019662857055664 5.180064678192139 5.265752792358398 5.4923095703125 5.744934558868408 6.216944694519043 7.115784645080566 0.0 0.0 0.0 0.0 0.0 0.0
10.60862922668457 4.174092769622803 4.249379634857178 4.149610996246338 4.084043979644775 4.149075508117676 4.17344331741333 4.238439083099365 4.262261867523193 4.267196178436279 4.408217430114746 4.4138054847717285 4.512353897094727 4.556275844573975 4.570845127105713 4.582315921783447 4.673086643218994 4.718580722808838 4.827274799346924 4.942633628845215 5.051723003387451 5.136232852935791 5.262453079223633 5.440156936645508 5.7908430099487305 6.322425842285156 7.107093811035156 0.0 0.0 0.0 0.0 0.0
10.609356880187988 4.093385219573975 4.3254170417785645 4.200254917144775 4.064376354217529 4.076257705688477 4.070011615753174 4.157351970672607 4.245262622833252 4.229795932769775 4.393803119659424 4.353199481964111 4.364058971405029 4.45545768737793 4.554213523864746 4.570741653442383 4.584237098693848 4.627286434173584 4.701086521148682 4.764901161193848 4.920098781585693 5.047648906707764 5.115171432495117 5.22303581237793 5.458566188812256 5.890953063964844 6.188823223114014 7.090584754943848 0.0 0.0 0.0 0.0
10.608430862426758 3.9718172550201416 4.273329257965088 4.242576599121094 4.153076648712158 4.1024932861328125 4.072105884552002 4.115811824798584 4.179994583129883 4.24075174331665 4.3220014572143555 4.290272235870361 4.321386814117432 4.37363862991333 4.443918704986572 4.524490833282471 4.5782623291015625 4.60731315612793 4.644356727600098 4.701218128204346 4.837823390960693 4.960594654083252 5.00527811050415 5.108282089233398 5.267899036407471 5.577008247375488 5.769877910614014 6.190452575683594 7.068228244781494 0.0 0.0 0.0
10.607895851135254 3.864304780960083 4.144398212432861 4.188722610473633 4.171827793121338 4.146724224090576 4.06785249710083 4.086869716644287 4.13108491897583 4.186852931976318 4.309817314147949 4.297430515289307 4.313492298126221 4.275639533996582 4.377529144287109 4.430912017822266 4.53684139251709 4.58353853225708 4.569108009338379 4.612516403198242 4.688011646270752 4.812461853027344 4.899080753326416 5.059873104095459 5.075760364532471 5.34553337097168 5.45039176940918 5.758552551269531 6.221416473388672 7.062592506408691 0.0 0.0
10.609525680541992 3.8822085857391357 4.043738842010498 4.0632100105285645 4.089565277099609 4.135828971862793 4.113278865814209 4.068286418914795 4.096434593200684 4.104067325592041 4.300393104553223 4.223757743835449 4.256246089935303 4.2574968338012695 4.244577884674072 4.366274356842041 4.420296669006348 4.53481912612915 4.625888824462891 4.5192461013793945 4.609263896942139 4.6921162605285645 4.774466037750244 4.8719587326049805 4.9760212898254395 5.1446123123168945 5.224588871002197 5.418751239776611 5.756741046905518 6.1413187980651855 7.047754764556885 0.0
10.606918334960938 3.949955701828003 4.013700485229492 4.01295280456543 4.055532932281494 4.062821865081787 4.143552303314209 4.128866672515869 4.14409875869751 4.102156639099121 4.427290439605713 4.197575569152832 4.23215913772583 4.31946325302124 4.246818542480469 4.2869086265563965 4.378884315490723 4.488813877105713 4.583061695098877 4.485709190368652 4.5657525062561035 4.646265506744385 4.632639408111572 4.734598636627197 4.856692790985107 5.01784610748291 5.050601482391357 5.195988655090332 5.482795715332031 5.698530197143555 6.207648754119873 7.058544158935547
