10.71379566192627 0.0 0.0 0.0 0.0 0.0 0.0 0.0 0.0 0.0 0.0 0.0 0.0 0.0 0.0 0.0 0.0 0.0 0.0 0.0 0.0 0.0 0.0 0.0 0.0 0.0 0.0 0.0 0.0 0.0 0.0 0.0
10.681498527526855 7.260267734527588 0.0 0.0 0.0 0.0 0.0 0.0 0.0 0.0 0.0 0.0 0.0 0.0 0.0 0.0 0.0 0.0 0.0 0.0 0.0 0.0 0.0 0.0 0.0 0.0 0.0 0.0 0.0 0.0 0.0 0.0
10.655364990234375 7.525848388671875 6.537428855895996 0.0 0.0 0.0 0.0 0.0 0.0 0.0 0.0 0.0 0.0 0.0 0.0 0.0 0.0 0.0 0.0 0.0 0.0 0.0 0.0 0.0 0.0 0.0 0.0 0.0 0.0 0.0 0.0 0.0
10.62018871307373 7.417412757873535 7.446174621582031 6.453044414520264 0.0 0.0 0.0 0.0 0.0 0.0 0.0 0.0 0.0 0.0 0.0 0.0 0.0 0.0 0.0 0.0 0.0 0.0 0.0 0.0 0.0 0.0 0.0 0.0 0.0 0.0 0.0 0.0
10.584944725036621 7.171071529388428 7.468688488006592 7.444340705871582 6.503024101257324 0.0 0.0 0.0 0.0 0.0 0.0 0.0 0.0 0.0 0.0 0.0 0.0 0.0 0.0 0.0 0.0 0.0 0.0 0.0 0.0 0.0 0.0 0.0 0.0 0.0 0.0 0.0
10.545028686523438 6.946451187133789 7.336727619171143 7.534287929534912 7.527091026306152 6.513566493988037 0.0 0.0 0.0 0.0 0.0 0.0 0.0 0.0 0.0 0.0 0.0 0.0 0.0 0.0 0.0 0.0 0.0 0.0 0.0 0.0 0.0 0.0 0.0 0.0 0.0 0.0
10.50802230834961 6.8313140869140625 7.171250820159912 7.425469875335693 7.590080261230469 7.5175251960754395 6.4507856369018555 0.0 0.0 0.0 0.0 0.0 0.0 0.0 0.0 0.0 0.0 0.0 0.0 0.0 0.0 0.0 0.0 0.0 0.0 0.0 0.0 0.0 0.0 0.0 0.0 0.0
10.476740837097168 6.69271183013916 7.05722713470459 7.294651985168457 7.4849700927734375 7.538163661956787 7.477516174316406 6.426645278930664 0.0 0.0 0.0 0.0 0.0 0.0 0.0 0.0 0.0 0.0 0.0 0.0 0.0 0.0 0.0 0.0 0.0 0.0 0.0 0.0 0.0 0.0 0.0 0.0
10.45831298828125 6.557090759277344 6.887364387512207 7.089509963989258 7.279329299926758 7.388090133666992 7.485061168670654 7.474817276000977 6.460017681121826 0.0 0.0 0.0 0.0 0.0 0.0 0.0 0.0 0.0 0.0 0.0 0.0 0.0 0.0 0.0 0.0 0.0 0.0 0.0 0.0 0.0 0.0 0.0
10.431705474853516 6.420816898345947 6.818201541900635 7.046289443969727 7.106910705566406 7.2420573234558105 7.3769755363464355 7.4882378578186035 7.460874080657959 6.443694591522217 0.0 0.0 0.0 0.0 0.0 0.0 0.0 0.0 0.0 0.0 0.0 0.0 0.0 0.0 0.0 0.0 0.0 0.0 0.0 0.0 0.0 0.0
10.41380500793457 6.272622108459473 6.687143325805664 6.897792816162109 6.939028263092041 7.067111968994141 7.215977191925049 7.372287750244141 7.482129096984863 7.47538948059082 6.447065830230713 0.0 0.0 0.0 0.0 0.0 0.0 0.0 0.0 0.0 0.0 0.0 0.0 0.0 0.0 0.0 0.0 0.0 0.0 0.0 0.0 0.0
10.392840385437012 6.140969753265381 6.544883728027344 6.775625705718994 6.827917098999023 6.929269790649414 7.026261806488037 7.209849834442139 7.3879475593566895 7.49046516418457 7.514993667602539 6.458458423614502 0.0 0.0 0.0 0.0 0.0 0.0 0.0 0.0 0.0 0.0 0.0 0.0 0.0 0.0 0.0 0.0 0.0 0.0 0.0 0.0
10.366670608520508 6.043733596801758 6.408239841461182 6.691355228424072 6.771154880523682 6.8386664390563965 6.918488025665283 7.030516147613525 7.232289791107178 7.420364856719971 7.549753665924072 7.5312395095825195 6.369770050048828 0.0 0.0 0.0 0.0 0.0 0.0 0.0 0.0 0.0 0.0 0.0 0.0 0.0 0.0 0.0 0.0 0.0 0.0 0.0
10.35275650024414 5.940718173980713 6.277200222015381 6.4913105964660645 6.680362224578857 6.727113723754883 6.792089462280273 6.925965309143066 7.058128356933594 7.246121883392334 7.548523426055908 7.478302478790283 7.437864303588867 6.361445426940918 0.0 0.0 0.0 0.0 0.0 0.0 0.0 0.0 0.0 0.0 0.0 0.0 0.0 0.0 0.0 0.0 0.0 0.0
10.34716510772705 5.837601661682129 6.212667465209961 6.373780250549316 6.499937534332275 6.617624282836914 6.6992669105529785 6.809737682342529 6.909576416015625 7.041903495788574 7.322075366973877 7.372086524963379 7.45803165435791 7.422586441040039 6.364433765411377 0.0 0.0 0.0 0.0 0.0 0.0 0.0 0.0 0.0 0.0 0.0 0.0 0.0 0.0 0.0 0.0 0.0
10.328742027282715 5.749898433685303 6.166564464569092 6.301723003387451 6.468042373657227 6.49175500869751 6.587628364562988 6.719222068786621 6.824479579925537 6.948727130889893 7.163747310638428 7.1949543952941895 7.3787126541137695 7.469876766204834 7.412161827087402 6.352138519287109 0.0 0.0 0.0 0.0 0.0 0.0 0.0 0.0 0.0 0.0 0.0 0.0 0.0 0.0 0.0 0.0
10.317611694335938 5.6178789138793945 6.061171054840088 6.246958255767822 6.303770542144775 6.376276969909668 6.482936382293701 6.653287410736084 6.760585784912109 6.820218086242676 7.056661605834961 7.052104473114014 7.255453109741211 7.333441257476807 7.432216644287109 7.39654541015625 6.32701301574707 0.0 0.0 0.0 0.0 0.0 0.0 0.0 0.0 0.0 0.0 0.0 0.0 0.0 0.0 0.0
10.314772605895996 5.577415466308594 5.962592124938965 6.16188907623291 6.245534420013428 6.291737079620361 6.370377063751221 6.503635406494141 6.65252161026001 6.736659049987793 6.787060737609863 6.883970737457275 7.016584873199463 7.218759536743164 7.317408561706543 7.420694828033447 7.409778594970703 6.340775489807129 0.0 0.0 0.0 0.0 0.0 0.0 0.0 0.0 0.0 0.0 0.0 0.0 0.0 0.0
10.305521011352539 5.576106071472168 5.87187385559082 6.082653522491455 6.181585311889648 6.233529567718506 6.308138370513916 6.395527362823486 6.502092361450195 6.610734939575195 6.6963090896606445 6.773236274719238 6.868508338928223 7.038851737976074 7.15805196762085 7.310652732849121 7.403365135192871 7.4291605949401855 6.34383487701416 0.0 0.0 0.0 0.0 0.0 0.0 0.0 0.0 0.0 0.0 0.0 0.0 0.0
10.292034149169922 5.533550262451172 5.797698020935059 5.958820819854736 6.069363117218018 6.1939873695373535 6.2231574058532715 6.31989860534668 6.382307052612305 6.518548488616943 6.594782829284668 6.718210697174072 6.79792594909668 6.884238243103027 6.9850029945373535 7.140050888061523 7.284363269805908 7.479819297790527 7.428799152374268 6.332430839538574 0.0 0.0 0.0 0.0 0.0 0.0 0.0 0.0 0.0 0.0 0.0 0.0
10.286025047302246 5.485121726989746 5.769780158996582 5.895904541015625 5.975586414337158 6.076190948486328 6.137735366821289 6.227095127105713 6.287533760070801 6.364973068237305 6.493513584136963 6.586390495300293 6.650524139404297 6.7579779624938965 6.836455821990967 6.953042507171631 7.119837284088135 7.44638729095459 7.421206951141357 7.377509117126465 6.372409343719482 0.0 0.0 0.0 0.0 0.0 0.0 0.0 0.0 0.0 0.0 0.0
10.27924919128418 5.352081298828125 5.752896308898926 5.831266403198242 5.8937087059021 5.981188774108887 6.04453182220459 6.144101619720459 6.235792636871338 6.269586563110352 6.344676494598389 6.448836326599121 6.554360389709473 6.709682941436768 6.738802433013916 6.8139824867248535 6.941581726074219 7.24988317489624 7.3361005783081055 7.4011383056640625 7.409553050994873 6.302526473999023 0.0 0.0 0.0 0.0 0.0 0.0 0.0 0.0 0.0 0.0
10.271655082702637 5.175368309020996 5.660267353057861 5.795066833496094 5.861830711364746 5.915987968444824 5.944738388061523 6.0853471755981445 6.166598320007324 6.24265193939209 6.35382604598999 6.368526935577393 6.444098472595215 6.568187713623047 6.644362926483154 6.721519470214844 6.803408145904541 7.0618205070495605 7.1919403076171875 7.307644844055176 7.424356460571289 7.336864948272705 6.29130744934082 0.0 0.0 0.0 0.0 0.0 0.0 0.0 0.0 0.0
10.265628814697266 5.054202556610107 5.549026966094971 5.761812686920166 5.817188262939453 5.884448051452637 5.878438949584961 5.989969253540039 6.094523906707764 6.165536403656006 6.303629398345947 6.287741661071777 6.33012056350708 6.486329078674316 6.572790622711182 6.643967151641846 6.736631393432617 6.9565324783325195 6.984371662139893 7.117286682128906 7.264151096343994 7.37945556640625 7.347423076629639 6.3295674324035645 0.0 0.0 0.0 0.0 0.0 0.0 0.0 0.0
10.262887954711914 5.126889228820801 5.475909233093262 5.690193176269531 5.827829837799072 5.82853364944458 5.856651306152344 5.930469989776611 6.025448799133301 6.108609676361084 6.21405553817749 6.28774881362915 6.273090839385986 6.3698015213012695 6.491522789001465 6.536856651306152 6.660163402557373 6.700409889221191 6.794490814208984 6.9476318359375 7.101606845855713 7.269914627075195 7.362460613250732 7.351062774658203 6.276795387268066 0.0 0.0 0.0 0.0 0.0 0.0 0.0
10.269174575805664 5.212885856628418 5.397364139556885 5.548814296722412 5.735297203063965 5.772373199462891 5.819173336029053 5.870683193206787 5.945093631744385 6.01627779006958 6.119265556335449 6.1696319580078125 6.206837177276611 6.2848615646362305 6.332642078399658 6.391796588897705 6.535127639770508 6.599240779876709 6.694491386413574 6.798941135406494 6.917653560638428 7.0693745613098145 7.209906101226807 7.324904441833496 7.31283712387085 6.310135364532471 0.0 0.0 0.0 0.0 0.0 0.0
10.263322830200195 5.141995429992676 5.340377330780029 5.479909420013428 5.609192371368408 5.696484088897705 5.790591239929199 5.822229385375977 5.874720096588135 5.904398441314697 6.038577079772949 6.0838847160339355 6.116517543792725 6.195764541625977 6.228634357452393 6.282022953033447 6.416908264160156 6.510245323181152 6.6080732345581055 6.691234111785889 6.769578456878662 6.901630878448486 7.080361843109131 7.2289886474609375 7.335542678833008 7.33928108215332 6.299612998962402 0.0 0.0 0.0 0.0 0.0
10.253710746765137 5.085278034210205 5.352611541748047 5.468859672546387 5.524636268615723 5.607505798339844 5.689894199371338 5.799013614654541 5.849785804748535 5.882350921630859 5.970208644866943 6.049914360046387 6.070174694061279 6.152112007141113 6.199573040008545 6.240593910217285 6.385199546813965 6.414902210235596 6.595623016357422 6.58297061920166 6.6731038093566895 6.751460552215576 6.903411865234375 7.078180313110352 7.227363586425781 7.327298164367676 7.300239562988281 6.259655475616455 0.0 0.0 0.0 0.0
10.248154640197754 5.05333948135376 5.346981048583984 5.519888401031494 5.4988532066345215 5.526244163513184 5.622003555297852 5.708240985870361 5.802239894866943 5.832709789276123 6.077334880828857 5.981090545654297 6.030794143676758 6.102363109588623 6.107537746429443 6.1490583419799805 6.212006568908691 6.317256927490234 6.413140296936035 6.481085777282715 6.592472076416016 6.668123722076416 6.750190734863281 6.900623798370361 7.1150078773498535 7.222280979156494 7.309859752655029 7.289343357086182 6.255960464477539 0.0 0.0 0.0
10.246415138244629 4.951032638549805 5.290634632110596 5.45358943939209 5.452372074127197 5.494732856750488 5.519847869873047 5.596312999725342 5.715401649475098 5.7793498039245605 5.960285186767578 5.920984268188477 5.923376083374023 5.993483066558838 6.022243976593018 6.118484973907471 6.147716999053955 6.22709846496582 6.296837329864502 6.381170749664307 6.4810638427734375 6.565851211547852 6.642507553100586 6.744045257568359 6.902532577514648 7.071902275085449 7.206611156463623 7.322686195373535 7.333476543426514 6.276561260223389 0.0 0.0
10.247979164123535 4.907766819000244 5.228346347808838 5.380437850952148 5.448559284210205 5.484752178192139 5.4729413986206055 5.559302806854248 5.667445182800293 5.727082252502441 5.820529460906982 5.8585591316223145 5.862740516662598 5.936213970184326 5.983762741088867 6.030065536499023 6.066247463226318 6.152283191680908 6.160983085632324 6.2275919914245605 6.330376625061035 6.44429874420166 6.54308557510376 6.636672019958496 6.752988815307617 6.869307041168213 7.074754238128662 7.210604667663574 7.324357509613037 7.301968574523926 6.251686096191406 0.0
10.239633560180664 4.9287109375 5.162397861480713 5.310586929321289 5.394099235534668 5.465480327606201 5.480239391326904 5.522119522094727 5.572531700134277 5.676066875457764 5.765367031097412 5.825497627258301 5.8535332679748535 5.868949890136719 5.922947883605957 5.943197250366211 6.004883766174316 6.073339939117432 6.1096625328063965 6.15070915222168 6.223381519317627 6.326056003570557 6.4356207847595215 6.533755302429199 6.651191234588623 6.725121021270752 6.941043853759766 7.047822952270508 7.258212566375732 7.348630905151367 7.260911464691162 6.252791881561279
