10.71379566192627 0.0 0.0 0.0 0.0 0.0 0.0 0.0 0.0 0.0 0.0 0.0 0.0 0.0 0.0 0.0 0.0 0.0 0.0 0.0 0.0 0.0 0.0 0.0 0.0 0.0 0.0 0.0 0.0 0.0 0.0 0.0
10.705896377563477 5.852114677429199 0.0 0.0 0.0 0.0 0.0 0.0 0.0 0.0 0.0 0.0 0.0 0.0 0.0 0.0 0.0 0.0 0.0 0.0 0.0 0.0 0.0 0.0 0.0 0.0 0.0 0.0 0.0 0.0 0.0 0.0
10.697460174560547 5.020691871643066 6.34744930267334 0.0 0.0 0.0 0.0 0.0 0.0 0.0 0.0 0.0 0.0 0.0 0.0 0.0 0.0 0.0 0.0 0.0 0.0 0.0 0.0 0.0 0.0 0.0 0.0 0.0 0.0 0.0 0.0 0.0
10.693157196044922 4.705994129180908 5.499803066253662 6.323163986206055 0.0 0.0 0.0 0.0 0.0 0.0 0.0 0.0 0.0 0.0 0.0 0.0 0.0 0.0 0.0 0.0 0.0 0.0 0.0 0.0 0.0 0.0 0.0 0.0 0.0 0.0 0.0 0.0
10.692242622375488 4.442111492156982 4.907436847686768 5.3599042892456055 6.254149436950684 0.0 0.0 0.0 0.0 0.0 0.0 0.0 0.0 0.0 0.0 0.0 0.0 0.0 0.0 0.0 0.0 0.0 0.0 0.0 0.0 0.0 0.0 0.0 0.0 0.0 0.0 0.0
10.691033363342285 4.281209468841553 4.674895286560059 4.877835273742676 5.241793155670166 6.22687292098999 0.0 0.0 0.0 0.0 0.0 0.0 0.0 0.0 0.0 0.0 0.0 0.0 0.0 0.0 0.0 0.0 0.0 0.0 0.0 0.0 0.0 0.0 0.0 0.0 0.0 0.0
10.69096851348877 4.111041069030762 4.327178955078125 4.507036209106445 4.708070755004883 5.190640926361084 6.196703910827637 0.0 0.0 0.0 0.0 0.0 0.0 0.0 0.0 0.0 0.0 0.0 0.0 0.0 0.0 0.0 0.0 0.0 0.0 0.0 0.0 0.0 0.0 0.0 0.0 0.0
10.68919563293457 3.9878768920898438 4.166959285736084 4.3066511154174805 4.508363723754883 4.73548698425293 5.158555030822754 6.245584487915039 0.0 0.0 0.0 0.0 0.0 0.0 0.0 0.0 0.0 0.0 0.0 0.0 0.0 0.0 0.0 0.0 0.0 0.0 0.0 0.0 0.0 0.0 0.0 0.0
10.686890602111816 4.078611850738525 4.235755443572998 4.287022590637207 4.446737766265869 4.46552038192749 4.743298530578613 5.20872163772583 6.247666358947754 0.0 0.0 0.0 0.0 0.0 0.0 0.0 0.0 0.0 0.0 0.0 0.0 0.0 0.0 0.0 0.0 0.0 0.0 0.0 0.0 0.0 0.0 0.0
10.686868667602539 3.910741090774536 4.0207414627075195 3.9675912857055664 4.137852191925049 4.26533317565918 4.4385905265808105 4.653132915496826 5.2127838134765625 6.260121822357178 0.0 0.0 0.0 0.0 0.0 0.0 0.0 0.0 0.0 0.0 0.0 0.0 0.0 0.0 0.0 0.0 0.0 0.0 0.0 0.0 0.0 0.0
10.68642807006836 3.906238079071045 3.959829092025757 3.9097979068756104 3.9911255836486816 4.0964789390563965 4.201866626739502 4.370378494262695 4.652868270874023 5.140757083892822 6.25391960144043 0.0 0.0 0.0 0.0 0.0 0.0 0.0 0.0 0.0 0.0 0.0 0.0 0.0 0.0 0.0 0.0 0.0 0.0 0.0 0.0 0.0
10.684565544128418 3.909864664077759 3.9214701652526855 3.906442642211914 4.009538173675537 4.0010504722595215 4.0628743171691895 4.2201762199401855 4.411568641662598 4.68514347076416 5.164650917053223 6.287766933441162 0.0 0.0 0.0 0.0 0.0 0.0 0.0 0.0 0.0 0.0 0.0 0.0 0.0 0.0 0.0 0.0 0.0 0.0 0.0 0.0
10.684398651123047 3.8093807697296143 3.8403053283691406 3.9247958660125732 3.941377878189087 3.9732468128204346 4.024291515350342 4.0873308181762695 4.196879863739014 4.375564098358154 4.676429748535156 5.16892671585083 6.225375175476074 0.0 0.0 0.0 0.0 0.0 0.0 0.0 0.0 0.0 0.0 0.0 0.0 0.0 0.0 0.0 0.0 0.0 0.0 0.0
10.681196212768555 3.805699586868286 4.073632717132568 3.9270505905151367 3.945746898651123 3.9522511959075928 4.024531841278076 4.066709995269775 4.109681129455566 4.347473621368408 4.425363540649414 4.721735954284668 5.200437545776367 6.307894229888916 0.0 0.0 0.0 0.0 0.0 0.0 0.0 0.0 0.0 0.0 0.0 0.0 0.0 0.0 0.0 0.0 0.0 0.0
10.68016529083252 3.72289776802063 3.8185856342315674 3.9696059226989746 3.896332025527954 3.8989036083221436 4.038881301879883 4.055545330047607 4.0422258377075195 4.150226593017578 4.270805835723877 4.520020008087158 4.795803070068359 5.255420684814453 6.276662349700928 0.0 0.0 0.0 0.0 0.0 0.0 0.0 0.0 0.0 0.0 0.0 0.0 0.0 0.0 0.0 0.0 0.0
10.679461479187012 3.7769200801849365 3.869513511657715 3.8546741008758545 3.9926376342773438 3.9487318992614746 4.012609004974365 4.059933662414551 4.034299850463867 4.117961883544922 4.148528099060059 4.26939058303833 4.509909152984619 4.746188640594482 5.201943397521973 6.241234302520752 0.0 0.0 0.0 0.0 0.0 0.0 0.0 0.0 0.0 0.0 0.0 0.0 0.0 0.0 0.0 0.0
10.676324844360352 3.809105157852173 3.732187509536743 3.846560001373291 3.9871222972869873 3.9907922744750977 4.097524166107178 4.073544025421143 4.278282165527344 4.516221523284912 4.166367053985596 4.224869728088379 4.41986083984375 4.517323017120361 4.835371017456055 5.180886268615723 6.239188194274902 0.0 0.0 0.0 0.0 0.0 0.0 0.0 0.0 0.0 0.0 0.0 0.0 0.0 0.0 0.0
10.67788028717041 3.5924465656280518 3.765489339828491 3.7988228797912598 3.8995256423950195 3.9716227054595947 3.8765907287597656 3.98307728767395 4.098446846008301 3.9354968070983887 3.9618258476257324 4.138357639312744 4.251450061798096 4.29771614074707 4.460006237030029 4.7004714012146 5.1636247634887695 6.235220432281494 0.0 0.0 0.0 0.0 0.0 0.0 0.0 0.0 0.0 0.0 0.0 0.0 0.0 0.0
10.676980972290039 3.6231698989868164 3.664555072784424 3.784471273422241 3.818969964981079 3.9285616874694824 3.852055072784424 3.9359514713287354 4.041398525238037 4.000387668609619 3.957176923751831 4.035153865814209 4.0796799659729 4.122585773468018 4.300539493560791 4.442336082458496 4.781567096710205 5.147080898284912 6.241222381591797 0.0 0.0 0.0 0.0 0.0 0.0 0.0 0.0 0.0 0.0 0.0 0.0 0.0
10.67341423034668 3.5950918197631836 3.697777032852173 3.7542452812194824 3.7970943450927734 3.8651726245880127 3.861928939819336 3.9871435165405273 4.0399041175842285 4.018747329711914 3.9865806102752686 4.065798282623291 4.319197654724121 4.602634906768799 4.289159774780273 4.324737071990967 4.526609420776367 4.748502254486084 5.324013710021973 6.2139892578125 0.0 0.0 0.0 0.0 0.0 0.0 0.0 0.0 0.0 0.0 0.0 0.0
10.673255920410156 3.623530626296997 3.7088654041290283 3.760310173034668 3.8404948711395264 3.8069825172424316 3.8061296939849854 3.9633712768554688 4.011410236358643 4.055302619934082 4.009308815002441 4.018208026885986 4.077108383178711 4.340210437774658 4.354776859283447 4.173971652984619 4.28293514251709 4.414256572723389 4.700234889984131 5.110889911651611 6.287095546722412 0.0 0.0 0.0 0.0 0.0 0.0 0.0 0.0 0.0 0.0 0.0
10.671635627746582 3.5975120067596436 3.7424092292785645 3.7996633052825928 3.852872133255005 3.833442449569702 3.7863030433654785 3.9294300079345703 4.031092166900635 4.021368503570557 4.114259719848633 4.128838539123535 4.0966291427612305 4.018146991729736 4.365179061889648 4.169223308563232 4.180522441864014 4.305657863616943 4.449380397796631 4.700666427612305 5.213244438171387 6.264753818511963 0.0 0.0 0.0 0.0 0.0 0.0 0.0 0.0 0.0 0.0
10.672779083251953 3.5703423023223877 3.61579966545105 3.7420356273651123 3.8324244022369385 3.8296926021575928 3.827601909637451 3.856093168258667 3.9135451316833496 3.9625039100646973 4.021198272705078 4.149555683135986 4.103477478027344 3.9237329959869385 4.020962238311768 3.9989354610443115 4.0327301025390625 4.103282451629639 4.226902961730957 4.391530513763428 4.702898025512695 5.154786586761475 6.231602668762207 0.0 0.0 0.0 0.0 0.0 0.0 0.0 0.0 0.0
10.669609069824219 3.5907208919525146 3.6359875202178955 3.6829233169555664 3.779169797897339 3.8222217559814453 3.756603956222534 3.90259051322937 3.920166492462158 3.9585041999816895 3.9532365798950195 4.0505571365356445 4.199533462524414 4.118359565734863 4.0237650871276855 3.9332408905029297 4.017016410827637 3.997171401977539 4.125946998596191 4.215371131896973 4.67579984664917 4.76509952545166 5.214206695556641 6.304078578948975 0.0 0.0 0.0 0.0 0.0 0.0 0.0 0.0
10.670846939086914 3.705742835998535 3.6566829681396484 3.7151684761047363 3.765540361404419 3.7948248386383057 3.8237528800964355 3.847384214401245 3.929605722427368 3.9235951900482178 3.987900495529175 3.994899034500122 3.9461722373962402 3.9774560928344727 3.905285120010376 3.943779468536377 3.974426031112671 3.9256279468536377 4.062533378601074 4.056725025177002 4.318774700164795 4.447415828704834 4.673032760620117 5.173540115356445 6.2235493659973145 0.0 0.0 0.0 0.0 0.0 0.0 0.0
10.669501304626465 3.597196340560913 3.635446071624756 3.7339603900909424 3.7487308979034424 3.7723724842071533 3.7528584003448486 3.8669896125793457 3.848329544067383 3.9336600303649902 3.958928346633911 4.034637451171875 4.038113117218018 4.0236616134643555 4.003471374511719 3.9122061729431152 3.9212417602539062 3.8808095455169678 3.9539225101470947 4.017144680023193 4.215019702911377 4.381311893463135 4.460478782653809 4.819858074188232 5.160547733306885 6.184330463409424 0.0 0.0 0.0 0.0 0.0 0.0
10.668684005737305 3.587390899658203 3.6346259117126465 3.74221134185791 3.753683090209961 3.80588436126709 3.773658514022827 3.845608711242676 3.839376926422119 3.935992956161499 3.9930038452148438 4.021708011627197 3.981125831604004 3.9924252033233643 3.9688034057617188 3.9404478073120117 3.876361608505249 3.8519208431243896 3.9396960735321045 3.9879887104034424 4.026649475097656 4.150812149047852 4.2711052894592285 4.455461502075195 4.6887640953063965 5.088699817657471 6.240878582000732 0.0 0.0 0.0 0.0 0.0
10.668707847595215 3.5684971809387207 3.625513792037964 3.7210259437561035 3.7738418579101562 3.7140140533447266 3.7737185955047607 3.790767192840576 3.832709550857544 3.873703718185425 3.8785817623138428 4.022029876708984 4.03248929977417 4.020573139190674 3.9373953342437744 3.9459285736083984 3.864701986312866 3.827396869659424 3.950623035430908 3.9004294872283936 3.953772783279419 4.016289234161377 4.098211765289307 4.288865566253662 4.423526763916016 4.660131454467773 5.125059604644775 6.177639484405518 0.0 0.0 0.0 0.0
10.666733741760254 3.5356013774871826 3.5631532669067383 3.651672840118408 3.7558155059814453 3.721774101257324 3.8219118118286133 3.8339309692382812 3.7876453399658203 3.8725268840789795 3.845240831375122 3.9964120388031006 3.9927871227264404 4.144051551818848 4.195544719696045 3.9115331172943115 3.9042892456054688 3.8299574851989746 3.8373215198516846 3.8628087043762207 3.9134843349456787 4.000519275665283 4.022538661956787 4.272895812988281 4.283595085144043 4.393657207489014 4.714524745941162 5.118210315704346 6.204194068908691 0.0 0.0 0.0
10.665918350219727 3.551084280014038 3.6252498626708984 3.6960811614990234 3.741605281829834 3.7699944972991943 3.7865467071533203 3.7897424697875977 3.8642683029174805 3.8671951293945312 3.932318925857544 3.898953914642334 3.973829507827759 3.9456775188446045 3.966855525970459 4.003695964813232 3.8069844245910645 3.9160027503967285 3.96437668800354 3.8799235820770264 3.978947162628174 3.9686219692230225 4.018301486968994 4.204521179199219 4.120246887207031 4.261810779571533 4.530282974243164 4.678165435791016 5.13143253326416 6.157789707183838 0.0 0.0
10.657236099243164 3.5722134113311768 3.6896934509277344 3.727961778640747 3.7540464401245117 3.806501626968384 3.7757110595703125 3.8101909160614014 3.8054137229919434 3.8837060928344727 3.8935177326202393 3.9544270038604736 3.9435253143310547 4.2318196296691895 4.529014587402344 4.027248382568359 3.9095077514648438 3.866438627243042 3.8610057830810547 3.7840518951416016 4.770219802856445 4.42112398147583 4.454156398773193 5.209680080413818 4.111214637756348 4.125761985778809 4.280917167663574 4.4442138671875 4.745172023773193 5.100940227508545 6.192195415496826 0.0
10.659071922302246 3.490176200866699 3.557623863220215 3.7375378608703613 3.851623296737671 3.7201859951019287 3.746438980102539 3.82909893989563 3.8168411254882812 3.806978702545166 3.8576090335845947 3.880279064178467 3.8528058528900146 3.9277231693267822 4.340567111968994 3.9307069778442383 3.935765027999878 3.8988187313079834 3.8206241130828857 3.7713098526000977 3.9729743003845215 4.718862533569336 4.225494384765625 4.874490737915039 4.067162990570068 4.018963813781738 4.134378433227539 4.240123271942139 4.434032440185547 4.6632232666015625 5.128517150878906 6.2727813720703125
