10.71379566192627 0.0 0.0 0.0 0.0 0.0 0.0 0.0 0.0 0.0 0.0 0.0 0.0 0.0 0.0 0.0 0.0 0.0 0.0 0.0 0.0 0.0 0.0 0.0 0.0 0.0 0.0 0.0 0.0 0.0 0.0 0.0
10.654717445373535 7.853285312652588 0.0 0.0 0.0 0.0 0.0 0.0 0.0 0.0 0.0 0.0 0.0 0.0 0.0 0.0 0.0 0.0 0.0 0.0 0.0 0.0 0.0 0.0 0.0 0.0 0.0 0.0 0.0 0.0 0.0 0.0
10.578983306884766 7.585990905761719 8.214836120605469 0.0 0.0 0.0 0.0 0.0 0.0 0.0 0.0 0.0 0.0 0.0 0.0 0.0 0.0 0.0 0.0 0.0 0.0 0.0 0.0 0.0 0.0 0.0 0.0 0.0 0.0 0.0 0.0 0.0
10.553711891174316 7.039349555969238 7.646500587463379 8.135224342346191 0.0 0.0 0.0 0.0 0.0 0.0 0.0 0.0 0.0 0.0 0.0 0.0 0.0 0.0 0.0 0.0 0.0 0.0 0.0 0.0 0.0 0.0 0.0 0.0 0.0 0.0 0.0 0.0
10.528157234191895 6.625812530517578 7.14535665512085 7.679965019226074 8.139198303222656 0.0 0.0 0.0 0.0 0.0 0.0 0.0 0.0 0.0 0.0 0.0 0.0 0.0 0.0 0.0 0.0 0.0 0.0 0.0 0.0 0.0 0.0 0.0 0.0 0.0 0.0 0.0
10.505815505981445 6.144115924835205 6.85159158706665 7.151144504547119 7.678082466125488 8.186222076416016 0.0 0.0 0.0 0.0 0.0 0.0 0.0 0.0 0.0 0.0 0.0 0.0 0.0 0.0 0.0 0.0 0.0 0.0 0.0 0.0 0.0 0.0 0.0 0.0 0.0 0.0
10.497552871704102 5.860687732696533 6.537444114685059 6.785417079925537 7.1370086669921875 7.707691669464111 8.110706329345703 0.0 0.0 0.0 0.0 0.0 0.0 0.0 0.0 0.0 0.0 0.0 0.0 0.0 0.0 0.0 0.0 0.0 0.0 0.0 0.0 0.0 0.0 0.0 0.0 0.0
10.473557472229004 5.825540542602539 6.330572605133057 6.538538932800293 6.863657474517822 7.199625015258789 7.72267484664917 8.146676063537598 0.0 0.0 0.0 0.0 0.0 0.0 0.0 0.0 0.0 0.0 0.0 0.0 0.0 0.0 0.0 0.0 0.0 0.0 0.0 0.0 0.0 0.0 0.0 0.0
10.46310806274414 5.77856969833374 6.166210651397705 6.275600910186768 6.5172014236450195 6.849513530731201 7.201990604400635 7.6837921142578125 8.160431861877441 0.0 0.0 0.0 0.0 0.0 0.0 0.0 0.0 0.0 0.0 0.0 0.0 0.0 0.0 0.0 0.0 0.0 0.0 0.0 0.0 0.0 0.0 0.0
10.449372291564941 5.680798053741455 6.051447868347168 6.136116981506348 6.271263599395752 6.513949394226074 6.827078342437744 7.144155025482178 7.78865385055542 8.148252487182617 0.0 0.0 0.0 0.0 0.0 0.0 0.0 0.0 0.0 0.0 0.0 0.0 0.0 0.0 0.0 0.0 0.0 0.0 0.0 0.0 0.0 0.0
10.449512481689453 5.351039886474609 5.944490909576416 6.073484420776367 6.138925552368164 6.285696029663086 6.522097110748291 6.824237823486328 7.151963710784912 7.692078590393066 8.114874839782715 0.0 0.0 0.0 0.0 0.0 0.0 0.0 0.0 0.0 0.0 0.0 0.0 0.0 0.0 0.0 0.0 0.0 0.0 0.0 0.0 0.0
10.437698364257812 4.987254619598389 5.6794867515563965 5.931249141693115 6.043121337890625 6.09576416015625 6.215122222900391 6.505749702453613 6.869470119476318 7.160370826721191 7.770212650299072 8.124056816101074 0.0 0.0 0.0 0.0 0.0 0.0 0.0 0.0 0.0 0.0 0.0 0.0 0.0 0.0 0.0 0.0 0.0 0.0 0.0 0.0
10.442996978759766 4.879824161529541 5.41542387008667 5.714829921722412 5.944535255432129 6.072826385498047 6.114940643310547 6.241042137145996 6.454684734344482 6.751758575439453 7.121592044830322 7.716399669647217 8.085536003112793 0.0 0.0 0.0 0.0 0.0 0.0 0.0 0.0 0.0 0.0 0.0 0.0 0.0 0.0 0.0 0.0 0.0 0.0 0.0
10.42306137084961 4.905364036560059 5.320531845092773 5.525516986846924 5.664297103881836 5.900527477264404 6.020743370056152 6.092467784881592 6.301394939422607 6.518765449523926 6.907742977142334 7.20871114730835 7.739455699920654 8.122645378112793 0.0 0.0 0.0 0.0 0.0 0.0 0.0 0.0 0.0 0.0 0.0 0.0 0.0 0.0 0.0 0.0 0.0 0.0
10.415586471557617 5.06028938293457 5.283909320831299 5.377433776855469 5.520575046539307 5.720602512359619 5.825464725494385 6.01774263381958 6.259321689605713 6.274627208709717 6.572345733642578 6.9201154708862305 7.168086051940918 7.742918014526367 8.111019134521484 0.0 0.0 0.0 0.0 0.0 0.0 0.0 0.0 0.0 0.0 0.0 0.0 0.0 0.0 0.0 0.0 0.0
10.407764434814453 5.096924781799316 5.307488441467285 5.26859188079834 5.291810989379883 5.429845333099365 5.636692047119141 5.8389573097229 6.185487747192383 6.095647811889648 6.295724391937256 6.608391284942627 6.828171730041504 7.200183868408203 7.788328647613525 8.117132186889648 0.0 0.0 0.0 0.0 0.0 0.0 0.0 0.0 0.0 0.0 0.0 0.0 0.0 0.0 0.0 0.0
10.401470184326172 5.039951801300049 5.3309526443481445 5.303927421569824 5.259808540344238 5.283512115478516 5.440496444702148 5.627163887023926 5.87204122543335 6.13004207611084 6.1200103759765625 6.305945873260498 6.513327598571777 7.003795623779297 7.191097736358643 7.736614227294922 8.127869606018066 0.0 0.0 0.0 0.0 0.0 0.0 0.0 0.0 0.0 0.0 0.0 0.0 0.0 0.0 0.0
10.405223846435547 4.831783294677734 5.216090679168701 5.295533657073975 5.267376899719238 5.283840656280518 5.362734317779541 5.5856242179870605 5.715015411376953 5.815141677856445 6.1393513679504395 6.156912803649902 6.2610321044921875 6.519594669342041 6.774295806884766 7.1740007400512695 7.720448970794678 8.114830017089844 0.0 0.0 0.0 0.0 0.0 0.0 0.0 0.0 0.0 0.0 0.0 0.0 0.0 0.0
10.40284252166748 4.565717697143555 5.061216354370117 5.211921691894531 5.203023910522461 5.306689262390137 5.258386611938477 5.3583807945251465 5.4466166496276855 5.626155853271484 5.9307780265808105 6.0543131828308105 6.080240249633789 6.242032051086426 6.534548282623291 6.804572105407715 7.141003608703613 7.749040603637695 8.117287635803223 0.0 0.0 0.0 0.0 0.0 0.0 0.0 0.0 0.0 0.0 0.0 0.0 0.0
10.393017768859863 4.447931289672852 4.838991165161133 5.1393046379089355 5.196661472320557 5.276967525482178 5.259620666503906 5.276256561279297 5.490754127502441 5.377495765686035 5.683559894561768 5.89091682434082 5.99680757522583 6.074822425842285 6.248209476470947 6.5397796630859375 6.836245059967041 7.210562229156494 7.743285179138184 8.142260551452637 0.0 0.0 0.0 0.0 0.0 0.0 0.0 0.0 0.0 0.0 0.0 0.0
10.399328231811523 4.279839038848877 4.736529350280762 4.9045729637146 5.011475563049316 5.173593044281006 5.218219757080078 5.216862678527832 5.252726078033447 5.281010150909424 5.425161838531494 5.715878486633301 5.878288745880127 5.94927978515625 6.072237968444824 6.235471248626709 6.425438404083252 6.790606498718262 7.1475067138671875 7.7588276863098145 8.128128051757812 0.0 0.0 0.0 0.0 0.0 0.0 0.0 0.0 0.0 0.0 0.0
10.393084526062012 4.230467319488525 4.630997657775879 4.879127025604248 4.930190563201904 5.034608840942383 5.195908546447754 5.337012767791748 5.276479721069336 5.301938533782959 5.3353376388549805 5.475613594055176 5.579821586608887 5.95581579208374 5.964676856994629 6.074059963226318 6.190047264099121 6.4708170890808105 6.784887790679932 7.158881187438965 7.758813858032227 8.127408981323242 0.0 0.0 0.0 0.0 0.0 0.0 0.0 0.0 0.0 0.0
10.390191078186035 4.137842178344727 4.541069507598877 4.786059856414795 4.758893966674805 4.818087100982666 5.030831336975098 5.216673374176025 5.224989414215088 5.252908229827881 5.30665922164917 5.477320194244385 5.363359451293945 5.631399631500244 5.867145538330078 5.971647262573242 6.065165996551514 6.185225486755371 6.4296770095825195 6.828709602355957 7.19962739944458 7.775199890136719 8.11303424835205 0.0 0.0 0.0 0.0 0.0 0.0 0.0 0.0 0.0
10.382905006408691 4.053537845611572 4.420456886291504 4.590579509735107 4.6564717292785645 4.745546817779541 4.862850666046143 4.966157913208008 5.5688252449035645 5.217793941497803 5.360571384429932 5.3306074142456055 5.239612102508545 5.363682746887207 5.5856194496154785 5.971331596374512 5.998612403869629 6.124749660491943 6.14420747756958 6.596057415008545 6.804043769836426 7.172029972076416 7.779301166534424 8.117118835449219 0.0 0.0 0.0 0.0 0.0 0.0 0.0 0.0
10.392001152038574 4.07832145690918 4.309998989105225 4.412132740020752 4.516541004180908 4.629208087921143 4.769635200500488 4.839540004730225 5.039053916931152 5.05441427230835 5.212705135345459 5.228694438934326 5.163128852844238 5.203862190246582 5.447635173797607 5.596322536468506 5.7475056648254395 5.926115036010742 6.031798362731934 6.235550880432129 6.458834171295166 6.8366475105285645 7.2347259521484375 7.752773284912109 8.094098091125488 0.0 0.0 0.0 0.0 0.0 0.0 0.0
10.383946418762207 4.189291000366211 4.315598011016846 4.2857985496521 4.40470552444458 4.5020246505737305 4.616240501403809 4.7272562980651855 4.91700553894043 4.890995979309082 5.134095668792725 5.26757287979126 5.125754356384277 5.20615816116333 5.264963626861572 5.407825469970703 5.512408256530762 5.815034866333008 5.929188251495361 6.071439743041992 6.214081764221191 6.500139236450195 6.85598611831665 7.179717063903809 7.819497585296631 8.10760498046875 0.0 0.0 0.0 0.0 0.0 0.0
10.384647369384766 4.353181838989258 4.4615397453308105 4.3849592208862305 4.353599548339844 4.517889022827148 4.54066276550293 4.75528621673584 4.714071273803711 4.81764030456543 5.108852386474609 5.10128116607666 5.182401657104492 5.21905517578125 5.28950834274292 5.265652656555176 5.378258228302002 5.566540718078613 5.7739996910095215 5.9387407302856445 6.000690460205078 6.207027912139893 6.513106346130371 6.814626216888428 7.148829460144043 7.77252197265625 8.116774559020996 0.0 0.0 0.0 0.0 0.0
10.37168025970459 4.274398326873779 4.546947002410889 4.511859893798828 4.334806442260742 4.36682653427124 4.371710300445557 4.5300397872924805 4.636392116546631 4.684962272644043 4.9702534675598145 4.965054512023926 5.068260669708252 5.130132675170898 5.2795491218566895 5.1406426429748535 5.264057159423828 5.324039459228516 5.556909561157227 5.816349029541016 5.861894130706787 6.042977809906006 6.199427127838135 6.435865879058838 6.8626580238342285 7.189947605133057 7.90927267074585 8.118912696838379 0.0 0.0 0.0 0.0
10.380023956298828 4.067183494567871 4.449776649475098 4.564225196838379 4.448946952819824 4.303653240203857 4.268341064453125 4.366602897644043 4.52486515045166 4.6096673011779785 4.668441295623779 4.785879135131836 4.9477715492248535 5.034856796264648 5.188452243804932 5.122992992401123 5.141723155975342 5.220582485198975 5.3447723388671875 5.600498676300049 5.758182048797607 5.899168014526367 6.049971103668213 6.334416389465332 6.428305625915527 6.872984409332275 7.170913219451904 7.799720764160156 8.105487823486328 0.0 0.0 0.0
10.376482963562012 3.873656749725342 4.338772296905518 4.534743785858154 4.5704731941223145 4.499100685119629 4.33326530456543 4.31581449508667 4.388605117797852 4.455517768859863 4.614561557769775 4.713653564453125 4.826393127441406 4.9299798011779785 5.139953136444092 5.177064418792725 5.0824055671691895 5.111394882202148 5.204352855682373 5.337771415710449 5.612159252166748 5.82199239730835 5.924201965332031 6.136756896972656 6.207009315490723 6.539262771606445 6.819413185119629 7.161327838897705 7.779144763946533 8.124222755432129 0.0 0.0
10.368395805358887 3.75040602684021 4.011622905731201 4.307435989379883 4.54535436630249 4.642428398132324 4.4806036949157715 4.313978672027588 4.245216369628906 4.3562774658203125 4.474138259887695 4.571540355682373 4.696275234222412 4.840254306793213 4.978110313415527 5.119117259979248 5.110883712768555 5.150448799133301 5.12506628036499 5.141919136047363 5.3407392501831055 5.567707538604736 5.75372838973999 5.919153213500977 6.032097339630127 6.243580341339111 6.503596782684326 6.804924964904785 7.200911998748779 7.8407673835754395 8.158738136291504 0.0
10.368706703186035 3.838019609451294 3.8204991817474365 4.039214611053467 4.375300407409668 5.292961597442627 4.566588878631592 4.474409103393555 4.360907554626465 4.266680717468262 4.425278186798096 4.50758695602417 4.5719685554504395 4.730146884918213 4.7997727394104 4.927973747253418 5.079746246337891 5.180918216705322 5.145259380340576 5.0310235023498535 5.14905309677124 5.378297328948975 5.5707879066467285 5.791896343231201 5.88751745223999 6.064706802368164 6.201923847198486 6.4444451332092285 6.806406021118164 7.152126789093018 7.823351860046387 8.153950691223145
