10.71379566192627 0.0 0.0 0.0 0.0 0.0 0.0 0.0 0.0 0.0 0.0 0.0 0.0 0.0 0.0 0.0 0.0 0.0 0.0 0.0 0.0 0.0 0.0 0.0 0.0 0.0 0.0 0.0 0.0 0.0 0.0 0.0
10.69736385345459 6.588150978088379 0.0 0.0 0.0 0.0 0.0 0.0 0.0 0.0 0.0 0.0 0.0 0.0 0.0 0.0 0.0 0.0 0.0 0.0 0.0 0.0 0.0 0.0 0.0 0.0 0.0 0.0 0.0 0.0 0.0 0.0
10.676153182983398 5.796789646148682 7.189898490905762 0.0 0.0 0.0 0.0 0.0 0.0 0.0 0.0 0.0 0.0 0.0 0.0 0.0 0.0 0.0 0.0 0.0 0.0 0.0 0.0 0.0 0.0 0.0 0.0 0.0 0.0 0.0 0.0 0.0
10.660682678222656 5.429467678070068 6.87287712097168 7.026979446411133 0.0 0.0 0.0 0.0 0.0 0.0 0.0 0.0 0.0 0.0 0.0 0.0 0.0 0.0 0.0 0.0 0.0 0.0 0.0 0.0 0.0 0.0 0.0 0.0 0.0 0.0 0.0 0.0
10.66495132446289 5.057886600494385 6.027815818786621 6.2991461753845215 6.92905855178833 0.0 0.0 0.0 0.0 0.0 0.0 0.0 0.0 0.0 0.0 0.0 0.0 0.0 0.0 0.0 0.0 0.0 0.0 0.0 0.0 0.0 0.0 0.0 0.0 0.0 0.0 0.0
10.658215522766113 4.773440361022949 5.619002342224121 5.844999313354492 6.062647342681885 7.135916709899902 0.0 0.0 0.0 0.0 0.0 0.0 0.0 0.0 0.0 0.0 0.0 0.0 0.0 0.0 0.0 0.0 0.0 0.0 0.0 0.0 0.0 0.0 0.0 0.0 0.0 0.0
10.665977478027344 4.712032794952393 5.320254802703857 5.641205787658691 5.660144329071045 5.874816417694092 6.749136447906494 0.0 0.0 0.0 0.0 0.0 0.0 0.0 0.0 0.0 0.0 0.0 0.0 0.0 0.0 0.0 0.0 0.0 0.0 0.0 0.0 0.0 0.0 0.0 0.0 0.0
10.662055015563965 4.609938621520996 5.190517425537109 5.361520290374756 5.375843524932861 5.576791286468506 5.913543701171875 6.822690963745117 0.0 0.0 0.0 0.0 0.0 0.0 0.0 0.0 0.0 0.0 0.0 0.0 0.0 0.0 0.0 0.0 0.0 0.0 0.0 0.0 0.0 0.0 0.0 0.0
10.658198356628418 4.469644546508789 5.046224117279053 5.09895658493042 5.178463935852051 5.246575832366943 5.512301921844482 5.996358394622803 6.9105119705200195 0.0 0.0 0.0 0.0 0.0 0.0 0.0 0.0 0.0 0.0 0.0 0.0 0.0 0.0 0.0 0.0 0.0 0.0 0.0 0.0 0.0 0.0 0.0
10.65865707397461 4.44256067276001 5.012507915496826 5.022863864898682 4.94685697555542 4.979910850524902 5.148609638214111 5.502325534820557 5.886038303375244 6.862742900848389 0.0 0.0 0.0 0.0 0.0 0.0 0.0 0.0 0.0 0.0 0.0 0.0 0.0 0.0 0.0 0.0 0.0 0.0 0.0 0.0 0.0 0.0
10.655163764953613 4.368592739105225 4.929737091064453 4.95561408996582 4.826711177825928 4.808246612548828 4.917362689971924 5.181122303009033 5.423838138580322 5.797926425933838 6.982649326324463 0.0 0.0 0.0 0.0 0.0 0.0 0.0 0.0 0.0 0.0 0.0 0.0 0.0 0.0 0.0 0.0 0.0 0.0 0.0 0.0 0.0
10.65462875366211 4.395640850067139 4.9481682777404785 4.896830081939697 4.830141067504883 4.71555233001709 4.745425224304199 4.925498008728027 5.103835582733154 5.395838260650635 5.807072639465332 6.922160625457764 0.0 0.0 0.0 0.0 0.0 0.0 0.0 0.0 0.0 0.0 0.0 0.0 0.0 0.0 0.0 0.0 0.0 0.0 0.0 0.0
10.654644012451172 4.238074779510498 4.79738187789917 4.913074493408203 4.78684139251709 4.729646682739258 4.719040870666504 4.828619956970215 4.976758003234863 5.049691200256348 5.394689083099365 5.746742248535156 6.852134704589844 0.0 0.0 0.0 0.0 0.0 0.0 0.0 0.0 0.0 0.0 0.0 0.0 0.0 0.0 0.0 0.0 0.0 0.0 0.0
10.655289649963379 4.136909008026123 4.736116886138916 4.755678653717041 4.679111480712891 4.64041805267334 4.59908390045166 4.635599136352539 4.7558698654174805 4.8330888748168945 5.12168550491333 5.374171733856201 5.7439799308776855 6.808592796325684 0.0 0.0 0.0 0.0 0.0 0.0 0.0 0.0 0.0 0.0 0.0 0.0 0.0 0.0 0.0 0.0 0.0 0.0
10.652023315429688 4.0793328285217285 4.640376567840576 4.616431713104248 4.587927341461182 4.542457580566406 4.539547443389893 4.528363227844238 4.684671878814697 4.687119007110596 5.005180358886719 5.1157636642456055 5.361130237579346 5.813006401062012 6.872882843017578 0.0 0.0 0.0 0.0 0.0 0.0 0.0 0.0 0.0 0.0 0.0 0.0 0.0 0.0 0.0 0.0 0.0
10.652409553527832 4.06520938873291 4.6651387214660645 4.636170864105225 4.470717906951904 4.473814487457275 4.473438262939453 4.545520782470703 4.662248134613037 4.5294084548950195 4.614307403564453 4.842484951019287 5.078679084777832 5.404542446136475 5.756457805633545 6.826333999633789 0.0 0.0 0.0 0.0 0.0 0.0 0.0 0.0 0.0 0.0 0.0 0.0 0.0 0.0 0.0 0.0
10.647658348083496 3.9433934688568115 4.59152889251709 4.578507900238037 4.478803634643555 4.5605034828186035 4.35379695892334 4.480084419250488 4.611924648284912 4.479349613189697 4.6313796043396 4.638919830322266 4.838611125946045 5.122237682342529 5.3638081550598145 5.750504016876221 6.964273452758789 0.0 0.0 0.0 0.0 0.0 0.0 0.0 0.0 0.0 0.0 0.0 0.0 0.0 0.0 0.0
10.65066909790039 3.8722684383392334 4.597940921783447 4.531115531921387 4.438863277435303 4.424500465393066 4.321699142456055 4.410739898681641 4.4502129554748535 4.467568874359131 4.521724700927734 4.617630481719971 4.609486103057861 4.845396995544434 5.0509467124938965 5.353929042816162 5.698216915130615 6.823940277099609 0.0 0.0 0.0 0.0 0.0 0.0 0.0 0.0 0.0 0.0 0.0 0.0 0.0 0.0
10.647624969482422 3.7678020000457764 4.548874855041504 4.669565677642822 4.442473888397217 4.391084671020508 4.300409317016602 4.381072521209717 4.397156238555908 4.475004196166992 4.517402648925781 4.500509262084961 4.510619163513184 4.661038875579834 4.8416619300842285 5.040365695953369 5.352200508117676 5.738640308380127 6.866595268249512 0.0 0.0 0.0 0.0 0.0 0.0 0.0 0.0 0.0 0.0 0.0 0.0 0.0
10.646382331848145 3.7665579319000244 4.482271194458008 4.574131488800049 4.4018659591674805 4.318561553955078 4.261912822723389 4.322690963745117 4.445146560668945 4.466316223144531 4.452652454376221 4.4722490310668945 4.513399600982666 4.588017463684082 4.695857048034668 4.848188877105713 5.039320468902588 5.323714256286621 5.760534763336182 6.8513875007629395 0.0 0.0 0.0 0.0 0.0 0.0 0.0 0.0 0.0 0.0 0.0 0.0
10.643892288208008 3.769489288330078 4.4715256690979 4.559532642364502 4.390247821807861 4.354066371917725 4.276309967041016 4.335459232330322 4.296303749084473 4.619756698608398 4.445219993591309 4.401392459869385 4.475648403167725 4.500337600708008 4.570420265197754 4.645873069763184 4.80591344833374 5.06408166885376 5.363879680633545 5.683470726013184 6.896788597106934 0.0 0.0 0.0 0.0 0.0 0.0 0.0 0.0 0.0 0.0 0.0
10.641725540161133 3.741295099258423 4.51783561706543 4.609472751617432 4.373176574707031 4.27454137802124 4.212642192840576 4.292922019958496 4.2767720222473145 4.420001983642578 4.29153299331665 4.398718357086182 4.489055633544922 4.428770065307617 4.50506067276001 4.551981449127197 4.6288347244262695 4.826644420623779 5.014354228973389 5.313566207885742 5.781872749328613 6.929709434509277 0.0 0.0 0.0 0.0 0.0 0.0 0.0 0.0 0.0 0.0
10.64187240600586 3.74600887298584 4.475985527038574 4.6004133224487305 4.3496785163879395 4.217548847198486 4.170856952667236 4.293879508972168 4.2344183921813965 4.379106044769287 4.291759490966797 4.4361395835876465 4.466633319854736 4.4241790771484375 4.460043907165527 4.413079261779785 4.53614616394043 4.598802089691162 4.750850200653076 5.030025959014893 5.389820098876953 5.792605876922607 6.85421085357666 0.0 0.0 0.0 0.0 0.0 0.0 0.0 0.0 0.0
10.635456085205078 3.7673959732055664 4.579488754272461 4.554474830627441 4.310131072998047 4.4864373207092285 4.156606674194336 4.276094913482666 4.1885457038879395 4.24150276184082 4.274704456329346 4.357028007507324 4.325617790222168 4.363108158111572 4.3983025550842285 4.41676664352417 4.467408657073975 4.510496139526367 4.676750183105469 4.781038761138916 5.048978328704834 5.376972198486328 5.6820783615112305 7.068299293518066 0.0 0.0 0.0 0.0 0.0 0.0 0.0 0.0
10.637556076049805 3.7953274250030518 4.617963790893555 4.55177116394043 4.2665228843688965 4.178984642028809 4.120151519775391 4.148873805999756 4.115499496459961 4.220999717712402 4.330471992492676 4.372457027435303 4.33104944229126 4.358193874359131 4.484767913818359 4.420565605163574 4.449387073516846 4.52946138381958 4.4893269538879395 4.619997978210449 4.7884087562561035 5.052555084228516 5.315916538238525 5.729624271392822 6.93341064453125 0.0 0.0 0.0 0.0 0.0 0.0 0.0
10.640588760375977 3.7577288150787354 4.523316860198975 4.570688247680664 4.314382553100586 4.259613990783691 4.141322135925293 4.128275394439697 4.206247806549072 4.1336822509765625 4.265607833862305 4.261878967285156 4.243147373199463 4.309717178344727 4.448638916015625 4.299339294433594 4.35801887512207 4.313061237335205 4.412429332733154 4.429630279541016 4.529758453369141 4.7587151527404785 4.989353656768799 5.269522190093994 5.660247325897217 6.838681697845459 0.0 0.0 0.0 0.0 0.0 0.0
10.63719367980957 3.8037946224212646 4.515227794647217 4.627909183502197 4.32174825668335 4.209794044494629 4.174148082733154 4.106057643890381 4.205428600311279 4.083267688751221 4.183350086212158 4.205668926239014 4.302423000335693 4.292550086975098 4.424698352813721 4.315353870391846 4.293973445892334 4.305851936340332 4.310104846954346 4.368137359619141 4.456959247589111 4.552387237548828 4.733968734741211 5.051908493041992 5.288449764251709 5.642002105712891 6.91304349899292 0.0 0.0 0.0 0.0 0.0
10.635977745056152 3.805349826812744 4.499868392944336 4.515474796295166 4.3169145584106445 4.19035005569458 4.15682315826416 4.069517135620117 4.081104755401611 4.079780101776123 4.108320713043213 4.217912673950195 4.2927727699279785 4.269310474395752 4.247364521026611 4.341116905212402 4.178126335144043 4.2470550537109375 4.392688274383545 4.3193039894104 4.377604007720947 4.402175426483154 4.479249477386475 4.729471683502197 4.935941219329834 5.261964797973633 5.641360759735107 6.969152927398682 0.0 0.0 0.0 0.0
10.635693550109863 3.6935486793518066 4.471654415130615 4.50955057144165 4.298457622528076 4.178652763366699 4.107118606567383 4.101132392883301 4.096925258636475 4.119958400726318 4.1212239265441895 4.150900363922119 4.188286304473877 4.3273091316223145 4.280590534210205 4.196214199066162 4.133492946624756 4.2374186515808105 4.261571407318115 4.242591381072998 4.280068874359131 4.32208776473999 4.374262809753418 4.507059574127197 4.74017858505249 4.99153470993042 5.267556190490723 5.661835670471191 6.939480781555176 0.0 0.0 0.0
10.632721900939941 3.646690607070923 4.493778228759766 4.492740631103516 4.2440900802612305 4.1192307472229 4.191137790679932 4.109542369842529 4.126096248626709 4.208693027496338 4.184375286102295 4.102862358093262 4.134466648101807 4.187654972076416 4.225838661193848 4.2815446853637695 4.176266193389893 4.267398834228516 4.2609429359436035 4.243427753448486 4.296570301055908 4.302770614624023 4.308097839355469 4.467952251434326 4.495370388031006 4.805286884307861 4.959567546844482 5.2604241371154785 5.63432502746582 6.986586093902588 0.0 0.0
10.627945899963379 3.624912738800049 4.50615119934082 4.506042003631592 4.258387088775635 4.134768962860107 4.070798397064209 4.090179920196533 4.3065619468688965 4.141592979431152 4.121426105499268 4.132582187652588 4.108076572418213 4.087002754211426 4.178034782409668 4.340184688568115 4.267297744750977 4.279303550720215 5.141462802886963 4.200319290161133 4.329538345336914 4.261710166931152 4.282437324523926 4.4515485763549805 4.3642168045043945 4.538413047790527 4.727499008178711 5.012775897979736 5.265172958374023 5.602829456329346 7.0142130851745605 0.0
10.628050804138184 3.6202688217163086 4.364884376525879 4.460491180419922 4.282567977905273 4.159972190856934 4.102756500244141 4.116950988769531 4.333057403564453 4.1444993019104 4.233235836029053 4.146259784698486 4.10272216796875 4.219457149505615 4.187826156616211 4.146621227264404 4.183978080749512 4.238321304321289 4.831502437591553 4.134124755859375 4.253133296966553 4.226285934448242 4.246694087982178 4.311944484710693 4.273655891418457 4.3763885498046875 4.491960048675537 4.768563270568848 4.9526801109313965 5.188197612762451 5.612076759338379 7.038034915924072
