10.71379566192627 0.0 0.0 0.0 0.0 0.0 0.0 0.0 0.0 0.0 0.0 0.0 0.0 0.0 0.0 0.0 0.0 0.0 0.0 0.0 0.0 0.0 0.0 0.0 0.0 0.0 0.0 0.0 0.0 0.0 0.0 0.0
10.675350189208984 7.432298183441162 0.0 0.0 0.0 0.0 0.0 0.0 0.0 0.0 0.0 0.0 0.0 0.0 0.0 0.0 0.0 0.0 0.0 0.0 0.0 0.0 0.0 0.0 0.0 0.0 0.0 0.0 0.0 0.0 0.0 0.0
10.605338096618652 8.081581115722656 7.231437683105469 0.0 0.0 0.0 0.0 0.0 0.0 0.0 0.0 0.0 0.0 0.0 0.0 0.0 0.0 0.0 0.0 0.0 0.0 0.0 0.0 0.0 0.0 0.0 0.0 0.0 0.0 0.0 0.0 0.0
10.527510643005371 7.649796485900879 8.318099021911621 7.27248477935791 0.0 0.0 0.0 0.0 0.0 0.0 0.0 0.0 0.0 0.0 0.0 0.0 0.0 0.0 0.0 0.0 0.0 0.0 0.0 0.0 0.0 0.0 0.0 0.0 0.0 0.0 0.0 0.0
10.453818321228027 7.2103986740112305 7.993765354156494 8.418718338012695 7.274021148681641 0.0 0.0 0.0 0.0 0.0 0.0 0.0 0.0 0.0 0.0 0.0 0.0 0.0 0.0 0.0 0.0 0.0 0.0 0.0 0.0 0.0 0.0 0.0 0.0 0.0 0.0 0.0
10.411623001098633 6.923370838165283 7.6962385177612305 8.079248428344727 8.275074005126953 7.211362838745117 0.0 0.0 0.0 0.0 0.0 0.0 0.0 0.0 0.0 0.0 0.0 0.0 0.0 0.0 0.0 0.0 0.0 0.0 0.0 0.0 0.0 0.0 0.0 0.0 0.0 0.0
10.387190818786621 6.710886001586914 7.38748836517334 7.836453437805176 7.913297653198242 8.159601211547852 7.190104961395264 0.0 0.0 0.0 0.0 0.0 0.0 0.0 0.0 0.0 0.0 0.0 0.0 0.0 0.0 0.0 0.0 0.0 0.0 0.0 0.0 0.0 0.0 0.0 0.0 0.0
10.366065979003906 6.4994025230407715 7.193784713745117 7.576282978057861 7.684294700622559 7.8290205001831055 8.090564727783203 7.174415111541748 0.0 0.0 0.0 0.0 0.0 0.0 0.0 0.0 0.0 0.0 0.0 0.0 0.0 0.0 0.0 0.0 0.0 0.0 0.0 0.0 0.0 0.0 0.0 0.0
10.343886375427246 6.334003925323486 7.020240783691406 7.36105489730835 7.495819091796875 7.603886127471924 7.7602763175964355 8.063486099243164 7.181926250457764 0.0 0.0 0.0 0.0 0.0 0.0 0.0 0.0 0.0 0.0 0.0 0.0 0.0 0.0 0.0 0.0 0.0 0.0 0.0 0.0 0.0 0.0 0.0
10.319024085998535 6.166782379150391 6.855461597442627 7.320714950561523 7.265288352966309 7.332664489746094 7.469297885894775 7.711697101593018 8.133289337158203 7.224235534667969 0.0 0.0 0.0 0.0 0.0 0.0 0.0 0.0 0.0 0.0 0.0 0.0 0.0 0.0 0.0 0.0 0.0 0.0 0.0 0.0 0.0 0.0
10.315924644470215 6.006611347198486 6.717343330383301 7.0366973876953125 7.073893070220947 7.153099536895752 7.251941204071045 7.441971302032471 7.724110126495361 8.064520835876465 7.221169948577881 0.0 0.0 0.0 0.0 0.0 0.0 0.0 0.0 0.0 0.0 0.0 0.0 0.0 0.0 0.0 0.0 0.0 0.0 0.0 0.0 0.0
10.310907363891602 5.81639289855957 6.594516277313232 6.870551109313965 6.922365665435791 6.96881103515625 7.035672664642334 7.231753826141357 7.471478462219238 7.657871723175049 8.017464637756348 7.224271774291992 0.0 0.0 0.0 0.0 0.0 0.0 0.0 0.0 0.0 0.0 0.0 0.0 0.0 0.0 0.0 0.0 0.0 0.0 0.0 0.0
10.281126022338867 5.743300437927246 6.461084365844727 6.75124454498291 6.812367916107178 6.8673787117004395 6.909343242645264 7.048727512359619 7.2973527908325195 7.502256870269775 7.688889026641846 8.057584762573242 7.192684650421143 0.0 0.0 0.0 0.0 0.0 0.0 0.0 0.0 0.0 0.0 0.0 0.0 0.0 0.0 0.0 0.0 0.0 0.0 0.0
10.288203239440918 5.529443740844727 6.299917697906494 6.602061748504639 6.657607078552246 6.706715106964111 6.74751615524292 6.858248233795166 6.994856834411621 7.165616989135742 7.384345531463623 7.764520168304443 7.963868141174316 7.259864330291748 0.0 0.0 0.0 0.0 0.0 0.0 0.0 0.0 0.0 0.0 0.0 0.0 0.0 0.0 0.0 0.0 0.0 0.0
10.264440536499023 5.4234395027160645 6.201549530029297 6.45821475982666 6.509379863739014 6.564004421234131 6.623410701751709 6.754567623138428 6.8672285079956055 6.979034900665283 7.211108207702637 7.554834365844727 7.623363018035889 8.085076332092285 7.195539951324463 0.0 0.0 0.0 0.0 0.0 0.0 0.0 0.0 0.0 0.0 0.0 0.0 0.0 0.0 0.0 0.0 0.0
10.251789093017578 5.455560207366943 6.163527488708496 6.408412933349609 6.781660079956055 6.4899210929870605 6.495082378387451 6.600197792053223 6.738246917724609 6.850517272949219 6.941190719604492 7.40134334564209 7.387113571166992 7.64716100692749 7.969908237457275 7.182766914367676 0.0 0.0 0.0 0.0 0.0 0.0 0.0 0.0 0.0 0.0 0.0 0.0 0.0 0.0 0.0 0.0
10.244935035705566 5.400412559509277 6.057508945465088 6.301579475402832 6.3362956047058105 6.358752250671387 6.422117233276367 6.466728210449219 6.610392093658447 6.749846935272217 6.987957000732422 7.145961761474609 7.1713972091674805 7.473250389099121 7.626400470733643 7.969338417053223 7.152667999267578 0.0 0.0 0.0 0.0 0.0 0.0 0.0 0.0 0.0 0.0 0.0 0.0 0.0 0.0 0.0
10.260865211486816 5.481703281402588 6.0511698722839355 6.247780799865723 6.250354766845703 6.249775409698486 6.298147678375244 6.3956685066223145 6.4689154624938965 6.589702606201172 6.674034595489502 6.7929368019104 6.920441150665283 7.167887210845947 7.347939968109131 7.604700088500977 7.916708946228027 7.204392433166504 0.0 0.0 0.0 0.0 0.0 0.0 0.0 0.0 0.0 0.0 0.0 0.0 0.0 0.0
10.251811981201172 5.498321533203125 6.038528919219971 6.2209343910217285 6.204504489898682 6.172476291656494 6.189935207366943 6.233929634094238 6.328819751739502 6.467041015625 6.539289951324463 6.677652359008789 6.768970489501953 6.932982444763184 7.107062339782715 7.3554792404174805 7.567849636077881 7.950993061065674 7.20688009262085 0.0 0.0 0.0 0.0 0.0 0.0 0.0 0.0 0.0 0.0 0.0 0.0 0.0
10.22928524017334 5.403278350830078 6.032121658325195 6.21757173538208 6.150330543518066 6.117818355560303 6.109679698944092 6.132902145385742 6.223978519439697 6.369250297546387 6.425014972686768 6.633782386779785 6.653265476226807 6.792718887329102 6.930722236633301 7.157503128051758 7.334403038024902 7.595378875732422 7.985930442810059 7.236790657043457 0.0 0.0 0.0 0.0 0.0 0.0 0.0 0.0 0.0 0.0 0.0 0.0
10.229340553283691 5.268447399139404 5.952854633331299 6.1911444664001465 6.134041786193848 6.062633037567139 6.0548224449157715 6.051950454711914 6.11259651184082 6.247166156768799 6.333373069763184 6.42535400390625 6.478855133056641 6.607319355010986 6.732897758483887 6.860328674316406 7.090025424957275 7.361436367034912 7.5989179611206055 8.02021598815918 7.175532341003418 0.0 0.0 0.0 0.0 0.0 0.0 0.0 0.0 0.0 0.0 0.0
10.226458549499512 5.11879825592041 5.857623100280762 6.142245769500732 6.14959716796875 6.045621395111084 5.991415023803711 5.975119590759277 6.063960075378418 6.128737449645996 6.172686576843262 6.560933589935303 6.402060031890869 6.549097061157227 6.618334770202637 6.794857501983643 6.866867542266846 7.097104549407959 7.333635330200195 7.5867815017700195 7.900939464569092 7.158574104309082 0.0 0.0 0.0 0.0 0.0 0.0 0.0 0.0 0.0 0.0
10.212268829345703 5.040094375610352 5.799694538116455 6.129700660705566 6.14625883102417 6.081211566925049 5.961668014526367 5.976722240447998 6.0252366065979 6.058800220489502 6.0974884033203125 6.3474440574646 6.308085918426514 6.491505146026611 6.553679943084717 6.67769193649292 6.756363868713379 6.890324115753174 7.0755462646484375 7.36503267288208 7.541604042053223 7.917058944702148 7.173529148101807 0.0 0.0 0.0 0.0 0.0 0.0 0.0 0.0 0.0
10.211577415466309 4.960386753082275 5.633572101593018 5.953433036804199 5.97254753112793 6.015814304351807 5.937585830688477 5.9874467849731445 5.960772514343262 5.956835746765137 5.988529205322266 6.2078986167907715 6.149665355682373 6.292526721954346 6.400820255279541 6.449281692504883 6.58539342880249 6.7015485763549805 6.854191303253174 7.302688121795654 7.31220817565918 7.568012237548828 7.925585746765137 7.15297269821167 0.0 0.0 0.0 0.0 0.0 0.0 0.0 0.0
10.214544296264648 5.096296787261963 5.5560736656188965 6.150164604187012 6.044427871704102 5.910593509674072 5.927628040313721 5.965865135192871 5.922745704650879 5.959437847137451 6.0442795753479 6.054678440093994 6.056756973266602 6.166207790374756 6.251843452453613 6.328357696533203 6.421990394592285 6.583446502685547 6.658544063568115 6.829374313354492 7.065515041351318 7.307104587554932 7.5575056076049805 7.905643463134766 7.169421672821045 0.0 0.0 0.0 0.0 0.0 0.0 0.0
10.215219497680664 5.266376972198486 5.556870937347412 5.76247501373291 5.921818256378174 5.806231498718262 5.934179306030273 5.90726375579834 5.940657615661621 5.926858901977539 5.858299732208252 5.906949520111084 5.942574501037598 6.103933334350586 6.158328056335449 6.181978702545166 6.282181262969971 6.384020805358887 6.5579023361206055 6.699604034423828 6.8678297996521 7.111586570739746 7.315097808837891 7.546380519866943 7.887314319610596 7.152742385864258 0.0 0.0 0.0 0.0 0.0 0.0
10.20582103729248 4.964335918426514 5.518892765045166 5.711940288543701 5.68398904800415 5.6405181884765625 5.7316179275512695 5.779230117797852 5.897329330444336 5.880978584289551 5.987335681915283 5.983525276184082 6.012184143066406 5.95897102355957 6.005672454833984 6.079214096069336 6.196383953094482 6.315725803375244 6.46699333190918 6.560092449188232 6.655821800231934 6.840353012084961 7.081047058105469 7.30666446685791 7.585322380065918 7.930795192718506 7.1772966384887695 0.0 0.0 0.0 0.0 0.0
10.207372665405273 4.7637786865234375 5.487259387969971 5.960236549377441 5.738043785095215 5.56103515625 5.588367462158203 5.6203742027282715 5.8025593757629395 5.8156609535217285 6.106009006500244 6.126928329467773 6.07666015625 5.952557563781738 5.938399791717529 5.9798054695129395 6.041849136352539 6.227328300476074 6.337369918823242 6.408468246459961 6.503355979919434 6.671797752380371 6.8503594398498535 7.052361965179443 7.258424282073975 7.515857219696045 7.87235164642334 7.167064189910889 0.0 0.0 0.0 0.0
10.216752052307129 4.606537342071533 5.303371429443359 5.6613311767578125 5.628584384918213 5.5123186111450195 5.469455718994141 5.511404991149902 5.606509685516357 5.688844680786133 5.85444974899292 5.824934005737305 5.816710948944092 5.783728122711182 5.813840866088867 5.849912643432617 5.913405418395996 6.074847221374512 6.171797275543213 6.265403747558594 6.3733930587768555 6.507004261016846 6.6608991622924805 6.813990592956543 7.042370796203613 7.280023097991943 7.512488842010498 7.97654914855957 7.180459022521973 0.0 0.0 0.0
10.211613655090332 4.506341934204102 5.138713359832764 5.62595796585083 5.607471466064453 5.533892631530762 5.454514980316162 5.454309463500977 5.552918910980225 5.586519718170166 5.687321186065674 5.787734508514404 5.784653663635254 5.796674728393555 5.790979385375977 5.811767101287842 5.830735683441162 5.92809534072876 6.054311752319336 6.170755863189697 6.292516231536865 6.4143967628479 6.545161247253418 6.697084426879883 6.8453168869018555 7.0805439949035645 7.281665325164795 7.5701518058776855 7.894595146179199 7.147830963134766 0.0 0.0
10.214122772216797 4.57721471786499 5.0557756423950195 5.411383628845215 5.512073993682861 5.501587390899658 5.421722888946533 5.3765435218811035 5.463321685791016 5.449355125427246 5.503335952758789 5.63830041885376 5.712279319763184 5.757828235626221 5.799618721008301 5.798970699310303 5.778584957122803 5.840394496917725 5.967381954193115 6.061834335327148 6.125164031982422 6.244409561157227 6.373380184173584 6.514736652374268 6.667360305786133 6.838598728179932 7.030791759490967 7.353089332580566 7.540362358093262 7.870617389678955 7.213176727294922 0.0
10.217830657958984 4.806210994720459 5.0803680419921875 5.342898368835449 5.4112324714660645 5.4506001472473145 5.423079013824463 5.395005702972412 5.412956237792969 5.382108688354492 5.393036365509033 5.504659652709961 5.626690864562988 5.728248596191406 5.7472944259643555 5.7520551681518555 5.730807781219482 5.75501012802124 5.8668718338012695 5.895382404327393 5.974503517150879 6.093664646148682 6.226093292236328 6.362537860870361 6.470404148101807 6.625186443328857 6.800915718078613 7.05531120300293 7.271031856536865 7.500185489654541 7.9362030029296875 7.16818380355835
