10.71379566192627 0.0 0.0 0.0 0.0 0.0 0.0 0.0 0.0 0.0 0.0 0.0 0.0 0.0 0.0 0.0 0.0 0.0 0.0 0.0 0.0 0.0 0.0 0.0 0.0 0.0 0.0 0.0 0.0 0.0 0.0 0.0
10.676809310913086 7.39400577545166 0.0 0.0 0.0 0.0 0.0 0.0 0.0 0.0 0.0 0.0 0.0 0.0 0.0 0.0 0.0 0.0 0.0 0.0 0.0 0.0 0.0 0.0 0.0 0.0 0.0 0.0 0.0 0.0 0.0 0.0
10.586318969726562 8.176000595092773 7.507769584655762 0.0 0.0 0.0 0.0 0.0 0.0 0.0 0.0 0.0 0.0 0.0 0.0 0.0 0.0 0.0 0.0 0.0 0.0 0.0 0.0 0.0 0.0 0.0 0.0 0.0 0.0 0.0 0.0 0.0
10.527227401733398 7.939900875091553 7.977816104888916 7.562859058380127 0.0 0.0 0.0 0.0 0.0 0.0 0.0 0.0 0.0 0.0 0.0 0.0 0.0 0.0 0.0 0.0 0.0 0.0 0.0 0.0 0.0 0.0 0.0 0.0 0.0 0.0 0.0 0.0
10.481070518493652 7.726748466491699 7.629868984222412 7.985067844390869 7.634151935577393 0.0 0.0 0.0 0.0 0.0 0.0 0.0 0.0 0.0 0.0 0.0 0.0 0.0 0.0 0.0 0.0 0.0 0.0 0.0 0.0 0.0 0.0 0.0 0.0 0.0 0.0 0.0
10.445968627929688 7.514059066772461 7.28441047668457 7.611358165740967 8.061230659484863 7.63985013961792 0.0 0.0 0.0 0.0 0.0 0.0 0.0 0.0 0.0 0.0 0.0 0.0 0.0 0.0 0.0 0.0 0.0 0.0 0.0 0.0 0.0 0.0 0.0 0.0 0.0 0.0
10.415606498718262 7.365235805511475 6.905282020568848 7.250024318695068 7.718533039093018 8.09000015258789 7.646097183227539 0.0 0.0 0.0 0.0 0.0 0.0 0.0 0.0 0.0 0.0 0.0 0.0 0.0 0.0 0.0 0.0 0.0 0.0 0.0 0.0 0.0 0.0 0.0 0.0 0.0
10.390111923217773 7.1868486404418945 6.663384914398193 6.969059467315674 7.387351989746094 7.733977317810059 8.08012866973877 7.6646881103515625 0.0 0.0 0.0 0.0 0.0 0.0 0.0 0.0 0.0 0.0 0.0 0.0 0.0 0.0 0.0 0.0 0.0 0.0 0.0 0.0 0.0 0.0 0.0 0.0
10.363722801208496 7.0848002433776855 6.525224685668945 6.746066093444824 7.083580493927002 7.387269496917725 7.731394290924072 8.101571083068848 7.6800408363342285 0.0 0.0 0.0 0.0 0.0 0.0 0.0 0.0 0.0 0.0 0.0 0.0 0.0 0.0 0.0 0.0 0.0 0.0 0.0 0.0 0.0 0.0 0.0
10.326748847961426 7.047989368438721 6.398766040802002 6.5796895027160645 6.873327255249023 7.140817642211914 7.4406328201293945 7.765002250671387 8.16370677947998 7.675655364990234 0.0 0.0 0.0 0.0 0.0 0.0 0.0 0.0 0.0 0.0 0.0 0.0 0.0 0.0 0.0 0.0 0.0 0.0 0.0 0.0 0.0 0.0
10.316612243652344 6.994148254394531 6.216772079467773 6.422439098358154 6.622679710388184 6.854206562042236 7.127468109130859 7.414078235626221 7.8011932373046875 8.107809066772461 7.677968502044678 0.0 0.0 0.0 0.0 0.0 0.0 0.0 0.0 0.0 0.0 0.0 0.0 0.0 0.0 0.0 0.0 0.0 0.0 0.0 0.0 0.0
10.291519165039062 6.914096832275391 6.105662822723389 6.330388069152832 6.5194597244262695 6.669233322143555 6.8837666511535645 7.132052898406982 7.427114963531494 7.7823381423950195 8.158759117126465 7.697169303894043 0.0 0.0 0.0 0.0 0.0 0.0 0.0 0.0 0.0 0.0 0.0 0.0 0.0 0.0 0.0 0.0 0.0 0.0 0.0 0.0
10.275225639343262 6.8320698738098145 6.000556468963623 6.156508922576904 6.38710880279541 6.538425445556641 6.7254157066345215 6.933568954467773 7.208858013153076 7.428968906402588 7.783558368682861 8.130914688110352 7.686882972717285 0.0 0.0 0.0 0.0 0.0 0.0 0.0 0.0 0.0 0.0 0.0 0.0 0.0 0.0 0.0 0.0 0.0 0.0 0.0
10.266963958740234 6.693028926849365 5.915733814239502 6.042315483093262 6.220498085021973 6.399199962615967 6.541858196258545 6.696010112762451 6.923255443572998 7.121361255645752 7.489548683166504 7.787556171417236 8.136175155639648 7.661403179168701 0.0 0.0 0.0 0.0 0.0 0.0 0.0 0.0 0.0 0.0 0.0 0.0 0.0 0.0 0.0 0.0 0.0 0.0
10.259079933166504 6.591966152191162 5.8306379318237305 5.955460548400879 6.078740119934082 6.248120307922363 6.4262285232543945 6.529621124267578 6.717334747314453 6.892821788787842 7.228301525115967 7.473559379577637 7.7920660972595215 8.086278915405273 7.645934104919434 0.0 0.0 0.0 0.0 0.0 0.0 0.0 0.0 0.0 0.0 0.0 0.0 0.0 0.0 0.0 0.0 0.0
10.240471839904785 6.538525581359863 5.736929893493652 5.872927665710449 6.132020473480225 6.213088512420654 6.323789119720459 6.370030879974365 6.566687107086182 6.7817301750183105 7.011340141296387 7.184053897857666 7.448609828948975 7.770177364349365 8.09762954711914 7.649992942810059 0.0 0.0 0.0 0.0 0.0 0.0 0.0 0.0 0.0 0.0 0.0 0.0 0.0 0.0 0.0 0.0
10.243041038513184 6.5225911140441895 5.639741897583008 5.798699855804443 5.957798957824707 5.997547149658203 6.168141841888428 6.269092559814453 6.534151077270508 6.581071853637695 6.758106231689453 6.941874027252197 7.109817981719971 7.391986846923828 7.742210388183594 8.084073066711426 7.647584915161133 0.0 0.0 0.0 0.0 0.0 0.0 0.0 0.0 0.0 0.0 0.0 0.0 0.0 0.0 0.0
10.220980644226074 6.543516159057617 5.546072006225586 5.684958457946777 5.8413825035095215 5.932514667510986 6.055612087249756 6.151667594909668 6.360073089599609 6.4757819175720215 6.6100687980651855 6.690072059631348 6.885763168334961 7.096652984619141 7.408867359161377 7.750618934631348 8.166081428527832 7.685229301452637 0.0 0.0 0.0 0.0 0.0 0.0 0.0 0.0 0.0 0.0 0.0 0.0 0.0 0.0
10.211480140686035 6.561082363128662 5.456411838531494 5.592465400695801 5.797029495239258 5.913498401641846 6.075413703918457 6.072267055511475 6.26011323928833 6.3468828201293945 6.479243755340576 6.580514907836914 6.705017566680908 6.857294082641602 7.1042962074279785 7.429040908813477 7.834036350250244 8.07155704498291 7.655572414398193 0.0 0.0 0.0 0.0 0.0 0.0 0.0 0.0 0.0 0.0 0.0 0.0 0.0
10.207893371582031 6.549778938293457 5.4667510986328125 5.522329807281494 5.650677680969238 5.821840286254883 6.004313945770264 5.997962474822998 6.152196407318115 6.200777530670166 6.392592906951904 6.450253963470459 6.548072338104248 6.652116775512695 6.858571529388428 7.095792293548584 7.434676647186279 7.776340484619141 8.093254089355469 7.630413055419922 0.0 0.0 0.0 0.0 0.0 0.0 0.0 0.0 0.0 0.0 0.0 0.0
10.204788208007812 6.454826354980469 5.4012556076049805 5.484127521514893 5.5902099609375 5.680474281311035 5.87532901763916 5.919612884521484 6.087357997894287 6.0891337394714355 6.171504974365234 6.226554870605469 6.37837553024292 6.487214088439941 6.663623809814453 6.856060981750488 7.16903829574585 7.423626899719238 7.775102138519287 8.074605941772461 7.66620397567749 0.0 0.0 0.0 0.0 0.0 0.0 0.0 0.0 0.0 0.0 0.0
10.193453788757324 6.390818119049072 5.371981620788574 5.4593915939331055 5.506019592285156 5.597776412963867 5.689665794372559 5.784268379211426 5.905544281005859 5.97180700302124 6.0673747062683105 6.13881778717041 6.235621929168701 6.343213081359863 6.519333362579346 6.673376083374023 6.910459995269775 7.151859760284424 7.459310054779053 7.765153408050537 8.128202438354492 7.645532608032227 0.0 0.0 0.0 0.0 0.0 0.0 0.0 0.0 0.0 0.0
10.19257640838623 6.40078067779541 5.306808948516846 5.458310604095459 5.541797637939453 5.620479583740234 5.633023738861084 5.695704460144043 5.838743686676025 5.881688117980957 5.969543933868408 6.096386909484863 6.101347923278809 6.18730354309082 6.3743791580200195 6.492405891418457 6.704028606414795 6.849358558654785 7.1379289627075195 7.414718151092529 7.786460876464844 8.078286170959473 7.644073486328125 0.0 0.0 0.0 0.0 0.0 0.0 0.0 0.0 0.0
10.180593490600586 6.412813663482666 5.18039608001709 5.377926826477051 5.478775501251221 5.550229549407959 5.607812881469727 5.6591315269470215 5.7865824699401855 5.843000411987305 5.939625263214111 5.973194122314453 6.017805099487305 6.0790114402771 6.211220741271973 6.356949806213379 6.530163764953613 6.714178085327148 6.912564277648926 7.113184452056885 7.447159767150879 7.769313335418701 8.091253280639648 7.6326093673706055 0.0 0.0 0.0 0.0 0.0 0.0 0.0 0.0
10.178524017333984 6.495258808135986 5.11264705657959 5.294194221496582 5.58732795715332 5.546971797943115 5.603022575378418 5.598495006561279 5.903918743133545 5.740625858306885 5.860246181488037 5.904993534088135 5.921749591827393 5.976059436798096 6.088962078094482 6.198160171508789 6.354043006896973 6.474191188812256 6.648947238922119 6.858694553375244 7.126481533050537 7.41354513168335 7.7705183029174805 8.070053100585938 7.616023063659668 0.0 0.0 0.0 0.0 0.0 0.0 0.0
10.178828239440918 6.422380447387695 5.113335132598877 5.220525741577148 5.380520820617676 5.451869964599609 5.505006790161133 5.569158554077148 5.597979545593262 5.582167625427246 5.7027764320373535 5.825385570526123 5.851442337036133 5.902763843536377 5.9863176345825195 6.071541786193848 6.201141357421875 6.324011325836182 6.512166976928711 6.690145969390869 6.880770683288574 7.124037265777588 7.4323530197143555 7.766773700714111 8.063241004943848 7.606080532073975 0.0 0.0 0.0 0.0 0.0 0.0
10.17477035522461 6.255343914031982 5.059125900268555 5.165163040161133 5.3460187911987305 5.393468856811523 5.50645112991333 5.570135593414307 5.674635410308838 5.550708770751953 5.623841762542725 5.6777215003967285 5.769168853759766 5.831237316131592 5.925568580627441 5.976658344268799 6.092133045196533 6.190467834472656 6.385648250579834 6.533257484436035 6.685502052307129 6.862096309661865 7.108147144317627 7.42940092086792 7.761857032775879 8.059957504272461 7.602466583251953 0.0 0.0 0.0 0.0 0.0
10.157885551452637 6.127915382385254 5.075473785400391 5.193170070648193 5.243907928466797 5.275787830352783 5.372938632965088 5.454447269439697 5.576776027679443 5.513509273529053 5.623483180999756 5.635177135467529 5.70449686050415 5.745997428894043 5.856682777404785 5.941493988037109 6.001997470855713 6.083245277404785 6.255063533782959 6.4022536277771 6.536573886871338 6.659972667694092 6.874020576477051 7.150412559509277 7.46623420715332 7.775261402130127 8.097773551940918 7.616113185882568 0.0 0.0 0.0 0.0
10.15774917602539 6.082096576690674 5.027510166168213 5.139932155609131 5.18093729019165 5.224848747253418 5.3025054931640625 5.374228477478027 5.499606609344482 5.492368698120117 5.584377765655518 5.590505599975586 5.606578350067139 5.632730960845947 5.7665181159973145 5.818148612976074 5.879891395568848 5.981136798858643 6.090851306915283 6.2343010902404785 6.371715545654297 6.517129898071289 6.66827392578125 6.894181728363037 7.147097110748291 7.453831195831299 7.821370601654053 8.062222480773926 7.601084232330322 0.0 0.0 0.0
10.149673461914062 6.125993251800537 4.917158126831055 5.075395107269287 5.169873237609863 5.169673442840576 5.243045330047607 5.305689811706543 5.407577991485596 5.449751377105713 5.533259391784668 5.555360794067383 5.562439918518066 5.562579154968262 5.647049427032471 5.745513916015625 5.818526268005371 5.895586967468262 5.997855186462402 6.094747066497803 6.245724678039551 6.363649368286133 6.51695442199707 6.71544885635376 6.903718948364258 7.162261009216309 7.4704060554504395 7.781498432159424 8.079129219055176 7.597412586212158 0.0 0.0
10.135259628295898 6.209231376647949 4.864419460296631 4.990821361541748 5.090524673461914 5.177052974700928 5.233010768890381 5.220314025878906 5.322741508483887 5.4022603034973145 5.48947286605835 5.599472999572754 5.515295028686523 5.50779390335083 5.574186325073242 5.697758197784424 5.746684551239014 5.8169450759887695 5.921727657318115 6.0433807373046875 6.089374542236328 6.23481559753418 6.367516040802002 6.541555881500244 6.697387218475342 6.901333332061768 7.19146203994751 7.457223892211914 7.831639766693115 8.083592414855957 7.585968971252441 0.0
10.137805938720703 6.2554426193237305 4.861983776092529 4.915980815887451 5.028473377227783 5.20369815826416 5.239012718200684 5.264868259429932 5.286986827850342 5.310891151428223 5.3880534172058105 5.483197212219238 5.500123023986816 5.463445663452148 5.5021257400512695 5.580928802490234 5.640422821044922 5.714690208435059 5.8174729347229 5.932432174682617 5.965580940246582 6.0729193687438965 6.205407619476318 6.383212089538574 6.51747465133667 6.672571182250977 6.879282474517822 7.091104507446289 7.5107340812683105 7.786292552947998 8.094290733337402 7.585267066955566
