10.71379566192627 0.0 0.0 0.0 0.0 0.0 0.0 0.0 0.0 0.0 0.0 0.0 0.0 0.0 0.0 0.0 0.0 0.0 0.0 0.0 0.0 0.0 0.0 0.0 0.0 0.0 0.0 0.0 0.0 0.0 0.0 0.0
10.686025619506836 7.111299991607666 0.0 0.0 0.0 0.0 0.0 0.0 0.0 0.0 0.0 0.0 0.0 0.0 0.0 0.0 0.0 0.0 0.0 0.0 0.0 0.0 0.0 0.0 0.0 0.0 0.0 0.0 0.0 0.0 0.0 0.0
10.628095626831055 7.805386543273926 7.117883205413818 0.0 0.0 0.0 0.0 0.0 0.0 0.0 0.0 0.0 0.0 0.0 0.0 0.0 0.0 0.0 0.0 0.0 0.0 0.0 0.0 0.0 0.0 0.0 0.0 0.0 0.0 0.0 0.0 0.0
10.579010963439941 7.727652549743652 7.641846179962158 7.178433418273926 0.0 0.0 0.0 0.0 0.0 0.0 0.0 0.0 0.0 0.0 0.0 0.0 0.0 0.0 0.0 0.0 0.0 0.0 0.0 0.0 0.0 0.0 0.0 0.0 0.0 0.0 0.0 0.0
10.538278579711914 7.545108318328857 7.519365310668945 7.681369304656982 7.193599224090576 0.0 0.0 0.0 0.0 0.0 0.0 0.0 0.0 0.0 0.0 0.0 0.0 0.0 0.0 0.0 0.0 0.0 0.0 0.0 0.0 0.0 0.0 0.0 0.0 0.0 0.0 0.0
10.495560646057129 7.378568172454834 7.35353946685791 7.608120918273926 7.740283966064453 7.196206092834473 0.0 0.0 0.0 0.0 0.0 0.0 0.0 0.0 0.0 0.0 0.0 0.0 0.0 0.0 0.0 0.0 0.0 0.0 0.0 0.0 0.0 0.0 0.0 0.0 0.0 0.0
10.448904037475586 7.293520927429199 7.1911468505859375 7.466185569763184 7.673666000366211 7.793090343475342 7.199127674102783 0.0 0.0 0.0 0.0 0.0 0.0 0.0 0.0 0.0 0.0 0.0 0.0 0.0 0.0 0.0 0.0 0.0 0.0 0.0 0.0 0.0 0.0 0.0 0.0 0.0
10.414459228515625 7.158019542694092 7.044836044311523 7.306525230407715 7.513795852661133 7.658324718475342 7.8150105476379395 7.15268611907959 0.0 0.0 0.0 0.0 0.0 0.0 0.0 0.0 0.0 0.0 0.0 0.0 0.0 0.0 0.0 0.0 0.0 0.0 0.0 0.0 0.0 0.0 0.0 0.0
10.387262344360352 7.069124698638916 6.9497528076171875 7.1563544273376465 7.315493583679199 7.478127479553223 7.6808366775512695 7.735455513000488 7.1665825843811035 0.0 0.0 0.0 0.0 0.0 0.0 0.0 0.0 0.0 0.0 0.0 0.0 0.0 0.0 0.0 0.0 0.0 0.0 0.0 0.0 0.0 0.0 0.0
10.346267700195312 6.984725475311279 6.848311901092529 7.054205894470215 7.173426151275635 7.355517387390137 7.558143138885498 7.683444499969482 7.783482074737549 7.1602582931518555 0.0 0.0 0.0 0.0 0.0 0.0 0.0 0.0 0.0 0.0 0.0 0.0 0.0 0.0 0.0 0.0 0.0 0.0 0.0 0.0 0.0 0.0
10.32839298248291 6.913282871246338 6.767467975616455 6.97613000869751 7.025227069854736 7.160683631896973 7.327107906341553 7.490158557891846 7.663442611694336 7.751429080963135 7.134000301361084 0.0 0.0 0.0 0.0 0.0 0.0 0.0 0.0 0.0 0.0 0.0 0.0 0.0 0.0 0.0 0.0 0.0 0.0 0.0 0.0 0.0
10.303829193115234 6.857465744018555 6.685232162475586 6.90598726272583 6.955557346343994 7.031793117523193 7.131837368011475 7.30211877822876 7.440656661987305 7.642822742462158 7.787663459777832 7.133949279785156 0.0 0.0 0.0 0.0 0.0 0.0 0.0 0.0 0.0 0.0 0.0 0.0 0.0 0.0 0.0 0.0 0.0 0.0 0.0 0.0
10.294713020324707 6.80703067779541 6.585328102111816 6.787097454071045 6.876401901245117 6.920251369476318 7.024075031280518 7.119833946228027 7.2813215255737305 7.443883895874023 7.593386173248291 7.683008193969727 7.102939128875732 0.0 0.0 0.0 0.0 0.0 0.0 0.0 0.0 0.0 0.0 0.0 0.0 0.0 0.0 0.0 0.0 0.0 0.0 0.0
10.28264331817627 6.728786468505859 6.47484827041626 6.67686128616333 6.746086597442627 6.828829765319824 6.901296615600586 6.967536449432373 7.07750940322876 7.244877815246582 7.4551191329956055 7.582565784454346 7.673827171325684 7.095846176147461 0.0 0.0 0.0 0.0 0.0 0.0 0.0 0.0 0.0 0.0 0.0 0.0 0.0 0.0 0.0 0.0 0.0 0.0
10.276611328125 6.674215793609619 6.4227399826049805 6.5672078132629395 6.636399745941162 6.6975884437561035 6.821462631225586 6.868607044219971 6.933011531829834 7.052950382232666 7.2370500564575195 7.421212196350098 7.564951419830322 7.60638427734375 7.06220817565918 0.0 0.0 0.0 0.0 0.0 0.0 0.0 0.0 0.0 0.0 0.0 0.0 0.0 0.0 0.0 0.0 0.0
10.246756553649902 6.657008647918701 6.397120475769043 6.5333051681518555 6.575231552124023 6.780529022216797 6.755489349365234 6.752260208129883 6.831701755523682 6.964351177215576 7.167646408081055 7.227044582366943 7.372550964355469 7.573611736297607 7.629472255706787 7.041314601898193 0.0 0.0 0.0 0.0 0.0 0.0 0.0 0.0 0.0 0.0 0.0 0.0 0.0 0.0 0.0 0.0
10.262033462524414 6.619344711303711 6.3480448722839355 6.4476728439331055 6.507802963256836 6.533716678619385 6.648012161254883 6.684754371643066 6.774619102478027 6.817131042480469 6.902704238891602 7.024193286895752 7.146275043487549 7.288774490356445 7.479684829711914 7.569930553436279 7.01085090637207 0.0 0.0 0.0 0.0 0.0 0.0 0.0 0.0 0.0 0.0 0.0 0.0 0.0 0.0 0.0
10.237418174743652 6.555569648742676 6.292048454284668 6.402660846710205 6.470921993255615 6.480990886688232 6.533263683319092 6.597819805145264 6.789587497711182 6.815933704376221 6.813591003417969 6.900824069976807 6.992877960205078 7.167508125305176 7.352482318878174 7.47174596786499 7.589201927185059 6.990562915802002 0.0 0.0 0.0 0.0 0.0 0.0 0.0 0.0 0.0 0.0 0.0 0.0 0.0 0.0
10.239791870117188 6.500574111938477 6.223475456237793 6.353449821472168 6.429299354553223 6.480292797088623 6.512902736663818 6.503538608551025 6.606400012969971 6.666955471038818 6.716066360473633 6.788456439971924 6.843869686126709 6.956853866577148 7.1190338134765625 7.276920318603516 7.474984169006348 7.531651020050049 6.979560375213623 0.0 0.0 0.0 0.0 0.0 0.0 0.0 0.0 0.0 0.0 0.0 0.0 0.0
10.235003471374512 6.421671390533447 6.18014669418335 6.313164234161377 6.340884208679199 6.402623653411865 6.438849925994873 6.438898086547852 6.505352020263672 6.540445327758789 6.651413917541504 6.692432880401611 6.737277030944824 6.787874698638916 6.939364433288574 7.0836052894592285 7.2884650230407715 7.419885635375977 7.571773052215576 6.967465877532959 0.0 0.0 0.0 0.0 0.0 0.0 0.0 0.0 0.0 0.0 0.0 0.0
10.233409881591797 6.350671291351318 6.116489410400391 6.2505340576171875 6.2784833908081055 6.299540996551514 6.364140510559082 6.373091697692871 6.473257064819336 6.479944705963135 6.553168296813965 6.585052490234375 6.648718357086182 6.674167633056641 6.817694664001465 6.920311450958252 7.0895280838012695 7.233168125152588 7.427152633666992 7.50473690032959 6.969532012939453 0.0 0.0 0.0 0.0 0.0 0.0 0.0 0.0 0.0 0.0 0.0
10.225003242492676 6.263810157775879 6.076183795928955 6.173046112060547 6.208053112030029 6.262390613555908 6.274847507476807 6.324770450592041 6.389856815338135 6.408326148986816 6.483852386474609 6.52712869644165 6.562221527099609 6.614790439605713 6.72194766998291 6.783264636993408 6.90641450881958 7.046053886413574 7.251002788543701 7.404238700866699 7.536262035369873 6.9555487632751465 0.0 0.0 0.0 0.0 0.0 0.0 0.0 0.0 0.0 0.0
10.219141960144043 6.215275764465332 6.011191368103027 6.155918121337891 6.1784491539001465 6.21996545791626 6.265373706817627 6.264190673828125 6.346490383148193 6.34651517868042 6.4143195152282715 6.451550006866455 6.488711833953857 6.554422378540039 6.638561248779297 6.6887335777282715 6.7541399002075195 6.879636287689209 7.069058895111084 7.216287136077881 7.439786434173584 7.456873893737793 6.921524524688721 0.0 0.0 0.0 0.0 0.0 0.0 0.0 0.0 0.0
10.21678352355957 6.162197113037109 5.93665885925293 6.0886712074279785 6.127636432647705 6.146097660064697 6.174778938293457 6.213467597961426 6.275058269500732 6.286356449127197 6.377009868621826 6.389433860778809 6.3992533683776855 6.465009689331055 6.548998832702637 6.581425189971924 6.635770320892334 6.7484049797058105 6.9192986488342285 7.0215744972229 7.239187717437744 7.361346244812012 7.472300052642822 6.927740573883057 0.0 0.0 0.0 0.0 0.0 0.0 0.0 0.0
10.220433235168457 6.1962571144104 5.876523971557617 6.018841743469238 6.115857124328613 6.125111103057861 6.177436351776123 6.180588722229004 6.266718864440918 6.2620320320129395 6.279297351837158 6.298496723175049 6.304077625274658 6.351468563079834 6.435345649719238 6.474658966064453 6.504772186279297 6.602575302124023 6.699763774871826 6.841985702514648 7.025179862976074 7.193695068359375 7.339495658874512 7.443792343139648 6.902390956878662 0.0 0.0 0.0 0.0 0.0 0.0 0.0
10.213967323303223 6.137196063995361 5.848520278930664 5.963346481323242 6.009843349456787 6.046491622924805 6.101114749908447 6.131401538848877 6.16163444519043 6.188621520996094 6.246726036071777 6.276524066925049 6.273410797119141 6.298339366912842 6.366563320159912 6.419086456298828 6.472476005554199 6.511062145233154 6.599355697631836 6.714683532714844 6.840125560760498 6.987074851989746 7.170003890991211 7.364363670349121 7.440356731414795 6.898281574249268 0.0 0.0 0.0 0.0 0.0 0.0
10.212751388549805 6.098555564880371 5.778035640716553 5.877425193786621 5.921105861663818 5.973237991333008 6.060211181640625 6.069118022918701 6.1315741539001465 6.139870643615723 6.190357685089111 6.207643985748291 6.228794574737549 6.2365593910217285 6.287402629852295 6.323984146118164 6.387555122375488 6.44623327255249 6.489514350891113 6.646543502807617 6.689082622528076 6.805052757263184 6.973344802856445 7.170749664306641 7.331847190856934 7.436996936798096 6.89572286605835 0.0 0.0 0.0 0.0 0.0
10.195499420166016 6.072709560394287 5.783275127410889 5.857137680053711 5.87983512878418 5.910797595977783 6.003254413604736 6.040930271148682 6.087793827056885 6.11357307434082 6.134541988372803 6.150083541870117 6.216869354248047 6.205536365509033 6.232191562652588 6.303121566772461 6.3387131690979 6.376796245574951 6.49076509475708 6.553274154663086 6.601595878601074 6.68199348449707 6.82209587097168 7.00941801071167 7.205865383148193 7.367124080657959 7.430654048919678 6.862729072570801 0.0 0.0 0.0 0.0
10.19627571105957 6.020886421203613 5.732625484466553 5.851053714752197 5.822075843811035 5.867249011993408 5.938723087310791 5.950413227081299 6.025452613830566 6.048793792724609 6.137237548828125 6.114814758300781 6.156124114990234 6.142963409423828 6.180873870849609 6.21509313583374 6.2656660079956055 6.277130126953125 6.355557441711426 6.445748805999756 6.504995822906494 6.555642127990723 6.669242858886719 6.825868606567383 6.967834949493408 7.1425700187683105 7.418101787567139 7.426514148712158 6.853882789611816 0.0 0.0 0.0
10.18621826171875 6.003016471862793 5.687650680541992 5.801913738250732 5.7974114418029785 5.819568157196045 5.9039788246154785 5.901256084442139 5.96422815322876 6.014752388000488 6.159091472625732 6.091427326202393 6.136706829071045 6.14248514175415 6.153174877166748 6.197548866271973 6.228147029876709 6.234029293060303 6.281070232391357 6.387844085693359 6.430478572845459 6.48464822769165 6.5514235496521 6.6669230461120605 6.813472747802734 6.982041358947754 7.180955410003662 7.358913898468018 7.431091785430908 6.835683822631836 0.0 0.0
10.181427955627441 5.987438678741455 5.661896228790283 5.787136077880859 5.784637451171875 5.792055130004883 5.834946155548096 5.8248138427734375 5.878122329711914 5.95546293258667 6.083584308624268 6.091830730438232 6.115732669830322 6.121889114379883 6.110814571380615 6.22262716293335 6.150820255279541 6.176513195037842 6.223477840423584 6.322517395019531 6.366075038909912 6.4069061279296875 6.473005771636963 6.661057472229004 6.6432061195373535 6.791536808013916 6.939069747924805 7.162064075469971 7.352987766265869 7.390176296234131 6.839902877807617 0.0
10.183326721191406 5.979355335235596 5.646251201629639 5.731700897216797 5.752651214599609 5.787919044494629 5.846169948577881 5.792978286743164 5.841518878936768 5.904601573944092 6.043093681335449 6.0329084396362305 6.090389251708984 6.055263519287109 6.071084499359131 6.094069004058838 6.120824337005615 6.145685195922852 6.138616561889648 6.246209144592285 6.258585453033447 6.318172931671143 6.348788261413574 6.442238807678223 6.504348278045654 6.625821113586426 6.787011623382568 6.995761871337891 7.195521354675293 7.290424823760986 7.378066539764404 6.836788654327393
