10.71379566192627 0.0 0.0 0.0 0.0 0.0 0.0 0.0 0.0 0.0 0.0 0.0 0.0 0.0 0.0 0.0 0.0 0.0 0.0 0.0 0.0 0.0 0.0 0.0 0.0 0.0 0.0 0.0 0.0 0.0 0.0 0.0
10.626957893371582 8.225516319274902 0.0 0.0 0.0 0.0 0.0 0.0 0.0 0.0 0.0 0.0 0.0 0.0 0.0 0.0 0.0 0.0 0.0 0.0 0.0 0.0 0.0 0.0 0.0 0.0 0.0 0.0 0.0 0.0 0.0 0.0
10.6815824508667 6.696341037750244 6.413768291473389 0.0 0.0 0.0 0.0 0.0 0.0 0.0 0.0 0.0 0.0 0.0 0.0 0.0 0.0 0.0 0.0 0.0 0.0 0.0 0.0 0.0 0.0 0.0 0.0 0.0 0.0 0.0 0.0 0.0
10.684310913085938 6.213737964630127 5.8965864181518555 6.079988479614258 0.0 0.0 0.0 0.0 0.0 0.0 0.0 0.0 0.0 0.0 0.0 0.0 0.0 0.0 0.0 0.0 0.0 0.0 0.0 0.0 0.0 0.0 0.0 0.0 0.0 0.0 0.0 0.0
10.68185043334961 5.965039253234863 5.667111396789551 5.748076915740967 6.029565811157227 0.0 0.0 0.0 0.0 0.0 0.0 0.0 0.0 0.0 0.0 0.0 0.0 0.0 0.0 0.0 0.0 0.0 0.0 0.0 0.0 0.0 0.0 0.0 0.0 0.0 0.0 0.0
10.678262710571289 5.755236625671387 5.468655109405518 5.509251594543457 5.7554450035095215 6.104974746704102 0.0 0.0 0.0 0.0 0.0 0.0 0.0 0.0 0.0 0.0 0.0 0.0 0.0 0.0 0.0 0.0 0.0 0.0 0.0 0.0 0.0 0.0 0.0 0.0 0.0 0.0
10.675676345825195 5.615267276763916 5.31652307510376 5.403964519500732 5.541722297668457 5.7513885498046875 6.006235599517822 0.0 0.0 0.0 0.0 0.0 0.0 0.0 0.0 0.0 0.0 0.0 0.0 0.0 0.0 0.0 0.0 0.0 0.0 0.0 0.0 0.0 0.0 0.0 0.0 0.0
10.673498153686523 5.475765228271484 5.291492938995361 5.354068279266357 5.408630847930908 5.559393405914307 5.631598949432373 5.884136199951172 0.0 0.0 0.0 0.0 0.0 0.0 0.0 0.0 0.0 0.0 0.0 0.0 0.0 0.0 0.0 0.0 0.0 0.0 0.0 0.0 0.0 0.0 0.0 0.0
10.673946380615234 5.336178302764893 5.094406604766846 5.01321268081665 5.146141529083252 5.359402179718018 5.395141124725342 5.646842002868652 5.834046840667725 0.0 0.0 0.0 0.0 0.0 0.0 0.0 0.0 0.0 0.0 0.0 0.0 0.0 0.0 0.0 0.0 0.0 0.0 0.0 0.0 0.0 0.0 0.0
10.675853729248047 5.274799823760986 4.925290107727051 4.868950366973877 4.961906909942627 5.118838787078857 5.165421962738037 5.305942058563232 5.47788667678833 5.631558418273926 0.0 0.0 0.0 0.0 0.0 0.0 0.0 0.0 0.0 0.0 0.0 0.0 0.0 0.0 0.0 0.0 0.0 0.0 0.0 0.0 0.0 0.0
10.67479419708252 5.250887870788574 4.842408180236816 4.787891864776611 4.870471954345703 4.974936485290527 5.037045478820801 5.173751354217529 5.258166313171387 5.359411239624023 5.584871292114258 0.0 0.0 0.0 0.0 0.0 0.0 0.0 0.0 0.0 0.0 0.0 0.0 0.0 0.0 0.0 0.0 0.0 0.0 0.0 0.0 0.0
10.674676895141602 5.072834491729736 4.662014484405518 4.705302715301514 4.792257308959961 4.869196891784668 4.898820877075195 5.029127597808838 5.150914192199707 5.155458450317383 5.401936054229736 5.472316265106201 0.0 0.0 0.0 0.0 0.0 0.0 0.0 0.0 0.0 0.0 0.0 0.0 0.0 0.0 0.0 0.0 0.0 0.0 0.0 0.0
10.673442840576172 4.969932556152344 4.5585479736328125 4.640815734863281 4.726862907409668 4.8078765869140625 4.816375255584717 4.893229007720947 5.0329413414001465 5.012628555297852 5.297365665435791 5.313051223754883 5.442287921905518 0.0 0.0 0.0 0.0 0.0 0.0 0.0 0.0 0.0 0.0 0.0 0.0 0.0 0.0 0.0 0.0 0.0 0.0 0.0
10.675572395324707 4.882152557373047 4.460555076599121 4.526242256164551 4.621603488922119 4.7038655281066895 4.7086076736450195 4.735823631286621 4.79958963394165 4.8438215255737305 4.9795823097229 5.054054260253906 5.172608375549316 5.327828884124756 0.0 0.0 0.0 0.0 0.0 0.0 0.0 0.0 0.0 0.0 0.0 0.0 0.0 0.0 0.0 0.0 0.0 0.0
10.674997329711914 4.819332599639893 4.440704345703125 4.463368892669678 4.54427433013916 4.629146099090576 4.644143104553223 4.669668674468994 4.6950364112854 4.735363006591797 4.854238033294678 4.892677307128906 4.992410182952881 5.103987693786621 5.326463222503662 0.0 0.0 0.0 0.0 0.0 0.0 0.0 0.0 0.0 0.0 0.0 0.0 0.0 0.0 0.0 0.0 0.0
10.674112319946289 4.792625427246094 4.367798328399658 4.388852119445801 4.47312068939209 4.590778350830078 4.553913593292236 4.591821193695068 4.6293230056762695 4.6447014808654785 4.734825134277344 4.774525165557861 4.867201328277588 4.966421127319336 5.152040004730225 5.292534828186035 0.0 0.0 0.0 0.0 0.0 0.0 0.0 0.0 0.0 0.0 0.0 0.0 0.0 0.0 0.0 0.0
10.67270278930664 4.7160420417785645 4.337223052978516 4.367724418640137 4.451061725616455 4.538636684417725 4.508893966674805 4.537883281707764 4.58151388168335 4.606175899505615 4.743396282196045 4.671604633331299 4.756863117218018 4.832530498504639 5.040421485900879 5.101024627685547 5.26747989654541 0.0 0.0 0.0 0.0 0.0 0.0 0.0 0.0 0.0 0.0 0.0 0.0 0.0 0.0 0.0
10.672714233398438 4.646686553955078 4.272397041320801 4.340952396392822 4.415848731994629 4.484208106994629 4.442765235900879 4.464536190032959 4.482331275939941 4.476491928100586 4.617823123931885 4.586068630218506 4.642502784729004 4.724357604980469 4.9259419441223145 4.908952713012695 5.048126697540283 5.230536460876465 0.0 0.0 0.0 0.0 0.0 0.0 0.0 0.0 0.0 0.0 0.0 0.0 0.0 0.0
10.670510292053223 4.582299709320068 4.231808662414551 4.327634811401367 4.391003608703613 4.468254566192627 4.404842853546143 4.415707111358643 4.425107002258301 4.417287826538086 4.592073440551758 4.535251140594482 4.5729265213012695 4.620408058166504 4.842418670654297 4.879909038543701 5.028645992279053 5.111089706420898 5.2509260177612305 0.0 0.0 0.0 0.0 0.0 0.0 0.0 0.0 0.0 0.0 0.0 0.0 0.0
10.669949531555176 4.544107913970947 4.192209243774414 4.285821914672852 4.352443218231201 4.501992225646973 4.389702320098877 4.359011650085449 4.373358249664307 4.359875679016113 4.488232135772705 4.504701614379883 4.496090888977051 4.5031962394714355 4.74936580657959 4.738771915435791 4.900638103485107 4.948011875152588 5.05880069732666 5.218228816986084 0.0 0.0 0.0 0.0 0.0 0.0 0.0 0.0 0.0 0.0 0.0 0.0
10.670819282531738 4.502751350402832 4.158647537231445 4.235755920410156 4.325284957885742 4.366818904876709 4.3188090324401855 4.301973819732666 4.329948902130127 4.3051438331604 4.375941276550293 4.373170852661133 4.412098407745361 4.4253339767456055 4.585103511810303 4.579036712646484 4.703397750854492 4.752470016479492 4.897396087646484 4.997824668884277 5.198399543762207 0.0 0.0 0.0 0.0 0.0 0.0 0.0 0.0 0.0 0.0 0.0
10.66866683959961 4.487530708312988 4.125860691070557 4.2030839920043945 4.287914276123047 4.333571434020996 4.283957481384277 4.288407325744629 4.291071891784668 4.244887828826904 4.321028232574463 4.38062047958374 4.349303722381592 4.3616509437561035 4.58425760269165 4.5271124839782715 4.659297466278076 4.7481369972229 4.935205936431885 4.892910003662109 5.007280349731445 5.190065860748291 0.0 0.0 0.0 0.0 0.0 0.0 0.0 0.0 0.0 0.0
10.666523933410645 4.4809250831604 4.130581855773926 4.222507953643799 4.3111114501953125 4.292045593261719 4.287874221801758 4.278239727020264 4.305531024932861 4.236253261566162 4.315094947814941 4.622537612915039 4.3024821281433105 4.294919967651367 4.453361988067627 4.459878444671631 4.606431007385254 4.6347784996032715 4.751585960388184 4.798023700714111 4.889403820037842 5.054183006286621 5.247450828552246 0.0 0.0 0.0 0.0 0.0 0.0 0.0 0.0 0.0
10.666760444641113 4.463088035583496 4.122199058532715 4.182981014251709 4.232357025146484 4.264679908752441 4.223358154296875 4.212921619415283 4.215817928314209 4.206232070922852 4.292233943939209 4.399108409881592 4.275357246398926 4.255246639251709 4.393711090087891 4.354126930236816 4.4527363777160645 4.463998317718506 4.603511810302734 4.659823417663574 4.759105205535889 4.877755165100098 5.167243003845215 5.184277057647705 0.0 0.0 0.0 0.0 0.0 0.0 0.0 0.0
10.666139602661133 4.440699577331543 4.074847221374512 4.169917106628418 4.2133026123046875 4.246701240539551 4.209886074066162 4.186988830566406 4.178159236907959 4.190366268157959 4.261525630950928 4.221801280975342 4.211172580718994 4.217710494995117 4.331918716430664 4.301623344421387 4.381633758544922 4.404876232147217 4.511029243469238 4.5761027336120605 4.694039344787598 4.817050457000732 4.9322686195373535 5.015415668487549 5.195367813110352 0.0 0.0 0.0 0.0 0.0 0.0 0.0
10.66450023651123 4.426210880279541 4.069498062133789 4.136113166809082 4.199094295501709 4.233892440795898 4.182685375213623 4.144270420074463 4.149759769439697 4.144876956939697 4.209895133972168 4.166224479675293 4.184871196746826 4.163199424743652 4.338817596435547 4.246320724487305 4.338581085205078 4.3581318855285645 4.4649338722229 4.508564472198486 4.566488265991211 4.707757949829102 4.905397891998291 4.982203960418701 5.030355453491211 5.184434413909912 0.0 0.0 0.0 0.0 0.0 0.0
10.664627075195312 4.369412899017334 4.025962829589844 4.122030735015869 4.177379131317139 4.205233573913574 4.145174980163574 4.130217552185059 4.127086162567139 4.110257625579834 4.1574296951293945 4.154219627380371 4.151587963104248 4.159608840942383 4.213686943054199 4.195526123046875 4.239243507385254 4.268224239349365 4.387409687042236 4.426671981811523 4.485016345977783 4.5687713623046875 4.693284034729004 4.785730361938477 4.938021183013916 5.011993408203125 5.1641526222229 0.0 0.0 0.0 0.0 0.0
10.663739204406738 4.325026512145996 4.002315521240234 4.092508316040039 4.165207862854004 4.2094292640686035 4.187321662902832 4.134934902191162 4.102033615112305 4.104073524475098 4.162476539611816 4.122066497802734 4.095058917999268 4.11672830581665 4.218727111816406 4.144493103027344 4.168039321899414 4.225444793701172 4.302837371826172 4.371681213378906 4.413600444793701 4.500417232513428 4.616262912750244 4.726263046264648 4.794611930847168 4.8799872398376465 4.967637538909912 5.133697032928467 0.0 0.0 0.0 0.0
10.663583755493164 4.276117324829102 3.9834437370300293 4.076769828796387 4.15365743637085 4.1774773597717285 4.134636402130127 4.107154369354248 4.081201076507568 4.038380146026611 4.070780277252197 4.065675735473633 4.070593357086182 4.060766696929932 4.133641719818115 4.1149492263793945 4.145636558532715 4.150227069854736 4.235237121582031 4.29287052154541 4.349273204803467 4.410299777984619 4.492287635803223 4.579283714294434 4.721930027008057 4.776849746704102 4.85677433013916 4.9346160888671875 5.140170574188232 0.0 0.0 0.0
10.662532806396484 4.247847557067871 3.964766025543213 4.07149600982666 4.135240077972412 4.145668983459473 4.118168830871582 4.076624870300293 4.0597686767578125 4.020143985748291 4.067564010620117 4.041431427001953 4.019269943237305 4.02849817276001 4.094429969787598 4.0751447677612305 4.125337600708008 4.123050689697266 4.188951015472412 4.24661922454834 4.302318572998047 4.366756439208984 4.445440292358398 4.510016441345215 4.595475673675537 4.679347038269043 4.759329319000244 4.8344573974609375 4.963270664215088 5.148654937744141 0.0 0.0
10.661627769470215 4.209721088409424 3.957331895828247 4.046051025390625 4.114236354827881 4.126216411590576 4.087315559387207 4.0534892082214355 4.027921199798584 3.9957637786865234 4.025707244873047 3.9896011352539062 3.9635684490203857 3.9880025386810303 4.072113513946533 4.038551330566406 4.109076023101807 4.100194454193115 4.169517993927002 4.181177139282227 4.225131988525391 4.333641052246094 4.427245616912842 4.4255051612854 4.523799419403076 4.5929999351501465 4.663151741027832 4.764074802398682 4.877590179443359 4.943962574005127 5.133005619049072 0.0
10.661846160888672 4.19032096862793 3.943758964538574 4.026032447814941 4.097723007202148 4.144999980926514 4.073702812194824 4.020002365112305 4.00068473815918 3.965183734893799 4.028748035430908 3.953998565673828 3.9361283779144287 3.905130386352539 4.00363826751709 4.007401466369629 4.066088676452637 4.055373191833496 4.137267589569092 4.116553783416748 4.167306900024414 4.217711448669434 4.286825180053711 4.351539134979248 4.437500953674316 4.460769176483154 4.55341100692749 4.648665428161621 4.733859539031982 4.80255126953125 4.921249866485596 5.106664180755615
