10.71379566192627 0.0 0.0 0.0 0.0 0.0 0.0 0.0 0.0 0.0 0.0 0.0 0.0 0.0 0.0 0.0 0.0 0.0 0.0 0.0 0.0 0.0 0.0 0.0 0.0 0.0 0.0 0.0 0.0 0.0 0.0 0.0
10.700251579284668 6.395915508270264 0.0 0.0 0.0 0.0 0.0 0.0 0.0 0.0 0.0 0.0 0.0 0.0 0.0 0.0 0.0 0.0 0.0 0.0 0.0 0.0 0.0 0.0 0.0 0.0 0.0 0.0 0.0 0.0 0.0 0.0
10.685235023498535 5.959299087524414 6.772426605224609 0.0 0.0 0.0 0.0 0.0 0.0 0.0 0.0 0.0 0.0 0.0 0.0 0.0 0.0 0.0 0.0 0.0 0.0 0.0 0.0 0.0 0.0 0.0 0.0 0.0 0.0 0.0 0.0 0.0
10.676785469055176 5.520428657531738 6.2237701416015625 6.772302627563477 0.0 0.0 0.0 0.0 0.0 0.0 0.0 0.0 0.0 0.0 0.0 0.0 0.0 0.0 0.0 0.0 0.0 0.0 0.0 0.0 0.0 0.0 0.0 0.0 0.0 0.0 0.0 0.0
10.670012474060059 5.191848278045654 5.909426212310791 6.139108180999756 6.811746120452881 0.0 0.0 0.0 0.0 0.0 0.0 0.0 0.0 0.0 0.0 0.0 0.0 0.0 0.0 0.0 0.0 0.0 0.0 0.0 0.0 0.0 0.0 0.0 0.0 0.0 0.0 0.0
10.661430358886719 5.13264799118042 5.656744480133057 5.773386001586914 6.321552276611328 6.861186981201172 0.0 0.0 0.0 0.0 0.0 0.0 0.0 0.0 0.0 0.0 0.0 0.0 0.0 0.0 0.0 0.0 0.0 0.0 0.0 0.0 0.0 0.0 0.0 0.0 0.0 0.0
10.65632438659668 5.0200958251953125 5.5600056648254395 5.603213787078857 6.011424541473389 6.2768096923828125 6.783317565917969 0.0 0.0 0.0 0.0 0.0 0.0 0.0 0.0 0.0 0.0 0.0 0.0 0.0 0.0 0.0 0.0 0.0 0.0 0.0 0.0 0.0 0.0 0.0 0.0 0.0
10.651668548583984 4.976369857788086 5.436802864074707 5.423372745513916 5.752400875091553 5.886557102203369 6.163558006286621 6.8580780029296875 0.0 0.0 0.0 0.0 0.0 0.0 0.0 0.0 0.0 0.0 0.0 0.0 0.0 0.0 0.0 0.0 0.0 0.0 0.0 0.0 0.0 0.0 0.0 0.0
10.645503044128418 4.930357456207275 5.341617584228516 5.333143711090088 5.483161926269531 5.749993324279785 5.836813449859619 6.392040252685547 6.817519187927246 0.0 0.0 0.0 0.0 0.0 0.0 0.0 0.0 0.0 0.0 0.0 0.0 0.0 0.0 0.0 0.0 0.0 0.0 0.0 0.0 0.0 0.0 0.0
10.643295288085938 4.900090217590332 5.153090953826904 5.195202827453613 5.348808765411377 5.4919915199279785 5.616820812225342 5.989916801452637 6.20813512802124 6.849389553070068 0.0 0.0 0.0 0.0 0.0 0.0 0.0 0.0 0.0 0.0 0.0 0.0 0.0 0.0 0.0 0.0 0.0 0.0 0.0 0.0 0.0 0.0
10.638927459716797 5.085244178771973 5.098677635192871 5.1238484382629395 5.2296671867370605 5.369131088256836 5.391274929046631 5.6837239265441895 5.801647663116455 6.169343948364258 6.928709983825684 0.0 0.0 0.0 0.0 0.0 0.0 0.0 0.0 0.0 0.0 0.0 0.0 0.0 0.0 0.0 0.0 0.0 0.0 0.0 0.0 0.0
10.632993698120117 4.8153510093688965 4.998019695281982 5.079704284667969 5.175065040588379 5.2770843505859375 5.311569690704346 5.527306079864502 5.573826789855957 5.794950485229492 6.4937944412231445 6.880143165588379 0.0 0.0 0.0 0.0 0.0 0.0 0.0 0.0 0.0 0.0 0.0 0.0 0.0 0.0 0.0 0.0 0.0 0.0 0.0 0.0
10.629055976867676 4.673413276672363 4.915066242218018 4.985742092132568 5.101246356964111 5.29860258102417 5.264775276184082 5.467846393585205 5.456467628479004 5.605966091156006 6.225003719329834 6.2546892166137695 6.83704137802124 0.0 0.0 0.0 0.0 0.0 0.0 0.0 0.0 0.0 0.0 0.0 0.0 0.0 0.0 0.0 0.0 0.0 0.0 0.0
10.629253387451172 4.574028968811035 4.852410316467285 4.958737850189209 5.038827896118164 5.163694858551025 5.168633460998535 5.36187219619751 5.327859401702881 5.442130088806152 5.792306900024414 5.86592960357666 6.1620283126831055 6.869606018066406 0.0 0.0 0.0 0.0 0.0 0.0 0.0 0.0 0.0 0.0 0.0 0.0 0.0 0.0 0.0 0.0 0.0 0.0
10.62395191192627 4.555016994476318 4.819381237030029 4.872077465057373 4.994028568267822 5.107915878295898 5.148796081542969 5.229933261871338 5.395144462585449 5.382164001464844 5.690830230712891 5.702578544616699 5.807107448577881 6.2318291664123535 6.869023323059082 0.0 0.0 0.0 0.0 0.0 0.0 0.0 0.0 0.0 0.0 0.0 0.0 0.0 0.0 0.0 0.0 0.0
10.624917984008789 4.51362419128418 4.769861698150635 4.794681072235107 4.9546074867248535 4.98027229309082 5.064661026000977 5.164139270782471 5.18294620513916 5.249229907989502 5.380600929260254 5.493038654327393 5.590671062469482 5.830923080444336 6.161937713623047 6.863100051879883 0.0 0.0 0.0 0.0 0.0 0.0 0.0 0.0 0.0 0.0 0.0 0.0 0.0 0.0 0.0 0.0
10.617044448852539 4.566651344299316 4.741322994232178 4.773841381072998 4.910058975219727 5.059172630310059 5.009814739227295 5.167422771453857 5.21223258972168 5.2179131507873535 5.7796502113342285 5.36368989944458 5.452258586883545 5.622927665710449 5.809066295623779 6.190039157867432 6.864150047302246 0.0 0.0 0.0 0.0 0.0 0.0 0.0 0.0 0.0 0.0 0.0 0.0 0.0 0.0 0.0
10.615547180175781 4.517626762390137 4.680368423461914 4.711873531341553 4.920876979827881 4.909520626068115 4.910988807678223 5.100012302398682 5.066430568695068 5.2086687088012695 5.556372165679932 5.302448749542236 5.352834701538086 5.4793524742126465 5.586689472198486 5.8206939697265625 6.195999622344971 6.879549980163574 0.0 0.0 0.0 0.0 0.0 0.0 0.0 0.0 0.0 0.0 0.0 0.0 0.0 0.0
10.612839698791504 4.482414245605469 4.651412010192871 4.669386386871338 4.811311721801758 4.971682548522949 4.867691993713379 5.069726467132568 5.002955436706543 5.108494281768799 5.353564262390137 5.233730316162109 5.242506980895996 5.343008041381836 5.44493293762207 5.602289199829102 5.8381028175354 6.226600646972656 6.901084899902344 0.0 0.0 0.0 0.0 0.0 0.0 0.0 0.0 0.0 0.0 0.0 0.0 0.0
10.610097885131836 4.518192768096924 4.6480207443237305 4.652708053588867 4.817685604095459 4.858029842376709 4.8713555335998535 4.943581581115723 4.943008899688721 5.070282459259033 5.2318115234375 5.204873085021973 5.2288899421691895 5.291027545928955 5.31119966506958 5.484766483306885 5.653887748718262 5.8525309562683105 6.23651123046875 6.864857196807861 0.0 0.0 0.0 0.0 0.0 0.0 0.0 0.0 0.0 0.0 0.0 0.0
10.608945846557617 4.4784159660339355 4.6267194747924805 4.659495830535889 4.756896018981934 4.812791347503662 4.827859878540039 4.895833969116211 4.900185585021973 5.021590232849121 5.127638339996338 5.038883209228516 5.10872745513916 5.172727584838867 5.230390548706055 5.309792995452881 5.444121360778809 5.654782772064209 5.854267120361328 6.196522235870361 6.887331962585449 0.0 0.0 0.0 0.0 0.0 0.0 0.0 0.0 0.0 0.0 0.0
10.605741500854492 4.414028167724609 4.620476722717285 4.633601188659668 4.669525623321533 4.793631553649902 4.730209827423096 4.885809421539307 4.8637189865112305 4.883074760437012 5.299861431121826 5.025490760803223 5.039111614227295 5.1061201095581055 5.152830600738525 5.202939510345459 5.3215413093566895 5.478217601776123 5.623260021209717 5.888333320617676 6.202828407287598 6.883729934692383 0.0 0.0 0.0 0.0 0.0 0.0 0.0 0.0 0.0 0.0
10.60134220123291 4.478148460388184 4.559978485107422 4.597477912902832 4.703042030334473 4.787014961242676 4.7535271644592285 4.840209484100342 4.839115142822266 4.890110015869141 5.161747455596924 5.005001544952393 5.01528263092041 5.055365085601807 5.156026363372803 5.135185718536377 5.2269673347473145 5.30145788192749 5.446798324584961 5.721230506896973 5.919916152954102 6.261064529418945 6.874811172485352 0.0 0.0 0.0 0.0 0.0 0.0 0.0 0.0 0.0
10.602612495422363 4.603052616119385 4.560733795166016 4.603524208068848 4.716879844665527 4.7803473472595215 4.683795928955078 4.7174553871154785 4.7684783935546875 4.85839319229126 5.011849880218506 4.867062568664551 4.895832061767578 4.995625019073486 5.028086185455322 5.05802583694458 5.134489059448242 5.174740314483643 5.29058837890625 5.433136940002441 5.636195182800293 5.896474361419678 6.22228479385376 6.846074104309082 0.0 0.0 0.0 0.0 0.0 0.0 0.0 0.0
10.600805282592773 4.410005569458008 4.597305774688721 4.638126373291016 4.707703590393066 4.6941375732421875 4.664412021636963 4.699801445007324 4.7493391036987305 4.82978630065918 5.046731472015381 4.886797904968262 4.884504795074463 4.922948360443115 4.983240127563477 4.977520942687988 5.094789505004883 5.120973110198975 5.180360794067383 5.3045125007629395 5.483424663543701 5.600900173187256 5.867907524108887 6.182036399841309 6.835140705108643 0.0 0.0 0.0 0.0 0.0 0.0 0.0
10.598053932189941 4.319118976593018 4.486764430999756 4.545649528503418 4.64993953704834 4.639310836791992 4.632068634033203 4.6821088790893555 4.722681522369385 4.776705741882324 4.943118572235107 4.820836067199707 4.835024833679199 4.850889205932617 4.907778739929199 4.934594631195068 5.044305324554443 5.1010637283325195 5.141552448272705 5.201344013214111 5.371993064880371 5.486382484436035 5.670932292938232 5.8007965087890625 6.163673400878906 6.8899946212768555 0.0 0.0 0.0 0.0 0.0 0.0
10.595419883728027 4.321861267089844 4.462965965270996 4.469810962677002 4.610633373260498 4.649088382720947 4.629492282867432 4.614446640014648 4.7397847175598145 4.740569114685059 4.8882975578308105 4.840968608856201 4.83158540725708 4.818716049194336 4.897768974304199 4.898932933807373 4.970754146575928 5.049767017364502 5.0716753005981445 5.117465972900391 5.276905059814453 5.3779616355896 5.430371284484863 5.593875408172607 5.83619499206543 6.2684221267700195 6.84932279586792 0.0 0.0 0.0 0.0 0.0
10.595269203186035 4.297416687011719 4.431448936462402 4.437504768371582 4.54143762588501 4.579680442810059 4.6043267250061035 4.622958183288574 4.694551944732666 4.672930717468262 4.910480976104736 4.795904636383057 4.76303243637085 4.827226161956787 4.835538864135742 4.859753608703613 4.888462066650391 4.994887828826904 5.05586576461792 5.050261497497559 5.162329196929932 5.230745315551758 5.292547225952148 5.431663990020752 5.602772235870361 5.885746479034424 6.150014400482178 6.837013244628906 0.0 0.0 0.0 0.0
10.593759536743164 4.271346092224121 4.383006572723389 4.4366302490234375 4.513067722320557 4.555915832519531 4.555278301239014 4.602547645568848 4.6564717292785645 4.6530680656433105 4.759693145751953 4.900235652923584 4.782644748687744 4.7627387046813965 4.753546237945557 4.822157859802246 4.834481716156006 4.870851516723633 4.923760414123535 4.993642807006836 5.0591654777526855 5.14824914932251 5.2142744064331055 5.2542829513549805 5.42577600479126 5.715078830718994 5.7797722816467285 6.183675765991211 6.844254016876221 0.0 0.0 0.0
10.590188980102539 4.361922740936279 4.404441833496094 4.441335201263428 4.495204925537109 4.51519775390625 4.537672996520996 4.609584331512451 4.675318717956543 4.703922271728516 4.801514625549316 4.767375946044922 4.724874019622803 4.758461952209473 4.724832534790039 4.817403316497803 4.838984966278076 4.82097053527832 4.857652187347412 4.96626091003418 5.015860557556152 5.082064628601074 5.164710521697998 5.173643589019775 5.3117756843566895 5.591362953186035 5.549685478210449 5.82404899597168 6.186379909515381 6.846107482910156 0.0 0.0
10.591148376464844 4.307016849517822 4.350089073181152 4.422898769378662 4.476221561431885 4.51162576675415 4.531188488006592 4.563513278961182 4.590157985687256 4.629458427429199 4.720103740692139 4.684876918792725 4.680701732635498 4.676519393920898 4.709029674530029 4.76177453994751 4.799190044403076 4.774537086486816 4.878243446350098 4.855477333068848 4.9997406005859375 5.007469654083252 5.038815498352051 5.096498012542725 5.161615371704102 5.387328147888184 5.35358190536499 5.558246612548828 5.777825355529785 6.1957783699035645 6.827410697937012 0.0
10.587071418762207 4.3119587898254395 4.3599066734313965 4.399057388305664 4.426628112792969 4.489911079406738 4.462730407714844 4.533207893371582 4.62985372543335 4.604049205780029 4.8329997062683105 4.669678688049316 4.646300315856934 4.734594345092773 4.665379047393799 4.686686038970947 4.762804985046387 4.755281448364258 4.8622212409973145 4.768096446990967 5.057071685791016 5.005715847015381 4.970363140106201 5.067176342010498 5.089031219482422 5.368821144104004 5.2082414627075195 5.421543121337891 5.576457500457764 5.812014102935791 6.161877155303955 6.8489251136779785
