10.71379566192627 0.0 0.0 0.0 0.0 0.0 0.0 0.0 0.0 0.0 0.0 0.0 0.0 0.0 0.0 0.0 0.0 0.0 0.0 0.0 0.0 0.0 0.0 0.0 0.0 0.0 0.0 0.0 0.0 0.0 0.0 0.0
10.68204402923584 7.2442402839660645 0.0 0.0 0.0 0.0 0.0 0.0 0.0 0.0 0.0 0.0 0.0 0.0 0.0 0.0 0.0 0.0 0.0 0.0 0.0 0.0 0.0 0.0 0.0 0.0 0.0 0.0 0.0 0.0 0.0 0.0
10.635871887207031 7.730505466461182 6.992079257965088 0.0 0.0 0.0 0.0 0.0 0.0 0.0 0.0 0.0 0.0 0.0 0.0 0.0 0.0 0.0 0.0 0.0 0.0 0.0 0.0 0.0 0.0 0.0 0.0 0.0 0.0 0.0 0.0 0.0
10.596453666687012 7.524628639221191 7.660505771636963 6.90517520904541 0.0 0.0 0.0 0.0 0.0 0.0 0.0 0.0 0.0 0.0 0.0 0.0 0.0 0.0 0.0 0.0 0.0 0.0 0.0 0.0 0.0 0.0 0.0 0.0 0.0 0.0 0.0 0.0
10.566946029663086 7.205445289611816 7.468404293060303 7.652745723724365 6.836194038391113 0.0 0.0 0.0 0.0 0.0 0.0 0.0 0.0 0.0 0.0 0.0 0.0 0.0 0.0 0.0 0.0 0.0 0.0 0.0 0.0 0.0 0.0 0.0 0.0 0.0 0.0 0.0
10.554952621459961 6.746883869171143 7.067568302154541 7.404571056365967 7.621601104736328 6.789882659912109 0.0 0.0 0.0 0.0 0.0 0.0 0.0 0.0 0.0 0.0 0.0 0.0 0.0 0.0 0.0 0.0 0.0 0.0 0.0 0.0 0.0 0.0 0.0 0.0 0.0 0.0
10.546185493469238 6.403829574584961 6.5806193351745605 6.975460529327393 7.396378517150879 7.635438919067383 6.731066703796387 0.0 0.0 0.0 0.0 0.0 0.0 0.0 0.0 0.0 0.0 0.0 0.0 0.0 0.0 0.0 0.0 0.0 0.0 0.0 0.0 0.0 0.0 0.0 0.0 0.0
10.534810066223145 6.137032985687256 6.234665870666504 6.58477258682251 7.073429107666016 7.3930983543396 7.620319366455078 6.713243007659912 0.0 0.0 0.0 0.0 0.0 0.0 0.0 0.0 0.0 0.0 0.0 0.0 0.0 0.0 0.0 0.0 0.0 0.0 0.0 0.0 0.0 0.0 0.0 0.0
10.528078079223633 6.016476631164551 6.0610671043396 6.238526821136475 6.633520126342773 7.019691467285156 7.3717360496521 7.607496738433838 6.663339138031006 0.0 0.0 0.0 0.0 0.0 0.0 0.0 0.0 0.0 0.0 0.0 0.0 0.0 0.0 0.0 0.0 0.0 0.0 0.0 0.0 0.0 0.0 0.0
10.518567085266113 5.820433139801025 5.967980861663818 5.993037700653076 6.266627788543701 6.586234092712402 6.997847557067871 7.364749431610107 7.669654369354248 6.651523113250732 0.0 0.0 0.0 0.0 0.0 0.0 0.0 0.0 0.0 0.0 0.0 0.0 0.0 0.0 0.0 0.0 0.0 0.0 0.0 0.0 0.0 0.0
10.516409873962402 5.529090404510498 5.757372856140137 5.873658180236816 5.998599529266357 6.249724864959717 6.569174289703369 6.983770847320557 7.3967084884643555 7.603764057159424 6.654963493347168 0.0 0.0 0.0 0.0 0.0 0.0 0.0 0.0 0.0 0.0 0.0 0.0 0.0 0.0 0.0 0.0 0.0 0.0 0.0 0.0 0.0
10.518442153930664 5.300405025482178 5.526161193847656 5.707139492034912 5.841998100280762 6.008452415466309 6.202190399169922 6.537458419799805 6.95071268081665 7.3240838050842285 7.576477527618408 6.651799201965332 0.0 0.0 0.0 0.0 0.0 0.0 0.0 0.0 0.0 0.0 0.0 0.0 0.0 0.0 0.0 0.0 0.0 0.0 0.0 0.0
10.516457557678223 5.192407608032227 5.32133674621582 5.431865692138672 5.625507354736328 5.813207626342773 5.947926998138428 6.22845983505249 6.5314130783081055 6.970335960388184 7.3307881355285645 7.550598621368408 6.624680995941162 0.0 0.0 0.0 0.0 0.0 0.0 0.0 0.0 0.0 0.0 0.0 0.0 0.0 0.0 0.0 0.0 0.0 0.0 0.0
10.510361671447754 5.162537097930908 5.174398899078369 5.216480255126953 5.404313087463379 5.614589691162109 5.773064613342285 5.960152626037598 6.174551486968994 6.520364284515381 6.96788215637207 7.329577922821045 7.606004238128662 6.652376651763916 0.0 0.0 0.0 0.0 0.0 0.0 0.0 0.0 0.0 0.0 0.0 0.0 0.0 0.0 0.0 0.0 0.0 0.0
10.506758689880371 5.073111057281494 5.143171310424805 5.080839157104492 5.174122333526611 5.4278883934021 5.62003755569458 5.824151515960693 5.97099494934082 6.210005283355713 6.552898406982422 6.998963832855225 7.34267520904541 7.553234100341797 6.628028869628906 0.0 0.0 0.0 0.0 0.0 0.0 0.0 0.0 0.0 0.0 0.0 0.0 0.0 0.0 0.0 0.0 0.0
10.505188941955566 4.908689498901367 5.085909366607666 5.085140228271484 5.084274768829346 5.1414079666137695 5.347959995269775 5.556747913360596 5.751002788543701 5.959727764129639 6.2265777587890625 6.541928291320801 6.931208610534668 7.321323394775391 7.606400966644287 6.623713970184326 0.0 0.0 0.0 0.0 0.0 0.0 0.0 0.0 0.0 0.0 0.0 0.0 0.0 0.0 0.0 0.0
10.509222030639648 4.616399765014648 4.918412208557129 4.999809741973877 4.9969401359558105 5.010735034942627 5.174286842346191 5.358367919921875 5.573761940002441 5.759669303894043 5.939337730407715 6.161571502685547 6.529806137084961 6.909604072570801 7.304397106170654 7.53682279586792 6.628529071807861 0.0 0.0 0.0 0.0 0.0 0.0 0.0 0.0 0.0 0.0 0.0 0.0 0.0 0.0 0.0
10.501309394836426 4.352510452270508 4.667330265045166 4.8424787521362305 4.978389739990234 4.963094711303711 4.975783824920654 5.09843111038208 5.327754497528076 5.572707653045654 5.825107574462891 5.930636882781982 6.152820110321045 6.49376106262207 6.957197666168213 7.292217254638672 7.6542582511901855 6.6210856437683105 0.0 0.0 0.0 0.0 0.0 0.0 0.0 0.0 0.0 0.0 0.0 0.0 0.0 0.0
10.498333930969238 4.276660919189453 4.465000152587891 4.654299736022949 4.950892448425293 4.936753273010254 4.962100982666016 4.999207019805908 5.179714679718018 5.554404258728027 5.728591442108154 5.840940475463867 5.969836235046387 6.170042991638184 6.5468058586120605 6.94062614440918 7.354080677032471 7.550321578979492 6.584336757659912 0.0 0.0 0.0 0.0 0.0 0.0 0.0 0.0 0.0 0.0 0.0 0.0 0.0
10.498861312866211 4.358949661254883 4.348759174346924 4.387763977050781 4.625142574310303 4.8087944984436035 5.02910041809082 4.944327354431152 4.9830732345581055 5.33244514465332 5.485511302947998 5.592883110046387 5.716583728790283 5.888225078582764 6.177611827850342 6.509834289550781 7.04148530960083 7.292152404785156 7.559844493865967 6.587418079376221 0.0 0.0 0.0 0.0 0.0 0.0 0.0 0.0 0.0 0.0 0.0 0.0
10.502301216125488 4.5167555809021 4.41718053817749 4.281704902648926 4.3509039878845215 4.510842800140381 4.715138912200928 4.926174163818359 4.991871356964111 4.9931230545043945 5.149532318115234 5.3137617111206055 5.499039173126221 5.728564262390137 5.921953201293945 6.128866195678711 6.555696487426758 6.921473503112793 7.288819313049316 7.56997537612915 6.590599536895752 0.0 0.0 0.0 0.0 0.0 0.0 0.0 0.0 0.0 0.0 0.0
10.498039245605469 4.563474178314209 4.525444984436035 4.312005043029785 4.256377696990967 4.3001484870910645 4.487491607666016 4.749289512634277 4.8589558601379395 4.927582740783691 5.164860248565674 5.178197383880615 5.27287483215332 5.514498710632324 5.736283779144287 5.8712158203125 6.237349033355713 6.517748832702637 6.9128737449646 7.3630900382995605 7.546494007110596 6.577123165130615 0.0 0.0 0.0 0.0 0.0 0.0 0.0 0.0 0.0 0.0
10.495720863342285 4.436439514160156 4.609770774841309 4.507106781005859 4.293266773223877 4.242359638214111 4.312514305114746 4.57404899597168 4.763669490814209 4.880692481994629 5.021149158477783 5.123626232147217 5.090624809265137 5.276148319244385 5.577366828918457 5.695617198944092 6.174155235290527 6.140908241271973 6.4769463539123535 6.936415672302246 7.302510738372803 7.542736053466797 6.596625804901123 0.0 0.0 0.0 0.0 0.0 0.0 0.0 0.0 0.0
10.500876426696777 4.22259521484375 4.428778171539307 4.559584617614746 4.441357135772705 4.2653913497924805 4.145833969116211 4.230340003967285 4.452437877655029 4.722047805786133 4.868079662322998 4.9461798667907715 4.912682056427002 5.045557498931885 5.273683547973633 5.492770671844482 5.716290473937988 5.8629302978515625 6.13795804977417 6.515295505523682 6.9135308265686035 7.27737283706665 7.553675651550293 6.593009948730469 0.0 0.0 0.0 0.0 0.0 0.0 0.0 0.0
10.496482849121094 4.323075294494629 4.227176666259766 4.448902606964111 4.667437553405762 4.505961894989014 4.3667144775390625 4.233590602874756 4.345418453216553 4.542324066162109 4.714583873748779 4.869785785675049 4.888851165771484 4.946542739868164 5.1587324142456055 5.267947196960449 5.503780364990234 5.642131805419922 5.868756294250488 6.1782002449035645 6.522619724273682 6.920278549194336 7.2984418869018555 7.548617362976074 6.574962615966797 0.0 0.0 0.0 0.0 0.0 0.0 0.0
10.496133804321289 4.129504203796387 4.080104827880859 4.207370758056641 4.4592084884643555 4.410607814788818 4.352517127990723 4.236928939819336 4.1602630615234375 4.297867774963379 4.447960376739502 4.692448616027832 4.812312126159668 4.898648738861084 4.984104633331299 5.063995838165283 5.278592586517334 5.447417736053467 5.687996864318848 5.937856674194336 6.14586067199707 6.504641532897949 6.927200794219971 7.313912868499756 7.561184883117676 6.565948009490967 0.0 0.0 0.0 0.0 0.0 0.0
10.497963905334473 4.256036281585693 4.097626686096191 4.062489032745361 4.217291831970215 4.314477920532227 4.398886680603027 4.340831756591797 4.178432941436768 4.16617488861084 4.242798805236816 4.445850849151611 4.699308395385742 4.828399181365967 4.9380717277526855 4.909467697143555 5.063798904418945 5.212825775146484 5.476077079772949 5.7104058265686035 5.866004467010498 6.138986587524414 6.4975786209106445 6.946584224700928 7.288557052612305 7.522903919219971 6.582964897155762 0.0 0.0 0.0 0.0 0.0
10.48772144317627 4.314540386199951 4.2715253829956055 4.072927951812744 4.066120624542236 4.071592330932617 4.252236366271973 4.455601215362549 4.349925994873047 4.185817718505859 4.1091203689575195 4.242567539215088 4.437857151031494 4.683006763458252 4.9012274742126465 4.919079303741455 4.921260833740234 5.070736408233643 5.304899215698242 5.503578186035156 5.694047927856445 5.876543045043945 6.142075061798096 6.525749206542969 6.954026222229004 7.28817892074585 7.653334617614746 6.56944465637207 0.0 0.0 0.0 0.0
10.493739128112793 4.212741851806641 4.367696762084961 4.1938276290893555 4.0513715744018555 3.9550671577453613 4.031081199645996 4.247084140777588 4.359889507293701 4.299249649047852 4.167327880859375 4.116534233093262 4.175632476806641 4.440806865692139 4.691958427429199 4.845663547515869 4.8685503005981445 4.9055495262146 5.079774379730225 5.288821220397949 5.508684158325195 5.671398639678955 5.864997386932373 6.149813652038574 6.535366535186768 6.9237189292907715 7.315695762634277 7.541067600250244 6.533547401428223 0.0 0.0 0.0
10.492700576782227 4.055613994598389 4.266058444976807 4.268730640411377 4.1266255378723145 3.9400627613067627 3.9606778621673584 4.0450897216796875 4.209910869598389 4.2792181968688965 4.248402118682861 4.123481750488281 4.085603713989258 4.208372116088867 4.442875385284424 4.656518936157227 4.812700271606445 4.8771538734436035 4.963919162750244 5.1841301918029785 5.283976078033447 5.481851100921631 5.684112548828125 5.8884782791137695 6.171848773956299 6.523727893829346 6.982855319976807 7.281966686248779 7.5236382484436035 6.535801887512207 0.0 0.0
10.491414070129395 3.974583148956299 4.090089321136475 4.2193074226379395 4.234236717224121 4.063190460205078 3.9072065353393555 3.8767383098602295 3.992014169692993 4.160049915313721 4.328579425811768 4.326687812805176 4.121437072753906 4.113828659057617 4.259816646575928 4.459561824798584 4.638992786407471 4.800955772399902 4.875935077667236 4.988976001739502 5.033037185668945 5.2494354248046875 5.46075963973999 5.711541652679443 5.899927616119385 6.158748149871826 6.606748104095459 6.940733909606934 7.267220497131348 7.542308807373047 6.534793853759766 0.0
10.492568969726562 4.043554782867432 3.961158275604248 4.024492263793945 4.151232719421387 4.252302169799805 4.087856769561768 3.921597480773926 3.8814902305603027 3.9750359058380127 4.208366870880127 4.31942892074585 4.229188442230225 4.142317771911621 4.16213321685791 4.2387213706970215 4.473226547241211 4.5971527099609375 4.798408508300781 4.920633316040039 4.897083759307861 5.011775493621826 5.203249931335449 5.492067813873291 5.692845821380615 5.870660305023193 6.173607349395752 6.506782054901123 6.9629998207092285 7.29334020614624 7.511888027191162 6.53283166885376
