10.71379566192627 0.0 0.0 0.0 0.0 0.0 0.0 0.0 0.0 0.0 0.0 0.0 0.0 0.0 0.0 0.0 0.0 0.0 0.0 0.0 0.0 0.0 0.0 0.0 0.0 0.0 0.0 0.0 0.0 0.0 0.0 0.0
10.688754081726074 7.008182525634766 0.0 0.0 0.0 0.0 0.0 0.0 0.0 0.0 0.0 0.0 0.0 0.0 0.0 0.0 0.0 0.0 0.0 0.0 0.0 0.0 0.0 0.0 0.0 0.0 0.0 0.0 0.0 0.0 0.0 0.0
10.54570198059082 8.702829360961914 6.8375773429870605 0.0 0.0 0.0 0.0 0.0 0.0 0.0 0.0 0.0 0.0 0.0 0.0 0.0 0.0 0.0 0.0 0.0 0.0 0.0 0.0 0.0 0.0 0.0 0.0 0.0 0.0 0.0 0.0 0.0
10.502105712890625 7.493885040283203 8.690242767333984 6.7241106033325195 0.0 0.0 0.0 0.0 0.0 0.0 0.0 0.0 0.0 0.0 0.0 0.0 0.0 0.0 0.0 0.0 0.0 0.0 0.0 0.0 0.0 0.0 0.0 0.0 0.0 0.0 0.0 0.0
10.520248413085938 5.417827606201172 7.550920486450195 8.501618385314941 6.753665924072266 0.0 0.0 0.0 0.0 0.0 0.0 0.0 0.0 0.0 0.0 0.0 0.0 0.0 0.0 0.0 0.0 0.0 0.0 0.0 0.0 0.0 0.0 0.0 0.0 0.0 0.0 0.0
10.535953521728516 2.8778247833251953 5.301094055175781 7.382878303527832 8.439165115356445 6.768423557281494 0.0 0.0 0.0 0.0 0.0 0.0 0.0 0.0 0.0 0.0 0.0 0.0 0.0 0.0 0.0 0.0 0.0 0.0 0.0 0.0 0.0 0.0 0.0 0.0 0.0 0.0
10.546464920043945 1.2772297859191895 3.1320712566375732 4.924109935760498 7.265303611755371 8.410415649414062 6.728798866271973 0.0 0.0 0.0 0.0 0.0 0.0 0.0 0.0 0.0 0.0 0.0 0.0 0.0 0.0 0.0 0.0 0.0 0.0 0.0 0.0 0.0 0.0 0.0 0.0 0.0
10.54711627960205 1.6555311679840088 1.5902318954467773 2.519414186477661 4.811135768890381 7.239294052124023 8.418295860290527 6.722805023193359 0.0 0.0 0.0 0.0 0.0 0.0 0.0 0.0 0.0 0.0 0.0 0.0 0.0 0.0 0.0 0.0 0.0 0.0 0.0 0.0 0.0 0.0 0.0 0.0
10.547459602355957 3.338336229324341 1.988933801651001 1.2508130073547363 2.444408655166626 5.056451320648193 7.17891788482666 8.417932510375977 6.73261022567749 0.0 0.0 0.0 0.0 0.0 0.0 0.0 0.0 0.0 0.0 0.0 0.0 0.0 0.0 0.0 0.0 0.0 0.0 0.0 0.0 0.0 0.0 0.0
10.55409049987793 3.432065486907959 3.5971195697784424 1.674364447593689 1.1768872737884521 2.352071523666382 4.6516194343566895 7.133750915527344 8.3836030960083 6.700932502746582 0.0 0.0 0.0 0.0 0.0 0.0 0.0 0.0 0.0 0.0 0.0 0.0 0.0 0.0 0.0 0.0 0.0 0.0 0.0 0.0 0.0 0.0
10.547239303588867 1.0228607654571533 3.5837085247039795 3.2930612564086914 1.5629479885101318 0.9773374795913696 2.1643588542938232 4.570189476013184 7.095554828643799 8.450087547302246 6.726975440979004 0.0 0.0 0.0 0.0 0.0 0.0 0.0 0.0 0.0 0.0 0.0 0.0 0.0 0.0 0.0 0.0 0.0 0.0 0.0 0.0 0.0
10.55551528930664 0.08461234718561172 1.276703119277954 3.216979503631592 3.1886141300201416 1.5368784666061401 1.11417818069458 2.219717264175415 4.604553699493408 7.098761081695557 8.388628005981445 6.686342239379883 0.0 0.0 0.0 0.0 0.0 0.0 0.0 0.0 0.0 0.0 0.0 0.0 0.0 0.0 0.0 0.0 0.0 0.0 0.0 0.0
10.56086540222168 0.05242729187011719 0.15093089640140533 0.9357208013534546 3.0952913761138916 3.134298086166382 1.592071533203125 1.082256555557251 2.261505603790283 4.631134986877441 7.047027111053467 8.353333473205566 6.697850704193115 0.0 0.0 0.0 0.0 0.0 0.0 0.0 0.0 0.0 0.0 0.0 0.0 0.0 0.0 0.0 0.0 0.0 0.0 0.0
10.558618545532227 0.29441797733306885 0.10320677608251572 0.10483091324567795 0.884095311164856 3.0799355506896973 3.18670916557312 1.5429799556732178 1.0593807697296143 2.156599998474121 4.521290302276611 7.0649614334106445 8.369577407836914 6.706235885620117 0.0 0.0 0.0 0.0 0.0 0.0 0.0 0.0 0.0 0.0 0.0 0.0 0.0 0.0 0.0 0.0 0.0 0.0
10.557254791259766 1.6542143821716309 0.4591825306415558 0.07431453466415405 0.09383687376976013 0.8199858069419861 3.04217529296875 3.0741965770721436 1.4185835123062134 0.9539176821708679 2.059587240219116 4.443196773529053 7.00971794128418 8.396627426147461 6.711068630218506 0.0 0.0 0.0 0.0 0.0 0.0 0.0 0.0 0.0 0.0 0.0 0.0 0.0 0.0 0.0 0.0 0.0
10.561631202697754 2.361365556716919 2.0820891857147217 0.4226306974887848 0.07058343291282654 0.09097152948379517 0.9306980967521667 3.0171148777008057 3.1145942211151123 1.435124397277832 0.9115549921989441 2.247908592224121 4.525059700012207 7.046616554260254 8.34929370880127 6.676329135894775 0.0 0.0 0.0 0.0 0.0 0.0 0.0 0.0 0.0 0.0 0.0 0.0 0.0 0.0 0.0 0.0
10.56428337097168 1.1823662519454956 2.727839946746826 1.8841336965560913 0.376915842294693 0.06678169965744019 0.09193363785743713 0.7686463594436646 2.943075656890869 3.0163676738739014 1.40506112575531 0.9134973883628845 2.026560068130493 4.595646381378174 7.084835529327393 8.310266494750977 6.685907363891602 0.0 0.0 0.0 0.0 0.0 0.0 0.0 0.0 0.0 0.0 0.0 0.0 0.0 0.0 0.0
10.561013221740723 0.22814173996448517 1.5253381729125977 2.523233652114868 1.8241040706634521 0.3576345145702362 0.0733208954334259 0.08253920823335648 0.7337054014205933 2.9177348613739014 3.0678491592407227 1.3993983268737793 0.8668432831764221 1.9742854833602905 4.383427619934082 7.0496907234191895 8.35465145111084 6.6903276443481445 0.0 0.0 0.0 0.0 0.0 0.0 0.0 0.0 0.0 0.0 0.0 0.0 0.0 0.0
10.561861038208008 0.15895666182041168 0.43158861994743347 1.2240527868270874 2.3849895000457764 1.839669108390808 0.3899012506008148 0.06722202897071838 0.07960385084152222 0.7190064191818237 2.8916070461273193 2.9845848083496094 1.3966890573501587 0.9565521478652954 2.1791832447052 4.468514442443848 6.990375518798828 8.361470222473145 6.689973831176758 0.0 0.0 0.0 0.0 0.0 0.0 0.0 0.0 0.0 0.0 0.0 0.0 0.0
10.568852424621582 0.5853906869888306 0.27442097663879395 0.2593843638896942 1.0747135877609253 2.3268611431121826 1.760113000869751 0.347385048866272 0.058566343039274216 0.07274064421653748 0.7042683959007263 2.876861810684204 2.9423978328704834 1.3727585077285767 0.9322882890701294 2.210134267807007 4.5063629150390625 7.010092735290527 8.290571212768555 6.688252925872803 0.0 0.0 0.0 0.0 0.0 0.0 0.0 0.0 0.0 0.0 0.0 0.0
10.567235946655273 2.0560905933380127 0.7453901171684265 0.16635249555110931 0.2104800045490265 1.0342352390289307 2.286586284637451 1.7613589763641357 0.32363998889923096 0.056527309119701385 0.07062195986509323 0.6775141954421997 2.8352887630462646 2.996164083480835 1.33683180809021 0.8656424283981323 1.94882333278656 4.347427845001221 7.034490585327148 8.29837703704834 6.703526020050049 0.0 0.0 0.0 0.0 0.0 0.0 0.0 0.0 0.0 0.0 0.0
10.564054489135742 2.1375999450683594 2.0551178455352783 0.5035756230354309 0.14132148027420044 0.19632284343242645 0.9886224269866943 2.2598109245300293 1.6970101594924927 0.3151102066040039 0.055658865720033646 0.0708220899105072 0.6590331196784973 2.889704704284668 2.9384891986846924 1.3250945806503296 0.8769211769104004 2.2052268981933594 4.4825239181518555 6.988868713378906 8.3408203125 6.678683280944824 0.0 0.0 0.0 0.0 0.0 0.0 0.0 0.0 0.0 0.0
10.567915916442871 0.4914731979370117 2.1276495456695557 1.764808177947998 0.45366036891937256 0.12331382930278778 0.18094299733638763 0.961097776889801 2.222992181777954 1.6667149066925049 0.32624298334121704 0.055985644459724426 0.06863485276699066 0.6519880890846252 2.774714469909668 2.890916585922241 1.3349822759628296 0.8714669942855835 2.038029432296753 4.275903701782227 6.961935043334961 8.320335388183594 6.661871433258057 0.0 0.0 0.0 0.0 0.0 0.0 0.0 0.0 0.0
10.568704605102539 0.04340590909123421 0.5896592140197754 1.9444935321807861 1.719281792640686 0.42705145478248596 0.12288133800029755 0.1814713329076767 0.9467313289642334 2.191307783126831 1.663580060005188 0.3060223460197449 0.054448459297418594 0.06871304661035538 0.6291879415512085 2.7584216594696045 2.889660596847534 1.3163540363311768 0.8235160112380981 1.8102872371673584 4.403422832489014 7.002840042114258 8.300349235534668 6.662962436676025 0.0 0.0 0.0 0.0 0.0 0.0 0.0 0.0
10.568864822387695 0.019118694588541985 0.07134641706943512 0.45401883125305176 1.8677481412887573 1.6990132331848145 0.4497854709625244 0.11493176966905594 0.16576598584651947 0.8995840549468994 2.2069919109344482 1.6471000909805298 0.30602091550827026 0.05417051538825035 0.06738056987524033 0.6197107434272766 2.7454607486724854 2.8510048389434814 1.3251618146896362 0.9265941977500916 1.8516331911087036 4.451152324676514 6.998772621154785 8.29930305480957 6.662299633026123 0.0 0.0 0.0 0.0 0.0 0.0 0.0
10.56753921508789 0.09099705517292023 0.04238343983888626 0.04780140519142151 0.41608333587646484 1.85360848903656 1.7295516729354858 0.41925713419914246 0.1103738471865654 0.16306659579277039 0.9016767740249634 2.170156478881836 1.6399050951004028 0.3159652352333069 0.057874906808137894 0.06513447314500809 0.6229434609413147 2.7136497497558594 2.8946382999420166 1.311218500137329 0.7598729133605957 1.9067715406417847 4.375044822692871 7.018505573272705 8.309051513671875 6.655586242675781 0.0 0.0 0.0 0.0 0.0 0.0
10.56336498260498 1.1460834741592407 0.20943553745746613 0.029101675376296043 0.041895829141139984 0.393306702375412 1.8351918458938599 1.6388709545135498 0.39723727107048035 0.10889098048210144 0.16241222620010376 0.8963664174079895 2.1415226459503174 1.634295105934143 0.2988964021205902 0.05387119948863983 0.06909973919391632 0.606015145778656 2.7025983333587646 2.8395450115203857 1.3173705339431763 0.8268061876296997 2.12589955329895 4.395805358886719 6.995632648468018 8.35024642944336 6.670776844024658 0.0 0.0 0.0 0.0 0.0
10.568259239196777 2.567004442214966 1.6527661085128784 0.14217671751976013 0.02309313789010048 0.041114725172519684 0.38560447096824646 1.8050566911697388 1.6264303922653198 0.38397154211997986 0.108307383954525 0.1642802357673645 0.8572388291358948 2.2331807613372803 1.6486204862594604 0.3010764718055725 0.05538296326994896 0.06606099754571915 0.6242413520812988 2.70936918258667 2.902285575866699 1.33378005027771 0.9020794034004211 2.077039957046509 4.518949508666992 6.974801540374756 8.304147720336914 6.66630220413208 0.0 0.0 0.0 0.0
10.5701904296875 1.2888456583023071 2.801875114440918 1.3257066011428833 0.11887676268815994 0.021377604454755783 0.039953868836164474 0.3780229687690735 1.7320053577423096 1.586635947227478 0.3779446482658386 0.10199828445911407 0.15642684698104858 0.8904279470443726 2.111659049987793 1.5918850898742676 0.29584309458732605 0.051943425089120865 0.06473507732152939 0.5846668481826782 2.7013933658599854 2.832415819168091 1.2990316152572632 0.9254663586616516 2.144702434539795 4.358625888824463 6.983150959014893 8.289641380310059 6.647005081176758 0.0 0.0 0.0
10.570926666259766 0.08852074295282364 1.473169207572937 2.4815053939819336 1.25665283203125 0.11421342939138412 0.022318238392472267 0.0388493575155735 0.37398749589920044 1.7137277126312256 1.5706790685653687 0.378773957490921 0.10351157933473587 0.17644676566123962 0.8949277400970459 2.0951292514801025 1.6038668155670166 0.29453203082084656 0.05660383775830269 0.08607923239469528 0.6277031898498535 2.67964243888855 2.8315579891204834 1.336316466331482 0.8705049157142639 1.9963111877441406 4.436040878295898 7.00784969329834 8.271493911743164 6.66641902923584 0.0 0.0
10.573604583740234 0.011633014306426048 0.12995469570159912 1.09443998336792 2.346426248550415 1.1277918815612793 0.10414710640907288 0.019999541342258453 0.034831512719392776 0.3382742404937744 1.6670867204666138 1.527456521987915 0.35681843757629395 0.10358692705631256 0.15735287964344025 0.8293285965919495 2.0703930854797363 1.573936939239502 0.29540756344795227 0.057996656745672226 0.063462033867836 0.5814353823661804 2.668275833129883 2.8328373432159424 1.3772200345993042 0.8410351872444153 1.9108754396438599 4.441259384155273 6.942254066467285 8.2652006149292 6.660565376281738 0.0
10.574074745178223 0.026670273393392563 0.02285752445459366 0.07261491566896439 1.0066697597503662 2.301210880279541 1.130025863647461 0.10497929155826569 0.019005168229341507 0.03332891687750816 0.3315674364566803 1.6447330713272095 1.5138013362884521 0.370621919631958 0.1010260209441185 0.14736206829547882 0.8091666102409363 2.0548179149627686 1.5563023090362549 0.3008321523666382 0.054496072232723236 0.06799814850091934 0.5602396726608276 2.645730972290039 2.803851842880249 1.361029028892517 0.8426682949066162 1.9451135396957397 4.396350383758545 6.943598747253418 8.261894226074219 6.658961772918701
