10.71379566192627 0.0 0.0 0.0 0.0 0.0 0.0 0.0 0.0 0.0 0.0 0.0 0.0 0.0 0.0 0.0 0.0 0.0 0.0 0.0 0.0 0.0 0.0 0.0 0.0 0.0 0.0 0.0 0.0 0.0 0.0 0.0
10.705892562866211 5.849596977233887 0.0 0.0 0.0 0.0 0.0 0.0 0.0 0.0 0.0 0.0 0.0 0.0 0.0 0.0 0.0 0.0 0.0 0.0 0.0 0.0 0.0 0.0 0.0 0.0 0.0 0.0 0.0 0.0 0.0 0.0
10.690185546875 6.197731971740723 6.3128886222839355 0.0 0.0 0.0 0.0 0.0 0.0 0.0 0.0 0.0 0.0 0.0 0.0 0.0 0.0 0.0 0.0 0.0 0.0 0.0 0.0 0.0 0.0 0.0 0.0 0.0 0.0 0.0 0.0 0.0
10.67676067352295 5.853912830352783 6.647124290466309 6.233901500701904 0.0 0.0 0.0 0.0 0.0 0.0 0.0 0.0 0.0 0.0 0.0 0.0 0.0 0.0 0.0 0.0 0.0 0.0 0.0 0.0 0.0 0.0 0.0 0.0 0.0 0.0 0.0 0.0
10.668309211730957 5.554279327392578 6.165344715118408 6.518413066864014 6.366874694824219 0.0 0.0 0.0 0.0 0.0 0.0 0.0 0.0 0.0 0.0 0.0 0.0 0.0 0.0 0.0 0.0 0.0 0.0 0.0 0.0 0.0 0.0 0.0 0.0 0.0 0.0 0.0
10.661290168762207 5.335569858551025 5.706794738769531 6.0435566902160645 6.642760276794434 6.392090797424316 0.0 0.0 0.0 0.0 0.0 0.0 0.0 0.0 0.0 0.0 0.0 0.0 0.0 0.0 0.0 0.0 0.0 0.0 0.0 0.0 0.0 0.0 0.0 0.0 0.0 0.0
10.65891170501709 5.087927341461182 5.415404796600342 5.670769691467285 6.068950653076172 6.606938362121582 6.302438735961914 0.0 0.0 0.0 0.0 0.0 0.0 0.0 0.0 0.0 0.0 0.0 0.0 0.0 0.0 0.0 0.0 0.0 0.0 0.0 0.0 0.0 0.0 0.0 0.0 0.0
10.656493186950684 5.00923490524292 5.249115943908691 5.353702068328857 5.625999450683594 6.025327205657959 6.586738109588623 6.273575782775879 0.0 0.0 0.0 0.0 0.0 0.0 0.0 0.0 0.0 0.0 0.0 0.0 0.0 0.0 0.0 0.0 0.0 0.0 0.0 0.0 0.0 0.0 0.0 0.0
10.653661727905273 5.003961563110352 5.139747619628906 5.106919765472412 5.343049049377441 5.64327335357666 5.970590114593506 6.561614990234375 6.297643184661865 0.0 0.0 0.0 0.0 0.0 0.0 0.0 0.0 0.0 0.0 0.0 0.0 0.0 0.0 0.0 0.0 0.0 0.0 0.0 0.0 0.0 0.0 0.0
10.644560813903809 4.923373222351074 5.091202735900879 5.038924694061279 5.201839447021484 5.379289150238037 5.660882949829102 5.9883131980896 6.808162689208984 6.324789524078369 0.0 0.0 0.0 0.0 0.0 0.0 0.0 0.0 0.0 0.0 0.0 0.0 0.0 0.0 0.0 0.0 0.0 0.0 0.0 0.0 0.0 0.0
10.6500825881958 4.754518032073975 5.05374002456665 4.931379318237305 5.008894920349121 5.112998008728027 5.274364948272705 5.524319648742676 5.9270219802856445 6.556577205657959 6.249476432800293 0.0 0.0 0.0 0.0 0.0 0.0 0.0 0.0 0.0 0.0 0.0 0.0 0.0 0.0 0.0 0.0 0.0 0.0 0.0 0.0 0.0
10.647839546203613 4.625715732574463 4.886697769165039 4.826902866363525 4.89319372177124 5.023776054382324 5.002027988433838 5.1907806396484375 5.659265041351318 5.943690299987793 6.549381732940674 6.26222562789917 0.0 0.0 0.0 0.0 0.0 0.0 0.0 0.0 0.0 0.0 0.0 0.0 0.0 0.0 0.0 0.0 0.0 0.0 0.0 0.0
10.647147178649902 4.5643463134765625 4.74612283706665 4.679003715515137 4.8198652267456055 4.912295818328857 4.907149314880371 5.050904750823975 5.370290279388428 5.518505096435547 5.892172813415527 6.546085357666016 6.215855598449707 0.0 0.0 0.0 0.0 0.0 0.0 0.0 0.0 0.0 0.0 0.0 0.0 0.0 0.0 0.0 0.0 0.0 0.0 0.0
10.647730827331543 4.624209880828857 4.673676013946533 4.576320171356201 4.652977466583252 4.794938564300537 4.844397068023682 4.926191806793213 4.983813762664795 5.191003799438477 5.491391181945801 5.89524507522583 6.468471527099609 6.207129001617432 0.0 0.0 0.0 0.0 0.0 0.0 0.0 0.0 0.0 0.0 0.0 0.0 0.0 0.0 0.0 0.0 0.0 0.0
10.646507263183594 4.437576770782471 4.6450347900390625 4.437713623046875 4.543206691741943 4.656573295593262 4.758068084716797 4.867301940917969 4.899999141693115 4.979948997497559 5.214376449584961 5.5386528968811035 5.8499674797058105 6.469348907470703 6.196918487548828 0.0 0.0 0.0 0.0 0.0 0.0 0.0 0.0 0.0 0.0 0.0 0.0 0.0 0.0 0.0 0.0 0.0
10.642071723937988 4.367884635925293 4.632360458374023 4.456639766693115 4.436363220214844 4.540853500366211 4.590290069580078 4.765811920166016 4.775211334228516 4.905784606933594 4.949786186218262 5.653047561645508 5.4890289306640625 5.9343390464782715 6.490531921386719 6.186534881591797 0.0 0.0 0.0 0.0 0.0 0.0 0.0 0.0 0.0 0.0 0.0 0.0 0.0 0.0 0.0 0.0
10.641103744506836 4.288053512573242 4.612964153289795 4.418096542358398 4.421789646148682 4.394399642944336 4.436373233795166 4.564027786254883 4.699779987335205 4.8139567375183105 4.825685501098633 5.3018388748168945 5.198163032531738 5.601215362548828 5.893932342529297 6.524683952331543 6.197094440460205 0.0 0.0 0.0 0.0 0.0 0.0 0.0 0.0 0.0 0.0 0.0 0.0 0.0 0.0 0.0
10.643895149230957 4.114459037780762 4.466866493225098 4.308224678039551 4.363949298858643 4.357311248779297 4.341798782348633 4.483170509338379 4.639615058898926 4.653933525085449 4.762489318847656 4.881002426147461 4.944293975830078 5.120857238769531 5.492362022399902 5.841642379760742 6.481973648071289 6.174350738525391 0.0 0.0 0.0 0.0 0.0 0.0 0.0 0.0 0.0 0.0 0.0 0.0 0.0 0.0
10.642948150634766 4.059471607208252 4.369630813598633 4.2303619384765625 4.316827297210693 4.330564498901367 4.26840353012085 4.360405921936035 4.387150287628174 4.509431838989258 4.629628658294678 4.75990104675293 4.777685165405273 4.910646915435791 5.181020736694336 5.45063591003418 5.856279373168945 6.535884380340576 6.15115213394165 0.0 0.0 0.0 0.0 0.0 0.0 0.0 0.0 0.0 0.0 0.0 0.0 0.0
10.640871047973633 4.109806060791016 4.290227890014648 4.084124565124512 4.1635212898254395 4.297220230102539 4.283663272857666 4.279308795928955 4.318894386291504 4.352365493774414 4.514122009277344 4.607156276702881 4.633805274963379 4.766920566558838 4.975895404815674 5.160395622253418 5.914006233215332 5.800579071044922 6.431552410125732 6.164586544036865 0.0 0.0 0.0 0.0 0.0 0.0 0.0 0.0 0.0 0.0 0.0 0.0
10.642666816711426 4.157382965087891 4.2517313957214355 4.024739742279053 4.020251274108887 4.127189636230469 4.202090740203857 4.283882141113281 4.2359466552734375 4.343400955200195 4.493117332458496 4.4876813888549805 4.565591812133789 4.657296657562256 4.774856090545654 4.897085189819336 5.167938232421875 5.455385684967041 5.824296951293945 6.44701623916626 6.168882369995117 0.0 0.0 0.0 0.0 0.0 0.0 0.0 0.0 0.0 0.0 0.0
10.642047882080078 4.25277853012085 4.288692474365234 4.015779972076416 3.963174343109131 4.031651020050049 4.09082555770874 4.187027454376221 4.2820820808410645 4.2703938484191895 4.3960418701171875 4.366823673248291 4.44843053817749 4.611113548278809 4.689774513244629 4.724158763885498 4.937292575836182 5.055725574493408 5.41021203994751 5.78602933883667 6.472464084625244 6.153928756713867 0.0 0.0 0.0 0.0 0.0 0.0 0.0 0.0 0.0 0.0
10.639246940612793 4.114998817443848 4.333216667175293 4.037282943725586 3.9697258472442627 3.9325473308563232 3.9272801876068115 4.027133941650391 4.135117530822754 4.195302486419678 4.249919414520264 4.238526344299316 4.354264736175537 4.40911865234375 4.6243577003479 4.630920886993408 4.82656717300415 4.881871700286865 5.087924003601074 5.51785945892334 5.922384738922119 6.49648380279541 6.180624008178711 0.0 0.0 0.0 0.0 0.0 0.0 0.0 0.0 0.0
10.640270233154297 4.099069118499756 4.322266101837158 4.037306785583496 4.00075626373291 3.965977191925049 3.862185001373291 3.9023189544677734 4.050246238708496 4.153165817260742 4.200997352600098 4.270023345947266 4.196104049682617 4.333445072174072 4.402698993682861 4.5537309646606445 4.679630279541016 4.759613037109375 4.850619792938232 5.1027960777282715 5.456128120422363 5.820451736450195 6.493159770965576 6.126633167266846 0.0 0.0 0.0 0.0 0.0 0.0 0.0 0.0
10.639181137084961 4.084283351898193 4.284582138061523 3.997791051864624 4.037653923034668 3.9702441692352295 3.9252049922943115 3.8160972595214844 3.956969976425171 4.040755271911621 4.099002361297607 4.1562628746032715 4.17780876159668 4.179694652557373 4.275202751159668 4.441133499145508 4.565515041351318 4.614089012145996 4.694319248199463 4.92437744140625 5.235642433166504 5.44252872467041 5.82651424407959 6.48507022857666 6.125498294830322 0.0 0.0 0.0 0.0 0.0 0.0 0.0
10.642461776733398 4.102242469787598 4.280925750732422 3.9560978412628174 3.9260599613189697 3.9623663425445557 3.8906731605529785 3.7932302951812744 3.8429441452026367 3.873753309249878 3.9132425785064697 4.014612197875977 4.043686866760254 4.154168605804443 4.158181667327881 4.191150188446045 4.433284282684326 4.505980014801025 4.568537712097168 4.756129264831543 4.8389434814453125 5.04154634475708 5.377160549163818 5.800773620605469 6.387760639190674 6.1001667976379395 0.0 0.0 0.0 0.0 0.0 0.0
10.636821746826172 4.204619407653809 4.332561492919922 3.9476797580718994 3.906642198562622 3.911607503890991 3.92218017578125 3.8370118141174316 3.824071168899536 3.855203628540039 3.8435709476470947 3.9241561889648438 4.006590843200684 4.12982177734375 4.163201332092285 4.185357570648193 4.337136745452881 4.310183048248291 4.528744697570801 4.6189470291137695 4.733033180236816 4.88136100769043 5.178368091583252 5.405683994293213 5.7526326179504395 6.5433549880981445 6.20399284362793 0.0 0.0 0.0 0.0 0.0
10.638154029846191 4.078461170196533 4.303491592407227 3.964115858078003 3.826618194580078 3.816160202026367 3.8241209983825684 3.8517348766326904 3.8001742362976074 3.8294968605041504 3.7132022380828857 3.9209330081939697 3.9332363605499268 3.999915599822998 4.11508321762085 4.10731315612793 4.147572994232178 4.222452163696289 4.347976207733154 4.437557220458984 4.65278434753418 4.706048965454102 4.839126110076904 5.0489630699157715 5.4254961013793945 5.842287540435791 6.513706684112549 6.112309455871582 0.0 0.0 0.0 0.0
10.638971328735352 3.95552134513855 4.277691841125488 4.011579513549805 3.875429630279541 3.8052902221679688 3.759436845779419 3.802955389022827 3.8779516220092773 3.7976691722869873 3.7672243118286133 3.7434661388397217 3.769798517227173 3.936659097671509 4.02757453918457 4.0817999839782715 4.121979713439941 4.0817108154296875 4.158604621887207 4.351296901702881 4.42751932144165 4.592940807342529 4.684852600097656 4.86115026473999 5.061563491821289 5.35101318359375 5.864396095275879 6.449765682220459 6.108736515045166 0.0 0.0 0.0
10.639162063598633 3.8064162731170654 4.147735118865967 3.9901540279388428 3.9049417972564697 3.842643976211548 3.7666690349578857 3.768298387527466 3.7320120334625244 3.782953977584839 3.7863450050354004 3.7324516773223877 3.7186100482940674 3.7885727882385254 3.9334709644317627 4.036014556884766 4.0713958740234375 4.084965705871582 4.137452602386475 4.208024978637695 4.390707969665527 4.460326194763184 4.60359525680542 4.757534980773926 4.846489429473877 5.091617584228516 5.423903942108154 5.7439284324646 6.4072980880737305 6.109483242034912 0.0 0.0
10.638431549072266 3.7005815505981445 4.115341663360596 3.9097397327423096 3.853001594543457 3.846879005432129 3.748683452606201 3.695068836212158 3.6636500358581543 3.6954712867736816 3.711242914199829 3.760307550430298 3.6802985668182373 3.7166988849639893 3.7695209980010986 3.8833658695220947 3.9358527660369873 4.009286880493164 4.023172378540039 4.097662448883057 4.274653911590576 4.370804786682129 4.4394426345825195 4.625345706939697 4.602685928344727 4.869481086730957 5.034676551818848 5.347812175750732 5.720804691314697 6.4998860359191895 6.1507062911987305 0.0
10.637420654296875 3.784616470336914 3.9978010654449463 3.782402753829956 3.7861461639404297 3.884011745452881 3.818349838256836 3.7446062564849854 3.6601240634918213 3.662489891052246 3.705595016479492 3.830892324447632 3.7248964309692383 3.751387357711792 3.7355966567993164 3.7451882362365723 3.8832929134368896 3.93762469291687 4.029085636138916 4.031208038330078 4.120228290557861 4.158006191253662 4.287561416625977 4.4149088859558105 4.518800258636475 4.593165874481201 4.826096534729004 5.080422878265381 5.427976131439209 5.867580413818359 6.451707363128662 6.129276275634766
