10.71379566192627 0.0 0.0 0.0 0.0 0.0 0.0 0.0 0.0 0.0 0.0 0.0 0.0 0.0 0.0 0.0 0.0 0.0 0.0 0.0 0.0 0.0 0.0 0.0 0.0 0.0 0.0 0.0 0.0 0.0 0.0 0.0
10.693787574768066 6.785020351409912 0.0 0.0 0.0 0.0 0.0 0.0 0.0 0.0 0.0 0.0 0.0 0.0 0.0 0.0 0.0 0.0 0.0 0.0 0.0 0.0 0.0 0.0 0.0 0.0 0.0 0.0 0.0 0.0 0.0 0.0
10.613144874572754 8.030784606933594 7.111748695373535 0.0 0.0 0.0 0.0 0.0 0.0 0.0 0.0 0.0 0.0 0.0 0.0 0.0 0.0 0.0 0.0 0.0 0.0 0.0 0.0 0.0 0.0 0.0 0.0 0.0 0.0 0.0 0.0 0.0
10.555435180664062 7.734844207763672 8.006407737731934 7.165227890014648 0.0 0.0 0.0 0.0 0.0 0.0 0.0 0.0 0.0 0.0 0.0 0.0 0.0 0.0 0.0 0.0 0.0 0.0 0.0 0.0 0.0 0.0 0.0 0.0 0.0 0.0 0.0 0.0
10.510919570922852 7.330991268157959 7.731806755065918 8.005680084228516 7.277574062347412 0.0 0.0 0.0 0.0 0.0 0.0 0.0 0.0 0.0 0.0 0.0 0.0 0.0 0.0 0.0 0.0 0.0 0.0 0.0 0.0 0.0 0.0 0.0 0.0 0.0 0.0 0.0
10.467957496643066 6.924428462982178 7.41511869430542 7.771444797515869 8.10422420501709 7.270742893218994 0.0 0.0 0.0 0.0 0.0 0.0 0.0 0.0 0.0 0.0 0.0 0.0 0.0 0.0 0.0 0.0 0.0 0.0 0.0 0.0 0.0 0.0 0.0 0.0 0.0 0.0
10.425701141357422 6.642514705657959 7.064121723175049 7.491527557373047 7.865424633026123 8.150604248046875 7.279688835144043 0.0 0.0 0.0 0.0 0.0 0.0 0.0 0.0 0.0 0.0 0.0 0.0 0.0 0.0 0.0 0.0 0.0 0.0 0.0 0.0 0.0 0.0 0.0 0.0 0.0
10.389362335205078 6.420435905456543 6.892669200897217 7.262142181396484 7.568769454956055 7.876492500305176 8.138252258300781 7.269010543823242 0.0 0.0 0.0 0.0 0.0 0.0 0.0 0.0 0.0 0.0 0.0 0.0 0.0 0.0 0.0 0.0 0.0 0.0 0.0 0.0 0.0 0.0 0.0 0.0
10.37289810180664 6.242629051208496 6.742526054382324 6.932465553283691 7.229445457458496 7.5182108879089355 7.844058990478516 8.125731468200684 7.276983737945557 0.0 0.0 0.0 0.0 0.0 0.0 0.0 0.0 0.0 0.0 0.0 0.0 0.0 0.0 0.0 0.0 0.0 0.0 0.0 0.0 0.0 0.0 0.0
10.34150505065918 6.026958465576172 6.566644668579102 6.910823345184326 7.022067546844482 7.200693130493164 7.527622222900391 7.827281475067139 8.159591674804688 7.326392650604248 0.0 0.0 0.0 0.0 0.0 0.0 0.0 0.0 0.0 0.0 0.0 0.0 0.0 0.0 0.0 0.0 0.0 0.0 0.0 0.0 0.0 0.0
10.330184936523438 5.763586044311523 6.408945083618164 6.688511371612549 6.739062309265137 6.934759616851807 7.182887077331543 7.5051374435424805 7.8791704177856445 8.150640487670898 7.299878120422363 0.0 0.0 0.0 0.0 0.0 0.0 0.0 0.0 0.0 0.0 0.0 0.0 0.0 0.0 0.0 0.0 0.0 0.0 0.0 0.0 0.0
10.311911582946777 5.533346176147461 6.210544586181641 6.572286605834961 6.6228413581848145 6.740042209625244 6.8857741355896 7.181384086608887 7.554415225982666 7.81953239440918 8.18612289428711 7.3342084884643555 0.0 0.0 0.0 0.0 0.0 0.0 0.0 0.0 0.0 0.0 0.0 0.0 0.0 0.0 0.0 0.0 0.0 0.0 0.0 0.0
10.295743942260742 5.421193599700928 6.060535430908203 6.390540599822998 6.446367263793945 6.575290679931641 6.713282108306885 6.914318561553955 7.233720779418945 7.494991302490234 7.865715980529785 8.194220542907715 7.3268914222717285 0.0 0.0 0.0 0.0 0.0 0.0 0.0 0.0 0.0 0.0 0.0 0.0 0.0 0.0 0.0 0.0 0.0 0.0 0.0
10.292519569396973 5.344512462615967 5.905918598175049 6.1877121925354 6.302820682525635 6.430737495422363 6.5388712882995605 6.718961238861084 6.964369773864746 7.166005611419678 7.534685134887695 7.827523708343506 8.154472351074219 7.3087615966796875 0.0 0.0 0.0 0.0 0.0 0.0 0.0 0.0 0.0 0.0 0.0 0.0 0.0 0.0 0.0 0.0 0.0 0.0
10.291075706481934 5.30916690826416 5.8663763999938965 6.024920463562012 6.121994972229004 6.214948654174805 6.3833489418029785 6.536905288696289 6.763825416564941 6.876914024353027 7.170816421508789 7.504830360412598 7.815661430358887 8.127412796020508 7.294805526733398 0.0 0.0 0.0 0.0 0.0 0.0 0.0 0.0 0.0 0.0 0.0 0.0 0.0 0.0 0.0 0.0 0.0
10.273585319519043 5.382726192474365 5.833443641662598 5.954996109008789 6.301997661590576 6.145344257354736 6.233072280883789 6.372237682342529 6.529282093048096 6.742654800415039 6.9097981452941895 7.169620513916016 7.477722644805908 7.830628395080566 8.117856979370117 7.302581310272217 0.0 0.0 0.0 0.0 0.0 0.0 0.0 0.0 0.0 0.0 0.0 0.0 0.0 0.0 0.0 0.0
10.282495498657227 5.142828464508057 5.702733993530273 5.8686676025390625 5.919826507568359 5.982113361358643 6.111339092254639 6.2481465339660645 6.4744977951049805 6.543615818023682 6.745765209197998 6.875241279602051 7.126729488372803 7.449465274810791 7.765217304229736 8.09307861328125 7.268013954162598 0.0 0.0 0.0 0.0 0.0 0.0 0.0 0.0 0.0 0.0 0.0 0.0 0.0 0.0 0.0
10.274532318115234 5.197399139404297 5.668163776397705 5.770737648010254 5.952555179595947 5.882012844085693 5.956963062286377 6.13847017288208 6.285383224487305 6.4111480712890625 6.512716293334961 6.644961833953857 6.8293375968933105 7.155112266540527 7.431346893310547 7.754422187805176 8.117610931396484 7.2660112380981445 0.0 0.0 0.0 0.0 0.0 0.0 0.0 0.0 0.0 0.0 0.0 0.0 0.0 0.0
10.269790649414062 5.128662586212158 5.548161506652832 5.704859256744385 5.935725688934326 5.798299789428711 5.868227481842041 5.934399604797363 6.063061237335205 6.254454612731934 6.364479064941406 6.487574577331543 6.626744270324707 6.859420299530029 7.114867210388184 7.425814628601074 7.75417947769165 8.134862899780273 7.248254299163818 0.0 0.0 0.0 0.0 0.0 0.0 0.0 0.0 0.0 0.0 0.0 0.0 0.0
10.26107120513916 5.079310894012451 5.5461602210998535 5.621066570281982 5.721579551696777 5.733563423156738 5.792337417602539 5.839879989624023 5.990448474884033 6.1111884117126465 6.220720291137695 6.371397972106934 6.464213848114014 6.620875835418701 6.867932319641113 7.092069149017334 7.442774772644043 7.851851940155029 8.073315620422363 7.250952243804932 0.0 0.0 0.0 0.0 0.0 0.0 0.0 0.0 0.0 0.0 0.0 0.0
10.265731811523438 4.936098098754883 5.491767406463623 5.624090194702148 5.690363883972168 5.681097507476807 5.705463409423828 5.8125 5.854322910308838 5.9556565284729 6.073907375335693 6.162721633911133 6.304049491882324 6.460141181945801 6.613571643829346 6.791729927062988 7.104909896850586 7.519791603088379 7.725006580352783 8.055838584899902 7.249930381774902 0.0 0.0 0.0 0.0 0.0 0.0 0.0 0.0 0.0 0.0 0.0
10.259729385375977 4.733266353607178 5.424404621124268 5.560728073120117 5.6018781661987305 5.61979341506958 5.616220951080322 5.726401329040527 5.822693824768066 5.879393100738525 5.93259334564209 6.0590009689331055 6.157299041748047 6.323762893676758 6.455005645751953 6.654232978820801 6.8086018562316895 7.107134819030762 7.392364025115967 7.735381603240967 8.091827392578125 7.265741348266602 0.0 0.0 0.0 0.0 0.0 0.0 0.0 0.0 0.0 0.0
10.259342193603516 4.626692295074463 5.347145080566406 5.5327467918396 5.615518569946289 5.6373701095581055 5.572197437286377 5.6789398193359375 5.83889102935791 5.820137977600098 5.833376407623291 6.00183629989624 6.0077104568481445 6.14902400970459 6.288558006286621 6.471972465515137 6.583621501922607 6.782471656799316 7.053643226623535 7.394328594207764 7.731786727905273 8.070048332214355 7.237138271331787 0.0 0.0 0.0 0.0 0.0 0.0 0.0 0.0 0.0
10.251891136169434 4.5333356857299805 5.15575647354126 5.456608295440674 5.476105690002441 5.587717056274414 5.5413126945495605 5.622946262359619 5.833693981170654 5.712416172027588 5.77925443649292 5.895638942718506 5.863396644592285 6.00617790222168 6.165131568908691 6.289183616638184 6.441664218902588 6.681399822235107 6.746313571929932 7.056656837463379 7.403393268585205 7.720097064971924 8.093077659606934 7.2335734367370605 0.0 0.0 0.0 0.0 0.0 0.0 0.0 0.0
10.256926536560059 4.7865681648254395 5.079738140106201 5.295736789703369 5.463428974151611 5.519647598266602 5.56745719909668 5.583084583282471 5.776226043701172 5.735285758972168 5.83185338973999 5.76482629776001 5.758759021759033 5.90114164352417 5.986526966094971 6.044929504394531 6.227421283721924 6.37473201751709 6.5391998291015625 6.747607707977295 7.073270320892334 7.382193565368652 7.742032051086426 8.047867774963379 7.204133033752441 0.0 0.0 0.0 0.0 0.0 0.0 0.0
10.259478569030762 4.817272186279297 5.076360702514648 5.173618793487549 5.303820610046387 5.381490707397461 5.457429885864258 5.516218662261963 5.579658031463623 5.58211088180542 5.654850959777832 5.73051643371582 5.717559814453125 5.812655448913574 5.827879428863525 5.884594440460205 6.130928993225098 6.223690509796143 6.381006240844727 6.5279059410095215 6.760538578033447 7.073991775512695 7.392822265625 7.722997188568115 8.038469314575195 7.188002109527588 0.0 0.0 0.0 0.0 0.0 0.0
10.254379272460938 4.754114151000977 5.108877182006836 5.17466926574707 5.182610988616943 5.237112522125244 5.376036167144775 5.433449745178223 5.613560676574707 5.554586410522461 5.60230827331543 5.628467082977295 5.63313627243042 5.712247848510742 5.77097225189209 5.818997859954834 5.99243688583374 6.100780963897705 6.189869403839111 6.359948635101318 6.544796466827393 6.769355773925781 7.061585426330566 7.363434314727783 7.696091175079346 8.073443412780762 7.197281360626221 0.0 0.0 0.0 0.0 0.0
10.248259544372559 4.638677597045898 5.153398036956787 5.353447914123535 5.261501789093018 5.176971435546875 5.199360370635986 5.348025798797607 5.520297050476074 5.528759479522705 5.6794891357421875 5.612738132476807 5.6636786460876465 5.667366981506348 5.771948337554932 5.762829780578613 5.881415843963623 5.973333358764648 6.142377853393555 6.21610164642334 6.351097583770752 6.510080337524414 6.756697177886963 7.048680305480957 7.369539260864258 7.724199295043945 8.026402473449707 7.1802778244018555 0.0 0.0 0.0 0.0
10.252829551696777 4.310555934906006 5.064068794250488 5.269591331481934 5.241235733032227 5.146607398986816 5.097141265869141 5.212532043457031 5.351554870605469 5.405929088592529 5.535256385803223 5.564514636993408 5.5447282791137695 5.603511333465576 5.661726474761963 5.658933162689209 5.748078346252441 5.818943500518799 5.935730457305908 6.068037033081055 6.18904447555542 6.382697582244873 6.539762496948242 6.737315654754639 7.032342910766602 7.389319896697998 7.697373390197754 8.035773277282715 7.169224739074707 0.0 0.0 0.0
10.252504348754883 4.060279369354248 4.928859233856201 5.271285057067871 5.304258823394775 5.238475799560547 5.146125793457031 5.179702281951904 5.313067436218262 5.291764736175537 5.439596176147461 5.48447322845459 5.494970321655273 5.58160400390625 5.560909271240234 5.628999710083008 5.667098045349121 5.719572067260742 5.801560401916504 5.888443470001221 6.074315547943115 6.195432186126709 6.350546836853027 6.514296531677246 6.7203569412231445 7.02409029006958 7.353373050689697 7.719160556793213 8.013358116149902 7.182517051696777 0.0 0.0
10.245941162109375 3.9568703174591064 4.750654220581055 5.088286399841309 5.186198711395264 5.244147777557373 5.197052955627441 5.166323661804199 5.2347798347473145 5.226482391357422 5.323780059814453 5.507786750793457 5.4403581619262695 5.494401454925537 5.565743446350098 5.845413684844971 5.6092987060546875 5.683695316314697 5.737912654876709 5.821751117706299 5.898508071899414 6.031359672546387 6.223024845123291 6.42197322845459 6.515427112579346 6.713468551635742 7.009491920471191 7.388426780700684 7.674461841583252 8.024264335632324 7.162735939025879 0.0
10.249187469482422 4.02837610244751 4.5799336433410645 4.862391471862793 5.000423908233643 5.203181266784668 5.237329959869385 5.226874351501465 5.313811302185059 5.169732093811035 5.290519714355469 5.327332496643066 5.393720626831055 5.45322847366333 5.498754501342773 5.5311150550842285 5.568730354309082 5.580848693847656 5.653966903686523 5.703311920166016 5.722266674041748 5.839379787445068 5.998772621154785 6.167393684387207 6.293516635894775 6.475473403930664 6.727875709533691 6.9882307052612305 7.508505344390869 7.689297676086426 7.981297492980957 7.168673515319824
