10.71379566192627 0.0 0.0 0.0 0.0 0.0 0.0 0.0 0.0 0.0 0.0 0.0 0.0 0.0 0.0 0.0 0.0 0.0 0.0 0.0 0.0 0.0 0.0 0.0 0.0 0.0 0.0 0.0 0.0 0.0 0.0 0.0
10.694771766662598 6.735396862030029 0.0 0.0 0.0 0.0 0.0 0.0 0.0 0.0 0.0 0.0 0.0 0.0 0.0 0.0 0.0 0.0 0.0 0.0 0.0 0.0 0.0 0.0 0.0 0.0 0.0 0.0 0.0 0.0 0.0 0.0
10.691643714904785 6.27243185043335 6.107934474945068 0.0 0.0 0.0 0.0 0.0 0.0 0.0 0.0 0.0 0.0 0.0 0.0 0.0 0.0 0.0 0.0 0.0 0.0 0.0 0.0 0.0 0.0 0.0 0.0 0.0 0.0 0.0 0.0 0.0
10.682040214538574 6.4058709144592285 6.064077854156494 5.89761209487915 0.0 0.0 0.0 0.0 0.0 0.0 0.0 0.0 0.0 0.0 0.0 0.0 0.0 0.0 0.0 0.0 0.0 0.0 0.0 0.0 0.0 0.0 0.0 0.0 0.0 0.0 0.0 0.0
10.66841983795166 6.571981430053711 6.3622541427612305 5.86384916305542 5.836130142211914 0.0 0.0 0.0 0.0 0.0 0.0 0.0 0.0 0.0 0.0 0.0 0.0 0.0 0.0 0.0 0.0 0.0 0.0 0.0 0.0 0.0 0.0 0.0 0.0 0.0 0.0 0.0
10.660908699035645 6.485149383544922 6.326745986938477 6.044483661651611 5.839949607849121 5.800023078918457 0.0 0.0 0.0 0.0 0.0 0.0 0.0 0.0 0.0 0.0 0.0 0.0 0.0 0.0 0.0 0.0 0.0 0.0 0.0 0.0 0.0 0.0 0.0 0.0 0.0 0.0
10.653617858886719 6.3552470207214355 6.293118476867676 6.1467461585998535 5.96868896484375 5.81722354888916 5.73642110824585 0.0 0.0 0.0 0.0 0.0 0.0 0.0 0.0 0.0 0.0 0.0 0.0 0.0 0.0 0.0 0.0 0.0 0.0 0.0 0.0 0.0 0.0 0.0 0.0 0.0
10.653142929077148 6.086908340454102 6.016178131103516 6.000176906585693 6.043308258056641 5.909841060638428 5.734617710113525 5.6624531745910645 0.0 0.0 0.0 0.0 0.0 0.0 0.0 0.0 0.0 0.0 0.0 0.0 0.0 0.0 0.0 0.0 0.0 0.0 0.0 0.0 0.0 0.0 0.0 0.0
10.64676284790039 6.044493675231934 5.904118061065674 5.941579341888428 6.01876163482666 5.99269962310791 5.846104145050049 5.732387542724609 5.615196704864502 0.0 0.0 0.0 0.0 0.0 0.0 0.0 0.0 0.0 0.0 0.0 0.0 0.0 0.0 0.0 0.0 0.0 0.0 0.0 0.0 0.0 0.0 0.0
10.642925262451172 6.064657688140869 5.814417839050293 5.723881244659424 5.781004905700684 5.927579402923584 5.950135231018066 5.84242057800293 5.717679023742676 5.58839750289917 0.0 0.0 0.0 0.0 0.0 0.0 0.0 0.0 0.0 0.0 0.0 0.0 0.0 0.0 0.0 0.0 0.0 0.0 0.0 0.0 0.0 0.0
10.641292572021484 5.911991119384766 5.751735687255859 5.629622459411621 5.628426551818848 5.74634313583374 5.826038360595703 5.862452030181885 5.816815376281738 5.660197734832764 5.603702545166016 0.0 0.0 0.0 0.0 0.0 0.0 0.0 0.0 0.0 0.0 0.0 0.0 0.0 0.0 0.0 0.0 0.0 0.0 0.0 0.0 0.0
10.638206481933594 5.804530143737793 5.611455917358398 5.578667640686035 5.546176910400391 5.6053466796875 5.639431953430176 5.750067710876465 6.034531593322754 5.710590362548828 5.6584296226501465 5.591349124908447 0.0 0.0 0.0 0.0 0.0 0.0 0.0 0.0 0.0 0.0 0.0 0.0 0.0 0.0 0.0 0.0 0.0 0.0 0.0 0.0
10.634675025939941 5.730454444885254 5.557652950286865 5.51375150680542 5.499326229095459 5.543419361114502 5.566810131072998 5.667937278747559 5.840567588806152 5.843272686004639 5.769537925720215 5.6243438720703125 5.5690131187438965 0.0 0.0 0.0 0.0 0.0 0.0 0.0 0.0 0.0 0.0 0.0 0.0 0.0 0.0 0.0 0.0 0.0 0.0 0.0
10.631844520568848 5.6785101890563965 5.45525598526001 5.411640167236328 5.452809810638428 5.4700775146484375 5.487644195556641 5.58848237991333 5.719184398651123 5.84139347076416 5.842630386352539 5.662468433380127 5.594499588012695 5.527531623840332 0.0 0.0 0.0 0.0 0.0 0.0 0.0 0.0 0.0 0.0 0.0 0.0 0.0 0.0 0.0 0.0 0.0 0.0
10.626583099365234 5.6587090492248535 5.419151782989502 5.338260173797607 5.3675456047058105 5.44679069519043 5.5073370933532715 5.539064407348633 5.6623215675354 5.72723913192749 5.793148040771484 5.765512466430664 5.753786563873291 5.60750675201416 5.530853271484375 0.0 0.0 0.0 0.0 0.0 0.0 0.0 0.0 0.0 0.0 0.0 0.0 0.0 0.0 0.0 0.0 0.0
10.625085830688477 5.621170997619629 5.369185447692871 5.290254592895508 5.22169828414917 5.302614688873291 5.367457389831543 5.4127397537231445 5.506560802459717 5.552145004272461 5.7161102294921875 5.7359938621521 5.855851650238037 5.710780143737793 5.615866184234619 5.538166046142578 0.0 0.0 0.0 0.0 0.0 0.0 0.0 0.0 0.0 0.0 0.0 0.0 0.0 0.0 0.0 0.0
10.621463775634766 5.5906171798706055 5.286819934844971 5.2252631187438965 5.184624195098877 5.195897102355957 5.220505237579346 5.351186275482178 5.401269435882568 5.479533672332764 5.687500953674316 5.674357891082764 5.866846561431885 5.773378372192383 5.732098579406738 5.590517044067383 5.541242599487305 0.0 0.0 0.0 0.0 0.0 0.0 0.0 0.0 0.0 0.0 0.0 0.0 0.0 0.0 0.0
10.624523162841797 5.495364665985107 5.208072185516357 5.134746074676514 5.086175441741943 5.0798869132995605 5.101433277130127 5.201099872589111 5.305023193359375 5.373238563537598 5.494049072265625 5.456831932067871 5.59303617477417 5.672903537750244 5.743069171905518 5.668124675750732 5.6048712730407715 5.494748115539551 0.0 0.0 0.0 0.0 0.0 0.0 0.0 0.0 0.0 0.0 0.0 0.0 0.0 0.0
10.621744155883789 5.468477725982666 5.160724639892578 5.102159023284912 5.066178321838379 5.046990394592285 5.0835981369018555 5.097926616668701 5.250490188598633 5.35665225982666 5.33730936050415 5.394143581390381 5.497005939483643 5.551405906677246 5.649587631225586 5.731522560119629 5.6911187171936035 5.570289134979248 5.523240566253662 0.0 0.0 0.0 0.0 0.0 0.0 0.0 0.0 0.0 0.0 0.0 0.0 0.0
10.616272926330566 5.480716705322266 5.110625743865967 5.004153251647949 5.002228260040283 5.05160665512085 5.085700988769531 5.013888835906982 5.162881374359131 5.232776641845703 5.249786853790283 5.334739685058594 5.376457691192627 5.413689136505127 5.541125297546387 5.6710991859436035 6.129115581512451 5.657454967498779 5.577028274536133 5.500698566436768 0.0 0.0 0.0 0.0 0.0 0.0 0.0 0.0 0.0 0.0 0.0 0.0
10.616971969604492 5.42500638961792 5.040575981140137 4.927687644958496 4.876804351806641 4.9454665184021 4.983828544616699 4.997951984405518 5.14735221862793 5.251280784606934 5.194232940673828 5.269465446472168 5.332414627075195 5.367796421051025 5.447328090667725 5.532557010650635 5.742456436157227 5.742807865142822 5.66727352142334 5.554839611053467 5.496185779571533 0.0 0.0 0.0 0.0 0.0 0.0 0.0 0.0 0.0 0.0 0.0
10.617422103881836 5.4418439865112305 4.999782562255859 4.820224761962891 4.764875888824463 4.906965732574463 4.8640594482421875 4.91512393951416 4.991190433502197 5.044310569763184 5.086862564086914 5.150702476501465 5.253690242767334 5.313666820526123 5.3315863609313965 5.404358386993408 5.556039810180664 5.649801254272461 5.742847919464111 5.648126602172852 5.562103271484375 5.5015788078308105 0.0 0.0 0.0 0.0 0.0 0.0 0.0 0.0 0.0 0.0
10.611166000366211 5.402530670166016 5.015045642852783 4.8955912590026855 4.754980087280273 4.808979511260986 4.851457595825195 4.995855808258057 4.947845458984375 5.0209641456604 5.037024021148682 5.288754463195801 5.130222320556641 5.201895713806152 5.342787742614746 5.327529430389404 5.568266868591309 5.539688587188721 5.683627605438232 5.747981071472168 5.693434238433838 5.658193588256836 5.489493370056152 0.0 0.0 0.0 0.0 0.0 0.0 0.0 0.0 0.0
10.612762451171875 5.344970703125 4.90966796875 4.880712509155273 4.72113037109375 4.809875011444092 4.718266487121582 4.903017997741699 4.8640899658203125 4.928776741027832 4.993292808532715 4.987877368927002 5.008871555328369 5.092458724975586 5.17940092086792 5.269961833953857 5.322673797607422 5.454619884490967 5.577402591705322 5.659823417663574 5.738550662994385 5.714799880981445 5.56486177444458 5.505423069000244 0.0 0.0 0.0 0.0 0.0 0.0 0.0 0.0
10.609350204467773 5.627798080444336 4.824803829193115 4.797569751739502 4.826235771179199 4.768110752105713 4.7150750160217285 4.761462211608887 4.832555294036865 4.898193836212158 4.930545806884766 4.969698429107666 5.005469799041748 4.955698490142822 5.10244607925415 5.206705570220947 5.269176959991455 5.298790454864502 5.390509605407715 5.538506984710693 5.678322792053223 5.768729209899902 5.667004585266113 5.580435276031494 5.499400615692139 0.0 0.0 0.0 0.0 0.0 0.0 0.0
10.61280345916748 5.335551738739014 4.733087062835693 4.670690059661865 4.757871627807617 4.6860151290893555 4.68661642074585 4.581660270690918 4.677605152130127 4.750491142272949 4.785360336303711 4.82855224609375 4.869553565979004 4.928714275360107 4.973243236541748 5.034420967102051 5.150723934173584 5.189089298248291 5.288793087005615 5.445411205291748 5.519644260406494 5.664810657501221 5.7608160972595215 5.653852939605713 5.535311222076416 5.4905242919921875 0.0 0.0 0.0 0.0 0.0 0.0
10.609227180480957 5.207598686218262 4.724575996398926 4.5759806632995605 4.6846442222595215 4.753042697906494 4.697669982910156 4.557906627655029 4.691351413726807 4.85038948059082 4.7346882820129395 4.704714775085449 4.862687110900879 4.904857158660889 4.999550819396973 4.966122150421143 5.126307487487793 5.148282527923584 5.250814437866211 5.3537116050720215 5.3692193031311035 5.525992393493652 5.6970109939575195 5.745814800262451 5.645218849182129 5.538233280181885 5.567134857177734 0.0 0.0 0.0 0.0 0.0
10.609623908996582 5.186809539794922 4.61989164352417 4.520395755767822 4.537284851074219 4.571211814880371 4.549577713012695 4.630461692810059 4.646793365478516 4.667234420776367 4.648196697235107 4.649768352508545 4.770082950592041 4.877246379852295 4.973846435546875 4.923617839813232 4.997457981109619 5.047419548034668 5.1725311279296875 5.187618732452393 5.3028974533081055 5.370723724365234 5.532097816467285 5.681580543518066 5.739477157592773 5.663153648376465 5.59413480758667 5.488647937774658 0.0 0.0 0.0 0.0
10.609183311462402 5.139448165893555 4.582080364227295 4.446101665496826 4.457621097564697 4.501503944396973 4.464207649230957 4.532193183898926 4.600933074951172 4.592470645904541 4.509404182434082 4.558539867401123 4.604583263397217 4.755501747131348 4.869217395782471 4.873368740081787 4.894539833068848 4.944548606872559 5.049059867858887 5.184620380401611 5.216056823730469 5.280418395996094 5.3786139488220215 5.539426803588867 5.696695327758789 5.724832534790039 5.697192192077637 5.660274028778076 5.470172882080078 0.0 0.0 0.0
10.60610580444336 5.150038242340088 4.585871696472168 4.413721561431885 4.331839084625244 4.352965354919434 4.590119361877441 4.46243953704834 4.561881065368652 4.528171062469482 4.56050443649292 4.449235916137695 4.573322296142578 4.65128231048584 4.772454738616943 4.867834091186523 4.824861526489258 4.940951347351074 5.016813278198242 5.218484401702881 5.233367919921875 5.229358673095703 5.330449104309082 5.464158535003662 5.606484889984131 5.693824291229248 5.746273040771484 5.653486728668213 5.508513927459717 5.485536575317383 0.0 0.0
10.607575416564941 5.120882511138916 4.5475311279296875 4.412561893463135 4.348909854888916 4.38842248916626 4.264959335327148 4.354008197784424 4.487829208374023 4.455798149108887 4.5399394035339355 4.499238014221191 4.511187553405762 4.5545549392700195 4.696197032928467 4.793713092803955 4.818068504333496 4.857221603393555 4.878970623016357 4.9571943283081055 5.040376663208008 5.137779712677002 5.2169189453125 5.303257465362549 5.41780424118042 5.558352470397949 5.678065776824951 5.712469577789307 5.592370510101318 5.603730201721191 5.490248680114746 0.0
10.606894493103027 5.101844787597656 4.508495807647705 4.340155601501465 4.2883405685424805 4.784039497375488 4.589588165283203 4.259407043457031 4.348440647125244 4.411724090576172 4.446018695831299 4.493947505950928 4.479170799255371 4.48276424407959 4.589726448059082 4.626642227172852 4.717595100402832 4.767710208892822 4.860645771026611 4.858668327331543 4.899433612823486 5.057587146759033 5.108908176422119 5.219404220581055 5.2980146408081055 5.380429744720459 5.550046443939209 5.636734485626221 5.691646099090576 5.618068695068359 5.522121906280518 5.4816999435424805
