10.71379566192627 0.0 0.0 0.0 0.0 0.0 0.0 0.0 0.0 0.0 0.0 0.0 0.0 0.0 0.0 0.0 0.0 0.0 0.0 0.0 0.0 0.0 0.0 0.0 0.0 0.0 0.0 0.0 0.0 0.0 0.0 0.0
10.586031913757324 8.591705322265625 0.0 0.0 0.0 0.0 0.0 0.0 0.0 0.0 0.0 0.0 0.0 0.0 0.0 0.0 0.0 0.0 0.0 0.0 0.0 0.0 0.0 0.0 0.0 0.0 0.0 0.0 0.0 0.0 0.0 0.0
10.558126449584961 6.96609354019165 8.597261428833008 0.0 0.0 0.0 0.0 0.0 0.0 0.0 0.0 0.0 0.0 0.0 0.0 0.0 0.0 0.0 0.0 0.0 0.0 0.0 0.0 0.0 0.0 0.0 0.0 0.0 0.0 0.0 0.0 0.0
10.541520118713379 6.3531670570373535 7.098990440368652 8.58031177520752 0.0 0.0 0.0 0.0 0.0 0.0 0.0 0.0 0.0 0.0 0.0 0.0 0.0 0.0 0.0 0.0 0.0 0.0 0.0 0.0 0.0 0.0 0.0 0.0 0.0 0.0 0.0 0.0
10.538056373596191 6.028059005737305 6.319382667541504 7.032247543334961 8.544631004333496 0.0 0.0 0.0 0.0 0.0 0.0 0.0 0.0 0.0 0.0 0.0 0.0 0.0 0.0 0.0 0.0 0.0 0.0 0.0 0.0 0.0 0.0 0.0 0.0 0.0 0.0 0.0
10.532047271728516 5.920751571655273 5.91886043548584 6.280938625335693 6.981584548950195 8.539374351501465 0.0 0.0 0.0 0.0 0.0 0.0 0.0 0.0 0.0 0.0 0.0 0.0 0.0 0.0 0.0 0.0 0.0 0.0 0.0 0.0 0.0 0.0 0.0 0.0 0.0 0.0
10.522563934326172 5.960200786590576 5.854171276092529 5.898737907409668 6.2464823722839355 6.989861965179443 8.540703773498535 0.0 0.0 0.0 0.0 0.0 0.0 0.0 0.0 0.0 0.0 0.0 0.0 0.0 0.0 0.0 0.0 0.0 0.0 0.0 0.0 0.0 0.0 0.0 0.0 0.0
10.512653350830078 5.880059719085693 5.952219009399414 5.832221984863281 5.86057186126709 6.237424850463867 6.942276954650879 8.557766914367676 0.0 0.0 0.0 0.0 0.0 0.0 0.0 0.0 0.0 0.0 0.0 0.0 0.0 0.0 0.0 0.0 0.0 0.0 0.0 0.0 0.0 0.0 0.0 0.0
10.507004737854004 5.662961959838867 5.933366775512695 5.933061599731445 5.7989044189453125 5.842106342315674 6.177057266235352 6.950095176696777 8.547365188598633 0.0 0.0 0.0 0.0 0.0 0.0 0.0 0.0 0.0 0.0 0.0 0.0 0.0 0.0 0.0 0.0 0.0 0.0 0.0 0.0 0.0 0.0 0.0
10.50643253326416 5.403412818908691 5.74159049987793 5.933167457580566 5.912627696990967 5.734283924102783 5.7902350425720215 6.135580539703369 6.8995771408081055 8.526175498962402 0.0 0.0 0.0 0.0 0.0 0.0 0.0 0.0 0.0 0.0 0.0 0.0 0.0 0.0 0.0 0.0 0.0 0.0 0.0 0.0 0.0 0.0
10.50050163269043 5.228518962860107 5.4997406005859375 5.7690887451171875 5.921082019805908 5.844970703125 5.720563888549805 5.781475067138672 6.123838424682617 6.891616344451904 8.535550117492676 0.0 0.0 0.0 0.0 0.0 0.0 0.0 0.0 0.0 0.0 0.0 0.0 0.0 0.0 0.0 0.0 0.0 0.0 0.0 0.0 0.0
10.498916625976562 5.20269250869751 5.340831756591797 5.50457239151001 5.713231086730957 5.862944602966309 5.80600643157959 5.69468355178833 5.757092475891113 6.0670623779296875 6.868702411651611 8.529078483581543 0.0 0.0 0.0 0.0 0.0 0.0 0.0 0.0 0.0 0.0 0.0 0.0 0.0 0.0 0.0 0.0 0.0 0.0 0.0 0.0
10.497905731201172 5.254832744598389 5.3229804039001465 5.31581449508667 5.440038681030273 5.681358814239502 5.826539516448975 5.7849345207214355 5.6583476066589355 5.697346210479736 6.051663875579834 6.855550289154053 8.513071060180664 0.0 0.0 0.0 0.0 0.0 0.0 0.0 0.0 0.0 0.0 0.0 0.0 0.0 0.0 0.0 0.0 0.0 0.0 0.0
10.488950729370117 5.335217475891113 5.4027180671691895 5.320748805999756 5.2853312492370605 5.419404029846191 5.669227600097656 5.8241376876831055 5.772475719451904 5.651740550994873 5.688068866729736 6.057544231414795 6.823421001434326 8.540151596069336 0.0 0.0 0.0 0.0 0.0 0.0 0.0 0.0 0.0 0.0 0.0 0.0 0.0 0.0 0.0 0.0 0.0 0.0
10.489527702331543 5.25752067565918 5.341601371765137 5.381513595581055 5.2729644775390625 5.270261764526367 5.394402980804443 5.652203559875488 5.81289529800415 5.758668422698975 5.622814178466797 5.6896209716796875 6.001338958740234 6.8430495262146 8.507259368896484 0.0 0.0 0.0 0.0 0.0 0.0 0.0 0.0 0.0 0.0 0.0 0.0 0.0 0.0 0.0 0.0 0.0
10.483872413635254 5.1884355545043945 5.191664218902588 5.367793560028076 5.363424301147461 5.2396559715271 5.236473083496094 5.389451503753662 5.623504161834717 5.8294219970703125 5.7599287033081055 5.648026466369629 5.655645847320557 6.035897731781006 6.821854591369629 8.518994331359863 0.0 0.0 0.0 0.0 0.0 0.0 0.0 0.0 0.0 0.0 0.0 0.0 0.0 0.0 0.0 0.0
10.483712196350098 5.021633625030518 5.024722099304199 5.246155738830566 5.345763206481934 5.330071926116943 5.218348026275635 5.213311672210693 5.369204521179199 5.608232021331787 5.764681339263916 5.744524955749512 5.578678607940674 5.612390518188477 5.9788713455200195 6.799968719482422 8.519018173217773 0.0 0.0 0.0 0.0 0.0 0.0 0.0 0.0 0.0 0.0 0.0 0.0 0.0 0.0 0.0
10.481013298034668 4.8470258712768555 4.951155662536621 5.06539249420166 5.231936454772949 5.317490577697754 5.2871503829956055 5.209227085113525 5.211438179016113 5.336297988891602 5.599603652954102 5.776058673858643 5.693902492523193 5.5742292404174805 5.571624279022217 5.966691493988037 6.800835132598877 8.52485466003418 0.0 0.0 0.0 0.0 0.0 0.0 0.0 0.0 0.0 0.0 0.0 0.0 0.0 0.0
10.477799415588379 4.699324131011963 4.993648529052734 4.945204257965088 5.0625810623168945 5.213264465332031 5.304551601409912 5.293354034423828 5.202513694763184 5.192687034606934 5.3436102867126465 5.6047234535217285 5.726665019989014 5.72193717956543 5.550204753875732 5.59797477722168 5.953850746154785 6.781245231628418 8.529026985168457 0.0 0.0 0.0 0.0 0.0 0.0 0.0 0.0 0.0 0.0 0.0 0.0 0.0
10.479984283447266 4.518412113189697 5.03336238861084 4.952811241149902 4.924967288970947 5.039807319641113 5.186748504638672 5.29994010925293 5.260369777679443 5.181839942932129 5.168861389160156 5.362308025360107 5.547765731811523 5.713027000427246 5.652304172515869 5.514506816864014 5.550548553466797 5.927820205688477 6.761253356933594 8.50983715057373 0.0 0.0 0.0 0.0 0.0 0.0 0.0 0.0 0.0 0.0 0.0 0.0
10.480098724365234 4.287300109863281 4.949579238891602 5.017724990844727 4.894272804260254 4.8796186447143555 4.999082088470459 5.177481174468994 5.264047145843506 5.238758563995361 5.153899192810059 5.144878387451172 5.269814968109131 5.532720565795898 5.684286594390869 5.634018898010254 5.490114212036133 5.51589298248291 5.922852039337158 6.751629829406738 8.505799293518066 0.0 0.0 0.0 0.0 0.0 0.0 0.0 0.0 0.0 0.0 0.0
10.476624488830566 4.296741962432861 4.732231140136719 4.9962029457092285 4.990629196166992 4.868305683135986 4.882700443267822 5.006307601928711 5.160269260406494 5.289966106414795 5.254889488220215 5.148717403411865 5.106925010681152 5.322289943695068 5.515689373016357 5.679495811462402 5.628997325897217 5.482398509979248 5.53237771987915 5.897853374481201 6.750583648681641 8.508828163146973 0.0 0.0 0.0 0.0 0.0 0.0 0.0 0.0 0.0 0.0
10.47708797454834 4.4336628913879395 4.5640130043029785 4.852205753326416 4.9445672035217285 5.005259037017822 4.881069660186768 4.909789085388184 4.999552249908447 5.158308029174805 5.261353969573975 5.263187885284424 5.122742652893066 5.153697967529297 5.262025833129883 5.524272918701172 5.675206184387207 5.6092729568481445 5.462484836578369 5.4980926513671875 5.866325855255127 6.736409664154053 8.491960525512695 0.0 0.0 0.0 0.0 0.0 0.0 0.0 0.0 0.0
10.477579116821289 4.628040313720703 4.450817584991455 4.594823837280273 4.764881610870361 4.930027008056641 4.8920745849609375 4.847480297088623 4.848590850830078 4.975538730621338 5.141968727111816 5.2543768882751465 5.183053970336914 5.117002964019775 5.06864070892334 5.235961437225342 5.49623966217041 5.649606227874756 5.594780921936035 5.450586795806885 5.456155300140381 5.85511589050293 6.728663921356201 8.49217414855957 0.0 0.0 0.0 0.0 0.0 0.0 0.0 0.0
10.477764129638672 4.752926826477051 4.564195156097412 4.471040725708008 4.546749591827393 4.744200229644775 4.862874507904053 4.8882269859313965 4.808350086212158 4.8402485847473145 4.97813606262207 5.1694159507751465 5.222455024719238 5.1983513832092285 5.06309175491333 5.0521650314331055 5.214249610900879 5.4901628494262695 5.625304222106934 5.574095249176025 5.4114532470703125 5.451260566711426 5.829987525939941 6.7070417404174805 8.48572063446045 0.0 0.0 0.0 0.0 0.0 0.0 0.0
10.474052429199219 4.630982398986816 4.7780537605285645 4.582271099090576 4.447956562042236 4.524613380432129 4.701125621795654 4.887963771820068 4.8907670974731445 4.823516368865967 4.813830375671387 4.970816135406494 5.121974468231201 5.2326340675354 5.169895172119141 5.055995941162109 5.052624702453613 5.218250751495361 5.463980197906494 5.635101795196533 5.568671703338623 5.4138407707214355 5.439539432525635 5.8301825523376465 6.708621978759766 8.495471000671387 0.0 0.0 0.0 0.0 0.0 0.0
10.476262092590332 4.3843560218811035 4.832309722900391 4.759551525115967 4.547354698181152 4.444705486297607 4.483983993530273 4.697144985198975 4.8622636795043945 4.863744735717773 4.809787273406982 4.807124137878418 4.929079532623291 5.103644371032715 5.182168960571289 5.1398396492004395 5.059988498687744 5.021731376647949 5.184861660003662 5.448387622833252 5.587162971496582 5.539611339569092 5.393545150756836 5.410964012145996 5.811043739318848 6.6948018074035645 8.47992992401123 0.0 0.0 0.0 0.0 0.0
10.47252082824707 4.177913188934326 4.690454959869385 4.855452060699463 4.726336479187012 4.553178310394287 4.4175028800964355 4.5089006423950195 4.729117393493652 4.850760459899902 4.860726833343506 4.813145160675049 4.793569564819336 4.941610813140869 5.098639965057373 5.184507369995117 5.137734889984131 5.04462194442749 5.025084495544434 5.191799163818359 5.420573711395264 5.5826311111450195 5.525534629821777 5.370987415313721 5.410953521728516 5.805342197418213 6.694686412811279 8.491523742675781 0.0 0.0 0.0 0.0
10.471126556396484 4.233838081359863 4.462089538574219 4.752866268157959 4.8154473304748535 4.735405921936035 4.553678512573242 4.419412136077881 4.500150203704834 4.692352771759033 4.869635581970215 4.847166061401367 4.759857654571533 4.807778358459473 4.909116268157959 5.0857977867126465 5.163675785064697 5.115903377532959 5.03692626953125 5.005960941314697 5.152192115783691 5.409787178039551 5.574808597564697 5.5211663246154785 5.36453914642334 5.397160053253174 5.794527053833008 6.693697929382324 8.492321968078613 0.0 0.0 0.0
10.4683837890625 4.488890171051025 4.353359222412109 4.553245544433594 4.707895278930664 4.8079752922058105 4.719038486480713 4.546607971191406 4.441452980041504 4.50091552734375 4.7106404304504395 4.86285924911499 4.822997570037842 4.787198543548584 4.7779974937438965 4.911504745483398 5.07365083694458 5.157393455505371 5.118520259857178 5.021911144256592 4.982054710388184 5.15544319152832 5.41342306137085 5.5837721824646 5.511596202850342 5.358745098114014 5.378603458404541 5.781948089599609 6.67551326751709 8.498441696166992 0.0 0.0
10.467686653137207 4.776305198669434 4.46004581451416 4.413921356201172 4.512007713317871 4.695556163787842 4.7841949462890625 4.719347953796387 4.541086673736572 4.431514739990234 4.507702827453613 4.717341899871826 4.7901387214660645 4.8447346687316895 4.75233793258667 4.764876365661621 4.89370059967041 5.078001022338867 5.143589973449707 5.126514434814453 4.977753162384033 4.968371868133545 5.148692607879639 5.405215263366699 5.567022800445557 5.500411033630371 5.34168004989624 5.366696834564209 5.7655158042907715 6.6820454597473145 8.488471984863281 0.0
10.465795516967773 4.830436706542969 4.701481819152832 4.46182107925415 4.383440971374512 4.558022975921631 4.682293891906738 4.798689842224121 4.735898971557617 4.559294700622559 4.442293167114258 4.514459133148193 4.655551910400391 4.869651794433594 4.8161234855651855 4.72443151473999 4.734713554382324 4.8700079917907715 5.035297393798828 5.144908905029297 5.061478614807129 4.963807106018066 4.947946071624756 5.118070125579834 5.391282081604004 5.535857200622559 5.472326278686523 5.32595157623291 5.34913969039917 5.775111675262451 6.674689769744873 8.490036010742188
