10.71379566192627 0.0 0.0 0.0 0.0 0.0 0.0 0.0 0.0 0.0 0.0 0.0 0.0 0.0 0.0 0.0 0.0 0.0 0.0 0.0 0.0 0.0 0.0 0.0 0.0 0.0 0.0 0.0 0.0 0.0 0.0 0.0
10.705102920532227 5.946289539337158 0.0 0.0 0.0 0.0 0.0 0.0 0.0 0.0 0.0 0.0 0.0 0.0 0.0 0.0 0.0 0.0 0.0 0.0 0.0 0.0 0.0 0.0 0.0 0.0 0.0 0.0 0.0 0.0 0.0 0.0
10.693202018737793 5.618640899658203 6.454360485076904 0.0 0.0 0.0 0.0 0.0 0.0 0.0 0.0 0.0 0.0 0.0 0.0 0.0 0.0 0.0 0.0 0.0 0.0 0.0 0.0 0.0 0.0 0.0 0.0 0.0 0.0 0.0 0.0 0.0
10.68468952178955 5.406037330627441 6.052262306213379 6.455296039581299 0.0 0.0 0.0 0.0 0.0 0.0 0.0 0.0 0.0 0.0 0.0 0.0 0.0 0.0 0.0 0.0 0.0 0.0 0.0 0.0 0.0 0.0 0.0 0.0 0.0 0.0 0.0 0.0
10.677328109741211 5.279438018798828 5.862153053283691 6.068820953369141 6.4367499351501465 0.0 0.0 0.0 0.0 0.0 0.0 0.0 0.0 0.0 0.0 0.0 0.0 0.0 0.0 0.0 0.0 0.0 0.0 0.0 0.0 0.0 0.0 0.0 0.0 0.0 0.0 0.0
10.67196273803711 5.283451557159424 5.70615291595459 5.773318767547607 5.96719217300415 6.440918445587158 0.0 0.0 0.0 0.0 0.0 0.0 0.0 0.0 0.0 0.0 0.0 0.0 0.0 0.0 0.0 0.0 0.0 0.0 0.0 0.0 0.0 0.0 0.0 0.0 0.0 0.0
10.668254852294922 5.01395845413208 5.5795183181762695 5.655341625213623 5.729500770568848 5.916748046875 6.422784805297852 0.0 0.0 0.0 0.0 0.0 0.0 0.0 0.0 0.0 0.0 0.0 0.0 0.0 0.0 0.0 0.0 0.0 0.0 0.0 0.0 0.0 0.0 0.0 0.0 0.0
10.663782119750977 5.041967391967773 5.483575344085693 5.486385822296143 5.515369415283203 5.708422660827637 5.923259258270264 6.441833019256592 0.0 0.0 0.0 0.0 0.0 0.0 0.0 0.0 0.0 0.0 0.0 0.0 0.0 0.0 0.0 0.0 0.0 0.0 0.0 0.0 0.0 0.0 0.0 0.0
10.660244941711426 4.883694648742676 5.368630886077881 5.331332683563232 5.419656276702881 5.5102434158325195 5.6794281005859375 5.912625312805176 6.476785659790039 0.0 0.0 0.0 0.0 0.0 0.0 0.0 0.0 0.0 0.0 0.0 0.0 0.0 0.0 0.0 0.0 0.0 0.0 0.0 0.0 0.0 0.0 0.0
10.655373573303223 4.873568534851074 5.336976528167725 5.286154270172119 5.2743425369262695 5.400589942932129 5.513653755187988 5.658219814300537 5.948925018310547 6.514934539794922 0.0 0.0 0.0 0.0 0.0 0.0 0.0 0.0 0.0 0.0 0.0 0.0 0.0 0.0 0.0 0.0 0.0 0.0 0.0 0.0 0.0 0.0
10.65372371673584 4.7860894203186035 5.319176197052002 5.211128234863281 5.1714653968811035 5.223852634429932 5.337390899658203 5.447845935821533 5.68051290512085 5.943226337432861 6.4497389793396 0.0 0.0 0.0 0.0 0.0 0.0 0.0 0.0 0.0 0.0 0.0 0.0 0.0 0.0 0.0 0.0 0.0 0.0 0.0 0.0 0.0
10.649812698364258 4.7791008949279785 5.249405384063721 5.179374694824219 5.1036601066589355 5.174314975738525 5.203745365142822 5.284064769744873 5.489023208618164 5.673681735992432 5.886111259460449 6.523261070251465 0.0 0.0 0.0 0.0 0.0 0.0 0.0 0.0 0.0 0.0 0.0 0.0 0.0 0.0 0.0 0.0 0.0 0.0 0.0 0.0
10.64513874053955 4.80352783203125 5.276527404785156 5.195010185241699 5.112634181976318 5.1224822998046875 5.171020984649658 5.176576137542725 5.329029083251953 5.490854740142822 5.653029918670654 6.004769802093506 6.482788562774658 0.0 0.0 0.0 0.0 0.0 0.0 0.0 0.0 0.0 0.0 0.0 0.0 0.0 0.0 0.0 0.0 0.0 0.0 0.0
10.643636703491211 4.660264492034912 5.2121357917785645 5.164882659912109 5.1071672439575195 5.107141494750977 5.109292030334473 5.078032970428467 5.1840739250183105 5.313289642333984 5.433404922485352 5.674991607666016 5.9063262939453125 6.478607177734375 0.0 0.0 0.0 0.0 0.0 0.0 0.0 0.0 0.0 0.0 0.0 0.0 0.0 0.0 0.0 0.0 0.0 0.0
10.63914966583252 4.649133205413818 5.194997787475586 5.15836238861084 5.065451622009277 5.124222755432129 5.1115264892578125 5.055549621582031 5.162443161010742 5.1881818771362305 5.284272193908691 5.517385005950928 5.6793904304504395 5.967827796936035 6.457242488861084 0.0 0.0 0.0 0.0 0.0 0.0 0.0 0.0 0.0 0.0 0.0 0.0 0.0 0.0 0.0 0.0 0.0
10.636034965515137 4.628237247467041 5.183887958526611 5.086031436920166 5.012083530426025 5.071193695068359 5.077159404754639 5.090455055236816 5.121572971343994 5.121986389160156 5.1572747230529785 5.350851058959961 5.515462875366211 5.732344627380371 5.897506237030029 6.465151309967041 0.0 0.0 0.0 0.0 0.0 0.0 0.0 0.0 0.0 0.0 0.0 0.0 0.0 0.0 0.0 0.0
10.630146980285645 4.624419689178467 5.136952877044678 5.119956016540527 5.061620712280273 5.218809604644775 5.104446887969971 5.089960098266602 5.165793418884277 5.118022918701172 5.143758773803711 5.311233043670654 5.372111797332764 5.566944599151611 5.689314365386963 5.916144847869873 6.45213508605957 0.0 0.0 0.0 0.0 0.0 0.0 0.0 0.0 0.0 0.0 0.0 0.0 0.0 0.0 0.0
10.628113746643066 4.58453369140625 5.164112091064453 5.083607196807861 5.009280681610107 5.1857476234436035 5.03933572769165 5.0483078956604 5.187755584716797 5.088268756866455 5.061984539031982 5.369496822357178 5.232663154602051 5.3522820472717285 5.477409362792969 5.651891231536865 5.887476444244385 6.425146579742432 0.0 0.0 0.0 0.0 0.0 0.0 0.0 0.0 0.0 0.0 0.0 0.0 0.0 0.0
10.625555038452148 4.523825168609619 5.192414283752441 5.093696117401123 4.974914073944092 5.0263471603393555 5.036584854125977 5.018741607666016 5.070669651031494 5.09957218170166 5.056552886962891 5.376702308654785 5.14381217956543 5.194891452789307 5.313265800476074 5.471293926239014 5.643134117126465 5.8817033767700195 6.438122272491455 0.0 0.0 0.0 0.0 0.0 0.0 0.0 0.0 0.0 0.0 0.0 0.0 0.0
10.62061595916748 4.4933342933654785 5.081850528717041 5.089550495147705 5.037687301635742 5.063473224639893 4.9790239334106445 5.011982440948486 5.052394390106201 5.129099369049072 5.067627429962158 5.3156938552856445 5.157544136047363 5.310001373291016 5.2059149742126465 5.328574180603027 5.4571638107299805 5.651162624359131 5.90697717666626 6.454869747161865 0.0 0.0 0.0 0.0 0.0 0.0 0.0 0.0 0.0 0.0 0.0 0.0
10.62060546875 4.478114128112793 5.100531101226807 4.992310047149658 4.970401287078857 5.00567102432251 4.992274761199951 4.94169807434082 5.020212650299072 5.064944744110107 5.077291011810303 5.219598770141602 5.097458839416504 5.112164497375488 5.09319543838501 5.152631759643555 5.2761921882629395 5.42713737487793 5.623786926269531 5.893354892730713 6.449672698974609 0.0 0.0 0.0 0.0 0.0 0.0 0.0 0.0 0.0 0.0 0.0
10.61616325378418 4.506130695343018 5.129993438720703 5.146695613861084 4.966237545013428 4.97511100769043 4.971684455871582 4.929872035980225 4.9743876457214355 4.999350070953369 5.092418193817139 5.122001647949219 5.111378192901611 5.1478705406188965 5.098684787750244 5.066623210906982 5.1480393409729 5.26945161819458 5.459973335266113 5.628066062927246 5.914987564086914 6.462998867034912 0.0 0.0 0.0 0.0 0.0 0.0 0.0 0.0 0.0 0.0
10.612884521484375 4.509589195251465 5.0746917724609375 5.009823322296143 4.892457485198975 4.966580390930176 5.00045108795166 4.9917402267456055 4.99942684173584 5.022170066833496 4.996330261230469 5.130148887634277 5.110208988189697 5.1491289138793945 5.110867977142334 5.028693675994873 5.04464054107666 5.101553916931152 5.262385368347168 5.466190814971924 5.762967586517334 5.9042816162109375 6.446107387542725 0.0 0.0 0.0 0.0 0.0 0.0 0.0 0.0 0.0
10.610466957092285 4.4593939781188965 5.113757133483887 5.1181745529174805 4.9291090965271 5.020345211029053 4.943049907684326 4.943851470947266 4.927337169647217 5.03413200378418 4.93701171875 5.170046806335449 5.014003753662109 5.052182197570801 5.025961399078369 5.039934158325195 5.024420738220215 5.018286228179932 5.092020034790039 5.301641464233398 5.4958367347717285 5.6361894607543945 5.876426696777344 6.478791236877441 0.0 0.0 0.0 0.0 0.0 0.0 0.0 0.0
10.607922554016113 4.471640586853027 5.222307205200195 5.124513149261475 4.871474266052246 4.912018299102783 4.933488845825195 4.893289089202881 5.005728721618652 5.013972282409668 4.938251972198486 5.111267566680908 5.0487060546875 5.033478260040283 5.018402099609375 5.052318096160889 5.013856887817383 5.024659156799316 4.9996232986450195 5.156477928161621 5.299049377441406 5.439701080322266 5.604297161102295 5.8455986976623535 6.458152770996094 0.0 0.0 0.0 0.0 0.0 0.0 0.0
10.603859901428223 4.423659801483154 5.061349391937256 5.0383219718933105 4.864211559295654 4.968686103820801 4.945570945739746 4.944466590881348 4.991849899291992 4.964328289031982 4.939751625061035 5.041885852813721 4.981982231140137 5.125398635864258 4.961577892303467 4.985677719116211 5.035195827484131 5.0304789543151855 5.0052170753479 5.0949602127075195 5.18936014175415 5.296262741088867 5.423362731933594 5.6558380126953125 6.002730846405029 6.431509971618652 0.0 0.0 0.0 0.0 0.0 0.0
10.599367141723633 4.434720993041992 5.059289455413818 4.930523872375488 4.883223533630371 4.893125534057617 4.938632965087891 4.865942478179932 4.918083190917969 4.960232257843018 4.939069747924805 5.262028217315674 5.054410934448242 5.2117204666137695 5.035587787628174 4.972362041473389 4.961738586425781 5.002691745758057 4.962518692016602 5.076437950134277 5.105678081512451 5.15813684463501 5.286647796630859 5.446440696716309 5.78875732421875 5.909545421600342 6.447208881378174 0.0 0.0 0.0 0.0 0.0
10.5999174118042 4.443034648895264 5.1164631843566895 4.897863388061523 4.872472286224365 4.883317470550537 4.906008243560791 4.898956298828125 4.91449499130249 4.899817943572998 4.904685974121094 5.229478359222412 5.044968605041504 5.058291435241699 5.0045928955078125 4.938754558563232 4.960175514221191 4.958930492401123 4.977868556976318 5.034592151641846 5.060710430145264 5.09290075302124 5.101081371307373 5.244986534118652 5.487648963928223 5.62691068649292 5.856739521026611 6.387316703796387 0.0 0.0 0.0 0.0
10.59809684753418 4.410557270050049 5.062628269195557 4.904294490814209 4.82910680770874 4.871764659881592 4.902897834777832 4.896702766418457 4.894662380218506 4.9275383949279785 4.866387367248535 5.153644561767578 4.99260950088501 5.128573894500732 4.935012340545654 4.961948394775391 4.927332878112793 4.926095008850098 4.927291393280029 5.0694684982299805 5.006070613861084 5.041403293609619 5.0352630615234375 5.10573148727417 5.308573246002197 5.477646350860596 5.5997819900512695 5.80715799331665 6.386434078216553 0.0 0.0 0.0
10.594597816467285 4.417442321777344 5.141237735748291 5.026482105255127 4.85530948638916 4.84665060043335 4.890129566192627 4.873206615447998 4.918777942657471 4.9473466873168945 4.8727617263793945 5.103121757507324 4.955114364624023 4.989925384521484 4.957775592803955 4.980807781219482 4.88249397277832 4.91633415222168 4.904360771179199 5.054503917694092 5.065028190612793 5.0484538078308105 4.98609733581543 5.012659549713135 5.192037105560303 5.2700653076171875 5.421606063842773 5.557817459106445 5.830160140991211 6.39581298828125 0.0 0.0
10.593660354614258 4.3575663566589355 5.031374931335449 4.979897975921631 4.815562725067139 4.895641803741455 4.899971961975098 4.832075119018555 4.876093864440918 4.908199787139893 4.884764194488525 5.102748870849609 4.951294422149658 4.9854559898376465 4.979682445526123 4.960334777832031 4.9178338050842285 4.892977237701416 4.881086826324463 4.953936576843262 5.027927875518799 5.044600963592529 4.960643768310547 4.9394755363464355 5.095378875732422 5.1153364181518555 5.213905334472656 5.3523736000061035 5.561043739318848 5.827205181121826 6.3847479820251465 0.0
10.588178634643555 4.416851043701172 5.113314151763916 4.995307922363281 4.879553318023682 4.8720879554748535 4.848217487335205 4.830201148986816 4.965102195739746 4.946231842041016 4.926687717437744 5.143640041351318 4.986887454986572 5.160598278045654 4.938983917236328 4.953832626342773 4.898521900177002 4.907207012176514 4.889679431915283 4.96970796585083 5.038816452026367 4.994012355804443 4.969648838043213 4.939368724822998 5.0239105224609375 5.022209167480469 5.081921577453613 5.197033405303955 5.438479900360107 5.570822238922119 5.834994316101074 6.366302013397217
