10.71379566192627 0.0 0.0 0.0 0.0 0.0 0.0 0.0 0.0 0.0 0.0 0.0 0.0 0.0 0.0 0.0 0.0 0.0 0.0 0.0 0.0 0.0 0.0 0.0 0.0 0.0 0.0 0.0 0.0 0.0 0.0 0.0
10.676473617553711 7.403438091278076 0.0 0.0 0.0 0.0 0.0 0.0 0.0 0.0 0.0 0.0 0.0 0.0 0.0 0.0 0.0 0.0 0.0 0.0 0.0 0.0 0.0 0.0 0.0 0.0 0.0 0.0 0.0 0.0 0.0 0.0
10.674765586853027 6.226430892944336 7.0981855392456055 0.0 0.0 0.0 0.0 0.0 0.0 0.0 0.0 0.0 0.0 0.0 0.0 0.0 0.0 0.0 0.0 0.0 0.0 0.0 0.0 0.0 0.0 0.0 0.0 0.0 0.0 0.0 0.0 0.0
10.665328025817871 6.036548614501953 6.217504024505615 7.091445446014404 0.0 0.0 0.0 0.0 0.0 0.0 0.0 0.0 0.0 0.0 0.0 0.0 0.0 0.0 0.0 0.0 0.0 0.0 0.0 0.0 0.0 0.0 0.0 0.0 0.0 0.0 0.0 0.0
10.659037590026855 5.865740776062012 5.971883773803711 6.225571155548096 7.038724899291992 0.0 0.0 0.0 0.0 0.0 0.0 0.0 0.0 0.0 0.0 0.0 0.0 0.0 0.0 0.0 0.0 0.0 0.0 0.0 0.0 0.0 0.0 0.0 0.0 0.0 0.0 0.0
10.649515151977539 6.029141426086426 6.040363788604736 5.91960334777832 6.197770595550537 6.997908592224121 0.0 0.0 0.0 0.0 0.0 0.0 0.0 0.0 0.0 0.0 0.0 0.0 0.0 0.0 0.0 0.0 0.0 0.0 0.0 0.0 0.0 0.0 0.0 0.0 0.0 0.0
10.649226188659668 5.798042297363281 5.739264488220215 5.888387203216553 5.741420745849609 6.083803176879883 6.960837364196777 0.0 0.0 0.0 0.0 0.0 0.0 0.0 0.0 0.0 0.0 0.0 0.0 0.0 0.0 0.0 0.0 0.0 0.0 0.0 0.0 0.0 0.0 0.0 0.0 0.0
10.642681121826172 6.079622268676758 5.779340744018555 5.670215606689453 5.569060325622559 5.805208683013916 6.05951452255249 6.916075706481934 0.0 0.0 0.0 0.0 0.0 0.0 0.0 0.0 0.0 0.0 0.0 0.0 0.0 0.0 0.0 0.0 0.0 0.0 0.0 0.0 0.0 0.0 0.0 0.0
10.634971618652344 5.72271728515625 5.975127220153809 5.730645179748535 6.104032516479492 5.649862289428711 5.712098121643066 6.013427734375 6.858311176300049 0.0 0.0 0.0 0.0 0.0 0.0 0.0 0.0 0.0 0.0 0.0 0.0 0.0 0.0 0.0 0.0 0.0 0.0 0.0 0.0 0.0 0.0 0.0
10.639747619628906 5.54306697845459 5.605239391326904 5.4998626708984375 5.568910121917725 5.506617546081543 5.561272621154785 5.597054481506348 5.955447196960449 6.9153242111206055 0.0 0.0 0.0 0.0 0.0 0.0 0.0 0.0 0.0 0.0 0.0 0.0 0.0 0.0 0.0 0.0 0.0 0.0 0.0 0.0 0.0 0.0
10.64026927947998 5.542112827301025 5.482486248016357 5.434675693511963 5.373328685760498 5.351387977600098 5.405767917633057 5.464605331420898 5.577089309692383 5.924760341644287 6.838932991027832 0.0 0.0 0.0 0.0 0.0 0.0 0.0 0.0 0.0 0.0 0.0 0.0 0.0 0.0 0.0 0.0 0.0 0.0 0.0 0.0 0.0
10.636213302612305 5.612843036651611 5.495095729827881 5.459526062011719 5.308084487915039 5.311443328857422 5.29830265045166 5.326691150665283 5.415427207946777 5.567342758178711 5.897000312805176 6.84357213973999 0.0 0.0 0.0 0.0 0.0 0.0 0.0 0.0 0.0 0.0 0.0 0.0 0.0 0.0 0.0 0.0 0.0 0.0 0.0 0.0
10.628337860107422 5.990328311920166 5.494056224822998 5.510396480560303 5.266960144042969 5.243334770202637 5.352693557739258 5.2726731300354 5.380913257598877 5.42427396774292 5.570383548736572 5.926827907562256 6.820983409881592 0.0 0.0 0.0 0.0 0.0 0.0 0.0 0.0 0.0 0.0 0.0 0.0 0.0 0.0 0.0 0.0 0.0 0.0 0.0
10.633490562438965 5.445075035095215 5.449634075164795 5.387934684753418 5.288340091705322 5.221548080444336 5.211876392364502 5.13526725769043 5.186885833740234 5.2423577308654785 5.345257759094238 5.504079341888428 5.81454610824585 6.787125110626221 0.0 0.0 0.0 0.0 0.0 0.0 0.0 0.0 0.0 0.0 0.0 0.0 0.0 0.0 0.0 0.0 0.0 0.0
10.628026962280273 5.463569164276123 5.4099602699279785 5.413410186767578 5.270261764526367 5.214638710021973 5.257964611053467 5.14345121383667 5.152357578277588 5.202174186706543 5.285511016845703 5.396941184997559 5.5940375328063965 5.874058723449707 6.7656073570251465 0.0 0.0 0.0 0.0 0.0 0.0 0.0 0.0 0.0 0.0 0.0 0.0 0.0 0.0 0.0 0.0 0.0
10.62555980682373 5.461703777313232 5.439357757568359 5.398629188537598 5.254310131072998 5.190373420715332 5.167968273162842 5.208548545837402 5.130817413330078 5.1127214431762695 5.159891605377197 5.2526373863220215 5.401040077209473 5.552488803863525 5.837130069732666 6.7490153312683105 0.0 0.0 0.0 0.0 0.0 0.0 0.0 0.0 0.0 0.0 0.0 0.0 0.0 0.0 0.0 0.0
10.619148254394531 5.457087516784668 5.380711078643799 5.3863205909729 5.337542533874512 5.409732341766357 5.2250776290893555 5.185370445251465 5.186308860778809 5.130508899688721 5.216858863830566 5.233024597167969 5.253711700439453 5.415914058685303 5.5486741065979 5.842237949371338 6.747838020324707 0.0 0.0 0.0 0.0 0.0 0.0 0.0 0.0 0.0 0.0 0.0 0.0 0.0 0.0 0.0
10.615791320800781 5.4069504737854 5.436849594116211 5.408817768096924 5.25417947769165 5.3847503662109375 5.260079383850098 5.1627044677734375 5.212397575378418 5.0329718589782715 5.02126932144165 5.51499605178833 5.179823875427246 5.353412628173828 5.332526206970215 5.525137424468994 5.8030924797058105 6.714538097381592 0.0 0.0 0.0 0.0 0.0 0.0 0.0 0.0 0.0 0.0 0.0 0.0 0.0 0.0
10.614363670349121 5.3766255378723145 5.424037456512451 5.389370441436768 5.240396499633789 5.245546817779541 5.2165398597717285 5.175172805786133 5.136046886444092 5.0976948738098145 5.054778575897217 5.4653120040893555 5.047607898712158 5.1319122314453125 5.183974742889404 5.376999378204346 5.512725830078125 5.791294097900391 6.717696666717529 0.0 0.0 0.0 0.0 0.0 0.0 0.0 0.0 0.0 0.0 0.0 0.0 0.0
10.603139877319336 5.347179412841797 5.400372505187988 5.4071364402771 5.290026664733887 5.217169761657715 5.2779927253723145 5.438398361206055 5.159865856170654 5.213486194610596 5.125491142272949 5.358819484710693 5.239223003387451 5.332839488983154 5.210597515106201 5.395438194274902 5.429137229919434 5.689842224121094 5.885238170623779 6.709629535675049 0.0 0.0 0.0 0.0 0.0 0.0 0.0 0.0 0.0 0.0 0.0 0.0
10.606165885925293 5.328524589538574 5.454222679138184 5.325780391693115 5.286602973937988 5.22359561920166 5.219723701477051 5.232369422912598 5.151434421539307 5.261929035186768 5.185361385345459 5.139429569244385 5.0033416748046875 5.200133800506592 5.19598388671875 5.137283802032471 5.158370494842529 5.3033342361450195 5.50218391418457 5.828502655029297 6.7172770500183105 0.0 0.0 0.0 0.0 0.0 0.0 0.0 0.0 0.0 0.0 0.0
10.603357315063477 5.3854570388793945 5.5221405029296875 5.50558614730835 5.294121265411377 5.229183673858643 5.208640098571777 5.169122219085693 5.143828392028809 5.1257476806640625 5.23777437210083 5.130593299865723 5.078385353088379 5.087153911590576 5.113739967346191 5.171541213989258 5.0466814041137695 5.155192852020264 5.290517807006836 5.458953380584717 5.747741222381592 6.684421539306641 0.0 0.0 0.0 0.0 0.0 0.0 0.0 0.0 0.0 0.0
10.598358154296875 5.386656761169434 5.394161701202393 5.4757795333862305 5.275724411010742 5.189380645751953 5.218073844909668 5.152624607086182 5.123696327209473 5.135024547576904 5.159290313720703 5.288742542266846 5.219040393829346 5.363076210021973 5.14588737487793 4.9921956062316895 5.035897731781006 5.042496204376221 5.166590690612793 5.304159641265869 5.489990711212158 5.7657647132873535 6.7014265060424805 0.0 0.0 0.0 0.0 0.0 0.0 0.0 0.0 0.0
10.596746444702148 5.3739728927612305 5.433430194854736 5.328643798828125 5.262339115142822 5.284261226654053 5.234561920166016 5.231290817260742 5.09326171875 5.140532493591309 5.151266098022461 5.249833583831787 5.182468414306641 5.193099021911621 5.016830921173096 4.967917442321777 5.019165992736816 4.979431629180908 5.068548202514648 5.148049831390381 5.287539005279541 5.468302249908447 5.800047397613525 6.688857078552246 0.0 0.0 0.0 0.0 0.0 0.0 0.0 0.0
10.589740753173828 5.3908772468566895 5.496445178985596 5.426715850830078 5.241998195648193 5.170835494995117 5.277629375457764 5.229185581207275 5.286372184753418 5.257071018218994 5.201478958129883 5.195472717285156 5.222888469696045 5.448965549468994 5.064688205718994 5.06342887878418 4.974221706390381 4.977451801300049 4.948303699493408 5.075291633605957 5.111518859863281 5.315864562988281 5.440905570983887 5.752427101135254 6.698093414306641 0.0 0.0 0.0 0.0 0.0 0.0 0.0
10.58275032043457 5.311310768127441 5.48355770111084 5.390081405639648 5.261016845703125 5.261944770812988 5.214218616485596 5.710334777832031 5.221066474914551 5.255597114562988 5.207526206970215 5.1768574714660645 5.227495193481445 5.30831241607666 5.0323710441589355 5.115500450134277 5.011853218078613 5.077718734741211 5.073703289031982 5.0486602783203125 5.1402201652526855 5.168108940124512 5.342885494232178 5.438570976257324 5.800065040588379 6.678318977355957 0.0 0.0 0.0 0.0 0.0 0.0
10.577899932861328 5.366168975830078 5.519702911376953 5.373353958129883 5.29085636138916 5.1606364250183105 5.242799282073975 5.1779046058654785 5.1341047286987305 5.147430419921875 5.297245025634766 5.668093204498291 5.283261775970459 5.51216459274292 5.430610656738281 5.124338626861572 4.930939197540283 5.022919654846191 4.993333339691162 5.091000080108643 4.93418025970459 4.991927146911621 5.156978607177734 5.2572808265686035 5.512444019317627 5.782197952270508 6.674247741699219 0.0 0.0 0.0 0.0 0.0
10.581165313720703 5.285363674163818 5.430413246154785 5.3153977394104 5.278779983520508 5.212821006774902 5.309355735778809 5.185795307159424 5.134234428405762 5.135943412780762 5.2754621505737305 5.539231777191162 5.232868194580078 5.211997985839844 5.1091837882995605 5.120766639709473 5.005128383636475 4.9375505447387695 4.988173007965088 5.020308494567871 4.859869956970215 4.90640926361084 5.048614978790283 5.114531517028809 5.312997817993164 5.467154502868652 5.740938663482666 6.646999359130859 0.0 0.0 0.0 0.0
10.581960678100586 5.280903339385986 5.410206317901611 5.357806205749512 5.285088539123535 5.206089973449707 5.19710111618042 5.237578868865967 5.127680778503418 5.14031457901001 5.105103969573975 5.531069755554199 5.168532371520996 5.167115211486816 4.995868682861328 5.059947967529297 4.948548793792725 4.989809989929199 4.864624977111816 5.137135982513428 4.870856285095215 4.901694297790527 4.958362579345703 5.029940605163574 5.052890777587891 5.216481685638428 5.427204132080078 5.693912506103516 6.605390548706055 0.0 0.0 0.0
10.572747230529785 5.336350440979004 5.5505242347717285 5.359737873077393 5.233096599578857 5.240782260894775 5.237926006317139 5.229465007781982 5.1629180908203125 5.187530517578125 5.144733428955078 5.658908843994141 5.144723415374756 5.259356498718262 5.081096649169922 5.175220012664795 4.934479236602783 4.965663909912109 4.930488109588623 5.276983737945557 4.821475028991699 4.9474711418151855 4.911303997039795 4.922408580780029 5.055579662322998 5.155444145202637 5.28892707824707 5.381616115570068 5.720202445983887 6.633648872375488 0.0 0.0
10.565779685974121 5.3043131828308105 5.439549922943115 5.3751749992370605 5.240026473999023 5.301321506500244 5.282481670379639 5.185011386871338 5.116456508636475 5.087640285491943 5.201653957366943 5.257155418395996 5.1345438957214355 5.219135761260986 5.300653457641602 5.421263217926025 5.079455852508545 5.286971569061279 5.774763107299805 4.918446063995361 4.976896286010742 4.926328659057617 5.108993053436279 4.879700660705566 4.929341793060303 5.0077314376831055 5.067383289337158 5.192853927612305 5.381609916687012 5.676487922668457 6.6208648681640625 0.0
10.553628921508789 5.316726207733154 5.520152568817139 5.436624050140381 5.322566986083984 5.245967864990234 5.24665641784668 5.208740234375 5.237903594970703 5.293506145477295 5.258172035217285 5.428843021392822 5.179050445556641 5.335117816925049 5.095242977142334 5.169771194458008 5.0163397789001465 5.315737247467041 5.8445048332214355 5.2603325843811035 5.02746057510376 5.076401233673096 5.255566120147705 4.982640266418457 4.8891282081604 4.950870037078857 5.023082733154297 5.128281593322754 5.198152542114258 5.351633071899414 5.846213340759277 6.67310094833374
