10.71379566192627 0.0 0.0 0.0 0.0 0.0 0.0 0.0 0.0 0.0 0.0 0.0 0.0 0.0 0.0 0.0 0.0 0.0 0.0 0.0 0.0 0.0 0.0 0.0 0.0 0.0 0.0 0.0 0.0 0.0 0.0 0.0
10.689966201782227 6.958415985107422 0.0 0.0 0.0 0.0 0.0 0.0 0.0 0.0 0.0 0.0 0.0 0.0 0.0 0.0 0.0 0.0 0.0 0.0 0.0 0.0 0.0 0.0 0.0 0.0 0.0 0.0 0.0 0.0 0.0 0.0
10.614712715148926 8.160435676574707 6.602550983428955 0.0 0.0 0.0 0.0 0.0 0.0 0.0 0.0 0.0 0.0 0.0 0.0 0.0 0.0 0.0 0.0 0.0 0.0 0.0 0.0 0.0 0.0 0.0 0.0 0.0 0.0 0.0 0.0 0.0
10.54312801361084 7.877080917358398 8.196953773498535 6.664765357971191 0.0 0.0 0.0 0.0 0.0 0.0 0.0 0.0 0.0 0.0 0.0 0.0 0.0 0.0 0.0 0.0 0.0 0.0 0.0 0.0 0.0 0.0 0.0 0.0 0.0 0.0 0.0 0.0
10.487397193908691 7.459929943084717 7.987924098968506 8.203081130981445 6.647721767425537 0.0 0.0 0.0 0.0 0.0 0.0 0.0 0.0 0.0 0.0 0.0 0.0 0.0 0.0 0.0 0.0 0.0 0.0 0.0 0.0 0.0 0.0 0.0 0.0 0.0 0.0 0.0
10.449371337890625 7.129061222076416 7.579793453216553 7.980175971984863 8.181239128112793 6.608677387237549 0.0 0.0 0.0 0.0 0.0 0.0 0.0 0.0 0.0 0.0 0.0 0.0 0.0 0.0 0.0 0.0 0.0 0.0 0.0 0.0 0.0 0.0 0.0 0.0 0.0 0.0
10.428643226623535 6.819463729858398 7.169247150421143 7.581034183502197 7.956750392913818 8.14045524597168 6.538556098937988 0.0 0.0 0.0 0.0 0.0 0.0 0.0 0.0 0.0 0.0 0.0 0.0 0.0 0.0 0.0 0.0 0.0 0.0 0.0 0.0 0.0 0.0 0.0 0.0 0.0
10.412009239196777 6.546921253204346 6.886906147003174 7.205476760864258 7.560206413269043 7.925339221954346 8.110579490661621 6.507173538208008 0.0 0.0 0.0 0.0 0.0 0.0 0.0 0.0 0.0 0.0 0.0 0.0 0.0 0.0 0.0 0.0 0.0 0.0 0.0 0.0 0.0 0.0 0.0 0.0
10.397916793823242 6.2986602783203125 6.663058757781982 6.904314041137695 7.203039169311523 7.5351386070251465 7.895811080932617 8.094182014465332 6.512884616851807 0.0 0.0 0.0 0.0 0.0 0.0 0.0 0.0 0.0 0.0 0.0 0.0 0.0 0.0 0.0 0.0 0.0 0.0 0.0 0.0 0.0 0.0 0.0
10.381393432617188 6.076882839202881 6.4404296875 6.695298194885254 6.891538619995117 7.145488739013672 7.49277925491333 7.893864154815674 8.137313842773438 6.541332721710205 0.0 0.0 0.0 0.0 0.0 0.0 0.0 0.0 0.0 0.0 0.0 0.0 0.0 0.0 0.0 0.0 0.0 0.0 0.0 0.0 0.0 0.0
10.371706008911133 5.768371105194092 6.185583114624023 6.460628986358643 6.632683277130127 6.826331615447998 7.130974769592285 7.505247116088867 7.9002685546875 8.147433280944824 6.517239570617676 0.0 0.0 0.0 0.0 0.0 0.0 0.0 0.0 0.0 0.0 0.0 0.0 0.0 0.0 0.0 0.0 0.0 0.0 0.0 0.0 0.0
10.365433692932129 5.627065181732178 5.940628528594971 6.179840564727783 6.395572185516357 6.596386432647705 6.808549880981445 7.129065990447998 7.4926276206970215 7.8984575271606445 8.136725425720215 6.538787841796875 0.0 0.0 0.0 0.0 0.0 0.0 0.0 0.0 0.0 0.0 0.0 0.0 0.0 0.0 0.0 0.0 0.0 0.0 0.0 0.0
10.351022720336914 5.552436828613281 5.770530700683594 5.959218978881836 6.147091388702393 6.362292766571045 6.572956085205078 6.8673577308654785 7.175666809082031 7.526926040649414 7.891534328460693 8.151689529418945 6.521831512451172 0.0 0.0 0.0 0.0 0.0 0.0 0.0 0.0 0.0 0.0 0.0 0.0 0.0 0.0 0.0 0.0 0.0 0.0 0.0
10.352283477783203 5.368949890136719 5.659061908721924 5.745420932769775 5.899420738220215 6.101027011871338 6.304930686950684 6.568325042724609 6.833911418914795 7.150191307067871 7.505387306213379 7.904272079467773 8.115222930908203 6.518946647644043 0.0 0.0 0.0 0.0 0.0 0.0 0.0 0.0 0.0 0.0 0.0 0.0 0.0 0.0 0.0 0.0 0.0 0.0
10.336636543273926 5.179288387298584 5.582979202270508 5.645195484161377 5.735799789428711 5.878385543823242 6.090953826904297 6.337380886077881 6.5840163230896 6.922885894775391 7.180525302886963 7.534715175628662 7.8977251052856445 8.14120864868164 6.514764785766602 0.0 0.0 0.0 0.0 0.0 0.0 0.0 0.0 0.0 0.0 0.0 0.0 0.0 0.0 0.0 0.0 0.0
10.338309288024902 4.973830699920654 5.454206943511963 5.546066761016846 5.628908634185791 5.73459529876709 5.881467819213867 6.064614295959473 6.332275390625 6.591406345367432 6.831257343292236 7.1706695556640625 7.507554054260254 7.904959678649902 8.10792350769043 6.5361127853393555 0.0 0.0 0.0 0.0 0.0 0.0 0.0 0.0 0.0 0.0 0.0 0.0 0.0 0.0 0.0 0.0
10.332441329956055 4.75721549987793 5.239741325378418 5.396562099456787 5.51522159576416 5.561432361602783 5.70346736907959 5.891486644744873 6.105903148651123 6.417328357696533 6.619598388671875 6.870567321777344 7.145767688751221 7.511268138885498 7.872853755950928 8.124190330505371 6.530031204223633 0.0 0.0 0.0 0.0 0.0 0.0 0.0 0.0 0.0 0.0 0.0 0.0 0.0 0.0 0.0
10.337557792663574 4.688694000244141 5.041746139526367 5.208601474761963 5.327890396118164 5.4316277503967285 5.532543182373047 5.684525489807129 5.856239318847656 6.125446319580078 6.3460869789123535 6.578929424285889 6.80220890045166 7.128570556640625 7.48557710647583 7.877895355224609 8.106736183166504 6.531924724578857 0.0 0.0 0.0 0.0 0.0 0.0 0.0 0.0 0.0 0.0 0.0 0.0 0.0 0.0
10.334921836853027 4.6350789070129395 4.898938179016113 5.0334978103637695 5.1080403327941895 5.266793727874756 5.393805027008057 5.530429363250732 5.649981498718262 5.829965591430664 6.0729241371154785 6.343313694000244 6.568328380584717 6.830460548400879 7.12551212310791 7.506331443786621 7.872987747192383 8.108829498291016 6.518558979034424 0.0 0.0 0.0 0.0 0.0 0.0 0.0 0.0 0.0 0.0 0.0 0.0 0.0
10.324317932128906 4.557189464569092 4.82072114944458 4.873963356018066 4.93565034866333 5.095125198364258 5.257972240447998 5.462616443634033 5.536240100860596 5.704829216003418 5.8533549308776855 6.103390216827393 6.350743770599365 6.595135688781738 6.833781719207764 7.147317886352539 7.499990463256836 7.888490676879883 8.13349723815918 6.531137466430664 0.0 0.0 0.0 0.0 0.0 0.0 0.0 0.0 0.0 0.0 0.0 0.0
10.331089973449707 4.341387748718262 4.749631404876709 4.82231330871582 4.791125297546387 4.882464408874512 5.03198766708374 5.230014801025391 5.40898323059082 5.523703098297119 5.66413688659668 5.845639228820801 6.063157558441162 6.318305015563965 6.556489944458008 6.7982563972473145 7.131473541259766 7.511748313903809 7.8754377365112305 8.097620964050293 6.543278217315674 0.0 0.0 0.0 0.0 0.0 0.0 0.0 0.0 0.0 0.0 0.0
10.326396942138672 4.065822124481201 4.606418609619141 4.741455078125 4.728315353393555 4.775115013122559 4.855152130126953 5.01668119430542 5.208004474639893 5.3852715492248535 5.504363536834717 5.652716636657715 5.821783065795898 6.078143119812012 6.336260795593262 6.57136869430542 6.841496467590332 7.1446943283081055 7.502230167388916 7.873523712158203 8.113603591918945 6.533688545227051 0.0 0.0 0.0 0.0 0.0 0.0 0.0 0.0 0.0 0.0
10.320785522460938 3.879744052886963 4.42554235458374 4.643383026123047 4.7175703048706055 4.710443496704102 4.740725040435791 4.864430904388428 5.055117607116699 5.333193302154541 5.4154253005981445 5.562675952911377 5.680933475494385 5.862765789031982 6.088362216949463 6.344606399536133 6.58591365814209 6.861074447631836 7.155852794647217 7.5282111167907715 7.872816562652588 8.093084335327148 6.5288496017456055 0.0 0.0 0.0 0.0 0.0 0.0 0.0 0.0 0.0
10.316117286682129 3.809725284576416 4.267292022705078 4.463942527770996 4.597806453704834 4.6291608810424805 4.643711566925049 4.716751575469971 4.856888294219971 5.082365036010742 5.2640910148620605 5.41155481338501 5.491981029510498 5.651628017425537 5.856841564178467 6.083486557006836 6.382120132446289 6.642941474914551 6.84005069732666 7.16656494140625 7.501448631286621 7.8850016593933105 8.115022659301758 6.560124397277832 0.0 0.0 0.0 0.0 0.0 0.0 0.0 0.0
10.311325073242188 4.024936199188232 4.323385715484619 4.520720958709717 4.593952655792236 4.57144021987915 4.711399555206299 4.722214221954346 4.803232192993164 4.971622943878174 5.144333839416504 5.381951332092285 5.374480247497559 5.539802551269531 5.693131446838379 5.877777099609375 6.119139671325684 6.335577487945557 6.571924686431885 6.846264362335205 7.1475749015808105 7.50389289855957 7.876353740692139 8.119170188903809 6.579924583435059 0.0 0.0 0.0 0.0 0.0 0.0 0.0
10.31246280670166 4.025317668914795 4.3072190284729 4.307276725769043 4.404311180114746 4.4041266441345215 4.590766429901123 4.662302494049072 4.750546932220459 4.903411865234375 4.941824436187744 5.0633134841918945 5.184051036834717 5.365667343139648 5.522569179534912 5.6504621505737305 5.885359287261963 6.082045078277588 6.345891952514648 6.579891204833984 6.829085826873779 7.1378021240234375 7.4950947761535645 7.864076137542725 8.147700309753418 6.5258917808532715 0.0 0.0 0.0 0.0 0.0 0.0
10.31298542022705 3.744086265563965 4.307689189910889 4.336826801300049 4.2638959884643555 4.219236373901367 4.404165267944336 4.514583587646484 4.642274856567383 4.693502426147461 4.747003555297852 4.8535637855529785 4.970398902893066 5.212582111358643 5.399510383605957 5.483281135559082 5.683680057525635 5.840448379516602 6.078758716583252 6.357028484344482 6.5957536697387695 6.849721908569336 7.15476131439209 7.513289451599121 7.864739418029785 8.112981796264648 6.567196369171143 0.0 0.0 0.0 0.0 0.0
10.31186580657959 3.5294651985168457 4.152464866638184 4.343705654144287 4.271226406097412 4.154250144958496 4.258265972137451 4.357241630554199 4.554576873779297 4.622870922088623 4.6787004470825195 4.8391804695129395 4.812473297119141 5.045031547546387 5.219499111175537 5.425902843475342 5.526402950286865 5.655943393707275 5.854840278625488 6.085731029510498 6.34597110748291 6.579096794128418 6.858913898468018 7.158114433288574 7.498500823974609 7.861993312835693 8.117552757263184 6.535643577575684 0.0 0.0 0.0 0.0
10.315591812133789 3.2347941398620605 3.872634172439575 4.1986613273620605 4.268927574157715 4.219339847564697 4.13635778427124 4.1772050857543945 4.300981044769287 4.469311237335205 4.5557966232299805 4.617137432098389 4.63977575302124 4.772984027862549 4.959505558013916 5.145675182342529 5.3292670249938965 5.47335147857666 5.624912738800049 5.816558837890625 6.080418109893799 6.3278679847717285 6.578831195831299 6.822109222412109 7.148678779602051 7.493131637573242 7.906136512756348 8.096442222595215 6.560527324676514 0.0 0.0 0.0
10.315601348876953 3.166304111480713 3.5709896087646484 3.961228370666504 4.149001598358154 4.210361957550049 4.1674675941467285 4.139697074890137 4.174716472625732 4.299193859100342 4.45481538772583 4.553201675415039 4.637173175811768 4.661871910095215 4.783895969390869 4.971462726593018 5.152608394622803 5.322967052459717 5.487110614776611 5.632638931274414 5.860945701599121 6.105782985687256 6.335435390472412 6.588722229003906 6.833730220794678 7.1296000480651855 7.528901100158691 7.860965728759766 8.090198516845703 6.576381206512451 0.0 0.0
10.318198204040527 3.246936798095703 3.3769521713256836 3.64374041557312 3.873769998550415 4.088949680328369 4.151021480560303 4.13479471206665 4.103504180908203 4.111111640930176 4.258406162261963 4.435077667236328 4.539161205291748 4.599876880645752 4.658932685852051 4.76379919052124 4.948114395141602 5.141520977020264 5.325469493865967 5.485730171203613 5.63706636428833 5.852209091186523 6.083839416503906 6.329655170440674 6.572605133056641 6.829914569854736 7.177184104919434 7.488054275512695 7.85925817489624 8.088187217712402 6.547603130340576 0.0
10.314757347106934 3.5904510021209717 3.4603304862976074 3.458561420440674 3.6308279037475586 3.9203877449035645 4.063373565673828 4.173189640045166 4.157348155975342 4.298652172088623 4.3146138191223145 4.343490123748779 4.45775032043457 4.622054576873779 4.615008354187012 4.646015167236328 4.818634033203125 4.953683853149414 5.217250347137451 5.340087413787842 5.505690574645996 5.647602558135986 5.851862907409668 6.1098785400390625 6.3522772789001465 6.5869011878967285 6.866343021392822 7.13994836807251 7.506091594696045 7.8410162925720215 8.075252532958984 6.5709638595581055
