10.71379566192627 0.0 0.0 0.0 0.0 0.0 0.0 0.0 0.0 0.0 0.0 0.0 0.0 0.0 0.0 0.0 0.0 0.0 0.0 0.0 0.0 0.0 0.0 0.0 0.0 0.0 0.0 0.0 0.0 0.0 0.0 0.0
10.639054298400879 8.081409454345703 0.0 0.0 0.0 0.0 0.0 0.0 0.0 0.0 0.0 0.0 0.0 0.0 0.0 0.0 0.0 0.0 0.0 0.0 0.0 0.0 0.0 0.0 0.0 0.0 0.0 0.0 0.0 0.0 0.0 0.0
10.600994110107422 7.3234171867370605 8.094330787658691 0.0 0.0 0.0 0.0 0.0 0.0 0.0 0.0 0.0 0.0 0.0 0.0 0.0 0.0 0.0 0.0 0.0 0.0 0.0 0.0 0.0 0.0 0.0 0.0 0.0 0.0 0.0 0.0 0.0
10.589163780212402 6.5116682052612305 7.445187091827393 7.965260982513428 0.0 0.0 0.0 0.0 0.0 0.0 0.0 0.0 0.0 0.0 0.0 0.0 0.0 0.0 0.0 0.0 0.0 0.0 0.0 0.0 0.0 0.0 0.0 0.0 0.0 0.0 0.0 0.0
10.573213577270508 6.058279514312744 6.480702877044678 7.477089881896973 8.021112442016602 0.0 0.0 0.0 0.0 0.0 0.0 0.0 0.0 0.0 0.0 0.0 0.0 0.0 0.0 0.0 0.0 0.0 0.0 0.0 0.0 0.0 0.0 0.0 0.0 0.0 0.0 0.0
10.559375762939453 5.79750394821167 5.952943801879883 6.496169567108154 7.461060047149658 8.105549812316895 0.0 0.0 0.0 0.0 0.0 0.0 0.0 0.0 0.0 0.0 0.0 0.0 0.0 0.0 0.0 0.0 0.0 0.0 0.0 0.0 0.0 0.0 0.0 0.0 0.0 0.0
10.550328254699707 5.656497001647949 5.616103649139404 5.9102277755737305 6.459342956542969 7.734615802764893 7.979892253875732 0.0 0.0 0.0 0.0 0.0 0.0 0.0 0.0 0.0 0.0 0.0 0.0 0.0 0.0 0.0 0.0 0.0 0.0 0.0 0.0 0.0 0.0 0.0 0.0 0.0
10.550616264343262 5.5766377449035645 5.482781887054443 5.669034004211426 6.025182723999023 6.8122053146362305 7.448644161224365 7.983033657073975 0.0 0.0 0.0 0.0 0.0 0.0 0.0 0.0 0.0 0.0 0.0 0.0 0.0 0.0 0.0 0.0 0.0 0.0 0.0 0.0 0.0 0.0 0.0 0.0
10.555987358093262 5.407159328460693 5.3732147216796875 5.413890838623047 5.574702739715576 5.96042537689209 6.442046165466309 7.511173725128174 7.933358669281006 0.0 0.0 0.0 0.0 0.0 0.0 0.0 0.0 0.0 0.0 0.0 0.0 0.0 0.0 0.0 0.0 0.0 0.0 0.0 0.0 0.0 0.0 0.0
10.554566383361816 5.266892910003662 5.248060703277588 5.333347320556641 5.426021575927734 5.707211971282959 5.960526466369629 6.639820575714111 7.489093780517578 7.8451247215271 0.0 0.0 0.0 0.0 0.0 0.0 0.0 0.0 0.0 0.0 0.0 0.0 0.0 0.0 0.0 0.0 0.0 0.0 0.0 0.0 0.0 0.0
10.549799919128418 5.085909366607666 5.078739643096924 5.327703475952148 5.355861186981201 5.543784141540527 5.732882976531982 5.991053581237793 6.619848728179932 7.387551784515381 7.910708904266357 0.0 0.0 0.0 0.0 0.0 0.0 0.0 0.0 0.0 0.0 0.0 0.0 0.0 0.0 0.0 0.0 0.0 0.0 0.0 0.0 0.0
10.560635566711426 4.951811790466309 4.879890441894531 5.059708595275879 5.232697486877441 5.354559421539307 5.421371936798096 5.551617622375488 5.878320693969727 6.445438385009766 7.3935980796813965 7.805670261383057 0.0 0.0 0.0 0.0 0.0 0.0 0.0 0.0 0.0 0.0 0.0 0.0 0.0 0.0 0.0 0.0 0.0 0.0 0.0 0.0
10.560705184936523 4.924386978149414 4.859466552734375 4.8725714683532715 5.049622058868408 5.276435852050781 5.324970245361328 5.412211894989014 5.559900760650635 5.85302209854126 6.445474147796631 7.381158828735352 7.764816761016846 0.0 0.0 0.0 0.0 0.0 0.0 0.0 0.0 0.0 0.0 0.0 0.0 0.0 0.0 0.0 0.0 0.0 0.0 0.0
10.557633399963379 4.961075305938721 4.8608527183532715 4.803774833679199 4.8759636878967285 5.218789577484131 5.248856067657471 5.429042339324951 5.483523368835449 5.539873123168945 6.050785064697266 6.3727521896362305 7.334765911102295 7.753538608551025 0.0 0.0 0.0 0.0 0.0 0.0 0.0 0.0 0.0 0.0 0.0 0.0 0.0 0.0 0.0 0.0 0.0 0.0
10.554092407226562 4.9489264488220215 4.905966758728027 4.846363544464111 4.81741189956665 4.927405834197998 5.04349422454834 5.251758575439453 5.4060893058776855 5.432739734649658 5.68903112411499 5.848128318786621 6.368931770324707 7.379228115081787 7.758744716644287 0.0 0.0 0.0 0.0 0.0 0.0 0.0 0.0 0.0 0.0 0.0 0.0 0.0 0.0 0.0 0.0 0.0
10.535852432250977 4.861764907836914 4.878331184387207 4.910385608673096 4.823935031890869 4.855062961578369 4.86154842376709 5.067923545837402 5.312509059906006 5.446765422821045 5.478983402252197 5.658571720123291 5.856259346008301 6.499179363250732 7.622110366821289 7.770439147949219 0.0 0.0 0.0 0.0 0.0 0.0 0.0 0.0 0.0 0.0 0.0 0.0 0.0 0.0 0.0 0.0
10.545329093933105 4.7866950035095215 4.791118144989014 4.87592077255249 4.873231887817383 4.903182029724121 4.7656779289245605 4.874842643737793 5.094552040100098 5.282288551330566 5.470898628234863 5.473549842834473 5.594533443450928 5.852678298950195 6.404665470123291 7.408149242401123 7.772436618804932 0.0 0.0 0.0 0.0 0.0 0.0 0.0 0.0 0.0 0.0 0.0 0.0 0.0 0.0 0.0
10.545391082763672 4.759588718414307 4.624565124511719 4.794254779815674 4.860805511474609 4.986047744750977 4.900908470153809 4.847744464874268 4.943110942840576 5.064921855926514 5.340639114379883 5.469030857086182 5.416862487792969 5.5974273681640625 5.834095001220703 6.398905277252197 7.4123029708862305 7.71812629699707 0.0 0.0 0.0 0.0 0.0 0.0 0.0 0.0 0.0 0.0 0.0 0.0 0.0 0.0
10.537179946899414 4.766170978546143 4.538419246673584 4.611211776733398 4.723838806152344 5.01754093170166 4.949856281280518 4.866697788238525 4.832212448120117 5.053334712982178 5.213720321655273 5.366138458251953 5.4154887199401855 5.500776767730713 5.631290435791016 5.838921070098877 6.439034461975098 7.4546122550964355 7.74205207824707 0.0 0.0 0.0 0.0 0.0 0.0 0.0 0.0 0.0 0.0 0.0 0.0 0.0
10.53402042388916 4.784239292144775 4.594930171966553 4.591091156005859 4.572071075439453 4.812093257904053 4.824526786804199 4.963536262512207 4.901121616363525 4.873228073120117 5.018260478973389 5.129887104034424 5.247364521026611 5.480647087097168 5.503864288330078 5.606408596038818 5.884510517120361 6.433182716369629 7.431028366088867 7.77778434753418 0.0 0.0 0.0 0.0 0.0 0.0 0.0 0.0 0.0 0.0 0.0 0.0
10.533590316772461 4.795356750488281 4.66420841217041 4.628812313079834 4.5281081199646 4.648016452789307 4.676373481750488 4.872291088104248 4.928029537200928 4.952168941497803 4.918753147125244 4.942443370819092 5.136190891265869 5.270580291748047 5.4235100746154785 5.422519683837891 5.640984058380127 5.852272033691406 6.447847366333008 7.442425727844238 7.742209434509277 0.0 0.0 0.0 0.0 0.0 0.0 0.0 0.0 0.0 0.0 0.0
10.521726608276367 4.768710136413574 4.751362323760986 4.933166980743408 4.666107654571533 5.183110237121582 4.688310146331787 4.786038398742676 4.852712154388428 5.057776927947998 5.199091911315918 5.203717231750488 4.916616439819336 5.238723278045654 5.3681488037109375 5.4050822257995605 5.452859878540039 5.608829975128174 5.909210681915283 6.433960437774658 7.43799352645874 7.766595363616943 0.0 0.0 0.0 0.0 0.0 0.0 0.0 0.0 0.0 0.0
10.524741172790527 4.629303455352783 4.5826520919799805 4.691756248474121 4.610386848449707 4.680815696716309 4.528424263000488 4.588367462158203 4.737453460693359 4.9576921463012695 5.0979084968566895 4.998779296875 4.89573860168457 5.01931095123291 5.149060249328613 5.27095365524292 5.456026554107666 5.410704612731934 5.603546619415283 5.8748321533203125 6.454220294952393 7.495774745941162 7.736734867095947 0.0 0.0 0.0 0.0 0.0 0.0 0.0 0.0 0.0
10.518616676330566 4.5077338218688965 4.38004732131958 4.582900047302246 4.604808330535889 4.613867282867432 4.513590335845947 4.561477184295654 4.576231956481934 4.75380802154541 4.942151069641113 5.147338390350342 4.9290618896484375 4.916989326477051 4.924829959869385 5.111973762512207 5.2937912940979 5.365603923797607 5.474859237670898 5.620387554168701 5.864591121673584 6.49446964263916 7.476708889007568 7.824251174926758 0.0 0.0 0.0 0.0 0.0 0.0 0.0 0.0
10.512022018432617 4.533448696136475 4.306911468505859 4.465081214904785 4.525043964385986 4.614813804626465 4.541055202484131 4.513720989227295 4.581899642944336 4.549218654632568 4.7846174240112305 5.0857768058776855 4.937835216522217 4.945746421813965 4.908815860748291 4.996560096740723 5.078856468200684 5.236222743988037 5.396742343902588 5.4394145011901855 5.557477951049805 5.897881507873535 6.486510276794434 7.520503520965576 7.869860649108887 0.0 0.0 0.0 0.0 0.0 0.0 0.0
10.515909194946289 4.583489418029785 4.34303092956543 4.379512310028076 4.416051387786865 4.594762802124023 4.548426151275635 4.635944843292236 4.502274036407471 4.434654235839844 4.680166721343994 4.82326602935791 4.9081902503967285 4.978626728057861 4.972701072692871 4.893612384796143 4.993490695953369 5.091450214385986 5.288179397583008 5.396068572998047 5.428025245666504 5.580106735229492 5.9135918617248535 6.526726245880127 7.517970561981201 7.762917995452881 0.0 0.0 0.0 0.0 0.0 0.0
10.50869369506836 4.623208999633789 4.456048965454102 4.439554691314697 4.348390102386475 4.39821195602417 4.436352729797363 4.558285713195801 4.612053871154785 4.562767028808594 4.6874895095825195 4.734572887420654 4.779345989227295 4.916668891906738 5.056746959686279 4.891026020050049 4.9436140060424805 4.9344587326049805 5.090795993804932 5.247838497161865 5.384305477142334 5.433188438415527 5.608829975128174 6.075572967529297 6.518256187438965 7.519006729125977 7.803391933441162 0.0 0.0 0.0 0.0 0.0
10.507762908935547 4.539737701416016 4.4599289894104 4.506875514984131 4.348790168762207 4.374348163604736 4.357358455657959 4.424993515014648 4.524474143981934 4.565176486968994 4.698367118835449 4.693300247192383 4.6040940284729 4.875712871551514 4.994716644287109 4.961108207702637 4.953010082244873 4.843589782714844 4.935869216918945 5.069592475891113 5.276423931121826 5.3574957847595215 5.4457316398620605 5.626345634460449 5.976592540740967 6.537283897399902 7.537269592285156 7.784439563751221 0.0 0.0 0.0 0.0
10.50796127319336 4.455738067626953 4.376471042633057 4.500077724456787 4.405106067657471 4.40533447265625 4.317880153656006 4.675766944885254 4.454484939575195 4.527369499206543 4.618011474609375 4.5365891456604 4.564354419708252 4.66912317276001 4.797424793243408 4.960229873657227 5.005454063415527 4.955338001251221 4.912219047546387 4.911100387573242 5.117259979248047 5.278448104858398 5.375925540924072 5.578166484832764 5.607816219329834 5.900874137878418 6.488085746765137 7.512635707855225 7.77666711807251 0.0 0.0 0.0
10.509698867797852 4.422761917114258 4.24022912979126 4.403114318847656 4.432080268859863 4.494860649108887 4.353812217712402 4.288267612457275 4.330423831939697 4.3841142654418945 4.630648136138916 4.577991008758545 4.571360111236572 4.53996467590332 4.69026517868042 4.798958778381348 4.893456935882568 4.980853080749512 4.927685737609863 4.844858646392822 4.930964946746826 5.0829854011535645 5.232095718383789 5.506351470947266 5.449840545654297 5.566542148590088 5.9172043800354 6.514613628387451 7.466381072998047 7.780386924743652 0.0 0.0
10.502547264099121 4.509500980377197 4.11103630065918 4.251944541931152 4.433129787445068 5.571690082550049 4.48156213760376 4.311933517456055 4.308445930480957 4.345813751220703 4.655267238616943 4.602065086364746 4.5460429191589355 4.716491222381592 4.725412368774414 4.691296100616455 4.869584560394287 4.891225814819336 4.949200630187988 4.88299560546875 4.796139240264893 4.962967872619629 5.049561500549316 5.3484110832214355 5.382131576538086 5.442813396453857 5.585854530334473 5.856837749481201 6.431613445281982 7.473174571990967 7.794439792633057 0.0
10.49935245513916 4.57799768447876 4.131040573120117 4.160043716430664 4.308469295501709 5.151689529418945 4.54268217086792 4.463891983032227 4.3101606369018555 4.348942756652832 4.471120357513428 4.496170520782471 4.55617094039917 4.62169075012207 4.564160346984863 4.590307712554932 4.745264053344727 4.758821487426758 4.951045036315918 4.886580944061279 4.893172264099121 4.8954596519470215 4.90479040145874 5.199994087219238 5.266210079193115 5.355284690856934 5.453420639038086 5.593864440917969 5.894554615020752 6.5051984786987305 7.513857841491699 7.799383640289307
