10.71379566192627 0.0 0.0 0.0 0.0 0.0 0.0 0.0 0.0 0.0 0.0 0.0 0.0 0.0 0.0 0.0 0.0 0.0 0.0 0.0 0.0 0.0 0.0 0.0 0.0 0.0 0.0 0.0 0.0 0.0 0.0 0.0
10.66773509979248 7.610929489135742 0.0 0.0 0.0 0.0 0.0 0.0 0.0 0.0 0.0 0.0 0.0 0.0 0.0 0.0 0.0 0.0 0.0 0.0 0.0 0.0 0.0 0.0 0.0 0.0 0.0 0.0 0.0 0.0 0.0 0.0
10.630456924438477 7.0504984855651855 7.798296928405762 0.0 0.0 0.0 0.0 0.0 0.0 0.0 0.0 0.0 0.0 0.0 0.0 0.0 0.0 0.0 0.0 0.0 0.0 0.0 0.0 0.0 0.0 0.0 0.0 0.0 0.0 0.0 0.0 0.0
10.607088088989258 6.589444160461426 7.2317070960998535 7.797987461090088 0.0 0.0 0.0 0.0 0.0 0.0 0.0 0.0 0.0 0.0 0.0 0.0 0.0 0.0 0.0 0.0 0.0 0.0 0.0 0.0 0.0 0.0 0.0 0.0 0.0 0.0 0.0 0.0
10.590770721435547 6.1861796379089355 6.8457417488098145 7.198810577392578 7.798151016235352 0.0 0.0 0.0 0.0 0.0 0.0 0.0 0.0 0.0 0.0 0.0 0.0 0.0 0.0 0.0 0.0 0.0 0.0 0.0 0.0 0.0 0.0 0.0 0.0 0.0 0.0 0.0
10.584434509277344 5.909936904907227 6.436217308044434 6.75022554397583 7.152554035186768 7.752171516418457 0.0 0.0 0.0 0.0 0.0 0.0 0.0 0.0 0.0 0.0 0.0 0.0 0.0 0.0 0.0 0.0 0.0 0.0 0.0 0.0 0.0 0.0 0.0 0.0 0.0 0.0
10.578621864318848 5.610395908355713 6.125802516937256 6.428572654724121 6.754799842834473 7.130810260772705 7.706114292144775 0.0 0.0 0.0 0.0 0.0 0.0 0.0 0.0 0.0 0.0 0.0 0.0 0.0 0.0 0.0 0.0 0.0 0.0 0.0 0.0 0.0 0.0 0.0 0.0 0.0
10.570097923278809 5.5555267333984375 5.809182643890381 6.1397833824157715 6.686826229095459 6.681340217590332 7.113903522491455 7.663645267486572 0.0 0.0 0.0 0.0 0.0 0.0 0.0 0.0 0.0 0.0 0.0 0.0 0.0 0.0 0.0 0.0 0.0 0.0 0.0 0.0 0.0 0.0 0.0 0.0
10.570281982421875 5.531449794769287 5.802562713623047 5.889960765838623 6.119085788726807 6.363022327423096 6.6113457679748535 7.010168552398682 7.6851806640625 0.0 0.0 0.0 0.0 0.0 0.0 0.0 0.0 0.0 0.0 0.0 0.0 0.0 0.0 0.0 0.0 0.0 0.0 0.0 0.0 0.0 0.0 0.0
10.569049835205078 5.529650688171387 5.723432540893555 5.696919918060303 5.923590660095215 6.000424385070801 6.294084548950195 6.569441795349121 7.018640518188477 7.625316619873047 0.0 0.0 0.0 0.0 0.0 0.0 0.0 0.0 0.0 0.0 0.0 0.0 0.0 0.0 0.0 0.0 0.0 0.0 0.0 0.0 0.0 0.0
10.5669584274292 5.356584548950195 5.532906532287598 5.676809787750244 5.6720709800720215 5.772285461425781 6.005919456481934 6.445885181427002 6.52074670791626 6.982549667358398 7.587960720062256 0.0 0.0 0.0 0.0 0.0 0.0 0.0 0.0 0.0 0.0 0.0 0.0 0.0 0.0 0.0 0.0 0.0 0.0 0.0 0.0 0.0
10.559882164001465 5.145552635192871 5.386410713195801 5.529136657714844 5.6000590324401855 5.599020481109619 5.831934928894043 6.367265701293945 6.197295188903809 6.512251377105713 7.088655471801758 7.5705108642578125 0.0 0.0 0.0 0.0 0.0 0.0 0.0 0.0 0.0 0.0 0.0 0.0 0.0 0.0 0.0 0.0 0.0 0.0 0.0 0.0
10.56264877319336 5.03772497177124 5.251522541046143 5.426058769226074 5.532163619995117 5.575963497161865 5.734094142913818 5.979592323303223 5.924457550048828 6.2198405265808105 6.626224517822266 6.909392833709717 7.5371246337890625 0.0 0.0 0.0 0.0 0.0 0.0 0.0 0.0 0.0 0.0 0.0 0.0 0.0 0.0 0.0 0.0 0.0 0.0 0.0
10.562003135681152 4.971944808959961 5.107910633087158 5.297942638397217 5.406181335449219 5.480579853057861 5.554190635681152 5.607335090637207 5.687367916107178 5.987422943115234 6.426675319671631 6.4561028480529785 6.883306503295898 7.549903869628906 0.0 0.0 0.0 0.0 0.0 0.0 0.0 0.0 0.0 0.0 0.0 0.0 0.0 0.0 0.0 0.0 0.0 0.0
10.558016777038574 4.9643049240112305 5.112340927124023 5.202561378479004 5.281763076782227 5.379732608795166 5.49407958984375 5.563978672027588 5.592196941375732 5.769463062286377 6.334413528442383 6.205009460449219 6.425624847412109 6.882199764251709 7.513606548309326 0.0 0.0 0.0 0.0 0.0 0.0 0.0 0.0 0.0 0.0 0.0 0.0 0.0 0.0 0.0 0.0 0.0
10.558974266052246 4.969350337982178 5.254207134246826 5.1963043212890625 5.221481800079346 5.313767910003662 5.373167037963867 5.4632649421691895 5.59702730178833 5.556102275848389 5.689907550811768 5.922267436981201 6.1705474853515625 6.423418998718262 6.834392547607422 7.532246112823486 0.0 0.0 0.0 0.0 0.0 0.0 0.0 0.0 0.0 0.0 0.0 0.0 0.0 0.0 0.0 0.0
10.55294418334961 4.895549774169922 5.109371662139893 5.160810947418213 5.177502155303955 5.183292388916016 5.230155944824219 5.361460208892822 5.503917694091797 5.559091567993164 5.777390956878662 5.6592206954956055 5.912389755249023 6.190512657165527 6.534865379333496 6.852144241333008 7.517421722412109 0.0 0.0 0.0 0.0 0.0 0.0 0.0 0.0 0.0 0.0 0.0 0.0 0.0 0.0 0.0
10.552331924438477 4.811110496520996 5.022265434265137 5.160071849822998 5.202380657196045 5.108234882354736 5.117175102233887 5.202174663543701 5.353104114532471 5.452602386474609 5.689947128295898 5.550905227661133 5.677527904510498 5.898163318634033 6.139845848083496 6.475593566894531 6.884665012359619 7.50130558013916 0.0 0.0 0.0 0.0 0.0 0.0 0.0 0.0 0.0 0.0 0.0 0.0 0.0 0.0
10.547245025634766 4.713637351989746 4.887801647186279 5.0315961837768555 5.1433258056640625 5.134694576263428 5.093940258026123 5.132265090942383 5.266787052154541 5.35560941696167 5.5660481452941895 5.4849772453308105 5.5527801513671875 5.672725677490234 5.916286468505859 6.274770259857178 6.511831283569336 6.8619384765625 7.515244960784912 0.0 0.0 0.0 0.0 0.0 0.0 0.0 0.0 0.0 0.0 0.0 0.0 0.0
10.54978084564209 4.714871883392334 4.810655117034912 4.997750282287598 5.053418159484863 5.14478874206543 5.141641616821289 5.099935531616211 5.135640621185303 5.270618438720703 5.342164516448975 5.418196678161621 5.528865814208984 5.556907653808594 5.664597034454346 5.902233123779297 6.153660297393799 6.3936309814453125 6.822216033935547 7.496027946472168 0.0 0.0 0.0 0.0 0.0 0.0 0.0 0.0 0.0 0.0 0.0 0.0
10.550867080688477 4.775787353515625 4.800492286682129 4.849603176116943 4.949554443359375 5.026483058929443 5.08469820022583 5.153494358062744 5.099823951721191 5.144065856933594 5.215843677520752 5.304858207702637 5.426100254058838 5.482925891876221 5.481932163238525 5.607302665710449 5.843564033508301 6.080533027648926 6.365743637084961 6.79028844833374 7.498475551605225 0.0 0.0 0.0 0.0 0.0 0.0 0.0 0.0 0.0 0.0 0.0
10.542543411254883 4.83468770980835 4.85921573638916 4.825327396392822 4.8286309242248535 4.889815807342529 4.984777927398682 5.121915817260742 5.051201343536377 5.13773775100708 5.153548717498779 5.218924522399902 5.274344444274902 5.45051908493042 5.43666934967041 5.480404376983643 5.615737438201904 5.920635223388672 6.224049091339111 6.576237201690674 6.827512741088867 7.465149402618408 0.0 0.0 0.0 0.0 0.0 0.0 0.0 0.0 0.0 0.0
10.536073684692383 4.7564377784729 4.9319963455200195 4.895242691040039 4.798457622528076 4.795389652252197 4.866949081420898 4.995129585266113 5.016352653503418 5.126798152923584 5.444372653961182 5.121296405792236 5.172290325164795 5.296892166137695 5.450422286987305 5.385112285614014 5.488333702087402 5.970682621002197 6.211228370666504 6.253540515899658 6.390793323516846 6.7849040031433105 7.455945014953613 0.0 0.0 0.0 0.0 0.0 0.0 0.0 0.0 0.0
10.542548179626465 4.648131370544434 4.926732540130615 4.999255180358887 4.841448783874512 4.827858924865723 4.822649002075195 4.917056560516357 4.978525161743164 5.056983470916748 5.167356491088867 5.1401143074035645 5.0907511711120605 5.175239562988281 5.254289627075195 5.390254497528076 5.463107109069824 5.585834980010986 5.647453784942627 5.878065586090088 6.078512668609619 6.357066631317139 6.762466907501221 7.467087745666504 0.0 0.0 0.0 0.0 0.0 0.0 0.0 0.0
10.539556503295898 4.623187065124512 4.851215362548828 5.009792804718018 4.943373680114746 4.8719658851623535 4.807173728942871 4.811595439910889 4.857064247131348 4.988528728485107 5.177240371704102 5.10077428817749 5.104942798614502 5.21829080581665 5.167011260986328 5.248226165771484 5.4396281242370605 5.391018390655518 5.5354838371276855 5.610949516296387 5.777186870574951 6.134478569030762 6.361579895019531 6.74061393737793 7.479609489440918 0.0 0.0 0.0 0.0 0.0 0.0 0.0
10.542057037353516 4.560761451721191 4.744121074676514 4.864912509918213 4.9377665519714355 4.925230026245117 4.833990573883057 4.766211986541748 4.8030571937561035 4.8916497230529785 5.092663288116455 5.063530445098877 5.076066493988037 5.1423845291137695 5.114281177520752 5.1192803382873535 5.2689032554626465 5.28632116317749 5.405662536621094 5.466721057891846 5.550789833068848 5.834753036499023 6.0726728439331055 6.28323221206665 6.7146897315979 7.4632697105407715 0.0 0.0 0.0 0.0 0.0 0.0
10.538756370544434 4.540083408355713 4.677467346191406 4.783952236175537 4.863691329956055 4.9091877937316895 4.905806541442871 4.826038360595703 4.75949764251709 4.776362419128418 4.937649726867676 5.006744861602783 5.05363130569458 5.095201015472412 5.075159072875977 5.0487565994262695 5.15302038192749 5.185962677001953 5.309441089630127 5.408322334289551 5.408886909484863 5.633267402648926 5.757596015930176 6.0450239181518555 6.326515197753906 6.8129563331604 7.450425148010254 0.0 0.0 0.0 0.0 0.0
10.536089897155762 4.579538822174072 4.66949462890625 4.691554546356201 4.74758243560791 4.8275556564331055 4.893808364868164 4.855744361877441 4.746779441833496 4.732997417449951 4.795660495758057 4.9116668701171875 5.007937908172607 5.085054874420166 5.09166145324707 4.996756553649902 5.04953670501709 5.081455707550049 5.260775089263916 5.2960662841796875 5.387053966522217 5.438740253448486 5.506288051605225 5.759644508361816 6.0309367179870605 6.489986419677734 6.77839994430542 7.448123931884766 0.0 0.0 0.0 0.0
10.538448333740234 4.611830234527588 4.712375640869141 4.707854747772217 4.710938930511475 4.748761177062988 4.817611217498779 4.859437942504883 4.8411784172058105 4.7911295890808105 4.770170211791992 4.746973037719727 4.854467391967773 4.988793849945068 5.023731231689453 5.006686687469482 4.979231357574463 4.985285758972168 5.09365177154541 5.171911716461182 5.3427205085754395 5.342343807220459 5.3911452293396 5.595496654510498 5.7275614738464355 6.12580680847168 6.336329936981201 6.701061248779297 7.430279731750488 0.0 0.0 0.0
10.532604217529297 4.60923433303833 4.7239508628845215 4.739863395690918 4.700986385345459 4.692406177520752 4.734091758728027 4.8035759925842285 4.840519428253174 4.854794025421143 4.8115057945251465 4.770477771759033 4.757466793060303 4.853570461273193 4.961181163787842 5.017655372619629 5.002256393432617 4.981114864349365 5.015350818634033 5.084167957305908 5.219300270080566 5.317914962768555 5.318900108337402 5.468515872955322 5.568060398101807 5.9275007247924805 6.036355972290039 6.383161544799805 6.708294868469238 7.453258514404297 0.0 0.0
10.531220436096191 4.538127422332764 4.659369945526123 4.7159953117370605 4.714332580566406 4.688775539398193 4.667962551116943 4.716108798980713 4.7758564949035645 4.834601402282715 4.963503837585449 4.770039081573486 4.712465763092041 4.8732991218566895 4.867946147918701 4.918864727020264 5.011018753051758 4.944289684295654 4.968130111694336 4.988187313079834 5.1383490562438965 5.587441444396973 5.383053302764893 5.336418628692627 5.356507301330566 5.647954940795898 5.852299213409424 5.9867777824401855 6.313773155212402 6.680131912231445 7.437690258026123 0.0
10.529097557067871 4.551370620727539 4.652761936187744 4.711662769317627 4.720012187957764 4.722646236419678 4.660950183868408 4.673954963684082 4.701351165771484 4.7723388671875 5.962264537811279 4.7961344718933105 4.748323440551758 4.863973617553711 4.7845659255981445 4.789557933807373 4.8988356590271 4.94793176651001 5.009427070617676 4.946054458618164 5.010776519775391 5.387700080871582 5.185418605804443 5.2408766746521 5.279923915863037 5.493149757385254 5.599499225616455 5.690452575683594 5.933730602264404 6.2171173095703125 6.629034042358398 7.416152477264404
