10.71379566192627 0.0 0.0 0.0 0.0 0.0 0.0 0.0 0.0 0.0 0.0 0.0 0.0 0.0 0.0 0.0 0.0 0.0 0.0 0.0 0.0 0.0 0.0 0.0 0.0 0.0 0.0 0.0 0.0 0.0 0.0 0.0
10.615300178527832 8.34553337097168 0.0 0.0 0.0 0.0 0.0 0.0 0.0 0.0 0.0 0.0 0.0 0.0 0.0 0.0 0.0 0.0 0.0 0.0 0.0 0.0 0.0 0.0 0.0 0.0 0.0 0.0 0.0 0.0 0.0 0.0
10.533424377441406 8.686946868896484 7.307457447052002 0.0 0.0 0.0 0.0 0.0 0.0 0.0 0.0 0.0 0.0 0.0 0.0 0.0 0.0 0.0 0.0 0.0 0.0 0.0 0.0 0.0 0.0 0.0 0.0 0.0 0.0 0.0 0.0 0.0
10.522208213806152 8.096439361572266 8.13815689086914 7.029522895812988 0.0 0.0 0.0 0.0 0.0 0.0 0.0 0.0 0.0 0.0 0.0 0.0 0.0 0.0 0.0 0.0 0.0 0.0 0.0 0.0 0.0 0.0 0.0 0.0 0.0 0.0 0.0 0.0
10.495976448059082 7.65642786026001 7.709051132202148 8.08028507232666 7.109452247619629 0.0 0.0 0.0 0.0 0.0 0.0 0.0 0.0 0.0 0.0 0.0 0.0 0.0 0.0 0.0 0.0 0.0 0.0 0.0 0.0 0.0 0.0 0.0 0.0 0.0 0.0 0.0
10.48349666595459 7.1628618240356445 7.1366286277771 7.660373687744141 8.126852035522461 7.0822529792785645 0.0 0.0 0.0 0.0 0.0 0.0 0.0 0.0 0.0 0.0 0.0 0.0 0.0 0.0 0.0 0.0 0.0 0.0 0.0 0.0 0.0 0.0 0.0 0.0 0.0 0.0
10.467155456542969 6.931408405303955 6.697564601898193 7.132754325866699 7.724817276000977 8.115174293518066 7.02871036529541 0.0 0.0 0.0 0.0 0.0 0.0 0.0 0.0 0.0 0.0 0.0 0.0 0.0 0.0 0.0 0.0 0.0 0.0 0.0 0.0 0.0 0.0 0.0 0.0 0.0
10.459025382995605 6.6434502601623535 6.391875267028809 6.712063312530518 7.235916614532471 7.682759761810303 8.090649604797363 7.001920700073242 0.0 0.0 0.0 0.0 0.0 0.0 0.0 0.0 0.0 0.0 0.0 0.0 0.0 0.0 0.0 0.0 0.0 0.0 0.0 0.0 0.0 0.0 0.0 0.0
10.451200485229492 6.3831048011779785 6.217118740081787 6.453726768493652 6.84426736831665 7.195221900939941 7.657290935516357 8.062949180603027 6.993783473968506 0.0 0.0 0.0 0.0 0.0 0.0 0.0 0.0 0.0 0.0 0.0 0.0 0.0 0.0 0.0 0.0 0.0 0.0 0.0 0.0 0.0 0.0 0.0
10.443503379821777 6.081444263458252 5.975265979766846 6.24105167388916 6.516529560089111 6.751911640167236 7.2108941078186035 7.657654762268066 8.071083068847656 7.00050687789917 0.0 0.0 0.0 0.0 0.0 0.0 0.0 0.0 0.0 0.0 0.0 0.0 0.0 0.0 0.0 0.0 0.0 0.0 0.0 0.0 0.0 0.0
10.437477111816406 5.75180196762085 5.697895526885986 6.032713890075684 6.275655269622803 6.457955837249756 6.786021709442139 7.172065734863281 7.653914928436279 8.089166641235352 7.000160217285156 0.0 0.0 0.0 0.0 0.0 0.0 0.0 0.0 0.0 0.0 0.0 0.0 0.0 0.0 0.0 0.0 0.0 0.0 0.0 0.0 0.0
10.439183235168457 5.590441703796387 5.403491497039795 5.709216594696045 6.047878265380859 6.279200077056885 6.440423965454102 6.776823043823242 7.177685737609863 7.61921501159668 8.045592308044434 6.979360103607178 0.0 0.0 0.0 0.0 0.0 0.0 0.0 0.0 0.0 0.0 0.0 0.0 0.0 0.0 0.0 0.0 0.0 0.0 0.0 0.0
10.427506446838379 5.540859699249268 5.286258220672607 5.4311652183532715 5.722965717315674 6.055212020874023 6.246953010559082 6.460450172424316 6.755918502807617 7.190520763397217 7.676398754119873 8.075778007507324 6.968577861785889 0.0 0.0 0.0 0.0 0.0 0.0 0.0 0.0 0.0 0.0 0.0 0.0 0.0 0.0 0.0 0.0 0.0 0.0 0.0
10.43030071258545 5.431209564208984 5.3100786209106445 5.281138896942139 5.4448323249816895 5.716028213500977 5.9790568351745605 6.180310249328613 6.424104690551758 6.728272914886475 7.17509651184082 7.642217636108398 8.065197944641113 6.93712854385376 0.0 0.0 0.0 0.0 0.0 0.0 0.0 0.0 0.0 0.0 0.0 0.0 0.0 0.0 0.0 0.0 0.0 0.0
10.422309875488281 5.198971271514893 5.3113837242126465 5.3114118576049805 5.302917003631592 5.481034755706787 5.752626419067383 6.060103893280029 6.279273986816406 6.440728664398193 6.752242088317871 7.185335159301758 7.674345970153809 8.039398193359375 6.912558555603027 0.0 0.0 0.0 0.0 0.0 0.0 0.0 0.0 0.0 0.0 0.0 0.0 0.0 0.0 0.0 0.0 0.0
10.426305770874023 4.866791248321533 5.085997581481934 5.306525230407715 5.296577453613281 5.3590826988220215 5.430304050445557 5.6667280197143555 5.954443454742432 6.210935592651367 6.39410400390625 6.791782855987549 7.183778762817383 7.620704650878906 8.026662826538086 6.923319339752197 0.0 0.0 0.0 0.0 0.0 0.0 0.0 0.0 0.0 0.0 0.0 0.0 0.0 0.0 0.0 0.0
10.419130325317383 4.584798812866211 4.711658000946045 5.120112895965576 5.312382221221924 5.295422554016113 5.319206237792969 5.4893269538879395 5.740655899047852 6.000705242156982 6.227718830108643 6.49625301361084 6.77733850479126 7.166838645935059 7.646727561950684 8.031529426574707 6.926445960998535 0.0 0.0 0.0 0.0 0.0 0.0 0.0 0.0 0.0 0.0 0.0 0.0 0.0 0.0 0.0
10.422009468078613 4.388918876647949 4.342172145843506 4.771956920623779 5.14614725112915 5.260279178619385 5.218509674072266 5.24126672744751 5.406469345092773 5.637303829193115 5.9532952308654785 6.192787170410156 6.414294242858887 6.711188793182373 7.138856410980225 7.6189727783203125 8.065887451171875 6.976630210876465 0.0 0.0 0.0 0.0 0.0 0.0 0.0 0.0 0.0 0.0 0.0 0.0 0.0 0.0
10.417037010192871 4.417786121368408 4.169012546539307 4.463841438293457 4.843531131744385 5.122984409332275 5.215613842010498 5.198089122772217 5.209131240844727 5.359399795532227 5.638307094573975 5.94155216217041 6.203944683074951 6.411118507385254 6.725022792816162 7.1714301109313965 7.65156888961792 8.082530975341797 6.919082164764404 0.0 0.0 0.0 0.0 0.0 0.0 0.0 0.0 0.0 0.0 0.0 0.0 0.0
10.418453216552734 4.5088605880737305 4.23146915435791 4.26796817779541 4.533206939697266 4.837116241455078 5.104805946350098 5.220921993255615 5.208014011383057 5.280177593231201 5.3877787590026855 5.769557952880859 5.956608772277832 6.176271915435791 6.406464099884033 6.729367256164551 7.176836013793945 7.623361587524414 8.039931297302246 6.917403697967529 0.0 0.0 0.0 0.0 0.0 0.0 0.0 0.0 0.0 0.0 0.0 0.0
10.415214538574219 4.3190693855285645 4.376132488250732 4.268576145172119 4.347397804260254 4.521035671234131 4.760739803314209 5.013270854949951 5.175241947174072 5.174800395965576 5.210517406463623 5.34889554977417 5.624125003814697 5.9153151512146 6.151806354522705 6.387630939483643 6.725092887878418 7.205149173736572 7.659748077392578 8.045027732849121 6.968491554260254 0.0 0.0 0.0 0.0 0.0 0.0 0.0 0.0 0.0 0.0 0.0
10.411505699157715 4.048327445983887 4.392805099487305 4.39442253112793 4.314560413360596 4.352361679077148 4.502346515655518 4.7585248947143555 5.028379440307617 5.199432849884033 5.248742580413818 5.19796895980835 5.400317192077637 5.660004615783691 5.91262674331665 6.147493839263916 6.400819301605225 6.7894392013549805 7.173435211181641 7.643318176269531 8.063150405883789 6.9469780921936035 0.0 0.0 0.0 0.0 0.0 0.0 0.0 0.0 0.0 0.0
10.41316032409668 3.7727532386779785 4.0869927406311035 4.416874885559082 4.424717903137207 4.341203212738037 4.285845756530762 4.463229656219482 4.767439365386963 5.01014518737793 5.142409324645996 5.155523777008057 5.2183942794799805 5.314855098724365 5.577589988708496 5.884185791015625 6.2271833419799805 6.414601802825928 6.721978664398193 7.167263031005859 7.6439619064331055 8.070220947265625 6.919920444488525 0.0 0.0 0.0 0.0 0.0 0.0 0.0 0.0 0.0
10.409502983093262 3.689497709274292 3.6952693462371826 4.169663906097412 4.434772968292236 4.430699825286865 4.246553897857666 4.345614433288574 4.605630397796631 4.7129669189453125 5.011415481567383 5.147750377655029 5.136017322540283 5.146734714508057 5.310472011566162 5.574644088745117 5.9171624183654785 6.149827480316162 6.396275520324707 6.734208583831787 7.184857368469238 7.702004432678223 8.056856155395508 6.9307780265808105 0.0 0.0 0.0 0.0 0.0 0.0 0.0 0.0
10.412668228149414 4.010632514953613 3.4391250610351562 3.7952961921691895 4.43901252746582 4.477349281311035 4.46075963973999 4.295285224914551 4.2756242752075195 4.502908706665039 4.741623878479004 4.957674503326416 5.107377052307129 5.133798599243164 5.138079643249512 5.264503479003906 5.5733442306518555 5.916173458099365 6.145267963409424 6.423922538757324 6.752381324768066 7.193427085876465 7.630134105682373 8.046648979187012 6.927201271057129 0.0 0.0 0.0 0.0 0.0 0.0 0.0
10.418381690979004 3.999752998352051 3.4731764793395996 3.5391592979431152 3.8184213638305664 4.111937522888184 4.308528423309326 4.248816013336182 4.163217544555664 4.141115665435791 4.324194431304932 4.590281009674072 4.884071350097656 5.038733959197998 5.0559210777282715 5.077595233917236 5.266032695770264 5.537476539611816 5.86292028427124 6.1708197593688965 6.387767314910889 6.724658012390137 7.142852783203125 7.642226696014404 8.057241439819336 6.914294242858887 0.0 0.0 0.0 0.0 0.0 0.0
10.414671897888184 4.004274368286133 3.7273542881011963 3.544609785079956 3.6316115856170654 3.842895269393921 4.11718225479126 4.3110857009887695 4.306249618530273 4.1352996826171875 4.173483371734619 4.317849636077881 4.599634170532227 4.883810997009277 5.043952941894531 5.059127330780029 5.147811412811279 5.2708539962768555 5.565939426422119 5.937270164489746 6.152994632720947 6.413158893585205 6.736573696136475 7.187966346740723 7.6434149742126465 8.038997650146484 6.915497779846191 0.0 0.0 0.0 0.0 0.0
10.416004180908203 3.7867062091827393 3.94169020652771 3.7669308185577393 3.6006317138671875 3.583282470703125 3.7026398181915283 4.005684852600098 4.306020736694336 4.195467948913574 4.114251613616943 4.095854759216309 4.281115531921387 4.5486226081848145 4.864587783813477 5.015476703643799 5.0832109451293945 5.118923187255859 5.28281831741333 5.588438987731934 5.889573097229004 6.126068592071533 6.385351657867432 6.730420112609863 7.18550443649292 7.628332138061523 8.052142143249512 6.908122539520264 0.0 0.0 0.0 0.0
10.417142868041992 3.499110460281372 3.847686290740967 3.989809274673462 3.8228964805603027 3.614959716796875 3.580787420272827 3.6961019039154053 4.036113262176514 4.186659336090088 4.198977470397949 4.051303863525391 4.082515716552734 4.239967346191406 4.5560431480407715 4.843175411224365 5.029520034790039 5.0599870681762695 5.084317207336426 5.284759998321533 5.553959369659424 5.851263523101807 6.126253604888916 6.390170574188232 6.718585968017578 7.179843425750732 7.656253814697266 8.029745101928711 6.899940490722656 0.0 0.0 0.0
10.41540813446045 3.3669798374176025 3.5836234092712402 3.9421801567077637 4.007998466491699 3.8069300651550293 3.6084983348846436 3.501298189163208 3.680060386657715 3.9496285915374756 4.192164897918701 4.122852802276611 4.036080360412598 4.004171371459961 4.23358678817749 4.527081489562988 4.868294715881348 5.019481658935547 5.047788619995117 5.16387414932251 5.315342903137207 5.574875831604004 5.875915050506592 6.158700942993164 6.403561592102051 6.72440242767334 7.177680492401123 7.619890213012695 8.049453735351562 6.898191452026367 0.0 0.0
10.416804313659668 3.4270594120025635 3.3570923805236816 3.631863832473755 3.8834314346313477 3.9323861598968506 3.7325189113616943 3.525085687637329 3.4593496322631836 3.602084159851074 3.8896071910858154 4.085423469543457 4.0875244140625 3.9613265991210938 4.044309139251709 4.233765602111816 4.565647602081299 4.828123092651367 5.004980087280273 5.080258369445801 5.100226879119873 5.2774152755737305 5.554172515869141 5.881104946136475 6.127935409545898 6.408047676086426 6.7591047286987305 7.155345439910889 7.6308817863464355 8.038006782531738 6.895162582397461 0.0
10.414924621582031 3.6865744590759277 3.3506033420562744 3.4286422729492188 3.651916027069092 3.902860641479492 3.8750150203704834 3.702793836593628 3.506561756134033 3.42738676071167 3.5849978923797607 3.9130029678344727 4.116595268249512 4.051433563232422 3.9535834789276123 4.020049095153809 4.241588115692139 4.502796649932861 4.810225486755371 5.0175580978393555 5.043490886688232 5.083914756774902 5.2203826904296875 5.5385565757751465 5.868894100189209 6.141463756561279 6.393609523773193 6.711949348449707 7.18584680557251 7.6667680740356445 8.037147521972656 6.886841773986816
