10.71379566192627 0.0 0.0 0.0 0.0 0.0 0.0 0.0 0.0 0.0 0.0 0.0 0.0 0.0 0.0 0.0 0.0 0.0 0.0 0.0 0.0 0.0 0.0 0.0 0.0 0.0 0.0 0.0 0.0 0.0 0.0 0.0
10.661965370178223 7.725686550140381 0.0 0.0 0.0 0.0 0.0 0.0 0.0 0.0 0.0 0.0 0.0 0.0 0.0 0.0 0.0 0.0 0.0 0.0 0.0 0.0 0.0 0.0 0.0 0.0 0.0 0.0 0.0 0.0 0.0 0.0
10.603069305419922 7.700005054473877 7.823751926422119 0.0 0.0 0.0 0.0 0.0 0.0 0.0 0.0 0.0 0.0 0.0 0.0 0.0 0.0 0.0 0.0 0.0 0.0 0.0 0.0 0.0 0.0 0.0 0.0 0.0 0.0 0.0 0.0 0.0
10.557197570800781 7.383273601531982 7.986287593841553 7.582634925842285 0.0 0.0 0.0 0.0 0.0 0.0 0.0 0.0 0.0 0.0 0.0 0.0 0.0 0.0 0.0 0.0 0.0 0.0 0.0 0.0 0.0 0.0 0.0 0.0 0.0 0.0 0.0 0.0
10.520767211914062 7.135958194732666 7.748834609985352 7.899466514587402 7.388401508331299 0.0 0.0 0.0 0.0 0.0 0.0 0.0 0.0 0.0 0.0 0.0 0.0 0.0 0.0 0.0 0.0 0.0 0.0 0.0 0.0 0.0 0.0 0.0 0.0 0.0 0.0 0.0
10.498373985290527 6.872196674346924 7.525204658508301 7.701393127441406 7.69927453994751 7.294459342956543 0.0 0.0 0.0 0.0 0.0 0.0 0.0 0.0 0.0 0.0 0.0 0.0 0.0 0.0 0.0 0.0 0.0 0.0 0.0 0.0 0.0 0.0 0.0 0.0 0.0 0.0
10.472193717956543 6.814724445343018 7.4108805656433105 7.508083343505859 7.53201150894165 7.6160759925842285 7.21635627746582 0.0 0.0 0.0 0.0 0.0 0.0 0.0 0.0 0.0 0.0 0.0 0.0 0.0 0.0 0.0 0.0 0.0 0.0 0.0 0.0 0.0 0.0 0.0 0.0 0.0
10.4498872756958 6.66803503036499 7.356024265289307 7.349996089935303 7.327036380767822 7.435363292694092 7.566161155700684 7.222095489501953 0.0 0.0 0.0 0.0 0.0 0.0 0.0 0.0 0.0 0.0 0.0 0.0 0.0 0.0 0.0 0.0 0.0 0.0 0.0 0.0 0.0 0.0 0.0 0.0
10.438387870788574 6.569849491119385 7.23661470413208 7.195147514343262 7.147271633148193 7.233695983886719 7.3454365730285645 7.548527240753174 7.156100749969482 0.0 0.0 0.0 0.0 0.0 0.0 0.0 0.0 0.0 0.0 0.0 0.0 0.0 0.0 0.0 0.0 0.0 0.0 0.0 0.0 0.0 0.0 0.0
10.42694091796875 6.406519889831543 7.114192485809326 7.10392427444458 7.022630214691162 7.030344486236572 7.132187843322754 7.348278045654297 7.549282073974609 7.0906453132629395 0.0 0.0 0.0 0.0 0.0 0.0 0.0 0.0 0.0 0.0 0.0 0.0 0.0 0.0 0.0 0.0 0.0 0.0 0.0 0.0 0.0 0.0
10.416799545288086 6.281424045562744 7.012113094329834 7.023573398590088 6.908797264099121 6.9229278564453125 6.942316055297852 7.138962745666504 7.3097662925720215 7.477201461791992 7.0974507331848145 0.0 0.0 0.0 0.0 0.0 0.0 0.0 0.0 0.0 0.0 0.0 0.0 0.0 0.0 0.0 0.0 0.0 0.0 0.0 0.0 0.0
10.406233787536621 6.1633524894714355 6.894931316375732 6.925457954406738 6.818680286407471 6.8272833824157715 6.798720359802246 6.972225666046143 7.157426357269287 7.239938259124756 7.463858604431152 7.088744640350342 0.0 0.0 0.0 0.0 0.0 0.0 0.0 0.0 0.0 0.0 0.0 0.0 0.0 0.0 0.0 0.0 0.0 0.0 0.0 0.0
10.397741317749023 6.0832953453063965 6.769272804260254 6.806213855743408 6.745262145996094 6.732616901397705 6.738842964172363 6.846712589263916 6.929148197174072 7.066710472106934 7.292577266693115 7.451276779174805 7.010280132293701 0.0 0.0 0.0 0.0 0.0 0.0 0.0 0.0 0.0 0.0 0.0 0.0 0.0 0.0 0.0 0.0 0.0 0.0 0.0
10.392136573791504 5.976835250854492 6.700618267059326 6.718896389007568 6.621871471405029 6.634990215301514 6.637561798095703 6.777526378631592 6.818320274353027 6.850666046142578 7.041678428649902 7.274819850921631 7.378580570220947 7.028109073638916 0.0 0.0 0.0 0.0 0.0 0.0 0.0 0.0 0.0 0.0 0.0 0.0 0.0 0.0 0.0 0.0 0.0 0.0
10.397297859191895 5.862074375152588 6.627335548400879 6.6038336753845215 6.493686676025391 6.494726657867432 6.5280280113220215 6.620790004730225 6.650829315185547 6.7088303565979 6.837497234344482 6.9961371421813965 7.14503812789917 7.426432132720947 6.935252666473389 0.0 0.0 0.0 0.0 0.0 0.0 0.0 0.0 0.0 0.0 0.0 0.0 0.0 0.0 0.0 0.0 0.0
10.382115364074707 5.827097415924072 6.558777809143066 6.583105087280273 6.503544330596924 6.411498069763184 6.444247722625732 6.517087936401367 6.553811550140381 6.692159175872803 6.753251552581787 6.852949619293213 6.941314697265625 7.266035556793213 7.3393168449401855 6.930678367614746 0.0 0.0 0.0 0.0 0.0 0.0 0.0 0.0 0.0 0.0 0.0 0.0 0.0 0.0 0.0 0.0
10.387469291687012 5.687922954559326 6.455414772033691 6.479766368865967 6.3657708168029785 6.323147773742676 6.317028045654297 6.442107200622559 6.518051624298096 6.5167131423950195 6.598970890045166 6.70153284072876 6.745814800262451 6.983569145202637 7.160816192626953 7.326945781707764 6.879549980163574 0.0 0.0 0.0 0.0 0.0 0.0 0.0 0.0 0.0 0.0 0.0 0.0 0.0 0.0 0.0
10.379878044128418 5.654460430145264 6.394196510314941 6.406337738037109 6.340574264526367 6.28661584854126 6.251208782196045 6.330877304077148 6.438838005065918 6.456303596496582 6.521053791046143 6.650237560272217 6.643852710723877 6.866728782653809 6.897754669189453 7.112269401550293 7.285627841949463 6.875360488891602 0.0 0.0 0.0 0.0 0.0 0.0 0.0 0.0 0.0 0.0 0.0 0.0 0.0 0.0
10.38101863861084 5.692009449005127 6.326106548309326 6.361484050750732 6.273536205291748 6.220177173614502 6.201385021209717 6.253585338592529 6.271749973297119 6.363526344299316 6.417965412139893 6.4922027587890625 6.503249168395996 6.783571720123291 6.698426723480225 6.864174842834473 7.051477909088135 7.271051406860352 6.855362415313721 0.0 0.0 0.0 0.0 0.0 0.0 0.0 0.0 0.0 0.0 0.0 0.0 0.0
10.384390830993652 5.622732162475586 6.314093589782715 6.318700790405273 6.183816909790039 6.149848937988281 6.143316745758057 6.192813396453857 6.187455654144287 6.236242294311523 6.318959712982178 6.427720069885254 6.406468391418457 6.502622127532959 6.536442756652832 6.683276176452637 6.82740592956543 7.039071559906006 7.262101173400879 6.8046369552612305 0.0 0.0 0.0 0.0 0.0 0.0 0.0 0.0 0.0 0.0 0.0 0.0
10.379148483276367 5.601029396057129 6.316986083984375 6.2494659423828125 6.1413655281066895 6.097167015075684 6.108314514160156 6.13706636428833 6.192174911499023 6.1912522315979 6.242594242095947 6.296085357666016 6.302948474884033 6.440646171569824 6.454265117645264 6.530561447143555 6.6528639793396 6.817361354827881 7.042532444000244 7.201197147369385 6.822747707366943 0.0 0.0 0.0 0.0 0.0 0.0 0.0 0.0 0.0 0.0 0.0
10.372445106506348 5.533578395843506 6.301487922668457 6.2624897956848145 6.130113124847412 6.063759803771973 6.033197402954102 6.09572696685791 6.126810550689697 6.136058807373047 6.1993408203125 6.245532512664795 6.197127819061279 6.427916049957275 6.370153427124023 6.428262233734131 6.501821517944336 6.641618251800537 6.822173118591309 6.981725215911865 7.213146209716797 6.80195951461792 0.0 0.0 0.0 0.0 0.0 0.0 0.0 0.0 0.0 0.0
10.376461029052734 5.443181037902832 6.233553409576416 6.231321811676025 6.087645530700684 6.021590232849121 5.9411091804504395 6.000391483306885 6.0323028564453125 6.068001747131348 6.127135276794434 6.175605297088623 6.132791042327881 6.272970199584961 6.259253025054932 6.3251214027404785 6.392064571380615 6.48957633972168 6.632301330566406 6.749143600463867 6.9654622077941895 7.201557159423828 6.753227710723877 0.0 0.0 0.0 0.0 0.0 0.0 0.0 0.0 0.0
10.378707885742188 5.397965908050537 6.159031391143799 6.199905872344971 6.040830612182617 5.990869998931885 5.913182735443115 5.968319416046143 5.972148418426514 6.015501499176025 6.022170066833496 6.085617542266846 6.048354148864746 6.162861347198486 6.146509170532227 6.211801052093506 6.310288906097412 6.371110916137695 6.471419334411621 6.559586524963379 6.735637187957764 6.966664791107178 7.160324573516846 6.728812217712402 0.0 0.0 0.0 0.0 0.0 0.0 0.0 0.0
10.370670318603516 5.4455180168151855 6.124813556671143 6.11719274520874 6.033568382263184 5.966409683227539 5.9325175285339355 5.941770076751709 5.9410247802734375 5.995835304260254 6.0239973068237305 6.080244541168213 5.9923529624938965 6.153548717498779 6.06789493560791 6.133655548095703 6.196378707885742 6.295337677001953 6.367819786071777 6.399416446685791 6.5640869140625 6.756311416625977 6.9573187828063965 7.157527923583984 6.724515438079834 0.0 0.0 0.0 0.0 0.0 0.0 0.0
10.367382049560547 5.468742370605469 6.131567001342773 6.095621585845947 5.96561861038208 5.92522668838501 5.901945114135742 5.918984889984131 5.90327262878418 5.942126750946045 5.955543518066406 6.010222911834717 5.99041223526001 6.093426704406738 6.003052711486816 6.051286697387695 6.1178388595581055 6.192516326904297 6.259835243225098 6.296920299530029 6.407701015472412 6.580049514770508 6.724102973937988 6.9330644607543945 7.162224769592285 6.709314823150635 0.0 0.0 0.0 0.0 0.0 0.0
10.37708568572998 5.416107177734375 6.092364311218262 6.003307342529297 5.875983238220215 5.827219009399414 5.826434135437012 5.87646484375 5.842294216156006 5.86461067199707 5.859273433685303 5.885129928588867 5.905847549438477 5.948185443878174 5.950337886810303 5.9600725173950195 6.017399311065674 6.063533306121826 6.142894744873047 6.1974663734436035 6.276259899139404 6.393104076385498 6.520569324493408 6.686304569244385 6.899292945861816 7.13788366317749 6.6830573081970215 0.0 0.0 0.0 0.0 0.0
10.371865272521973 5.34109354019165 6.089873790740967 6.040112018585205 5.856016159057617 5.756618499755859 5.762880325317383 5.817599773406982 5.859933853149414 5.844142436981201 5.851309299468994 5.88653564453125 5.867734909057617 5.949564456939697 5.924772262573242 5.906518936157227 5.9575581550598145 5.995339393615723 6.136026859283447 6.0835795402526855 6.220336437225342 6.292008399963379 6.3693132400512695 6.4960246086120605 6.665739059448242 6.893266677856445 7.089975357055664 6.677853107452393 0.0 0.0 0.0 0.0
10.375275611877441 5.2471022605896 6.039207458496094 6.047511100769043 5.878561019897461 5.739376544952393 5.699909210205078 5.7161455154418945 5.735126972198486 5.815718173980713 5.8479766845703125 5.816919803619385 5.810524940490723 5.870354175567627 5.836812496185303 5.852499008178711 5.8769378662109375 5.887816429138184 5.952180862426758 5.992119312286377 6.099359035491943 6.187798500061035 6.25039529800415 6.339483737945557 6.465854167938232 6.66915225982666 6.8659892082214355 7.0960259437561035 6.660540580749512 0.0 0.0 0.0
10.367443084716797 5.169139385223389 5.947656631469727 6.022531986236572 5.882415294647217 5.742947578430176 5.6817474365234375 5.719628810882568 5.727190971374512 5.779492378234863 5.854290008544922 5.874578952789307 5.778046607971191 5.887812614440918 5.823172569274902 5.853631019592285 5.836641311645508 5.879976272583008 5.962071895599365 5.910031795501709 6.000948905944824 6.109891414642334 6.161208629608154 6.224021911621094 6.351808547973633 6.495290279388428 6.656463623046875 6.871425151824951 7.061418533325195 6.655397415161133 0.0 0.0
10.363909721374512 5.167686462402344 5.903227806091309 5.994099140167236 5.851154327392578 5.753444671630859 5.690748691558838 5.691923141479492 5.648495197296143 5.729272365570068 5.819458484649658 5.884588718414307 5.7380523681640625 5.83603048324585 5.7680745124816895 5.8507914543151855 5.792994022369385 5.8832597732543945 5.871486663818359 5.856825828552246 5.926166534423828 6.015695095062256 6.089113235473633 6.154772758483887 6.217883110046387 6.334151744842529 6.464827537536621 6.6563544273376465 6.839078903198242 7.080628871917725 6.643154621124268 0.0
10.36764907836914 5.175166130065918 5.848108291625977 5.851773738861084 5.770701885223389 5.7655510902404785 5.729724407196045 5.80259370803833 5.7323384284973145 5.648040771484375 5.669973850250244 5.735376834869385 5.7040114402771 5.8143815994262695 5.808427333831787 5.742802619934082 5.72850227355957 5.786857604980469 5.8586835861206055 5.789792060852051 5.843153476715088 5.895023822784424 5.942957878112793 6.020730972290039 6.111510276794434 6.202383041381836 6.287721633911133 6.484762191772461 6.6109514236450195 6.826569557189941 7.056316375732422 6.624011516571045
