10.71379566192627 0.0 0.0 0.0 0.0 0.0 0.0 0.0 0.0 0.0 0.0 0.0 0.0 0.0 0.0 0.0 0.0 0.0 0.0 0.0 0.0 0.0 0.0 0.0 0.0 0.0 0.0 0.0 0.0 0.0 0.0 0.0
10.66850757598877 7.593972682952881 0.0 0.0 0.0 0.0 0.0 0.0 0.0 0.0 0.0 0.0 0.0 0.0 0.0 0.0 0.0 0.0 0.0 0.0 0.0 0.0 0.0 0.0 0.0 0.0 0.0 0.0 0.0 0.0 0.0 0.0
10.660385131835938 7.163871765136719 6.947988033294678 0.0 0.0 0.0 0.0 0.0 0.0 0.0 0.0 0.0 0.0 0.0 0.0 0.0 0.0 0.0 0.0 0.0 0.0 0.0 0.0 0.0 0.0 0.0 0.0 0.0 0.0 0.0 0.0 0.0
10.648630142211914 7.145303249359131 6.635515213012695 6.68648099899292 0.0 0.0 0.0 0.0 0.0 0.0 0.0 0.0 0.0 0.0 0.0 0.0 0.0 0.0 0.0 0.0 0.0 0.0 0.0 0.0 0.0 0.0 0.0 0.0 0.0 0.0 0.0 0.0
10.636802673339844 7.021976470947266 6.732026100158691 6.540464401245117 6.512825012207031 0.0 0.0 0.0 0.0 0.0 0.0 0.0 0.0 0.0 0.0 0.0 0.0 0.0 0.0 0.0 0.0 0.0 0.0 0.0 0.0 0.0 0.0 0.0 0.0 0.0 0.0 0.0
10.6285982131958 6.934103488922119 6.523350238800049 6.363755226135254 6.54097318649292 6.530819892883301 0.0 0.0 0.0 0.0 0.0 0.0 0.0 0.0 0.0 0.0 0.0 0.0 0.0 0.0 0.0 0.0 0.0 0.0 0.0 0.0 0.0 0.0 0.0 0.0 0.0 0.0
10.628406524658203 6.85615873336792 6.1427435874938965 6.226798057556152 6.307998180389404 6.438348770141602 6.361788272857666 0.0 0.0 0.0 0.0 0.0 0.0 0.0 0.0 0.0 0.0 0.0 0.0 0.0 0.0 0.0 0.0 0.0 0.0 0.0 0.0 0.0 0.0 0.0 0.0 0.0
10.628244400024414 6.740772724151611 6.012812614440918 5.865353107452393 6.119176387786865 6.219520568847656 6.357269763946533 6.292190074920654 0.0 0.0 0.0 0.0 0.0 0.0 0.0 0.0 0.0 0.0 0.0 0.0 0.0 0.0 0.0 0.0 0.0 0.0 0.0 0.0 0.0 0.0 0.0 0.0
10.626594543457031 6.612532138824463 5.944222927093506 5.683154582977295 5.858714580535889 6.069348335266113 6.1936354637146 6.250219345092773 6.2900390625 0.0 0.0 0.0 0.0 0.0 0.0 0.0 0.0 0.0 0.0 0.0 0.0 0.0 0.0 0.0 0.0 0.0 0.0 0.0 0.0 0.0 0.0 0.0
10.623517036437988 6.475686550140381 5.688483238220215 5.573915958404541 5.691621780395508 6.071087837219238 6.006550312042236 6.172483444213867 6.23228120803833 6.299091339111328 0.0 0.0 0.0 0.0 0.0 0.0 0.0 0.0 0.0 0.0 0.0 0.0 0.0 0.0 0.0 0.0 0.0 0.0 0.0 0.0 0.0 0.0
10.621533393859863 6.398614406585693 5.540921211242676 5.541934490203857 5.6209540367126465 5.750518321990967 5.778408527374268 6.023560047149658 6.184189796447754 6.208250522613525 6.287640571594238 0.0 0.0 0.0 0.0 0.0 0.0 0.0 0.0 0.0 0.0 0.0 0.0 0.0 0.0 0.0 0.0 0.0 0.0 0.0 0.0 0.0
10.621882438659668 6.314997673034668 5.442768096923828 5.346599578857422 5.493363380432129 5.572844982147217 5.6633405685424805 5.762985706329346 5.9357380867004395 6.084403038024902 6.187594413757324 6.278126239776611 0.0 0.0 0.0 0.0 0.0 0.0 0.0 0.0 0.0 0.0 0.0 0.0 0.0 0.0 0.0 0.0 0.0 0.0 0.0 0.0
10.612319946289062 6.2390971183776855 5.475415229797363 5.167524814605713 5.300262928009033 5.477463722229004 5.544877529144287 5.815412998199463 5.923924922943115 6.065688610076904 6.148036003112793 6.374790191650391 6.247215270996094 0.0 0.0 0.0 0.0 0.0 0.0 0.0 0.0 0.0 0.0 0.0 0.0 0.0 0.0 0.0 0.0 0.0 0.0 0.0
10.608336448669434 6.144017219543457 5.8021016120910645 5.246758460998535 5.415258407592773 5.449716091156006 5.494016647338867 5.607844829559326 5.5881829261779785 5.747494220733643 6.015877723693848 6.089727878570557 6.398614883422852 6.219025135040283 0.0 0.0 0.0 0.0 0.0 0.0 0.0 0.0 0.0 0.0 0.0 0.0 0.0 0.0 0.0 0.0 0.0 0.0
10.616161346435547 6.042383670806885 5.390133380889893 4.99588680267334 5.045177459716797 5.418865203857422 5.297682762145996 5.344541549682617 5.500490188598633 5.645132541656494 5.769089698791504 5.905570030212402 6.085209369659424 6.142903804779053 6.172420978546143 0.0 0.0 0.0 0.0 0.0 0.0 0.0 0.0 0.0 0.0 0.0 0.0 0.0 0.0 0.0 0.0 0.0
10.616439819335938 5.910076141357422 5.161555767059326 4.897064208984375 4.9540581703186035 5.011783599853516 5.1026082038879395 5.338460445404053 5.359078407287598 5.473190784454346 5.586535453796387 5.862171649932861 5.900482654571533 6.096381187438965 6.129733085632324 6.186949253082275 0.0 0.0 0.0 0.0 0.0 0.0 0.0 0.0 0.0 0.0 0.0 0.0 0.0 0.0 0.0 0.0
10.617132186889648 5.806525230407715 4.94295072555542 4.803750991821289 4.925656795501709 4.925134658813477 4.90496301651001 5.083639621734619 5.2574567794799805 5.31712007522583 5.472440719604492 5.568221569061279 5.752263069152832 5.972897052764893 6.029760837554932 6.159344673156738 6.172262191772461 0.0 0.0 0.0 0.0 0.0 0.0 0.0 0.0 0.0 0.0 0.0 0.0 0.0 0.0 0.0
10.606011390686035 5.63452672958374 4.784424781799316 4.642461776733398 4.737602233886719 4.855195999145508 4.838437557220459 5.05163049697876 5.128081321716309 5.479902267456055 5.318724632263184 5.979555130004883 5.572317123413086 6.235806465148926 5.9392571449279785 6.031792163848877 6.227893829345703 6.165904521942139 0.0 0.0 0.0 0.0 0.0 0.0 0.0 0.0 0.0 0.0 0.0 0.0 0.0 0.0
10.614609718322754 5.597009658813477 4.652309894561768 4.535504341125488 4.654624938964844 4.750873565673828 4.862928867340088 4.866513252258301 4.968711853027344 5.029882907867432 5.2647247314453125 5.373434066772461 5.529921054840088 5.589405536651611 5.915299892425537 5.895922660827637 6.025771141052246 6.118869781494141 6.141443252563477 0.0 0.0 0.0 0.0 0.0 0.0 0.0 0.0 0.0 0.0 0.0 0.0 0.0
10.611712455749512 5.571817874908447 4.54236364364624 4.380590438842773 4.530777454376221 4.606441974639893 4.686009883880615 4.966655731201172 4.819990158081055 4.9728169441223145 5.078579902648926 5.247686862945557 6.009559154510498 5.458664417266846 5.535622596740723 5.706106185913086 5.8652567863464355 5.972412586212158 6.087588310241699 6.164984226226807 0.0 0.0 0.0 0.0 0.0 0.0 0.0 0.0 0.0 0.0 0.0 0.0
10.61613941192627 5.38815450668335 4.437798976898193 4.27846622467041 4.348932266235352 4.436000823974609 4.604520797729492 4.658142566680908 4.711930751800537 4.81146764755249 5.164755344390869 5.053623676300049 5.202610015869141 5.369214057922363 5.488948345184326 5.581924915313721 5.668519020080566 5.922367572784424 5.97217321395874 6.121433734893799 6.120297431945801 0.0 0.0 0.0 0.0 0.0 0.0 0.0 0.0 0.0 0.0 0.0
10.607722282409668 5.302460193634033 4.453272342681885 4.349692344665527 4.324513912200928 4.446796894073486 4.500908851623535 4.5282721519470215 4.66116189956665 4.756862640380859 5.150984287261963 4.9827094078063965 5.203847408294678 5.174471378326416 5.54957389831543 5.667415142059326 5.569598197937012 5.819158554077148 5.876312732696533 6.042220592498779 6.142148017883301 6.2639479637146 0.0 0.0 0.0 0.0 0.0 0.0 0.0 0.0 0.0 0.0
10.611807823181152 5.135240077972412 4.221131324768066 4.105553150177002 4.101598739624023 4.209835529327393 4.223742485046387 4.384042263031006 4.5144548416137695 4.650558948516846 4.795725345611572 4.898308277130127 5.123487949371338 5.026855945587158 5.142192840576172 5.6711955070495605 5.532385349273682 5.522141933441162 5.770272731781006 5.873253345489502 6.036998271942139 6.122425079345703 6.2010579109191895 0.0 0.0 0.0 0.0 0.0 0.0 0.0 0.0 0.0
10.615872383117676 5.063305377960205 4.131484031677246 3.902033805847168 4.0908074378967285 4.128412246704102 4.195104598999023 4.158572673797607 4.38442325592041 4.545463562011719 4.655888080596924 4.812910556793213 4.922391414642334 4.936459064483643 5.119128704071045 5.154061317443848 5.321845531463623 5.394690990447998 5.500044822692871 5.761043071746826 5.847227573394775 5.970614910125732 6.071193218231201 6.19181489944458 0.0 0.0 0.0 0.0 0.0 0.0 0.0 0.0
10.61502456665039 5.1180830001831055 4.021193504333496 3.8011133670806885 3.9203438758850098 4.0210371017456055 4.0710906982421875 4.057889461517334 4.20322847366333 4.376920700073242 4.547812461853027 4.66922664642334 4.77080774307251 4.899761199951172 4.887902736663818 5.069722652435303 5.142717361450195 5.2936110496521 5.355789661407471 5.539970874786377 5.7216997146606445 5.851168632507324 5.981225967407227 6.077270030975342 6.2546000480651855 0.0 0.0 0.0 0.0 0.0 0.0 0.0
10.617266654968262 4.9267578125 3.948465585708618 3.629934787750244 3.7885537147521973 3.8244638442993164 4.004513263702393 4.070749282836914 4.0240349769592285 4.161178112030029 4.361868858337402 4.4243879318237305 4.538329601287842 4.736800670623779 4.833204746246338 4.873829364776611 4.9843668937683105 5.099642753601074 5.209311008453369 5.376584529876709 5.597448825836182 5.731969833374023 5.816018104553223 5.977414608001709 6.104948997497559 6.190380096435547 0.0 0.0 0.0 0.0 0.0 0.0
10.615631103515625 4.887183666229248 3.829571008682251 3.562448740005493 3.5973942279815674 3.710803270339966 3.786696195602417 3.844959020614624 3.951787233352661 4.04533052444458 4.190158843994141 4.380893230438232 4.420996189117432 4.6728925704956055 4.668938159942627 4.881077289581299 4.869990825653076 5.028994560241699 5.173938751220703 5.211257457733154 5.4744954109191895 5.566239833831787 5.670654773712158 5.857466220855713 5.987989902496338 6.060248851776123 6.2561726570129395 0.0 0.0 0.0 0.0 0.0
10.615983009338379 4.747853755950928 3.7625539302825928 3.576141357421875 3.5895700454711914 3.569973945617676 3.694924831390381 3.75007700920105 3.901407480239868 3.8923730850219727 4.01830530166626 4.184899806976318 4.336040496826172 4.490752220153809 4.5438666343688965 5.141448974609375 4.781551837921143 4.811387538909912 4.977696895599365 5.120734214782715 5.230915546417236 5.352911949157715 5.445278167724609 5.661531925201416 5.839968681335449 6.010459899902344 6.118490219116211 6.226576328277588 0.0 0.0 0.0 0.0
10.618085861206055 4.63250732421875 3.6019716262817383 3.4143576622009277 3.4638659954071045 3.5208163261413574 3.5552618503570557 3.6043691635131836 3.68211030960083 3.816866397857666 3.934148073196411 4.102973461151123 4.137213706970215 4.501391410827637 4.46068000793457 4.578476428985596 4.676834583282471 4.698121070861816 4.825257301330566 4.958367824554443 5.09085750579834 5.255267143249512 5.304580211639404 5.501542091369629 5.656961441040039 5.833322525024414 6.103318214416504 6.052456378936768 6.155760288238525 0.0 0.0 0.0
10.616851806640625 4.614579677581787 3.5911991596221924 3.349393129348755 3.4050445556640625 3.386281967163086 3.407876491546631 3.742429494857788 3.6243629455566406 3.7204341888427734 3.8124327659606934 3.966355800628662 4.0670270919799805 4.20775842666626 4.306436061859131 4.487813472747803 4.544218063354492 4.595915794372559 4.764525890350342 4.916206359863281 4.98520565032959 5.082456111907959 5.187036514282227 5.377112865447998 5.606000900268555 5.6850385665893555 5.882742404937744 5.979916095733643 6.099664688110352 6.148707389831543 0.0 0.0
10.6170072555542 4.574878215789795 3.5215811729431152 3.2242798805236816 3.3126955032348633 3.379136085510254 3.3811893463134766 3.3315484523773193 3.410191774368286 3.559278726577759 3.6769115924835205 3.9022319316864014 4.1595563888549805 4.027650356292725 4.169089317321777 4.336199760437012 4.565291881561279 4.543300628662109 4.6365790367126465 4.679286479949951 5.358582973480225 4.940414905548096 5.100521564483643 5.17852258682251 5.398448944091797 5.488565444946289 5.657567501068115 5.831032752990723 5.938884735107422 6.0564494132995605 6.140096664428711 0.0
10.617022514343262 4.638469219207764 3.521632671356201 3.1834733486175537 3.1998801231384277 3.2526636123657227 3.4259283542633057 3.36582350730896 3.316039800643921 3.4900131225585938 3.635033369064331 3.767648458480835 3.822904109954834 3.978907823562622 4.038841724395752 4.3025054931640625 4.293286323547363 4.519612789154053 4.48744010925293 4.560073375701904 4.6372504234313965 4.915006160736084 4.922657012939453 5.076762676239014 5.221499919891357 5.3623046875 5.615060329437256 5.739709377288818 5.814485549926758 5.9696221351623535 6.07899808883667 6.140358924865723
