10.71379566192627 0.0 0.0 0.0 0.0 0.0 0.0 0.0 0.0 0.0 0.0 0.0 0.0 0.0 0.0 0.0 0.0 0.0 0.0 0.0 0.0 0.0 0.0 0.0 0.0 0.0 0.0 0.0 0.0 0.0 0.0 0.0
10.702098846435547 6.245560646057129 0.0 0.0 0.0 0.0 0.0 0.0 0.0 0.0 0.0 0.0 0.0 0.0 0.0 0.0 0.0 0.0 0.0 0.0 0.0 0.0 0.0 0.0 0.0 0.0 0.0 0.0 0.0 0.0 0.0 0.0
10.682950973510742 6.869232654571533 5.984522819519043 0.0 0.0 0.0 0.0 0.0 0.0 0.0 0.0 0.0 0.0 0.0 0.0 0.0 0.0 0.0 0.0 0.0 0.0 0.0 0.0 0.0 0.0 0.0 0.0 0.0 0.0 0.0 0.0 0.0
10.656070709228516 7.224270820617676 6.697838306427002 5.808182716369629 0.0 0.0 0.0 0.0 0.0 0.0 0.0 0.0 0.0 0.0 0.0 0.0 0.0 0.0 0.0 0.0 0.0 0.0 0.0 0.0 0.0 0.0 0.0 0.0 0.0 0.0 0.0 0.0
10.631165504455566 7.258147716522217 6.903495788574219 6.658291339874268 5.902503967285156 0.0 0.0 0.0 0.0 0.0 0.0 0.0 0.0 0.0 0.0 0.0 0.0 0.0 0.0 0.0 0.0 0.0 0.0 0.0 0.0 0.0 0.0 0.0 0.0 0.0 0.0 0.0
10.614924430847168 7.022214412689209 6.7403059005737305 6.794900894165039 6.912854194641113 5.891796112060547 0.0 0.0 0.0 0.0 0.0 0.0 0.0 0.0 0.0 0.0 0.0 0.0 0.0 0.0 0.0 0.0 0.0 0.0 0.0 0.0 0.0 0.0 0.0 0.0 0.0 0.0
10.6076021194458 6.752506256103516 6.445497035980225 6.672071933746338 6.877254962921143 6.827917575836182 5.87403678894043 0.0 0.0 0.0 0.0 0.0 0.0 0.0 0.0 0.0 0.0 0.0 0.0 0.0 0.0 0.0 0.0 0.0 0.0 0.0 0.0 0.0 0.0 0.0 0.0 0.0
10.596939086914062 6.5674662590026855 6.246397495269775 6.438997745513916 6.739131927490234 6.903130054473877 6.828536510467529 5.818734645843506 0.0 0.0 0.0 0.0 0.0 0.0 0.0 0.0 0.0 0.0 0.0 0.0 0.0 0.0 0.0 0.0 0.0 0.0 0.0 0.0 0.0 0.0 0.0 0.0
10.587916374206543 6.460050106048584 6.104579448699951 6.2167229652404785 6.528633117675781 6.759134292602539 6.856381416320801 6.80007791519165 5.802364349365234 0.0 0.0 0.0 0.0 0.0 0.0 0.0 0.0 0.0 0.0 0.0 0.0 0.0 0.0 0.0 0.0 0.0 0.0 0.0 0.0 0.0 0.0 0.0
10.581005096435547 6.307461738586426 5.975028038024902 6.045557498931885 6.264110565185547 6.499520301818848 6.780017852783203 6.815211772918701 6.804931640625 5.822393417358398 0.0 0.0 0.0 0.0 0.0 0.0 0.0 0.0 0.0 0.0 0.0 0.0 0.0 0.0 0.0 0.0 0.0 0.0 0.0 0.0 0.0 0.0
10.577208518981934 6.102924346923828 5.985198020935059 5.89722204208374 6.034533977508545 6.259217739105225 6.51973819732666 6.631597518920898 6.819777965545654 6.806125164031982 5.800436019897461 0.0 0.0 0.0 0.0 0.0 0.0 0.0 0.0 0.0 0.0 0.0 0.0 0.0 0.0 0.0 0.0 0.0 0.0 0.0 0.0 0.0
10.572724342346191 5.899905204772949 5.688119411468506 5.742060661315918 5.939857482910156 6.10258674621582 6.211981773376465 6.424181938171387 6.733704090118408 6.844674110412598 6.795539855957031 5.781322002410889 0.0 0.0 0.0 0.0 0.0 0.0 0.0 0.0 0.0 0.0 0.0 0.0 0.0 0.0 0.0 0.0 0.0 0.0 0.0 0.0
10.565333366394043 5.697566986083984 5.500718116760254 5.556082248687744 5.79264497756958 5.946995735168457 6.060858726501465 6.214751243591309 6.59959602355957 6.734890460968018 6.903321266174316 6.777629375457764 5.730240345001221 0.0 0.0 0.0 0.0 0.0 0.0 0.0 0.0 0.0 0.0 0.0 0.0 0.0 0.0 0.0 0.0 0.0 0.0 0.0
10.563666343688965 5.6672844886779785 5.341080665588379 5.374314785003662 5.66112756729126 5.801609516143799 5.907192707061768 6.01951265335083 6.211572170257568 6.468730449676514 6.68408727645874 6.829929828643799 6.867558002471924 5.779507160186768 0.0 0.0 0.0 0.0 0.0 0.0 0.0 0.0 0.0 0.0 0.0 0.0 0.0 0.0 0.0 0.0 0.0 0.0
10.556608200073242 5.537224769592285 5.257674217224121 5.284417629241943 5.5283379554748535 5.604126930236816 5.7788920402526855 5.874746322631836 6.0545735359191895 6.223792552947998 6.40598726272583 6.667787551879883 7.0325493812561035 6.815543174743652 5.774867534637451 0.0 0.0 0.0 0.0 0.0 0.0 0.0 0.0 0.0 0.0 0.0 0.0 0.0 0.0 0.0 0.0 0.0
10.554819107055664 5.536767959594727 5.2143940925598145 5.147848606109619 5.428255081176758 5.420718193054199 5.538599967956543 5.710465908050537 5.899148941040039 6.033081531524658 6.164305210113525 6.659221172332764 6.769489765167236 6.809634208679199 6.756639003753662 5.737152576446533 0.0 0.0 0.0 0.0 0.0 0.0 0.0 0.0 0.0 0.0 0.0 0.0 0.0 0.0 0.0 0.0
10.55732250213623 5.403067111968994 5.182324409484863 5.058059215545654 5.256855010986328 5.221805095672607 5.340872764587402 5.535989284515381 5.73247766494751 5.883728504180908 6.096616744995117 6.289156913757324 6.408938884735107 6.659734725952148 6.809202671051025 6.757564067840576 5.7228546142578125 0.0 0.0 0.0 0.0 0.0 0.0 0.0 0.0 0.0 0.0 0.0 0.0 0.0 0.0 0.0
10.560962677001953 5.203751087188721 5.004589080810547 4.954948902130127 5.0807671546936035 5.070825576782227 5.146965503692627 5.313148021697998 5.538993835449219 5.703489780426025 5.8967437744140625 6.016891956329346 6.116404056549072 6.375393867492676 6.6004638671875 6.810974597930908 6.765955448150635 5.767286777496338 0.0 0.0 0.0 0.0 0.0 0.0 0.0 0.0 0.0 0.0 0.0 0.0 0.0 0.0
10.559494018554688 5.123239517211914 4.740880966186523 4.782426834106445 4.955713748931885 5.065263748168945 5.053342819213867 5.129436016082764 5.309060573577881 5.512089729309082 5.736466407775879 5.848348140716553 5.944095134735107 6.147054195404053 6.3522210121154785 6.6547417640686035 6.838411331176758 6.753023624420166 5.709177494049072 0.0 0.0 0.0 0.0 0.0 0.0 0.0 0.0 0.0 0.0 0.0 0.0 0.0
10.55709171295166 5.003157615661621 4.62145471572876 4.669042110443115 4.938161373138428 4.97270393371582 5.024078369140625 5.029609203338623 5.14375114440918 5.333120822906494 5.595314979553223 5.67763614654541 5.810135364532471 5.9354658126831055 6.1309027671813965 6.363362789154053 6.666666507720947 6.8442158699035645 6.752419948577881 5.700211524963379 0.0 0.0 0.0 0.0 0.0 0.0 0.0 0.0 0.0 0.0 0.0 0.0
10.560013771057129 4.976422309875488 4.533325672149658 4.545629978179932 4.699432849884033 4.813246250152588 4.919032096862793 4.976046562194824 5.055379390716553 5.124491214752197 5.314106464385986 5.4542083740234375 5.656316757202148 5.779865741729736 5.951014041900635 6.075588703155518 6.336266040802002 6.6140642166137695 6.801462650299072 6.7478461265563965 5.719267845153809 0.0 0.0 0.0 0.0 0.0 0.0 0.0 0.0 0.0 0.0 0.0
10.557343482971191 4.911297798156738 4.453277111053467 4.443411827087402 4.622624397277832 4.66735315322876 4.777674198150635 4.841784477233887 4.931800842285156 5.051408290863037 5.164823532104492 5.2634992599487305 5.492621898651123 5.693584442138672 5.762179851531982 5.886801719665527 6.106383323669434 6.333436965942383 6.638164043426514 6.809190273284912 6.778085231781006 5.722387313842773 0.0 0.0 0.0 0.0 0.0 0.0 0.0 0.0 0.0 0.0
10.555156707763672 4.66831636428833 4.395910263061523 4.384073257446289 4.585533142089844 4.6016974449157715 4.686795711517334 4.709878921508789 4.866604804992676 4.970454692840576 4.996320724487305 5.106864929199219 5.276642799377441 5.404576778411865 5.600461006164551 5.787563323974609 5.934042930603027 6.059695243835449 6.31110143661499 6.602745532989502 6.884471416473389 6.842822551727295 5.692145824432373 0.0 0.0 0.0 0.0 0.0 0.0 0.0 0.0 0.0
10.552011489868164 4.642607688903809 4.3606858253479 4.33067512512207 4.534021854400635 4.63923978805542 4.579154014587402 4.642950534820557 4.712831497192383 4.937709808349609 4.920405387878418 5.257330417633057 5.146831035614014 5.243306636810303 5.433316707611084 5.6107869148254395 5.7894287109375 5.85827112197876 6.055477619171143 6.315540313720703 6.695562839508057 6.868289470672607 6.793817520141602 5.6813063621521 0.0 0.0 0.0 0.0 0.0 0.0 0.0 0.0
10.55561637878418 4.66359806060791 4.270450592041016 4.1731858253479 4.374172210693359 4.457552433013916 4.435341835021973 4.480940818786621 4.732046127319336 4.775017261505127 4.933495998382568 4.923886775970459 4.945298194885254 5.048574924468994 5.164822101593018 5.35383415222168 5.555769443511963 5.7284064292907715 5.861362934112549 6.061797618865967 6.375946998596191 6.640536308288574 6.9020094871521 6.708136081695557 5.665726184844971 0.0 0.0 0.0 0.0 0.0 0.0 0.0
10.561088562011719 4.548524856567383 4.185091972351074 4.044155120849609 4.250560760498047 4.318389892578125 4.37141752243042 4.393819808959961 4.48378849029541 4.492443084716797 4.6215739250183105 4.7800469398498535 4.779881000518799 4.890809059143066 4.987192153930664 5.138160705566406 5.368547439575195 5.567902088165283 5.728320121765137 5.899677753448486 6.069118022918701 6.325185775756836 6.642025947570801 6.768853187561035 6.6890034675598145 5.672486782073975 0.0 0.0 0.0 0.0 0.0 0.0
10.557084083557129 4.457677364349365 4.3315205574035645 4.0301032066345215 4.1020379066467285 4.187325477600098 4.2938032150268555 4.306574821472168 4.454975128173828 4.3931803703308105 4.498232364654541 4.639649391174316 4.697296619415283 4.769477367401123 4.875696182250977 4.975548267364502 5.2226433753967285 5.362663745880127 5.577273845672607 5.766017913818359 5.877978324890137 6.028818607330322 6.311802864074707 6.60827112197876 6.798452854156494 6.80204963684082 5.7557291984558105 0.0 0.0 0.0 0.0 0.0
10.559503555297852 4.3991217613220215 4.237704753875732 4.0148444175720215 4.053972244262695 4.065653324127197 4.155458927154541 4.353491306304932 4.303617000579834 4.293188571929932 4.356944561004639 4.498266220092773 4.6297287940979 4.763596057891846 4.746992111206055 4.790309906005859 4.987689018249512 5.1863532066345215 5.355710983276367 5.5498270988464355 5.777935981750488 5.843286514282227 6.022984027862549 6.288801193237305 6.610796928405762 6.798929214477539 6.745433330535889 5.65128755569458 0.0 0.0 0.0 0.0
10.559340476989746 4.170614242553711 4.0918049812316895 3.990269660949707 4.058391571044922 3.9486019611358643 3.99198317527771 4.140531539916992 4.272683143615723 4.2599358558654785 4.299258232116699 4.334280490875244 4.412790298461914 4.580287933349609 4.6639275550842285 4.687299728393555 4.831963539123535 4.984431743621826 5.110905170440674 5.327210426330566 5.553482532501221 5.6974968910217285 5.837504863739014 6.052618503570557 6.297544956207275 6.653584957122803 6.875621795654297 6.678837776184082 5.654731273651123 0.0 0.0 0.0
10.560190200805664 3.9226832389831543 3.8560070991516113 3.889569044113159 4.054140567779541 3.963043689727783 3.925771713256836 3.973956346511841 4.0539350509643555 4.184237957000732 4.305703639984131 4.221930503845215 4.28219747543335 4.380716323852539 4.52410888671875 4.665141582489014 4.7426629066467285 4.880582332611084 5.005608081817627 5.176056385040283 5.385031700134277 5.519677639007568 5.682849884033203 5.858201503753662 6.068881034851074 6.335019588470459 6.661825180053711 6.748131275177002 6.694248199462891 5.6907639503479 0.0 0.0
10.5623197555542 3.7619500160217285 3.6479878425598145 3.676560401916504 3.978248119354248 3.9613380432128906 3.8803906440734863 3.8696672916412354 3.9432764053344727 4.028904914855957 4.08919095993042 4.1448235511779785 4.217129230499268 4.21298360824585 4.331959247589111 4.5234785079956055 4.639379501342773 4.7340617179870605 4.795958042144775 4.9440836906433105 5.136509418487549 5.323355674743652 5.517150402069092 5.663564205169678 5.825017929077148 6.020461082458496 6.299582481384277 6.553285121917725 6.7679123878479 6.819127559661865 5.649502754211426 0.0
10.561601638793945 3.8573570251464844 3.529135227203369 3.4836103916168213 3.6909923553466797 3.9589548110961914 3.919039487838745 3.913099765777588 3.89231276512146 3.883833169937134 3.958784341812134 4.09618616104126 4.181286811828613 4.202190399169922 4.253753185272217 4.3635053634643555 4.527333736419678 4.625619411468506 4.708636283874512 4.8087334632873535 4.962215900421143 5.114419460296631 5.323724746704102 5.517494201660156 5.691132545471191 5.812697887420654 6.00846529006958 6.243007183074951 6.599567890167236 6.8968892097473145 6.683533668518066 5.622873306274414
