10.71379566192627 0.0 0.0 0.0 0.0 0.0 0.0 0.0 0.0 0.0 0.0 0.0 0.0 0.0 0.0 0.0 0.0 0.0 0.0 0.0 0.0 0.0 0.0 0.0 0.0 0.0 0.0 0.0 0.0 0.0 0.0 0.0
10.649641036987305 7.933244228363037 0.0 0.0 0.0 0.0 0.0 0.0 0.0 0.0 0.0 0.0 0.0 0.0 0.0 0.0 0.0 0.0 0.0 0.0 0.0 0.0 0.0 0.0 0.0 0.0 0.0 0.0 0.0 0.0 0.0 0.0
10.56882095336914 7.820924758911133 8.180444717407227 0.0 0.0 0.0 0.0 0.0 0.0 0.0 0.0 0.0 0.0 0.0 0.0 0.0 0.0 0.0 0.0 0.0 0.0 0.0 0.0 0.0 0.0 0.0 0.0 0.0 0.0 0.0 0.0 0.0
10.526490211486816 7.149469375610352 7.958757400512695 8.172331809997559 0.0 0.0 0.0 0.0 0.0 0.0 0.0 0.0 0.0 0.0 0.0 0.0 0.0 0.0 0.0 0.0 0.0 0.0 0.0 0.0 0.0 0.0 0.0 0.0 0.0 0.0 0.0 0.0
10.507346153259277 6.497039318084717 7.1198320388793945 7.987242221832275 8.171943664550781 0.0 0.0 0.0 0.0 0.0 0.0 0.0 0.0 0.0 0.0 0.0 0.0 0.0 0.0 0.0 0.0 0.0 0.0 0.0 0.0 0.0 0.0 0.0 0.0 0.0 0.0 0.0
10.501420974731445 6.112663745880127 6.418918609619141 7.113190650939941 7.978405952453613 8.128254890441895 0.0 0.0 0.0 0.0 0.0 0.0 0.0 0.0 0.0 0.0 0.0 0.0 0.0 0.0 0.0 0.0 0.0 0.0 0.0 0.0 0.0 0.0 0.0 0.0 0.0 0.0
10.496031761169434 5.775604724884033 5.814211845397949 6.3311567306518555 7.11885929107666 8.021700859069824 8.099735260009766 0.0 0.0 0.0 0.0 0.0 0.0 0.0 0.0 0.0 0.0 0.0 0.0 0.0 0.0 0.0 0.0 0.0 0.0 0.0 0.0 0.0 0.0 0.0 0.0 0.0
10.488480567932129 5.568434238433838 5.630584716796875 5.8904290199279785 6.450209140777588 7.159590721130371 7.979733943939209 8.10878849029541 0.0 0.0 0.0 0.0 0.0 0.0 0.0 0.0 0.0 0.0 0.0 0.0 0.0 0.0 0.0 0.0 0.0 0.0 0.0 0.0 0.0 0.0 0.0 0.0
10.48932933807373 5.350597381591797 5.334054946899414 5.488839626312256 5.800924777984619 6.333736419677734 7.0773138999938965 8.005627632141113 8.10147476196289 0.0 0.0 0.0 0.0 0.0 0.0 0.0 0.0 0.0 0.0 0.0 0.0 0.0 0.0 0.0 0.0 0.0 0.0 0.0 0.0 0.0 0.0 0.0
10.491362571716309 5.124067783355713 5.139956474304199 5.278119087219238 5.505406379699707 5.84226131439209 6.28803825378418 7.07145357131958 7.967902183532715 8.081768035888672 0.0 0.0 0.0 0.0 0.0 0.0 0.0 0.0 0.0 0.0 0.0 0.0 0.0 0.0 0.0 0.0 0.0 0.0 0.0 0.0 0.0 0.0
10.484906196594238 4.905920505523682 4.649362087249756 5.000483512878418 5.295633316040039 5.5016069412231445 5.7922210693359375 6.336357116699219 7.089727878570557 8.00127124786377 8.097126960754395 0.0 0.0 0.0 0.0 0.0 0.0 0.0 0.0 0.0 0.0 0.0 0.0 0.0 0.0 0.0 0.0 0.0 0.0 0.0 0.0 0.0
10.47879695892334 4.817478179931641 4.29950475692749 4.656559944152832 5.044541835784912 5.297219753265381 5.475695610046387 5.881094932556152 6.334296226501465 7.097099781036377 8.045448303222656 8.091413497924805 0.0 0.0 0.0 0.0 0.0 0.0 0.0 0.0 0.0 0.0 0.0 0.0 0.0 0.0 0.0 0.0 0.0 0.0 0.0 0.0
10.49052619934082 4.816379070281982 4.147832870483398 4.337128639221191 4.6751627922058105 5.030388832092285 5.258275032043457 5.489604949951172 5.808528900146484 6.319124698638916 7.067094802856445 7.961377143859863 8.041154861450195 0.0 0.0 0.0 0.0 0.0 0.0 0.0 0.0 0.0 0.0 0.0 0.0 0.0 0.0 0.0 0.0 0.0 0.0 0.0
10.474525451660156 4.7694501876831055 4.162599563598633 4.199374675750732 4.3683180809021 4.689484119415283 4.992795944213867 5.270325183868408 5.541006088256836 5.899898529052734 6.580297470092773 7.087153434753418 8.012598037719727 8.080253601074219 0.0 0.0 0.0 0.0 0.0 0.0 0.0 0.0 0.0 0.0 0.0 0.0 0.0 0.0 0.0 0.0 0.0 0.0
10.463032722473145 4.636075019836426 4.269706726074219 4.236478328704834 4.2657647132873535 4.4369659423828125 4.689182758331299 5.040151119232178 5.347705841064453 5.617783069610596 6.34155797958374 6.361201286315918 7.111160755157471 8.091095924377441 8.065621376037598 0.0 0.0 0.0 0.0 0.0 0.0 0.0 0.0 0.0 0.0 0.0 0.0 0.0 0.0 0.0 0.0 0.0
10.466042518615723 4.381658554077148 4.182265758514404 4.258302211761475 4.279937744140625 4.294785976409912 4.428844928741455 4.682882785797119 5.065445423126221 5.334089279174805 5.617771148681641 5.861935138702393 6.386842727661133 7.1561150550842285 8.082134246826172 8.072454452514648 0.0 0.0 0.0 0.0 0.0 0.0 0.0 0.0 0.0 0.0 0.0 0.0 0.0 0.0 0.0 0.0
10.479300498962402 4.162430763244629 3.933295726776123 4.155038833618164 4.286410808563232 4.2843098640441895 4.285096168518066 4.385025978088379 4.6956682205200195 5.013627052307129 5.338588237762451 5.482644081115723 5.807896614074707 6.314720630645752 7.080143451690674 8.015624046325684 8.04153823852539 0.0 0.0 0.0 0.0 0.0 0.0 0.0 0.0 0.0 0.0 0.0 0.0 0.0 0.0 0.0
10.467248916625977 4.080894470214844 3.637904405593872 3.8705785274505615 4.150416851043701 4.307826995849609 4.264853477478027 4.262953758239746 4.388649940490723 4.665050029754639 5.03840446472168 5.310451984405518 5.53386116027832 5.832459926605225 6.379967212677002 7.132829189300537 8.067316055297852 8.079377174377441 0.0 0.0 0.0 0.0 0.0 0.0 0.0 0.0 0.0 0.0 0.0 0.0 0.0 0.0
10.461282730102539 4.261092185974121 3.5478014945983887 3.5909042358398438 3.864098072052002 4.249856472015381 4.336541652679443 4.274726867675781 4.259803771972656 4.383566856384277 4.694267749786377 5.01135778427124 5.293242931365967 5.502779960632324 5.818838119506836 6.427006721496582 7.164890766143799 8.090103149414062 8.088587760925293 0.0 0.0 0.0 0.0 0.0 0.0 0.0 0.0 0.0 0.0 0.0 0.0 0.0
10.461947441101074 4.504596710205078 3.7013819217681885 3.479872465133667 3.556107521057129 3.995835542678833 4.3793535232543945 4.357954978942871 4.363128662109375 4.469085693359375 4.458511829376221 4.7678751945495605 5.026994228363037 5.285656929016113 5.546163082122803 5.856999397277832 6.368629455566406 7.122264385223389 8.089961051940918 8.06657886505127 0.0 0.0 0.0 0.0 0.0 0.0 0.0 0.0 0.0 0.0 0.0 0.0
10.468233108520508 4.534687519073486 3.9391350746154785 3.6414568424224854 3.440031051635742 3.611593723297119 3.876655101776123 4.188491344451904 4.335693359375 4.301482200622559 4.312803745269775 4.363317966461182 4.6691999435424805 4.9947123527526855 5.266392230987549 5.514549255371094 5.824459552764893 6.361867904663086 7.095458030700684 8.035996437072754 8.073127746582031 0.0 0.0 0.0 0.0 0.0 0.0 0.0 0.0 0.0 0.0 0.0
10.454665184020996 4.420345783233643 3.9918200969696045 3.8502767086029053 3.55534291267395 3.5020792484283447 3.556812286376953 3.8553378582000732 4.196052551269531 4.3665361404418945 4.331964492797852 4.309234142303467 4.371072292327881 4.6706695556640625 5.004675388336182 5.312466144561768 5.555576801300049 5.870813846588135 6.437398433685303 7.144301891326904 8.118338584899902 8.080801963806152 0.0 0.0 0.0 0.0 0.0 0.0 0.0 0.0 0.0 0.0
10.451858520507812 4.1816086769104 3.818150758743286 3.9525234699249268 3.810429811477661 3.633985996246338 3.488854169845581 3.649894952774048 3.915829658508301 4.177208423614502 4.570371627807617 4.53713321685791 4.25330114364624 4.39254903793335 4.6494059562683105 5.034763813018799 5.289151668548584 5.514782905578613 5.850136756896973 6.36977481842041 7.145117282867432 8.14253044128418 8.084115982055664 0.0 0.0 0.0 0.0 0.0 0.0 0.0 0.0 0.0
10.45387077331543 4.022500991821289 3.4830753803253174 3.763590097427368 3.8725740909576416 3.795231819152832 3.5399274826049805 3.3838143348693848 3.5971429347991943 3.8399851322174072 4.195919513702393 4.33812141418457 4.287283420562744 4.231863021850586 4.355238914489746 4.72936487197876 5.046289920806885 5.31856632232666 5.548304557800293 5.889375686645508 6.458108425140381 7.151296138763428 8.13572883605957 8.050647735595703 0.0 0.0 0.0 0.0 0.0 0.0 0.0 0.0
10.457169532775879 4.139987945556641 3.2999227046966553 3.511881113052368 3.8424527645111084 3.916005849838257 3.8020076751708984 3.5067074298858643 3.9014225006103516 3.5806148052215576 3.9929392337799072 4.318144798278809 4.323985576629639 4.254070281982422 4.242630481719971 4.511496067047119 4.732593059539795 5.080812454223633 5.340110778808594 5.526505470275879 5.847725868225098 6.423829078674316 7.133977890014648 8.075176239013672 8.06743049621582 0.0 0.0 0.0 0.0 0.0 0.0 0.0
10.452363014221191 4.067087173461914 3.268698215484619 3.2558724880218506 3.4570493698120117 3.731679677963257 3.8352999687194824 3.7059712409973145 3.5667855739593506 3.3794984817504883 3.5995235443115234 4.018963813781738 4.185526371002197 4.332878112792969 4.308127403259277 4.319905757904053 4.416113376617432 4.7248711585998535 5.069355010986328 5.362104415893555 5.545160293579102 5.889850616455078 6.410782337188721 7.150784492492676 8.132840156555176 8.053894996643066 0.0 0.0 0.0 0.0 0.0 0.0
10.463546752929688 4.151352405548096 3.3279683589935303 3.212272882461548 3.229900598526001 3.4528310298919678 3.6472654342651367 3.788105010986328 3.7153940200805664 3.472541570663452 3.391683578491211 3.507645845413208 3.8218743801116943 4.16828727722168 4.335944175720215 4.275860786437988 4.287398338317871 4.411883354187012 4.72386360168457 5.060938358306885 5.293468475341797 5.501669406890869 5.827568531036377 6.344549179077148 7.092228412628174 8.070752143859863 8.044703483581543 0.0 0.0 0.0 0.0 0.0
10.4569673538208 4.177648544311523 3.427887439727783 3.3463053703308105 3.150297164916992 3.187121868133545 3.370955228805542 3.6713244915008545 3.818351984024048 3.703443765640259 3.5034501552581787 3.3963561058044434 3.4584004878997803 3.81459379196167 4.155519008636475 4.284112453460693 4.274990081787109 4.2619194984436035 4.4244208335876465 4.722522258758545 5.038386344909668 5.315935134887695 5.54075288772583 5.882239818572998 6.411701202392578 7.138720512390137 8.10328483581543 8.036456108093262 0.0 0.0 0.0 0.0
10.456058502197266 4.187575817108154 3.354644536972046 3.412201166152954 3.2388916015625 3.1494839191436768 3.1850430965423584 3.3998544216156006 3.6207761764526367 3.8250269889831543 3.6925048828125 3.4310271739959717 3.296081066131592 3.4587910175323486 3.9355945587158203 4.160579681396484 4.304283618927002 4.24727725982666 4.274138450622559 4.427061557769775 4.743701934814453 5.068506717681885 5.325931072235107 5.56851863861084 5.874172687530518 6.4139299392700195 7.142302989959717 8.095117568969727 8.04058837890625 0.0 0.0 0.0
10.460861206054688 4.241543769836426 3.27885365486145 3.391732931137085 3.339952230453491 3.2318921089172363 3.134716033935547 3.1641249656677246 3.359389305114746 3.610893487930298 3.7625551223754883 3.634216547012329 3.4085683822631836 3.2645530700683594 3.4954562187194824 3.8126611709594727 4.1366777420043945 4.263769626617432 4.286645889282227 4.252890110015869 4.427186012268066 4.720443248748779 5.067556858062744 5.359748363494873 5.528178691864014 5.8814473152160645 6.389448165893555 7.110815048217773 8.066089630126953 8.031535148620605 0.0 0.0
10.453410148620605 4.353185653686523 3.3153750896453857 3.290783643722534 3.3233635425567627 3.358854055404663 3.2332351207733154 3.079545021057129 3.143291711807251 3.3040332794189453 3.6024694442749023 3.736985683441162 3.6601152420043945 3.3989017009735107 3.3357722759246826 3.474374532699585 3.8023436069488525 4.131936550140381 4.298505783081055 4.258878707885742 4.30534553527832 4.417081356048584 4.739333152770996 5.061769962310791 5.33860445022583 5.589134216308594 5.893402099609375 6.401737213134766 7.1262030601501465 8.103501319885254 8.050793647766113 0.0
10.453022956848145 4.301047325134277 3.4908292293548584 3.3017914295196533 3.267726182937622 3.444838523864746 3.6074602603912354 3.428011178970337 3.1963119506835938 3.256711006164551 3.772238254547119 3.598809003829956 3.7511305809020996 3.67439866065979 3.6737427711486816 3.3436694145202637 3.5136373043060303 3.7956361770629883 4.259017467498779 4.271591663360596 4.2676167488098145 4.407485008239746 4.576476573944092 4.778923511505127 5.062648773193359 5.451284885406494 5.552737712860107 5.8638997077941895 6.383295059204102 7.125330448150635 8.087422370910645 8.03829574584961
