10.71379566192627 0.0 0.0 0.0 0.0 0.0 0.0 0.0 0.0 0.0 0.0 0.0 0.0 0.0 0.0 0.0 0.0 0.0 0.0 0.0 0.0 0.0 0.0 0.0 0.0 0.0 0.0 0.0 0.0 0.0 0.0 0.0
10.674727439880371 7.448099136352539 0.0 0.0 0.0 0.0 0.0 0.0 0.0 0.0 0.0 0.0 0.0 0.0 0.0 0.0 0.0 0.0 0.0 0.0 0.0 0.0 0.0 0.0 0.0 0.0 0.0 0.0 0.0 0.0 0.0 0.0
10.654064178466797 7.028700828552246 7.294910430908203 0.0 0.0 0.0 0.0 0.0 0.0 0.0 0.0 0.0 0.0 0.0 0.0 0.0 0.0 0.0 0.0 0.0 0.0 0.0 0.0 0.0 0.0 0.0 0.0 0.0 0.0 0.0 0.0 0.0
10.6270170211792 7.07189416885376 6.87877893447876 7.366611003875732 0.0 0.0 0.0 0.0 0.0 0.0 0.0 0.0 0.0 0.0 0.0 0.0 0.0 0.0 0.0 0.0 0.0 0.0 0.0 0.0 0.0 0.0 0.0 0.0 0.0 0.0 0.0 0.0
10.601447105407715 7.1118574142456055 6.808201789855957 6.949923515319824 7.376776695251465 0.0 0.0 0.0 0.0 0.0 0.0 0.0 0.0 0.0 0.0 0.0 0.0 0.0 0.0 0.0 0.0 0.0 0.0 0.0 0.0 0.0 0.0 0.0 0.0 0.0 0.0 0.0
10.578812599182129 7.105981826782227 6.774867534637451 6.835083484649658 6.917624473571777 7.401020050048828 0.0 0.0 0.0 0.0 0.0 0.0 0.0 0.0 0.0 0.0 0.0 0.0 0.0 0.0 0.0 0.0 0.0 0.0 0.0 0.0 0.0 0.0 0.0 0.0 0.0 0.0
10.559967994689941 7.068961143493652 6.72188138961792 6.77053165435791 6.748560905456543 6.925107479095459 7.413945198059082 0.0 0.0 0.0 0.0 0.0 0.0 0.0 0.0 0.0 0.0 0.0 0.0 0.0 0.0 0.0 0.0 0.0 0.0 0.0 0.0 0.0 0.0 0.0 0.0 0.0
10.542487144470215 6.974678039550781 6.682197570800781 6.753907203674316 6.66979455947876 6.755309104919434 6.830922603607178 7.482485771179199 0.0 0.0 0.0 0.0 0.0 0.0 0.0 0.0 0.0 0.0 0.0 0.0 0.0 0.0 0.0 0.0 0.0 0.0 0.0 0.0 0.0 0.0 0.0 0.0
10.522905349731445 6.9045186042785645 6.632552623748779 6.727051258087158 6.759829044342041 6.792023658752441 6.657419204711914 6.878127574920654 7.447538375854492 0.0 0.0 0.0 0.0 0.0 0.0 0.0 0.0 0.0 0.0 0.0 0.0 0.0 0.0 0.0 0.0 0.0 0.0 0.0 0.0 0.0 0.0 0.0
10.511897087097168 6.891648769378662 6.6336469650268555 6.655342102050781 6.670685291290283 6.639543056488037 6.615720272064209 6.675312042236328 6.810568332672119 7.434983253479004 0.0 0.0 0.0 0.0 0.0 0.0 0.0 0.0 0.0 0.0 0.0 0.0 0.0 0.0 0.0 0.0 0.0 0.0 0.0 0.0 0.0 0.0
10.502608299255371 6.826446056365967 6.555177688598633 6.583095073699951 6.587841033935547 6.591620445251465 6.614503383636475 6.614222049713135 6.582080841064453 6.760026454925537 7.424726963043213 0.0 0.0 0.0 0.0 0.0 0.0 0.0 0.0 0.0 0.0 0.0 0.0 0.0 0.0 0.0 0.0 0.0 0.0 0.0 0.0 0.0
10.479235649108887 6.836722373962402 6.642727375030518 6.656029224395752 6.593724250793457 6.601457595825195 6.610476493835449 6.630009651184082 6.560465335845947 6.556958198547363 6.741579055786133 7.436202049255371 0.0 0.0 0.0 0.0 0.0 0.0 0.0 0.0 0.0 0.0 0.0 0.0 0.0 0.0 0.0 0.0 0.0 0.0 0.0 0.0
10.46131420135498 6.81404447555542 6.621605396270752 6.63974666595459 6.591609954833984 6.583604335784912 6.590271949768066 6.618216037750244 6.557302951812744 6.508678436279297 6.5899224281311035 6.781195640563965 7.431928634643555 0.0 0.0 0.0 0.0 0.0 0.0 0.0 0.0 0.0 0.0 0.0 0.0 0.0 0.0 0.0 0.0 0.0 0.0 0.0
10.453202247619629 6.732969284057617 6.484959125518799 6.564265251159668 6.539780616760254 6.5433149337768555 6.530920505523682 6.561526298522949 6.531674861907959 6.519876480102539 6.545707702636719 6.561713695526123 6.7439117431640625 7.443692684173584 0.0 0.0 0.0 0.0 0.0 0.0 0.0 0.0 0.0 0.0 0.0 0.0 0.0 0.0 0.0 0.0 0.0 0.0
10.4375 6.694482326507568 6.414658069610596 6.550272464752197 6.545661449432373 6.534765243530273 6.520246982574463 6.526808261871338 6.530151844024658 6.537137508392334 6.564742088317871 6.517241477966309 6.568446636199951 6.742366313934326 7.416959285736084 0.0 0.0 0.0 0.0 0.0 0.0 0.0 0.0 0.0 0.0 0.0 0.0 0.0 0.0 0.0 0.0 0.0
10.422115325927734 6.660573482513428 6.383965492248535 6.479262828826904 6.513832092285156 6.490334510803223 6.508215427398682 6.5200066566467285 6.51570463180542 6.543798923492432 6.517955303192139 6.538137912750244 6.520092010498047 6.578623294830322 6.729511737823486 7.432924270629883 0.0 0.0 0.0 0.0 0.0 0.0 0.0 0.0 0.0 0.0 0.0 0.0 0.0 0.0 0.0 0.0
10.4048490524292 6.580799102783203 6.342894077301025 6.455944538116455 6.489553451538086 6.50080680847168 6.5340776443481445 6.494137287139893 6.518627166748047 6.547645568847656 6.5204267501831055 6.511258125305176 6.509368896484375 6.583975791931152 6.5382232666015625 6.755153656005859 7.424351692199707 0.0 0.0 0.0 0.0 0.0 0.0 0.0 0.0 0.0 0.0 0.0 0.0 0.0 0.0 0.0
10.39201545715332 6.512770652770996 6.292585849761963 6.423564910888672 6.454370021820068 6.448283672332764 6.468587875366211 6.490941524505615 6.521782398223877 6.463710784912109 6.46312141418457 6.510688304901123 6.536718368530273 6.638332843780518 6.502690315246582 6.582831859588623 6.709537982940674 7.419593811035156 0.0 0.0 0.0 0.0 0.0 0.0 0.0 0.0 0.0 0.0 0.0 0.0 0.0 0.0
10.380159378051758 6.4546098709106445 6.2668232917785645 6.398535251617432 6.422571659088135 6.431751728057861 6.444313049316406 6.438825607299805 6.445428371429443 6.460508823394775 6.476136684417725 6.478085041046143 6.484740734100342 6.53176212310791 6.4927778244018555 6.552581310272217 6.53109073638916 6.71735143661499 7.44527530670166 0.0 0.0 0.0 0.0 0.0 0.0 0.0 0.0 0.0 0.0 0.0 0.0 0.0
10.361091613769531 6.415258884429932 6.194683074951172 6.399263381958008 6.433902263641357 6.426278114318848 6.446629047393799 6.457975387573242 6.445749282836914 6.48305082321167 6.476406574249268 6.501123905181885 6.468535900115967 6.474789142608643 6.481780052185059 6.58317756652832 6.495177268981934 6.523290157318115 6.766174793243408 7.420347213745117 0.0 0.0 0.0 0.0 0.0 0.0 0.0 0.0 0.0 0.0 0.0 0.0
10.34914493560791 6.39838981628418 6.1733198165893555 6.339425086975098 6.406083583831787 6.4011149406433105 6.401808738708496 6.489522933959961 6.488589763641357 6.4826836585998535 6.459782123565674 6.453851222991943 6.48270320892334 6.4866204261779785 6.472927093505859 6.498547077178955 6.4467597007751465 6.482772350311279 6.547021865844727 6.678523540496826 7.399891376495361 0.0 0.0 0.0 0.0 0.0 0.0 0.0 0.0 0.0 0.0 0.0
10.336915016174316 6.3881964683532715 6.173518657684326 6.346529006958008 6.389903545379639 6.396239757537842 6.399919033050537 6.4177680015563965 6.417604446411133 6.409919261932373 6.417322635650635 6.445937156677246 6.429244041442871 6.481845378875732 6.463267803192139 6.544487476348877 6.4256768226623535 6.450139999389648 6.492985725402832 6.504613399505615 6.664629936218262 7.393161773681641 0.0 0.0 0.0 0.0 0.0 0.0 0.0 0.0 0.0 0.0
10.324396133422852 6.4141082763671875 6.180190086364746 6.359692096710205 6.374391078948975 6.366939544677734 6.3590407371521 6.378663063049316 6.413030624389648 6.398891925811768 6.431220054626465 6.462728023529053 6.439539909362793 6.459911346435547 6.449458599090576 6.4271955490112305 6.3972039222717285 6.423222541809082 6.4225754737854 6.450057029724121 6.491164207458496 6.663938522338867 7.3751044273376465 0.0 0.0 0.0 0.0 0.0 0.0 0.0 0.0 0.0
10.312118530273438 6.404665470123291 6.173873424530029 6.363871097564697 6.366536617279053 6.380795955657959 6.3288373947143555 6.334079742431641 6.368178844451904 6.386776924133301 6.4329304695129395 6.448039531707764 6.42738676071167 6.432185173034668 6.384576320648193 6.438535213470459 6.366819381713867 6.402910232543945 6.394939422607422 6.441455364227295 6.414593696594238 6.469371795654297 6.644233226776123 7.368037223815918 0.0 0.0 0.0 0.0 0.0 0.0 0.0 0.0
10.296951293945312 6.37652063369751 6.1541643142700195 6.34902811050415 6.370205402374268 6.361921787261963 6.336118221282959 6.306622505187988 6.373703956604004 6.402096748352051 6.422306537628174 6.40349817276001 6.423342227935791 6.421194553375244 6.382932186126709 6.398736953735352 6.3828043937683105 6.3788065910339355 6.368371486663818 6.40527868270874 6.3821258544921875 6.433029651641846 6.470361232757568 6.6396164894104 7.372905254364014 0.0 0.0 0.0 0.0 0.0 0.0 0.0
10.281525611877441 6.399022579193115 6.1429572105407715 6.274806976318359 6.317099094390869 6.330231666564941 6.305741310119629 6.287962436676025 6.335288047790527 6.3458685874938965 6.386598110198975 6.405633926391602 6.411160469055176 6.436350345611572 6.487422943115234 6.497308731079102 6.362545013427734 6.34152364730835 6.370429992675781 6.3965582847595215 6.374505519866943 6.396239280700684 6.404141902923584 6.446028709411621 6.642651557922363 7.359579086303711 0.0 0.0 0.0 0.0 0.0 0.0
10.268583297729492 6.333797931671143 6.078820705413818 6.239203929901123 6.291431903839111 6.279566764831543 6.282040119171143 6.253715991973877 6.2874274253845215 6.310985565185547 6.374649524688721 6.373523712158203 6.435036659240723 6.44129753112793 6.589873790740967 6.475170135498047 6.370432376861572 6.3698272705078125 6.333792209625244 6.397698879241943 6.350589752197266 6.3822855949401855 6.385983467102051 6.409638404846191 6.464555263519287 6.614208221435547 7.337738513946533 0.0 0.0 0.0 0.0 0.0
10.257862091064453 6.300615310668945 6.109490871429443 6.222804069519043 6.244368553161621 6.261811256408691 6.2821044921875 6.251485824584961 6.275035858154297 6.269868850708008 6.3290486335754395 6.368527412414551 6.431616306304932 6.486525058746338 6.516446113586426 6.4172444343566895 6.35354471206665 6.387571334838867 6.3447394371032715 6.366524696350098 6.323745250701904 6.340866565704346 6.357724189758301 6.373220920562744 6.387261867523193 6.427227020263672 6.59134578704834 7.344206809997559 0.0 0.0 0.0 0.0
10.2509126663208 6.257996082305908 6.025407314300537 6.193730354309082 6.226195812225342 6.269195556640625 6.276279926300049 6.252629280090332 6.277049541473389 6.290450572967529 6.304001808166504 6.313543319702148 6.387800693511963 6.403479099273682 6.3584208488464355 6.41190767288208 6.34794282913208 6.316053867340088 6.3513407707214355 6.340567588806152 6.315040588378906 6.356831073760986 6.337661266326904 6.336861610412598 6.37319803237915 6.410149574279785 6.418359279632568 6.595122337341309 7.330623149871826 0.0 0.0 0.0
10.230672836303711 6.204848289489746 6.005893707275391 6.165611743927002 6.196625232696533 6.2387518882751465 6.244027614593506 6.278530120849609 6.290797710418701 6.282105922698975 6.301331043243408 6.325295448303223 6.364199161529541 6.360062599182129 6.335018157958984 6.440969944000244 6.352388858795166 6.337456226348877 6.458078384399414 6.361185550689697 6.296224594116211 6.369449138641357 6.367720127105713 6.364145755767822 6.388438701629639 6.398434162139893 6.36236047744751 6.412108898162842 6.57001256942749 7.3282575607299805 0.0 0.0
10.220260620117188 6.176170349121094 5.956672191619873 6.14393424987793 6.1658711433410645 6.202668190002441 6.228692531585693 6.244938850402832 6.269402503967285 6.275030136108398 6.295217037200928 6.311321258544922 6.334767818450928 6.353312015533447 6.327874660491943 6.453240871429443 6.3635573387146 6.311819076538086 6.538232803344727 6.364503383636475 6.30969762802124 6.326589584350586 6.303869724273682 6.36325740814209 6.317439556121826 6.327394008636475 6.31907844543457 6.375966548919678 6.377923965454102 6.56453800201416 7.3167829513549805 0.0
10.201483726501465 6.177210330963135 5.9716410636901855 6.114748954772949 6.180388450622559 6.244019031524658 6.22070837020874 6.263350963592529 6.284247398376465 6.278783798217773 6.293691635131836 6.300677299499512 6.311551570892334 6.281175136566162 6.284610748291016 6.325561046600342 6.323141574859619 6.302064895629883 6.46309232711792 6.323025703430176 6.319669723510742 6.3202691078186035 6.51228666305542 6.571648120880127 6.287793159484863 6.290985584259033 6.295744895935059 6.336809158325195 6.299956798553467 6.369262218475342 6.547098636627197 7.327913761138916
