10.71379566192627 0.0 0.0 0.0 0.0 0.0 0.0 0.0 0.0 0.0 0.0 0.0 0.0 0.0 0.0 0.0 0.0 0.0 0.0 0.0 0.0 0.0 0.0 0.0 0.0 0.0 0.0 0.0 0.0 0.0 0.0 0.0
10.683210372924805 7.20700740814209 0.0 0.0 0.0 0.0 0.0 0.0 0.0 0.0 0.0 0.0 0.0 0.0 0.0 0.0 0.0 0.0 0.0 0.0 0.0 0.0 0.0 0.0 0.0 0.0 0.0 0.0 0.0 0.0 0.0 0.0
10.684530258178711 6.148469924926758 6.713205814361572 0.0 0.0 0.0 0.0 0.0 0.0 0.0 0.0 0.0 0.0 0.0 0.0 0.0 0.0 0.0 0.0 0.0 0.0 0.0 0.0 0.0 0.0 0.0 0.0 0.0 0.0 0.0 0.0 0.0
10.682747840881348 5.588028430938721 5.99911642074585 6.548811435699463 0.0 0.0 0.0 0.0 0.0 0.0 0.0 0.0 0.0 0.0 0.0 0.0 0.0 0.0 0.0 0.0 0.0 0.0 0.0 0.0 0.0 0.0 0.0 0.0 0.0 0.0 0.0 0.0
10.6807861328125 5.21920108795166 5.50657844543457 5.872959136962891 6.504241466522217 0.0 0.0 0.0 0.0 0.0 0.0 0.0 0.0 0.0 0.0 0.0 0.0 0.0 0.0 0.0 0.0 0.0 0.0 0.0 0.0 0.0 0.0 0.0 0.0 0.0 0.0 0.0
10.678242683410645 5.0456953048706055 5.2283034324646 5.455117225646973 5.827138423919678 6.47671365737915 0.0 0.0 0.0 0.0 0.0 0.0 0.0 0.0 0.0 0.0 0.0 0.0 0.0 0.0 0.0 0.0 0.0 0.0 0.0 0.0 0.0 0.0 0.0 0.0 0.0 0.0
10.67475414276123 4.889277935028076 5.11584997177124 5.188873767852783 5.564032554626465 5.747313022613525 6.497114658355713 0.0 0.0 0.0 0.0 0.0 0.0 0.0 0.0 0.0 0.0 0.0 0.0 0.0 0.0 0.0 0.0 0.0 0.0 0.0 0.0 0.0 0.0 0.0 0.0 0.0
10.675090789794922 4.813419818878174 5.009210109710693 4.996275424957275 5.114977836608887 5.319952964782715 5.700157165527344 6.414909362792969 0.0 0.0 0.0 0.0 0.0 0.0 0.0 0.0 0.0 0.0 0.0 0.0 0.0 0.0 0.0 0.0 0.0 0.0 0.0 0.0 0.0 0.0 0.0 0.0
10.672572135925293 4.698793888092041 4.843689918518066 4.843357563018799 4.944921493530273 5.095554351806641 5.395901679992676 5.753820419311523 6.4088134765625 0.0 0.0 0.0 0.0 0.0 0.0 0.0 0.0 0.0 0.0 0.0 0.0 0.0 0.0 0.0 0.0 0.0 0.0 0.0 0.0 0.0 0.0 0.0
10.670049667358398 4.590153217315674 4.658938884735107 4.784172058105469 4.83687686920166 4.915757656097412 5.1041083335876465 5.391140937805176 5.696243762969971 6.4786696434021 0.0 0.0 0.0 0.0 0.0 0.0 0.0 0.0 0.0 0.0 0.0 0.0 0.0 0.0 0.0 0.0 0.0 0.0 0.0 0.0 0.0 0.0
10.670454025268555 4.443167209625244 4.5307230949401855 4.6231689453125 4.671136379241943 4.7718281745910645 4.846826553344727 5.031651496887207 5.30250883102417 5.679332733154297 6.43367338180542 0.0 0.0 0.0 0.0 0.0 0.0 0.0 0.0 0.0 0.0 0.0 0.0 0.0 0.0 0.0 0.0 0.0 0.0 0.0 0.0 0.0
10.666276931762695 4.3978657722473145 4.403264999389648 4.536762714385986 4.637773513793945 4.725884914398193 4.79331111907959 5.0189290046691895 5.141531944274902 5.401946067810059 5.816229820251465 6.410470008850098 0.0 0.0 0.0 0.0 0.0 0.0 0.0 0.0 0.0 0.0 0.0 0.0 0.0 0.0 0.0 0.0 0.0 0.0 0.0 0.0
10.665589332580566 4.4197678565979 4.392788410186768 4.479403972625732 4.488466262817383 4.625615119934082 4.727472305297852 4.908286094665527 4.900568008422852 5.089760780334473 5.524357795715332 5.629188537597656 6.385429382324219 0.0 0.0 0.0 0.0 0.0 0.0 0.0 0.0 0.0 0.0 0.0 0.0 0.0 0.0 0.0 0.0 0.0 0.0 0.0
10.665861129760742 4.406649589538574 4.34454870223999 4.356794357299805 4.377441883087158 4.432083606719971 4.525618076324463 4.682787895202637 4.705536842346191 4.834169387817383 5.190643787384033 5.296931743621826 5.636579513549805 6.400015354156494 0.0 0.0 0.0 0.0 0.0 0.0 0.0 0.0 0.0 0.0 0.0 0.0 0.0 0.0 0.0 0.0 0.0 0.0
10.664451599121094 4.323218822479248 4.3418121337890625 4.345697402954102 4.329680919647217 4.346238136291504 4.434935569763184 4.566656112670898 4.643770217895508 4.767673492431641 4.989256858825684 5.015171527862549 5.325388431549072 5.737462520599365 6.330316543579102 0.0 0.0 0.0 0.0 0.0 0.0 0.0 0.0 0.0 0.0 0.0 0.0 0.0 0.0 0.0 0.0 0.0
10.665163040161133 4.183979511260986 4.277501106262207 4.318085193634033 4.279906272888184 4.2921905517578125 4.313840389251709 4.428472518920898 4.513331890106201 4.556170463562012 4.720170497894287 4.814731597900391 4.980589866638184 5.265434741973877 5.635012149810791 6.348055839538574 0.0 0.0 0.0 0.0 0.0 0.0 0.0 0.0 0.0 0.0 0.0 0.0 0.0 0.0 0.0 0.0
10.662652969360352 4.154305458068848 4.209349632263184 4.24917459487915 4.299897193908691 4.30409574508667 4.301628112792969 4.421754360198975 4.416327953338623 4.510910511016846 4.82119607925415 4.706692695617676 4.858564376831055 5.036744594573975 5.252195835113525 5.6288323402404785 6.34517765045166 0.0 0.0 0.0 0.0 0.0 0.0 0.0 0.0 0.0 0.0 0.0 0.0 0.0 0.0 0.0
10.659948348999023 4.141930103302002 4.157562732696533 4.197856903076172 4.221890449523926 4.2608561515808105 4.241897106170654 4.318447113037109 4.310916423797607 4.399483680725098 4.824283123016357 4.6209187507629395 4.713163375854492 4.971887588500977 4.957638263702393 5.334835529327393 5.670653343200684 6.392116546630859 0.0 0.0 0.0 0.0 0.0 0.0 0.0 0.0 0.0 0.0 0.0 0.0 0.0 0.0
10.657737731933594 4.202870845794678 4.148153305053711 4.114107131958008 4.1551408767700195 4.2133893966674805 4.262529373168945 4.387042045593262 4.335684776306152 4.348512172698975 4.959231853485107 4.53430700302124 4.630749225616455 4.852721691131592 4.803149700164795 5.041366100311279 5.36582088470459 5.629799842834473 6.367496490478516 0.0 0.0 0.0 0.0 0.0 0.0 0.0 0.0 0.0 0.0 0.0 0.0 0.0
10.656455993652344 4.22231912612915 4.163515090942383 4.107657432556152 4.0769267082214355 4.130847930908203 4.25368595123291 4.32650899887085 4.275166034698486 4.349646091461182 4.7438154220581055 4.421384811401367 4.509670734405518 4.742049694061279 4.6950154304504395 5.0497660636901855 5.09315299987793 5.329837799072266 5.626971244812012 6.353498935699463 0.0 0.0 0.0 0.0 0.0 0.0 0.0 0.0 0.0 0.0 0.0 0.0
10.658222198486328 4.189054489135742 4.173095703125 4.111480712890625 4.043857574462891 4.0212297439575195 4.094574451446533 4.233057975769043 4.227746963500977 4.242058277130127 4.5533294677734375 4.283100128173828 4.410991191864014 4.637879371643066 4.5522966384887695 4.740620136260986 4.892688274383545 5.043158054351807 5.25612735748291 5.608121395111084 6.288744926452637 0.0 0.0 0.0 0.0 0.0 0.0 0.0 0.0 0.0 0.0 0.0
10.65740966796875 4.130380153656006 4.162954330444336 4.161141395568848 4.0889506340026855 4.015207767486572 4.029961109161377 4.1472296714782715 4.138871192932129 4.2622480392456055 4.5625319480896 4.262457370758057 4.291571617126465 4.515939235687256 4.474908828735352 4.669740676879883 4.678689479827881 4.830250263214111 4.978730201721191 5.243130207061768 5.550787925720215 6.309828758239746 0.0 0.0 0.0 0.0 0.0 0.0 0.0 0.0 0.0 0.0
10.655475616455078 4.118807315826416 4.087148189544678 4.125670909881592 4.1037917137146 4.075156211853027 4.04154634475708 4.148911476135254 4.123775482177734 4.1847076416015625 4.395442962646484 4.211089134216309 4.267200946807861 4.542966842651367 4.37747859954834 4.61260986328125 4.657787322998047 4.723394393920898 4.901609897613525 4.968289375305176 5.288145542144775 5.580868721008301 6.287956237792969 0.0 0.0 0.0 0.0 0.0 0.0 0.0 0.0 0.0
10.656771659851074 4.0828657150268555 4.002054691314697 4.03109884262085 4.026830673217773 4.0701494216918945 4.023013114929199 4.029127597808838 4.0121588706970215 4.040631294250488 4.237776756286621 4.225572109222412 4.230291843414307 4.359858512878418 4.262755870819092 4.4137725830078125 4.657766819000244 4.566201686859131 4.730266094207764 4.723911762237549 4.964168548583984 5.205153465270996 5.556802272796631 6.268877029418945 0.0 0.0 0.0 0.0 0.0 0.0 0.0 0.0
10.653965950012207 4.191916465759277 4.043798923492432 3.9889955520629883 3.992807626724243 4.028777122497559 4.042390823364258 4.032772064208984 4.000054836273193 4.009941101074219 4.222507953643799 4.130308628082275 4.2214813232421875 4.369045734405518 4.224526882171631 4.318541049957275 4.4038166999816895 4.462663650512695 4.710574626922607 4.6529059410095215 4.889796257019043 4.92104959487915 5.234067916870117 5.569037914276123 6.345521926879883 0.0 0.0 0.0 0.0 0.0 0.0 0.0
10.654376983642578 4.14973258972168 4.060462951660156 3.9301321506500244 3.888162136077881 3.9508628845214844 3.994321346282959 4.032083988189697 3.977740526199341 3.9757139682769775 4.122974395751953 4.033710479736328 4.104864597320557 4.370677947998047 4.224989414215088 4.242846965789795 4.311600208282471 4.372133731842041 4.568115711212158 4.523329734802246 4.622652053833008 4.798694133758545 4.959585189819336 5.241080284118652 5.543778419494629 6.305863380432129 0.0 0.0 0.0 0.0 0.0 0.0
10.650496482849121 4.1173481941223145 4.08966588973999 3.9884095191955566 3.9375805854797363 3.878053903579712 3.904919147491455 3.97853422164917 4.072171211242676 4.053317546844482 4.51828670501709 3.997279167175293 4.054558753967285 4.287328243255615 4.302953243255615 4.278984069824219 4.273380279541016 4.261846542358398 4.552464962005615 4.39780330657959 4.648954391479492 4.716155529022217 4.766083240509033 5.0421528816223145 5.2380781173706055 5.758630752563477 6.256883144378662 0.0 0.0 0.0 0.0 0.0
10.650331497192383 3.9709761142730713 4.044225692749023 3.994527816772461 3.9186954498291016 3.85968279838562 3.800692558288574 3.8617289066314697 3.9661710262298584 4.054165840148926 4.447821140289307 3.9510209560394287 3.945712089538574 4.217685222625732 4.206568241119385 4.178183078765869 4.221897602081299 4.187072277069092 4.42750883102417 4.281543254852295 4.465030193328857 4.5972065925598145 4.621768474578857 4.8602070808410645 5.030109882354736 5.43700647354126 5.550556182861328 6.321726322174072 0.0 0.0 0.0 0.0
10.651473999023438 3.805830478668213 3.949033260345459 3.9833686351776123 3.941214084625244 3.8681957721710205 3.8006083965301514 3.84267258644104 3.9072349071502686 3.989924192428589 4.334611892700195 3.991365671157837 3.9464597702026367 4.0875349044799805 4.016399383544922 4.137438774108887 4.192843437194824 4.156039237976074 4.366770267486572 4.201197147369385 4.3546342849731445 4.507859706878662 4.555078983306885 4.6980390548706055 4.738873481750488 5.0447916984558105 5.214903354644775 5.541670799255371 6.304477691650391 0.0 0.0 0.0
10.65048885345459 3.758061408996582 3.8299481868743896 3.8977818489074707 3.9460461139678955 3.944629430770874 3.829038381576538 3.795626401901245 3.7855162620544434 3.8798646926879883 4.15126895904541 3.9825031757354736 3.96944260597229 4.051909446716309 3.9709632396698 4.030363082885742 4.0732808113098145 4.145961761474609 4.322233200073242 4.144758701324463 4.287730693817139 4.361823081970215 4.441580772399902 4.595310211181641 4.6284613609313965 5.011791706085205 4.975553035736084 5.2305779457092285 5.554544925689697 6.312249183654785 0.0 0.0
10.650774002075195 3.7742249965667725 3.756601095199585 3.762178659439087 3.8464038372039795 3.930030107498169 3.901707172393799 3.8756730556488037 3.7960917949676514 3.8075389862060547 4.0089921951293945 3.9244117736816406 3.953895330429077 4.05346155166626 3.960761070251465 3.984884738922119 4.02767276763916 4.085390090942383 4.311427593231201 4.135986804962158 4.1872992515563965 4.235527992248535 4.328627586364746 4.511168003082275 4.498178005218506 4.751411437988281 4.744495868682861 4.898956298828125 5.254464149475098 5.505608081817627 6.3211140632629395 0.0
10.6500244140625 3.943042516708374 3.8089981079101562 3.7201390266418457 3.940309524536133 3.8353185653686523 3.882105827331543 3.9388692378997803 3.8549039363861084 3.9891183376312256 4.250931739807129 3.8366637229919434 3.917501449584961 4.208160400390625 3.9504234790802 3.9378459453582764 3.9507107734680176 3.975641965866089 4.296299934387207 4.103679656982422 4.183104991912842 4.2798261642456055 4.214943885803223 4.477520942687988 4.418616771697998 4.583115577697754 4.59861946105957 4.698263645172119 4.984286308288574 5.13421630859375 5.4999895095825195 6.241123676300049
