10.71379566192627 0.0 0.0 0.0 0.0 0.0 0.0 0.0 0.0 0.0 0.0 0.0 0.0 0.0 0.0 0.0 0.0 0.0 0.0 0.0 0.0 0.0 0.0 0.0 0.0 0.0 0.0 0.0 0.0 0.0 0.0 0.0
10.681230545043945 7.269226551055908 0.0 0.0 0.0 0.0 0.0 0.0 0.0 0.0 0.0 0.0 0.0 0.0 0.0 0.0 0.0 0.0 0.0 0.0 0.0 0.0 0.0 0.0 0.0 0.0 0.0 0.0 0.0 0.0 0.0 0.0
10.641605377197266 7.279996395111084 7.423758029937744 0.0 0.0 0.0 0.0 0.0 0.0 0.0 0.0 0.0 0.0 0.0 0.0 0.0 0.0 0.0 0.0 0.0 0.0 0.0 0.0 0.0 0.0 0.0 0.0 0.0 0.0 0.0 0.0 0.0
10.616780281066895 7.1934943199157715 6.986504077911377 7.46133279800415 0.0 0.0 0.0 0.0 0.0 0.0 0.0 0.0 0.0 0.0 0.0 0.0 0.0 0.0 0.0 0.0 0.0 0.0 0.0 0.0 0.0 0.0 0.0 0.0 0.0 0.0 0.0 0.0
10.5995512008667 7.084928035736084 6.759884834289551 6.916804790496826 7.4862542152404785 0.0 0.0 0.0 0.0 0.0 0.0 0.0 0.0 0.0 0.0 0.0 0.0 0.0 0.0 0.0 0.0 0.0 0.0 0.0 0.0 0.0 0.0 0.0 0.0 0.0 0.0 0.0
10.585075378417969 7.037320613861084 6.5687665939331055 6.675309181213379 6.849845886230469 7.516668319702148 0.0 0.0 0.0 0.0 0.0 0.0 0.0 0.0 0.0 0.0 0.0 0.0 0.0 0.0 0.0 0.0 0.0 0.0 0.0 0.0 0.0 0.0 0.0 0.0 0.0 0.0
10.579205513000488 6.94775390625 6.415322303771973 6.492183208465576 6.635048866271973 6.809519290924072 7.42491340637207 0.0 0.0 0.0 0.0 0.0 0.0 0.0 0.0 0.0 0.0 0.0 0.0 0.0 0.0 0.0 0.0 0.0 0.0 0.0 0.0 0.0 0.0 0.0 0.0 0.0
10.564038276672363 6.946142196655273 6.430270671844482 6.427840232849121 6.540643692016602 6.667240142822266 6.79136848449707 7.378577709197998 0.0 0.0 0.0 0.0 0.0 0.0 0.0 0.0 0.0 0.0 0.0 0.0 0.0 0.0 0.0 0.0 0.0 0.0 0.0 0.0 0.0 0.0 0.0 0.0
10.552693367004395 6.922654628753662 6.296079158782959 6.339590549468994 6.41834831237793 6.601803779602051 6.691802978515625 6.7021708488464355 7.3729352951049805 0.0 0.0 0.0 0.0 0.0 0.0 0.0 0.0 0.0 0.0 0.0 0.0 0.0 0.0 0.0 0.0 0.0 0.0 0.0 0.0 0.0 0.0 0.0
10.552972793579102 6.7727813720703125 6.240444660186768 6.2364349365234375 6.283764362335205 6.384986400604248 6.459264278411865 6.559126853942871 6.703088760375977 7.305987358093262 0.0 0.0 0.0 0.0 0.0 0.0 0.0 0.0 0.0 0.0 0.0 0.0 0.0 0.0 0.0 0.0 0.0 0.0 0.0 0.0 0.0 0.0
10.550719261169434 6.6926045417785645 6.091279029846191 6.167238712310791 6.253742694854736 6.303215026855469 6.331450462341309 6.420182704925537 6.499664306640625 6.587503433227539 7.245936393737793 0.0 0.0 0.0 0.0 0.0 0.0 0.0 0.0 0.0 0.0 0.0 0.0 0.0 0.0 0.0 0.0 0.0 0.0 0.0 0.0 0.0
10.5419921875 6.679009437561035 6.037923812866211 6.095360279083252 6.177259922027588 6.281303882598877 6.240257263183594 6.2624192237854 6.423043727874756 6.4541168212890625 6.623752117156982 7.227787017822266 0.0 0.0 0.0 0.0 0.0 0.0 0.0 0.0 0.0 0.0 0.0 0.0 0.0 0.0 0.0 0.0 0.0 0.0 0.0 0.0
10.547968864440918 6.621744155883789 5.968362808227539 5.940098285675049 6.0372467041015625 6.140491962432861 6.164557933807373 6.153374671936035 6.2060112953186035 6.257353782653809 6.387903690338135 6.466681957244873 7.13849401473999 0.0 0.0 0.0 0.0 0.0 0.0 0.0 0.0 0.0 0.0 0.0 0.0 0.0 0.0 0.0 0.0 0.0 0.0 0.0
10.523724555969238 6.660590648651123 5.98190450668335 5.947145462036133 5.990138530731201 6.162850856781006 6.176458358764648 6.211405277252197 6.208179473876953 6.219318389892578 6.450157165527344 6.524622917175293 6.550144195556641 7.209315776824951 0.0 0.0 0.0 0.0 0.0 0.0 0.0 0.0 0.0 0.0 0.0 0.0 0.0 0.0 0.0 0.0 0.0 0.0
10.529767990112305 6.620701789855957 5.9368157386779785 5.870766639709473 5.897640705108643 6.082456111907959 6.087210178375244 6.046654224395752 6.118441581726074 6.142431735992432 6.157306671142578 6.250097274780273 6.3373517990112305 6.430196762084961 7.177257537841797 0.0 0.0 0.0 0.0 0.0 0.0 0.0 0.0 0.0 0.0 0.0 0.0 0.0 0.0 0.0 0.0 0.0
10.516884803771973 6.6757330894470215 5.853668212890625 5.8768229484558105 5.951589584350586 6.085219383239746 6.0000104904174805 6.003856182098389 6.236785888671875 6.096062183380127 6.167276382446289 6.221452713012695 6.243229389190674 6.330801963806152 6.422049522399902 7.150673866271973 0.0 0.0 0.0 0.0 0.0 0.0 0.0 0.0 0.0 0.0 0.0 0.0 0.0 0.0 0.0 0.0
10.531098365783691 6.491976261138916 5.74860954284668 5.744592666625977 5.805520534515381 5.880482196807861 5.852941036224365 5.928162574768066 5.920749664306641 5.984888553619385 6.04179048538208 6.04232120513916 6.086484432220459 6.1557393074035645 6.290610313415527 6.345221042633057 7.065959930419922 0.0 0.0 0.0 0.0 0.0 0.0 0.0 0.0 0.0 0.0 0.0 0.0 0.0 0.0 0.0
10.518896102905273 6.504702568054199 5.729918479919434 5.746541500091553 5.829934597015381 5.8995442390441895 5.866440296173096 5.8586320877075195 5.870118141174316 5.897361755371094 6.017843246459961 6.166197776794434 6.0615057945251465 6.069154739379883 6.180182933807373 6.284022331237793 6.354607105255127 7.08935022354126 0.0 0.0 0.0 0.0 0.0 0.0 0.0 0.0 0.0 0.0 0.0 0.0 0.0 0.0
10.506189346313477 6.513588905334473 5.701537132263184 5.635883331298828 5.718094348907471 5.954558849334717 5.8980207443237305 5.7927751541137695 5.836850166320801 5.901980400085449 6.015254497528076 5.986124515533447 5.999560356140137 6.031223773956299 6.325859546661377 6.198896884918213 6.381717681884766 6.3437066078186035 7.125315189361572 0.0 0.0 0.0 0.0 0.0 0.0 0.0 0.0 0.0 0.0 0.0 0.0 0.0
10.514132499694824 6.525238990783691 5.713041305541992 5.667289733886719 5.723287105560303 5.8346052169799805 5.746384620666504 5.7413105964660645 5.820319175720215 5.745353698730469 5.808671474456787 5.856183052062988 5.923737049102783 5.929996490478516 5.99052619934082 6.044164180755615 6.119826793670654 6.235134124755859 6.307698726654053 7.064371585845947 0.0 0.0 0.0 0.0 0.0 0.0 0.0 0.0 0.0 0.0 0.0 0.0
10.51121997833252 6.444641590118408 5.718876838684082 5.656890392303467 5.641706466674805 5.732142925262451 5.683076858520508 5.702949047088623 5.739587783813477 5.7135910987854 5.7431488037109375 5.814996719360352 5.844964981079102 5.878719806671143 5.936777591705322 5.982554912567139 6.030539512634277 6.111433982849121 6.260328769683838 6.341513633728027 7.0378642082214355 0.0 0.0 0.0 0.0 0.0 0.0 0.0 0.0 0.0 0.0 0.0
10.50078296661377 6.420559883117676 5.706513404846191 5.646597862243652 5.6567559242248535 5.749512195587158 5.704862594604492 5.676657676696777 5.664696216583252 5.679422855377197 5.757008075714111 5.92132568359375 5.722167491912842 5.829472064971924 6.047491073608398 5.9622883796691895 5.972901344299316 6.035274505615234 6.1545586585998535 6.251461982727051 6.296456813812256 7.056499004364014 0.0 0.0 0.0 0.0 0.0 0.0 0.0 0.0 0.0 0.0
10.505268096923828 6.337509632110596 5.583676338195801 5.621509552001953 5.6457414627075195 5.75739860534668 5.612850666046143 5.595203876495361 5.682956218719482 5.630277633666992 5.709325313568115 5.687613010406494 5.655773162841797 5.675825119018555 5.805156230926514 5.90150260925293 5.904661655426025 5.909873008728027 5.989811420440674 6.137237548828125 6.235196590423584 6.298949718475342 7.013829231262207 0.0 0.0 0.0 0.0 0.0 0.0 0.0 0.0 0.0
10.497234344482422 6.424078464508057 5.490994930267334 5.514340400695801 5.629738807678223 5.866652011871338 5.650564670562744 5.589896202087402 5.7795915603637695 5.556876182556152 5.738633632659912 5.681971073150635 5.633270263671875 5.622045516967773 5.701247692108154 5.836165904998779 5.844083786010742 5.874709129333496 5.9302449226379395 6.038857936859131 6.109983444213867 6.205779552459717 6.2481513023376465 7.017021179199219 0.0 0.0 0.0 0.0 0.0 0.0 0.0 0.0
10.505121231079102 6.2527756690979 5.479254245758057 5.41278076171875 5.487288475036621 5.6470746994018555 5.637009143829346 5.555924415588379 5.508779525756836 5.521233558654785 5.51703405380249 5.52187442779541 5.5525803565979 5.535399913787842 5.665988445281982 5.676730155944824 5.7183661460876465 5.797755241394043 5.876161575317383 6.1100335121154785 5.95505952835083 6.0682806968688965 6.1866607666015625 6.213332653045654 6.988692760467529 0.0 0.0 0.0 0.0 0.0 0.0 0.0
10.50036907196045 6.263720512390137 5.4845781326293945 5.444759368896484 5.486391544342041 5.570283889770508 5.54893159866333 5.552976131439209 5.5154595375061035 5.456540584564209 5.525444030761719 5.509018421173096 5.52176570892334 5.548574447631836 5.579996109008789 5.60548734664917 5.6849870681762695 5.747013092041016 5.846320152282715 5.882365703582764 5.917012691497803 5.973469257354736 6.058039665222168 6.18759822845459 6.2304277420043945 6.998831748962402 0.0 0.0 0.0 0.0 0.0 0.0
10.497719764709473 6.240108489990234 5.477905750274658 5.415025234222412 5.439033031463623 5.577008247375488 5.490333557128906 5.5119428634643555 5.582467079162598 5.407829761505127 5.435161113739014 5.480827808380127 5.478894233703613 5.466125965118408 5.512760162353516 5.529926776885986 5.565639495849609 5.6305646896362305 5.717023849487305 5.815512657165527 5.830636978149414 5.847126007080078 5.95088529586792 6.062340259552002 6.2322258949279785 6.395684719085693 6.954009056091309 0.0 0.0 0.0 0.0 0.0
10.500981330871582 6.160326957702637 5.435192108154297 5.399013042449951 5.395272731781006 5.4490437507629395 5.441525459289551 5.442312240600586 5.481313228607178 5.434901714324951 5.452748775482178 5.39586877822876 5.400609970092773 5.44146728515625 5.563509464263916 5.485164165496826 5.511931419372559 5.560390472412109 5.653239727020264 5.749812602996826 5.789482593536377 5.835287570953369 5.858224391937256 5.932058334350586 6.0650482177734375 6.162269592285156 6.161896705627441 6.921892166137695 0.0 0.0 0.0 0.0
10.501394271850586 6.081323623657227 5.347249984741211 5.348006725311279 5.394219875335693 5.417272090911865 5.345410346984863 5.415170669555664 5.397938251495361 5.369476795196533 5.416532039642334 5.371153354644775 5.368886470794678 5.45165491104126 5.428952693939209 5.474022388458252 5.48304557800293 5.4758100509643555 5.574496746063232 5.644540309906006 5.728676795959473 5.769525527954102 5.810107231140137 5.838028907775879 5.956116199493408 6.098472595214844 6.129228591918945 6.1254401206970215 6.899818420410156 0.0 0.0 0.0
10.499384880065918 6.085806846618652 5.302106857299805 5.2565083503723145 5.350683689117432 5.4353179931640625 5.377506732940674 5.305700302124023 5.351603031158447 5.347043514251709 5.36467170715332 5.370330810546875 5.341475486755371 5.300144195556641 5.4156012535095215 5.398115158081055 5.414810657501221 5.408689022064209 5.471765995025635 5.6173095703125 5.619521617889404 5.676545143127441 5.753987789154053 5.790167331695557 5.879123210906982 5.922210693359375 6.010784149169922 6.183603763580322 6.191402912139893 6.900766849517822 0.0 0.0
10.48666763305664 6.197948932647705 5.254055976867676 5.228214740753174 5.348569393157959 5.541453838348389 5.579965114593506 5.3830108642578125 5.3269500732421875 5.2935967445373535 5.431534767150879 5.3362135887146 5.324454307556152 5.450839996337891 5.452415466308594 5.385453224182129 5.396010875701904 5.413056373596191 5.504886627197266 5.51174783706665 5.537556171417236 5.645654201507568 5.705570220947266 5.767378330230713 5.8342061042785645 5.954226970672607 5.9600324630737305 6.00172233581543 6.123562812805176 6.125677585601807 6.958817958831787 0.0
10.496317863464355 6.1246538162231445 5.270899295806885 5.191766262054443 5.220304489135742 5.376105785369873 5.330684661865234 5.32538366317749 5.2690229415893555 5.2324419021606445 5.302799224853516 5.322248935699463 5.295156478881836 5.283219337463379 5.319485664367676 5.333850383758545 5.373692512512207 5.400048732757568 5.432178974151611 5.441284656524658 5.486684322357178 5.551016807556152 5.590574741363525 5.6796393394470215 5.738663196563721 5.80302619934082 5.790979385375977 5.869365692138672 5.988311290740967 6.096524238586426 6.131292343139648 6.866960525512695
