10.71379566192627 0.0 0.0 0.0 0.0 0.0 0.0 0.0 0.0 0.0 0.0 0.0 0.0 0.0 0.0 0.0 0.0 0.0 0.0 0.0 0.0 0.0 0.0 0.0 0.0 0.0 0.0 0.0 0.0 0.0 0.0 0.0
10.57597541809082 8.662965774536133 0.0 0.0 0.0 0.0 0.0 0.0 0.0 0.0 0.0 0.0 0.0 0.0 0.0 0.0 0.0 0.0 0.0 0.0 0.0 0.0 0.0 0.0 0.0 0.0 0.0 0.0 0.0 0.0 0.0 0.0
10.372116088867188 8.894526481628418 8.651374816894531 0.0 0.0 0.0 0.0 0.0 0.0 0.0 0.0 0.0 0.0 0.0 0.0 0.0 0.0 0.0 0.0 0.0 0.0 0.0 0.0 0.0 0.0 0.0 0.0 0.0 0.0 0.0 0.0 0.0
10.275269508361816 7.689296722412109 9.022513389587402 8.61017894744873 0.0 0.0 0.0 0.0 0.0 0.0 0.0 0.0 0.0 0.0 0.0 0.0 0.0 0.0 0.0 0.0 0.0 0.0 0.0 0.0 0.0 0.0 0.0 0.0 0.0 0.0 0.0 0.0
10.223372459411621 6.586437225341797 7.884044647216797 9.048383712768555 8.6201171875 0.0 0.0 0.0 0.0 0.0 0.0 0.0 0.0 0.0 0.0 0.0 0.0 0.0 0.0 0.0 0.0 0.0 0.0 0.0 0.0 0.0 0.0 0.0 0.0 0.0 0.0 0.0
10.207996368408203 6.011646747589111 6.72314453125 7.9154534339904785 9.026156425476074 8.621586799621582 0.0 0.0 0.0 0.0 0.0 0.0 0.0 0.0 0.0 0.0 0.0 0.0 0.0 0.0 0.0 0.0 0.0 0.0 0.0 0.0 0.0 0.0 0.0 0.0 0.0 0.0
10.194581985473633 5.74240255355835 6.040494918823242 6.8206682205200195 7.946191310882568 9.016314506530762 8.612258911132812 0.0 0.0 0.0 0.0 0.0 0.0 0.0 0.0 0.0 0.0 0.0 0.0 0.0 0.0 0.0 0.0 0.0 0.0 0.0 0.0 0.0 0.0 0.0 0.0 0.0
10.181448936462402 5.620959758758545 5.768293380737305 6.093658447265625 6.905523777008057 7.9564032554626465 9.000337600708008 8.6234769821167 0.0 0.0 0.0 0.0 0.0 0.0 0.0 0.0 0.0 0.0 0.0 0.0 0.0 0.0 0.0 0.0 0.0 0.0 0.0 0.0 0.0 0.0 0.0 0.0
10.167304992675781 5.344507217407227 5.754881381988525 5.851136684417725 6.221508026123047 6.950130462646484 7.928615570068359 8.99658489227295 8.640780448913574 0.0 0.0 0.0 0.0 0.0 0.0 0.0 0.0 0.0 0.0 0.0 0.0 0.0 0.0 0.0 0.0 0.0 0.0 0.0 0.0 0.0 0.0 0.0
10.163516998291016 4.730545997619629 5.381975173950195 5.786341667175293 5.973416328430176 6.27088737487793 6.914589881896973 7.883515357971191 8.998538970947266 8.647722244262695 0.0 0.0 0.0 0.0 0.0 0.0 0.0 0.0 0.0 0.0 0.0 0.0 0.0 0.0 0.0 0.0 0.0 0.0 0.0 0.0 0.0 0.0
10.156790733337402 4.3381733894348145 4.825836658477783 5.49821662902832 5.864354133605957 5.913353443145752 6.2553486824035645 6.8952178955078125 7.890761375427246 8.99802017211914 8.659598350524902 0.0 0.0 0.0 0.0 0.0 0.0 0.0 0.0 0.0 0.0 0.0 0.0 0.0 0.0 0.0 0.0 0.0 0.0 0.0 0.0 0.0
10.154070854187012 4.2076497077941895 4.154674053192139 4.844242572784424 5.5024590492248535 5.842745780944824 5.915890693664551 6.2575507164001465 6.94671630859375 7.88272762298584 8.994124412536621 8.662737846374512 0.0 0.0 0.0 0.0 0.0 0.0 0.0 0.0 0.0 0.0 0.0 0.0 0.0 0.0 0.0 0.0 0.0 0.0 0.0 0.0
10.142654418945312 4.448158264160156 4.0146870613098145 4.24210262298584 4.870939254760742 5.502081871032715 5.797903537750244 5.939804553985596 6.2696380615234375 6.912803649902344 7.9478678703308105 9.016983032226562 8.641507148742676 0.0 0.0 0.0 0.0 0.0 0.0 0.0 0.0 0.0 0.0 0.0 0.0 0.0 0.0 0.0 0.0 0.0 0.0 0.0
10.139176368713379 4.728059768676758 4.337852478027344 4.103000640869141 4.366367816925049 4.937597751617432 5.520229339599609 5.8361101150512695 5.960597991943359 6.24989652633667 6.923643112182617 7.9265289306640625 8.992100715637207 8.675719261169434 0.0 0.0 0.0 0.0 0.0 0.0 0.0 0.0 0.0 0.0 0.0 0.0 0.0 0.0 0.0 0.0 0.0 0.0
10.118982315063477 4.562558174133301 4.654615879058838 4.249621391296387 4.153539180755615 4.447368144989014 4.968867301940918 5.526224613189697 5.864298343658447 6.020172119140625 6.395685195922852 7.010626792907715 7.923947811126709 9.030768394470215 8.657123565673828 0.0 0.0 0.0 0.0 0.0 0.0 0.0 0.0 0.0 0.0 0.0 0.0 0.0 0.0 0.0 0.0 0.0
10.120344161987305 4.039152145385742 4.706624507904053 4.566008567810059 4.994559288024902 4.295937538146973 4.494017124176025 4.962392807006836 5.528742790222168 5.9321465492248535 6.003774166107178 6.389307498931885 6.955672264099121 7.928741455078125 8.98664379119873 8.692159652709961 0.0 0.0 0.0 0.0 0.0 0.0 0.0 0.0 0.0 0.0 0.0 0.0 0.0 0.0 0.0 0.0
10.125799179077148 3.354691505432129 4.099284648895264 4.68369197845459 4.529189586639404 4.294539451599121 4.219542980194092 4.430477142333984 5.021778583526611 5.591635227203369 5.954713821411133 6.028968334197998 6.390967845916748 7.007850646972656 7.926137924194336 8.99184513092041 8.655782699584961 0.0 0.0 0.0 0.0 0.0 0.0 0.0 0.0 0.0 0.0 0.0 0.0 0.0 0.0 0.0
10.13594913482666 3.316734790802002 3.4100046157836914 4.2885870933532715 4.781372547149658 4.497106552124023 4.260334491729736 4.218481540679932 4.4760918617248535 4.998615741729736 5.582663536071777 5.836913585662842 5.989151477813721 6.307106971740723 6.925527095794678 7.916792392730713 8.970632553100586 8.671149253845215 0.0 0.0 0.0 0.0 0.0 0.0 0.0 0.0 0.0 0.0 0.0 0.0 0.0 0.0
10.119792938232422 3.6616499423980713 3.155395984649658 3.6469147205352783 4.316981315612793 4.645747184753418 4.481777191162109 4.370838165283203 4.271027088165283 4.521304130554199 5.018210411071777 5.571800708770752 5.858137130737305 5.992290496826172 6.328958511352539 6.979955196380615 7.924752235412598 8.98371410369873 8.697625160217285 0.0 0.0 0.0 0.0 0.0 0.0 0.0 0.0 0.0 0.0 0.0 0.0 0.0
10.115104675292969 4.044865608215332 3.365952491760254 3.423560857772827 3.7292234897613525 4.267049789428711 4.59019660949707 4.465485095977783 4.316833972930908 4.379944324493408 4.563150405883789 5.1790595054626465 5.566684722900391 5.875638008117676 6.065819263458252 6.4592604637146 6.998137474060059 7.927748680114746 8.983877182006836 8.679423332214355 0.0 0.0 0.0 0.0 0.0 0.0 0.0 0.0 0.0 0.0 0.0 0.0
10.125481605529785 3.9932620525360107 3.722400188446045 3.61862850189209 3.516649007797241 3.705479621887207 4.278331756591797 4.592355251312256 4.493795871734619 4.311502933502197 4.322494983673096 4.5493550300598145 5.000182628631592 5.538266658782959 5.861320972442627 5.992799758911133 6.323349475860596 6.958698749542236 7.9379777908325195 8.963768005371094 8.68311595916748 0.0 0.0 0.0 0.0 0.0 0.0 0.0 0.0 0.0 0.0 0.0
10.12120532989502 3.361370086669922 3.840589761734009 3.8705949783325195 3.7177329063415527 3.5368950366973877 3.727355718612671 4.2729692459106445 4.5868144035339355 4.513704299926758 4.336021900177002 4.3411054611206055 4.576157093048096 4.998610496520996 5.588400363922119 5.886104583740234 6.021265983581543 6.326276779174805 6.972458839416504 7.937374591827393 8.975043296813965 8.671265602111816 0.0 0.0 0.0 0.0 0.0 0.0 0.0 0.0 0.0 0.0
10.11184310913086 2.7398672103881836 3.4775846004486084 3.9231584072113037 3.9621994495391846 3.799340009689331 3.6308717727661133 3.801016092300415 4.345547676086426 4.636262893676758 4.556941509246826 4.605950355529785 4.440544128417969 4.585711479187012 5.180827617645264 5.600172519683838 5.924497604370117 6.039426326751709 6.379199981689453 7.023820877075195 7.911838054656982 8.988762855529785 8.66560173034668 0.0 0.0 0.0 0.0 0.0 0.0 0.0 0.0 0.0
10.111233711242676 2.5365307331085205 2.830118179321289 3.500577211380005 3.8679373264312744 3.970975875854492 3.7510454654693604 3.590846300125122 3.828059434890747 4.273543357849121 4.637247085571289 4.576415538787842 4.347138404846191 4.299681186676025 4.680749416351318 5.081165313720703 5.614373683929443 5.8772292137146 6.041463375091553 6.364934921264648 6.999859809875488 7.941680431365967 8.998395919799805 8.654608726501465 0.0 0.0 0.0 0.0 0.0 0.0 0.0 0.0
10.115129470825195 3.0696218013763428 2.466618776321411 2.9308433532714844 3.4433066844940186 3.8998706340789795 4.019864082336426 3.785266160964966 3.8306758403778076 3.8816709518432617 4.54280424118042 4.659957408905029 4.690333843231201 4.425912380218506 4.396666049957275 4.652842998504639 5.396413326263428 5.612002372741699 5.887535572052002 6.0514092445373535 6.372277736663818 6.993732929229736 7.937276840209961 8.961557388305664 8.664782524108887 0.0 0.0 0.0 0.0 0.0 0.0 0.0
10.119306564331055 4.120976448059082 2.762260675430298 2.5861239433288574 2.8731765747070312 3.529599666595459 4.0159759521484375 4.072099685668945 4.049302101135254 3.6704983711242676 3.8356399536132812 4.312777042388916 4.613256931304932 4.505171775817871 4.365617752075195 4.340263843536377 4.65021276473999 5.049762725830078 5.576860427856445 5.928793430328369 6.043742656707764 6.40614652633667 7.015376567840576 7.914564609527588 8.962882041931152 8.655248641967773 0.0 0.0 0.0 0.0 0.0 0.0
10.11602783203125 4.447796821594238 3.376896619796753 2.7590081691741943 2.484750747680664 2.731229782104492 3.359419345855713 3.7882206439971924 3.9809482097625732 3.8136494159698486 3.6057748794555664 3.7771921157836914 4.315356731414795 4.619869709014893 4.533668041229248 4.363116264343262 4.43425989151001 4.635473728179932 5.074441909790039 5.612039566040039 5.886605739593506 6.06516170501709 6.39280891418457 7.001348972320557 7.946106910705566 8.961116790771484 8.655884742736816 0.0 0.0 0.0 0.0 0.0
10.118000984191895 4.078214645385742 3.9989075660705566 3.508338451385498 2.7449538707733154 2.394054412841797 2.7451086044311523 3.3391640186309814 3.818741798400879 4.0022783279418945 4.0832085609436035 3.7282464504241943 4.065913200378418 4.333774089813232 4.753190040588379 4.5255351066589355 4.411278247833252 4.447115898132324 4.61867618560791 5.138672351837158 5.574415683746338 5.876152992248535 6.048610210418701 6.375035762786865 7.048092365264893 7.908335208892822 8.946470260620117 8.665040969848633 0.0 0.0 0.0 0.0
10.118542671203613 3.136168956756592 3.8179097175598145 4.002720355987549 3.3756585121154785 2.6553454399108887 2.4724647998809814 2.751084566116333 3.377868413925171 3.8022992610931396 3.9134819507598877 3.7851991653442383 3.676393747329712 3.808192491531372 4.320832252502441 4.577385902404785 4.4966936111450195 4.404756546020508 4.421781063079834 4.661669731140137 5.107122898101807 5.5889081954956055 5.899576663970947 6.045626640319824 6.351492881774902 6.985106468200684 7.945075035095215 8.961746215820312 8.646769523620605 0.0 0.0 0.0
10.1178617477417 2.505483627319336 2.956975221633911 3.8824996948242188 3.957345724105835 3.334016799926758 2.6362545490264893 2.469372272491455 2.795170783996582 3.3553714752197266 3.8280794620513916 3.9078454971313477 3.8209633827209473 3.686267614364624 3.868447780609131 4.333313941955566 4.6018452644348145 4.506407260894775 4.423801422119141 4.432913780212402 4.693822383880615 5.135859489440918 5.651571750640869 5.948195457458496 6.1035051345825195 6.395679950714111 7.009469032287598 7.936215877532959 8.951143264770508 8.643706321716309 0.0 0.0
10.123356819152832 2.6814494132995605 2.3286874294281006 3.1161231994628906 3.8586583137512207 3.9063780307769775 3.301407814025879 2.640723466873169 2.471696376800537 2.759154796600342 3.3720104694366455 3.873114824295044 3.896620750427246 3.726396083831787 3.6873700618743896 3.885788917541504 4.290569305419922 4.598328113555908 4.5469818115234375 4.383281230926514 4.458366870880127 4.6797194480896 5.127205848693848 5.6061296463012695 5.9064178466796875 6.073000431060791 6.37540340423584 6.9989094734191895 7.915944576263428 8.934326171875 8.662558555603027 0.0
10.12297248840332 3.531541109085083 2.389948606491089 2.4697461128234863 3.1084001064300537 3.941965341567993 3.9175517559051514 3.3135640621185303 2.6915953159332275 2.526911973953247 2.8968238830566406 3.4372165203094482 3.8851799964904785 3.994297742843628 4.191004753112793 3.715928554534912 3.8895304203033447 4.292264461517334 4.6304497718811035 4.522136688232422 4.369258880615234 4.414811134338379 4.756183624267578 5.178226947784424 5.602758407592773 5.8926544189453125 6.101533889770508 6.372681140899658 6.970146179199219 7.899749279022217 8.94975471496582 8.640543937683105
