10.71379566192627 0.0 0.0 0.0 0.0 0.0 0.0 0.0 0.0 0.0 0.0 0.0 0.0 0.0 0.0 0.0 0.0 0.0 0.0 0.0 0.0 0.0 0.0 0.0 0.0 0.0 0.0 0.0 0.0 0.0 0.0 0.0
10.694681167602539 6.739991664886475 0.0 0.0 0.0 0.0 0.0 0.0 0.0 0.0 0.0 0.0 0.0 0.0 0.0 0.0 0.0 0.0 0.0 0.0 0.0 0.0 0.0 0.0 0.0 0.0 0.0 0.0 0.0 0.0 0.0 0.0
10.650545120239258 7.284893989562988 7.164069652557373 0.0 0.0 0.0 0.0 0.0 0.0 0.0 0.0 0.0 0.0 0.0 0.0 0.0 0.0 0.0 0.0 0.0 0.0 0.0 0.0 0.0 0.0 0.0 0.0 0.0 0.0 0.0 0.0 0.0
10.599149703979492 7.081784725189209 7.674436569213867 7.328345775604248 0.0 0.0 0.0 0.0 0.0 0.0 0.0 0.0 0.0 0.0 0.0 0.0 0.0 0.0 0.0 0.0 0.0 0.0 0.0 0.0 0.0 0.0 0.0 0.0 0.0 0.0 0.0 0.0
10.554579734802246 6.811165809631348 7.449016094207764 7.7745747566223145 7.382696628570557 0.0 0.0 0.0 0.0 0.0 0.0 0.0 0.0 0.0 0.0 0.0 0.0 0.0 0.0 0.0 0.0 0.0 0.0 0.0 0.0 0.0 0.0 0.0 0.0 0.0 0.0 0.0
10.52591323852539 6.692379474639893 7.138635158538818 7.478195667266846 7.732794284820557 7.365209579467773 0.0 0.0 0.0 0.0 0.0 0.0 0.0 0.0 0.0 0.0 0.0 0.0 0.0 0.0 0.0 0.0 0.0 0.0 0.0 0.0 0.0 0.0 0.0 0.0 0.0 0.0
10.499448776245117 6.593814849853516 6.992387771606445 7.216217994689941 7.472536087036133 7.688237190246582 7.345362663269043 0.0 0.0 0.0 0.0 0.0 0.0 0.0 0.0 0.0 0.0 0.0 0.0 0.0 0.0 0.0 0.0 0.0 0.0 0.0 0.0 0.0 0.0 0.0 0.0 0.0
10.478759765625 6.5118865966796875 6.840574264526367 7.068700313568115 7.21851110458374 7.424869537353516 7.624874114990234 7.339983940124512 0.0 0.0 0.0 0.0 0.0 0.0 0.0 0.0 0.0 0.0 0.0 0.0 0.0 0.0 0.0 0.0 0.0 0.0 0.0 0.0 0.0 0.0 0.0 0.0
10.461935043334961 6.41812801361084 6.746796131134033 6.904489040374756 7.0495219230651855 7.175715446472168 7.320940017700195 7.595324993133545 7.369022369384766 0.0 0.0 0.0 0.0 0.0 0.0 0.0 0.0 0.0 0.0 0.0 0.0 0.0 0.0 0.0 0.0 0.0 0.0 0.0 0.0 0.0 0.0 0.0
10.450716972351074 6.319477081298828 6.678585529327393 6.821067810058594 6.853637218475342 6.942307472229004 7.076992511749268 7.288946151733398 7.581902503967285 7.336820602416992 0.0 0.0 0.0 0.0 0.0 0.0 0.0 0.0 0.0 0.0 0.0 0.0 0.0 0.0 0.0 0.0 0.0 0.0 0.0 0.0 0.0 0.0
10.438485145568848 6.145242691040039 6.5618109703063965 6.709755897521973 6.736261367797852 6.816530227661133 6.899946212768555 7.0523176193237305 7.2663044929504395 7.568779945373535 7.347245216369629 0.0 0.0 0.0 0.0 0.0 0.0 0.0 0.0 0.0 0.0 0.0 0.0 0.0 0.0 0.0 0.0 0.0 0.0 0.0 0.0 0.0
10.422287940979004 6.02407169342041 6.462852478027344 6.654853343963623 6.673812389373779 6.704665184020996 6.764098167419434 6.855247974395752 7.024771213531494 7.268657684326172 7.587525844573975 7.365253448486328 0.0 0.0 0.0 0.0 0.0 0.0 0.0 0.0 0.0 0.0 0.0 0.0 0.0 0.0 0.0 0.0 0.0 0.0 0.0 0.0
10.404592514038086 5.969351768493652 6.361196994781494 6.572020053863525 6.602355480194092 6.640831470489502 6.65877103805542 6.739682197570801 6.886096477508545 7.009830474853516 7.319462776184082 7.5740885734558105 7.377807140350342 0.0 0.0 0.0 0.0 0.0 0.0 0.0 0.0 0.0 0.0 0.0 0.0 0.0 0.0 0.0 0.0 0.0 0.0 0.0
10.39448356628418 5.918613433837891 6.2711663246154785 6.457608222961426 6.487545013427734 6.571774005889893 6.581188678741455 6.625251293182373 6.714755535125732 6.8299760818481445 7.063787937164307 7.284299850463867 7.560338497161865 7.381114482879639 0.0 0.0 0.0 0.0 0.0 0.0 0.0 0.0 0.0 0.0 0.0 0.0 0.0 0.0 0.0 0.0 0.0 0.0
10.375777244567871 5.919119834899902 6.205231666564941 6.370776176452637 6.410111904144287 6.465093612670898 6.521512508392334 6.546764373779297 6.604235649108887 6.778217315673828 6.941832065582275 7.050641059875488 7.26288366317749 7.603140830993652 7.364048004150391 0.0 0.0 0.0 0.0 0.0 0.0 0.0 0.0 0.0 0.0 0.0 0.0 0.0 0.0 0.0 0.0 0.0
10.368249893188477 5.9647088050842285 6.205389499664307 6.308771133422852 6.352715969085693 6.396947860717773 6.446071624755859 6.4714508056640625 6.545384883880615 6.625808238983154 6.7146382331848145 6.857382774353027 7.018685340881348 7.2651591300964355 7.550390720367432 7.361557483673096 0.0 0.0 0.0 0.0 0.0 0.0 0.0 0.0 0.0 0.0 0.0 0.0 0.0 0.0 0.0 0.0
10.357121467590332 5.889654159545898 6.1614298820495605 6.264532089233398 6.265060901641846 6.308687210083008 6.337528705596924 6.400807857513428 6.528015613555908 6.540844440460205 6.714503288269043 6.708069324493408 6.838142395019531 7.024874687194824 7.245236396789551 7.521510601043701 7.349542617797852 0.0 0.0 0.0 0.0 0.0 0.0 0.0 0.0 0.0 0.0 0.0 0.0 0.0 0.0 0.0
10.351104736328125 5.840301036834717 6.142951011657715 6.240540027618408 6.231256484985352 6.238041400909424 6.2491230964660645 6.307965278625488 6.399196624755859 6.461319446563721 6.553258419036865 6.597934722900391 6.680851936340332 6.8328633308410645 6.977232456207275 7.22404670715332 7.531138896942139 7.349035739898682 0.0 0.0 0.0 0.0 0.0 0.0 0.0 0.0 0.0 0.0 0.0 0.0 0.0 0.0
10.34167194366455 5.77409553527832 6.091650485992432 6.239741802215576 6.204710483551025 6.2032999992370605 6.206110954284668 6.256853103637695 6.3089494705200195 6.368197917938232 6.464768409729004 6.499335765838623 6.576996803283691 6.679536819458008 6.793970108032227 6.988708972930908 7.243319034576416 7.494825839996338 7.350418567657471 0.0 0.0 0.0 0.0 0.0 0.0 0.0 0.0 0.0 0.0 0.0 0.0 0.0
10.326390266418457 5.746330261230469 6.036399841308594 6.21398401260376 6.180459022521973 6.174905300140381 6.156881809234619 6.1784844398498535 6.2204155921936035 6.326783657073975 6.4409356117248535 6.4752583503723145 6.530084133148193 6.5875091552734375 6.658158302307129 6.8145246505737305 6.99747371673584 7.242628574371338 7.507084369659424 7.337457180023193 0.0 0.0 0.0 0.0 0.0 0.0 0.0 0.0 0.0 0.0 0.0 0.0
10.323981285095215 5.70611047744751 5.99053955078125 6.134007453918457 6.142909526824951 6.147022247314453 6.14783239364624 6.136793613433838 6.1766862869262695 6.217360496520996 6.326190948486328 6.365589141845703 6.41391134262085 6.510463714599609 6.557896137237549 6.6864094734191895 6.779622554779053 6.979320049285889 7.196882724761963 7.459110260009766 7.346203327178955 0.0 0.0 0.0 0.0 0.0 0.0 0.0 0.0 0.0 0.0 0.0
10.317614555358887 5.647251605987549 5.957306861877441 6.076560020446777 6.113415718078613 6.123972415924072 6.126801490783691 6.112586975097656 6.110239505767822 6.171782970428467 6.223081588745117 6.264477252960205 6.3303070068359375 6.411257743835449 6.475116729736328 6.549736022949219 6.62240743637085 6.797285079956055 6.958981037139893 7.1625566482543945 7.490670204162598 7.328612804412842 0.0 0.0 0.0 0.0 0.0 0.0 0.0 0.0 0.0 0.0
10.305182456970215 5.624795436859131 5.951838970184326 6.096523761749268 6.07114839553833 6.09268856048584 6.0669026374816895 6.079636096954346 6.1216630935668945 6.143498420715332 6.212900638580322 6.22595739364624 6.283925533294678 6.373210906982422 6.450465202331543 6.469998359680176 6.531792640686035 6.653224468231201 6.777442932128906 6.910775661468506 7.184418678283691 7.455877304077148 7.320590496063232 0.0 0.0 0.0 0.0 0.0 0.0 0.0 0.0 0.0
10.29431438446045 5.573604106903076 5.915899753570557 6.035315036773682 6.026880264282227 6.064507961273193 6.026164531707764 6.0505194664001465 6.106677055358887 6.141042709350586 6.213535785675049 6.175253868103027 6.22273588180542 6.332553386688232 6.347524642944336 6.39634370803833 6.470730304718018 6.56507682800293 6.616621017456055 6.724594593048096 6.940646171569824 7.170083522796631 7.456388473510742 7.336784362792969 0.0 0.0 0.0 0.0 0.0 0.0 0.0 0.0
10.283756256103516 5.525323867797852 5.8584699630737305 6.038403511047363 6.001741886138916 6.001379489898682 6.002997398376465 6.010782718658447 6.0765061378479 6.109966278076172 6.2366042137146 6.148097991943359 6.17429780960083 6.307230472564697 6.252321720123291 6.297990798950195 6.4319562911987305 6.4829325675964355 6.502022743225098 6.580304145812988 6.753903865814209 6.932946681976318 7.168693542480469 7.444358825683594 7.3533101081848145 0.0 0.0 0.0 0.0 0.0 0.0 0.0
10.28455924987793 5.51945686340332 5.848049163818359 5.97622537612915 5.957522869110107 5.96779203414917 5.976334095001221 5.966885089874268 6.0421295166015625 6.041616916656494 6.11715030670166 6.117585182189941 6.126700401306152 6.160823345184326 6.209912300109863 6.2259626388549805 6.327524662017822 6.357341766357422 6.42838716506958 6.4781646728515625 6.583709239959717 6.732538223266602 6.9123382568359375 7.138129234313965 7.440711975097656 7.323074817657471 0.0 0.0 0.0 0.0 0.0 0.0
10.273080825805664 5.5101542472839355 5.788640975952148 5.953807353973389 5.940699577331543 5.935771465301514 5.930215358734131 5.9385528564453125 6.018067359924316 6.005532264709473 6.070247173309326 6.060347080230713 6.102874279022217 6.179020404815674 6.231167793273926 6.157985210418701 6.236727714538574 6.273665428161621 6.369690418243408 6.3804030418396 6.486640453338623 6.581888675689697 6.712957859039307 6.905235767364502 7.156910419464111 7.484516620635986 7.301304340362549 0.0 0.0 0.0 0.0 0.0
10.274045944213867 5.472327709197998 5.77488899230957 5.934909343719482 5.899834156036377 5.87235164642334 5.901261806488037 5.879295825958252 5.9281744956970215 5.961720943450928 6.046730041503906 6.082191467285156 6.086432456970215 6.118020057678223 6.104949474334717 6.131811618804932 6.158440113067627 6.227315425872803 6.267628192901611 6.302070140838623 6.38362979888916 6.460120677947998 6.574886798858643 6.731726169586182 6.887816429138184 7.125473499298096 7.408633232116699 7.294972896575928 0.0 0.0 0.0 0.0
10.264042854309082 5.39080810546875 5.759925842285156 5.90383768081665 5.864405632019043 5.8226847648620605 5.8722686767578125 5.847781658172607 5.887673377990723 5.920892238616943 6.0027360916137695 6.017270565032959 6.053457736968994 6.104306221008301 6.099217891693115 6.110512733459473 6.111790180206299 6.160030841827393 6.238702774047852 6.236095905303955 6.316323757171631 6.374937057495117 6.474184989929199 6.573718547821045 6.71207857131958 6.903725624084473 7.140861511230469 7.425418376922607 7.284639835357666 0.0 0.0 0.0
10.255208969116211 5.3339080810546875 5.755664348602295 5.88657808303833 5.873234748840332 5.805154800415039 5.83776330947876 5.843564033508301 5.843236446380615 5.90770959854126 5.966966152191162 6.016048431396484 6.021100997924805 6.057104587554932 6.0642571449279785 6.2001495361328125 6.071132183074951 6.092197895050049 6.14765739440918 6.173770427703857 6.227405548095703 6.320189952850342 6.40717887878418 6.476715564727783 6.578908443450928 6.72254753112793 6.873054027557373 7.117563724517822 7.388662815093994 7.30708122253418 0.0 0.0
10.259147644042969 5.298727512359619 5.688408374786377 5.820644378662109 5.804540157318115 5.787623882293701 5.806996822357178 5.80964469909668 5.812629699707031 5.863632678985596 5.920068740844727 5.971286296844482 5.968708515167236 6.0048298835754395 6.033407211303711 6.103464126586914 6.015260696411133 6.050317287445068 6.086761951446533 6.07694673538208 6.148287773132324 6.20715856552124 6.277117729187012 6.3519439697265625 6.425568580627441 6.538772106170654 6.684704303741455 6.8720598220825195 7.096350193023682 7.402347564697266 7.280753135681152 0.0
10.24791145324707 5.280944347381592 5.694465637207031 5.801756381988525 5.823101043701172 5.819082736968994 5.800228595733643 5.787624835968018 5.828573226928711 5.840859889984131 5.946872234344482 5.934878349304199 5.946963310241699 6.017515182495117 6.023604869842529 6.071837902069092 5.97882604598999 6.008159637451172 6.0718159675598145 6.0059494972229 6.085526943206787 6.136731147766113 6.2505269050598145 6.313467502593994 6.33146333694458 6.461202621459961 6.53000545501709 6.670563220977783 6.844567775726318 7.1033196449279785 7.3800368309021 7.2811431884765625
