22486.0 0.0 0.0 0.0 0.0 0.0 0.0 0.0 0.0 0.0 0.0 0.0 0.0 0.0 0.0 0.0 0.0 0.0 0.0 0.0 0.0 0.0 0.0 0.0 0.0 0.0 0.0 0.0 0.0 0.0 0.0 0.0
22415.140625 67.67321014404297 0.0 0.0 0.0 0.0 0.0 0.0 0.0 0.0 0.0 0.0 0.0 0.0 0.0 0.0 0.0 0.0 0.0 0.0 0.0 0.0 0.0 0.0 0.0 0.0 0.0 0.0 0.0 0.0 0.0 0.0
21420.15234375 991.775390625 70.96553802490234 0.0 0.0 0.0 0.0 0.0 0.0 0.0 0.0 0.0 0.0 0.0 0.0 0.0 0.0 0.0 0.0 0.0 0.0 0.0 0.0 0.0 0.0 0.0 0.0 0.0 0.0 0.0 0.0 0.0
18375.080078125 2991.785400390625 1064.87109375 51.188751220703125 0.0 0.0 0.0 0.0 0.0 0.0 0.0 0.0 0.0 0.0 0.0 0.0 0.0 0.0 0.0 0.0 0.0 0.0 0.0 0.0 0.0 0.0 0.0 0.0 0.0 0.0 0.0 0.0
16613.2265625 1668.6240234375 3222.885009765625 926.9111328125 51.13112258911133 0.0 0.0 0.0 0.0 0.0 0.0 0.0 0.0 0.0 0.0 0.0 0.0 0.0 0.0 0.0 0.0 0.0 0.0 0.0 0.0 0.0 0.0 0.0 0.0 0.0 0.0 0.0
16237.578125 533.6712646484375 1726.8179931640625 2994.587646484375 937.7097778320312 52.478145599365234 0.0 0.0 0.0 0.0 0.0 0.0 0.0 0.0 0.0 0.0 0.0 0.0 0.0 0.0 0.0 0.0 0.0 0.0 0.0 0.0 0.0 0.0 0.0 0.0 0.0 0.0
16183.603515625 235.6460723876953 536.06884765625 1576.4029541015625 2955.12841796875 946.0947265625 49.93818283081055 0.0 0.0 0.0 0.0 0.0 0.0 0.0 0.0 0.0 0.0 0.0 0.0 0.0 0.0 0.0 0.0 0.0 0.0 0.0 0.0 0.0 0.0 0.0 0.0 0.0
16083.1328125 146.85240173339844 250.121826171875 479.4552001953125 1552.0224609375 2995.76220703125 925.2767333984375 50.27043914794922 0.0 0.0 0.0 0.0 0.0 0.0 0.0 0.0 0.0 0.0 0.0 0.0 0.0 0.0 0.0 0.0 0.0 0.0 0.0 0.0 0.0 0.0 0.0 0.0
16113.19140625 59.580440521240234 166.8874969482422 217.67529296875 466.8069763183594 1544.948486328125 2933.438720703125 930.1793212890625 50.2220573425293 0.0 0.0 0.0 0.0 0.0 0.0 0.0 0.0 0.0 0.0 0.0 0.0 0.0 0.0 0.0 0.0 0.0 0.0 0.0 0.0 0.0 0.0 0.0
16103.3515625 9.97523307800293 76.53646087646484 148.10064697265625 214.02952575683594 470.2110900878906 1519.5406494140625 2935.925537109375 955.4495239257812 49.78110122680664 0.0 0.0 0.0 0.0 0.0 0.0 0.0 0.0 0.0 0.0 0.0 0.0 0.0 0.0 0.0 0.0 0.0 0.0 0.0 0.0 0.0 0.0
16127.7578125 1.184682846069336 14.594832420349121 67.33822631835938 143.8598175048828 213.24761962890625 458.7001037597656 1485.817138671875 2975.160400390625 942.5325927734375 52.71988296508789 0.0 0.0 0.0 0.0 0.0 0.0 0.0 0.0 0.0 0.0 0.0 0.0 0.0 0.0 0.0 0.0 0.0 0.0 0.0 0.0 0.0
16195.984375 0.3249318599700928 1.8197624683380127 12.011985778808594 63.96919250488281 140.80661010742188 210.34356689453125 445.36322021484375 1478.5252685546875 2927.260498046875 955.3079833984375 51.30803680419922 0.0 0.0 0.0 0.0 0.0 0.0 0.0 0.0 0.0 0.0 0.0 0.0 0.0 0.0 0.0 0.0 0.0 0.0 0.0 0.0
16197.517578125 0.44793176651000977 0.5133381485939026 1.4498422145843506 11.50510025024414 63.02484130859375 140.09085083007812 206.14784240722656 444.584228515625 1465.5462646484375 2952.000244140625 950.6541748046875 49.474998474121094 0.0 0.0 0.0 0.0 0.0 0.0 0.0 0.0 0.0 0.0 0.0 0.0 0.0 0.0 0.0 0.0 0.0 0.0 0.0
16178.5673828125 1.9736931324005127 0.6929822564125061 0.3966180086135864 1.3882713317871094 11.397683143615723 63.95769119262695 138.51614379882812 209.07484436035156 441.11767578125 1480.47509765625 2963.71875 940.3304443359375 51.38013458251953 0.0 0.0 0.0 0.0 0.0 0.0 0.0 0.0 0.0 0.0 0.0 0.0 0.0 0.0 0.0 0.0 0.0 0.0
16281.150390625 6.567413330078125 2.8426828384399414 0.5309557914733887 0.36731988191604614 1.3257813453674316 10.88924503326416 59.565162658691406 133.6445770263672 196.548828125 433.2847595214844 1463.3623046875 2896.6875 945.8471069335938 50.4754638671875 0.0 0.0 0.0 0.0 0.0 0.0 0.0 0.0 0.0 0.0 0.0 0.0 0.0 0.0 0.0 0.0 0.0
16177.330078125 6.0677642822265625 9.754037857055664 2.327113389968872 0.5060001015663147 0.3599702715873718 1.2822710275650024 10.487448692321777 60.4461784362793 133.77174377441406 203.0211639404297 436.5085144042969 1461.088134765625 2983.80078125 946.021728515625 50.067970275878906 0.0 0.0 0.0 0.0 0.0 0.0 0.0 0.0 0.0 0.0 0.0 0.0 0.0 0.0 0.0 0.0
16196.0703125 1.718155860900879 9.026530265808105 8.376276969909668 2.279902219772339 0.5397612452507019 0.3590419292449951 1.2567557096481323 10.571492195129395 59.330543518066406 135.04928588867188 201.38796997070312 431.2350158691406 1481.9307861328125 2945.5654296875 947.591796875 50.711185455322266 0.0 0.0 0.0 0.0 0.0 0.0 0.0 0.0 0.0 0.0 0.0 0.0 0.0 0.0 0.0
16164.43359375 0.519207775592804 2.5336503982543945 7.790918350219727 8.087632179260254 2.2637619972229004 0.47944027185440063 0.33196842670440674 1.2138309478759766 10.172691345214844 60.42362976074219 138.52236938476562 198.9605712890625 437.32818603515625 1478.7408447265625 2967.16796875 953.343505859375 50.69927978515625 0.0 0.0 0.0 0.0 0.0 0.0 0.0 0.0 0.0 0.0 0.0 0.0 0.0 0.0
16277.857421875 0.5134934782981873 0.7370203733444214 2.1313066482543945 7.527243614196777 8.129119873046875 2.1216845512390137 0.4629760980606079 0.32393819093704224 1.1663057804107666 10.101027488708496 58.32984161376953 130.44732666015625 196.09918212890625 425.43768310546875 1443.8369140625 2924.68310546875 943.5762939453125 49.5511474609375 0.0 0.0 0.0 0.0 0.0 0.0 0.0 0.0 0.0 0.0 0.0 0.0 0.0
16221.3984375 1.6599783897399902 0.7080262899398804 0.6100669503211975 2.0301289558410645 7.403029918670654 7.657910346984863 2.1074700355529785 0.46105051040649414 0.31122392416000366 1.13522207736969 9.771125793457031 56.9758186340332 132.08070373535156 195.69338989257812 426.7058410644531 1457.7354736328125 2958.722900390625 949.0335693359375 50.76816940307617 0.0 0.0 0.0 0.0 0.0 0.0 0.0 0.0 0.0 0.0 0.0 0.0
16249.9892578125 5.884758472442627 2.357138156890869 0.6171947121620178 0.6034413576126099 2.0603902339935303 7.177192687988281 7.562094211578369 2.073864221572876 0.44203895330429077 0.3122170567512512 1.130692481994629 9.630678176879883 57.357975006103516 130.96466064453125 195.3380584716797 426.826904296875 1458.736083984375 2918.3291015625 953.1002197265625 52.51680374145508 0.0 0.0 0.0 0.0 0.0 0.0 0.0 0.0 0.0 0.0 0.0
16234.63671875 5.793413162231445 7.995297431945801 2.013665199279785 0.5926636457443237 0.5973589420318604 1.9460031986236572 6.845937252044678 7.419293403625488 1.981536865234375 0.43877577781677246 0.2999442219734192 1.0927118062973022 9.744348526000977 56.60965347290039 130.1318359375 197.64181518554688 426.29766845703125 1453.79248046875 2922.896240234375 964.4893188476562 49.74794006347656 0.0 0.0 0.0 0.0 0.0 0.0 0.0 0.0 0.0 0.0
16252.25390625 1.41216242313385 8.112464904785156 7.010529518127441 1.9706881046295166 0.584966778755188 0.570377767086029 1.8452460765838623 6.7387895584106445 7.123767852783203 2.023545265197754 0.43561744689941406 0.29305028915405273 1.0948021411895752 9.275272369384766 55.650577545166016 129.10142517089844 195.64337158203125 424.85089111328125 1446.58203125 2938.4013671875 942.5083618164062 49.53948974609375 0.0 0.0 0.0 0.0 0.0 0.0 0.0 0.0 0.0
16229.107421875 0.2721216082572937 1.9844245910644531 7.004959583282471 6.8773956298828125 2.017986297607422 0.5786975622177124 0.5416490435600281 1.8377678394317627 6.516544342041016 7.297586441040039 2.0030717849731445 0.4187901020050049 0.30087190866470337 1.0587776899337769 9.401918411254883 56.789615631103516 131.20223999023438 196.2633819580078 428.1719970703125 1466.5457763671875 2927.88330078125 947.9232177734375 51.01079177856445 0.0 0.0 0.0 0.0 0.0 0.0 0.0 0.0
16237.1875 0.17029881477355957 0.3850398063659668 1.6497782468795776 6.6624345779418945 6.829770565032959 1.9361076354980469 0.5456792712211609 0.5310579538345337 1.740809440612793 6.549591541290283 7.148334503173828 1.8905948400497437 0.429229199886322 0.2858715057373047 1.0631000995635986 9.478890419006348 56.53781509399414 131.7449951171875 200.33766174316406 435.64111328125 1459.6611328125 2918.977294921875 945.1798095703125 50.48457336425781 0.0 0.0 0.0 0.0 0.0 0.0 0.0
16223.28515625 0.5219030976295471 0.2471410036087036 0.3092493414878845 1.5668232440948486 6.756258964538574 6.649514198303223 1.8424930572509766 0.545944094657898 0.5062624216079712 1.755744218826294 6.354173183441162 6.737576961517334 1.956291675567627 0.4087539315223694 0.28231048583984375 1.0650453567504883 9.215001106262207 56.27711868286133 132.50326538085938 202.10400390625 434.0794982910156 1459.017578125 2931.943115234375 946.0444946289062 50.03449630737305 0.0 0.0 0.0 0.0 0.0 0.0
16261.9345703125 2.789822578430176 0.7457926869392395 0.19523805379867554 0.2897677421569824 1.5460426807403564 6.468545913696289 6.341437339782715 1.8195080757141113 0.5169543623924255 0.5143861770629883 1.7139811515808105 6.104911804199219 6.953143119812012 1.8809194564819336 0.40443283319473267 0.2884875535964966 1.034693956375122 9.235952377319336 55.80556869506836 133.71629333496094 199.85574340820312 432.25067138671875 1458.8802490234375 2900.925537109375 939.27099609375 50.55384063720703 0.0 0.0 0.0 0.0 0.0
16219.6103515625 5.551258087158203 3.9380593299865723 0.6076379418373108 0.18815618753433228 0.2877039313316345 1.4819023609161377 6.115938663482666 6.334380626678467 1.7539302110671997 0.515565037727356 0.4982016086578369 1.6406934261322021 6.314220905303955 6.7807159423828125 1.8517667055130005 0.42234861850738525 0.2806951403617859 1.049147367477417 9.213540077209473 57.52509307861328 132.95266723632812 202.00942993164062 434.9107971191406 1458.7550048828125 2924.134765625 946.2232666015625 51.08229064941406 0.0 0.0 0.0 0.0
16218.7490234375 1.8335182666778564 7.485322952270508 3.265901565551758 0.5703589916229248 0.17955642938613892 0.27230989933013916 1.3945519924163818 5.995853900909424 5.958325386047363 1.7310242652893066 0.49257928133010864 0.47007423639297485 1.6403708457946777 5.9727606773376465 6.565326690673828 1.8428593873977661 0.39714306592941284 0.2801826596260071 1.0154039859771729 9.127067565917969 55.468849182128906 132.00302124023438 199.2048797607422 434.31268310546875 1463.267578125 2924.05859375 948.0763549804688 50.41181945800781 0.0 0.0 0.0
16165.9375 0.24475455284118652 2.512404441833496 6.418728351593018 3.1505069732666016 0.5696243643760681 0.17738115787506104 0.26097917556762695 1.379897952079773 5.789165496826172 5.993049144744873 1.6916067600250244 0.47517913579940796 0.47454315423965454 1.6054733991622925 5.900101661682129 6.573880672454834 1.8426350355148315 0.41014915704727173 0.2894059419631958 1.0423238277435303 9.41907024383545 57.308773040771484 134.3725128173828 206.07571411132812 445.5401611328125 1475.37841796875 2940.3642578125 949.5237426757812 51.35362243652344 0.0 0.0
16173.376953125 0.07039892673492432 0.338212788105011 2.089456558227539 6.100421905517578 3.1316511631011963 0.5633418560028076 0.16705244779586792 0.2569998502731323 1.3144426345825195 5.7679057121276855 5.7957658767700195 1.6140179634094238 0.4781843423843384 0.4645918607711792 1.5645365715026855 5.889742374420166 6.558078765869141 1.858077049255371 0.4216383695602417 0.2869470715522766 1.0445518493652344 9.279464721679688 56.21775436401367 137.81248474121094 211.2531280517578 444.0303649902344 1475.6712646484375 2928.54150390625 948.5205688476562 51.53824234008789 0.0
16248.595703125 0.12306523323059082 0.09865128993988037 0.268185019493103 1.9731212854385376 6.109193325042725 3.042109489440918 0.5299200415611267 0.16507768630981445 0.24216198921203613 1.3042621612548828 5.56679630279541 5.527812480926514 1.6035053730010986 0.4737205505371094 0.4489139914512634 1.567018985748291 5.783693790435791 6.509240627288818 1.842512845993042 0.4067026376724243 0.2781229019165039 1.0054168701171875 8.953309059143066 55.74409484863281 133.22264099121094 200.34608459472656 435.82098388671875 1454.86962890625 2888.466064453125 958.8485717773438 52.18693161010742
