22486.0 0.0 0.0 0.0 0.0 0.0 0.0 0.0 0.0 0.0 0.0 0.0 0.0 0.0 0.0 0.0 0.0 0.0 0.0 0.0 0.0 0.0 0.0 0.0 0.0 0.0 0.0 0.0 0.0 0.0 0.0 0.0
20894.341796875 1588.69287109375 0.0 0.0 0.0 0.0 0.0 0.0 0.0 0.0 0.0 0.0 0.0 0.0 0.0 0.0 0.0 0.0 0.0 0.0 0.0 0.0 0.0 0.0 0.0 0.0 0.0 0.0 0.0 0.0 0.0 0.0
21006.744140625 561.5167236328125 914.5360107421875 0.0 0.0 0.0 0.0 0.0 0.0 0.0 0.0 0.0 0.0 0.0 0.0 0.0 0.0 0.0 0.0 0.0 0.0 0.0 0.0 0.0 0.0 0.0 0.0 0.0 0.0 0.0 0.0 0.0
20782.828125 324.7445373535156 522.4664306640625 852.8965454101562 0.0 0.0 0.0 0.0 0.0 0.0 0.0 0.0 0.0 0.0 0.0 0.0 0.0 0.0 0.0 0.0 0.0 0.0 0.0 0.0 0.0 0.0 0.0 0.0 0.0 0.0 0.0 0.0
20659.359375 213.72564697265625 308.16217041015625 483.0323181152344 818.6219482421875 0.0 0.0 0.0 0.0 0.0 0.0 0.0 0.0 0.0 0.0 0.0 0.0 0.0 0.0 0.0 0.0 0.0 0.0 0.0 0.0 0.0 0.0 0.0 0.0 0.0 0.0 0.0
20296.994140625 202.73321533203125 248.6121368408203 306.6268005371094 632.0950317382812 795.8355712890625 0.0 0.0 0.0 0.0 0.0 0.0 0.0 0.0 0.0 0.0 0.0 0.0 0.0 0.0 0.0 0.0 0.0 0.0 0.0 0.0 0.0 0.0 0.0 0.0 0.0 0.0
20444.8828125 187.2338104248047 176.2809295654297 177.946533203125 341.38299560546875 468.3285827636719 686.9025268554688 0.0 0.0 0.0 0.0 0.0 0.0 0.0 0.0 0.0 0.0 0.0 0.0 0.0 0.0 0.0 0.0 0.0 0.0 0.0 0.0 0.0 0.0 0.0 0.0 0.0
20581.974609375 150.28111267089844 139.4170379638672 124.6048812866211 187.7079620361328 293.60101318359375 378.6357727050781 626.7113647460938 0.0 0.0 0.0 0.0 0.0 0.0 0.0 0.0 0.0 0.0 0.0 0.0 0.0 0.0 0.0 0.0 0.0 0.0 0.0 0.0 0.0 0.0 0.0 0.0
20692.859375 125.61898040771484 129.8192138671875 93.27853393554688 122.12667846679688 147.48043823242188 207.02102661132812 400.861328125 563.9825439453125 0.0 0.0 0.0 0.0 0.0 0.0 0.0 0.0 0.0 0.0 0.0 0.0 0.0 0.0 0.0 0.0 0.0 0.0 0.0 0.0 0.0 0.0 0.0
20764.892578125 108.61636352539062 137.28485107421875 81.11109924316406 87.54542541503906 98.33108520507812 124.29026794433594 220.04946899414062 326.932861328125 533.9888916015625 0.0 0.0 0.0 0.0 0.0 0.0 0.0 0.0 0.0 0.0 0.0 0.0 0.0 0.0 0.0 0.0 0.0 0.0 0.0 0.0 0.0 0.0
20849.328125 81.11935424804688 92.64497375488281 86.37320709228516 80.14143371582031 91.61619567871094 89.21920013427734 120.31925964355469 164.34861755371094 325.3355712890625 502.6449279785156 0.0 0.0 0.0 0.0 0.0 0.0 0.0 0.0 0.0 0.0 0.0 0.0 0.0 0.0 0.0 0.0 0.0 0.0 0.0 0.0 0.0
20664.5703125 66.25885009765625 69.0730209350586 74.0522689819336 79.24877166748047 72.03815460205078 74.6788558959961 113.040283203125 104.38671112060547 179.11068725585938 502.7699890136719 483.85931396484375 0.0 0.0 0.0 0.0 0.0 0.0 0.0 0.0 0.0 0.0 0.0 0.0 0.0 0.0 0.0 0.0 0.0 0.0 0.0 0.0
20615.037109375 66.05980682373047 64.7799301147461 61.64989471435547 69.60356903076172 74.50254821777344 69.42598724365234 88.8746337890625 79.98326873779297 103.76589965820312 431.2703857421875 270.9002685546875 487.20855712890625 0.0 0.0 0.0 0.0 0.0 0.0 0.0 0.0 0.0 0.0 0.0 0.0 0.0 0.0 0.0 0.0 0.0 0.0 0.0
20913.984375 60.491703033447266 55.18930435180664 48.683441162109375 50.70044708251953 64.84617614746094 63.28369903564453 75.17957305908203 69.1949691772461 76.4053955078125 140.63694763183594 152.05848693847656 259.84844970703125 452.4746398925781 0.0 0.0 0.0 0.0 0.0 0.0 0.0 0.0 0.0 0.0 0.0 0.0 0.0 0.0 0.0 0.0 0.0 0.0
20844.25390625 56.357173919677734 57.4670524597168 47.524070739746094 43.78255844116211 50.583316802978516 53.57895278930664 71.28599548339844 61.69032669067383 71.19538879394531 110.09963989257812 98.67952728271484 157.59451293945312 290.5307312011719 468.3145446777344 0.0 0.0 0.0 0.0 0.0 0.0 0.0 0.0 0.0 0.0 0.0 0.0 0.0 0.0 0.0 0.0 0.0
20905.056640625 49.17503356933594 51.006935119628906 44.64570999145508 42.65098571777344 46.53578567504883 45.310585021972656 57.87950134277344 59.88218688964844 63.55253601074219 73.12748718261719 69.66830444335938 96.71868896484375 157.7761993408203 250.6085968017578 469.49493408203125 0.0 0.0 0.0 0.0 0.0 0.0 0.0 0.0 0.0 0.0 0.0 0.0 0.0 0.0 0.0 0.0
20833.43359375 40.917335510253906 42.9957160949707 42.758331298828125 44.799564361572266 44.500892639160156 41.53901672363281 52.30217742919922 49.54145431518555 59.8357048034668 121.99761199951172 57.56147003173828 68.00714111328125 94.51443481445312 138.11172485351562 253.58753967285156 496.7481384277344 0.0 0.0 0.0 0.0 0.0 0.0 0.0 0.0 0.0 0.0 0.0 0.0 0.0 0.0 0.0
20839.49609375 36.516441345214844 33.86557388305664 37.034427642822266 43.32117462158203 46.292442321777344 41.495391845703125 43.76166915893555 39.84157180786133 50.85252380371094 136.13267517089844 53.83391571044922 58.95114517211914 69.41863250732422 87.74143981933594 140.09091186523438 270.77655029296875 453.6495056152344 0.0 0.0 0.0 0.0 0.0 0.0 0.0 0.0 0.0 0.0 0.0 0.0 0.0 0.0
20807.546875 36.295780181884766 30.984487533569336 31.032426834106445 38.06533432006836 44.70016860961914 42.940345764160156 46.6950569152832 39.137908935546875 43.0770149230957 93.0901870727539 52.437965393066406 54.797813415527344 57.3667106628418 62.1740837097168 106.95142364501953 173.77029418945312 264.9851989746094 456.8641662597656 0.0 0.0 0.0 0.0 0.0 0.0 0.0 0.0 0.0 0.0 0.0 0.0 0.0
20831.9296875 42.036373138427734 30.78111457824707 27.64030647277832 30.06205940246582 40.21105194091797 41.2537727355957 46.29380416870117 40.385986328125 42.23373794555664 60.07398223876953 42.406089782714844 50.52690505981445 56.2652473449707 52.9885368347168 67.89594268798828 102.4156265258789 139.93910217285156 265.3851318359375 472.290283203125 0.0 0.0 0.0 0.0 0.0 0.0 0.0 0.0 0.0 0.0 0.0 0.0
20900.5546875 41.512184143066406 33.163761138916016 26.879257202148438 26.30857276916504 30.73577880859375 33.6767578125 40.57503890991211 38.88584518432617 39.39830017089844 43.994171142578125 37.08942413330078 44.45085144042969 49.989681243896484 48.85519790649414 54.52107620239258 66.61410522460938 88.11196899414062 143.44830322265625 238.45419311523438 455.873291015625 0.0 0.0 0.0 0.0 0.0 0.0 0.0 0.0 0.0 0.0 0.0
20864.837890625 42.85919952392578 36.09917068481445 29.201942443847656 25.956697463989258 27.77437973022461 27.455997467041016 31.725263595581055 38.2367057800293 41.76324462890625 47.91874694824219 35.701629638671875 38.13124084472656 47.2562141418457 51.497581481933594 57.800254821777344 59.090309143066406 69.44108581542969 95.10075378417969 126.53652954101562 236.1631317138672 452.5025634765625 0.0 0.0 0.0 0.0 0.0 0.0 0.0 0.0 0.0 0.0
20785.89453125 37.47831726074219 38.727840423583984 34.71113967895508 28.0103816986084 26.23422622680664 25.400819778442383 37.542266845703125 30.325767517089844 39.50202178955078 89.7132797241211 33.87485885620117 34.13658142089844 43.123146057128906 51.69142150878906 56.12593460083008 51.16455078125 67.79532623291016 70.33885192871094 81.77851867675781 128.327880859375 243.34185791015625 447.7881774902344 0.0 0.0 0.0 0.0 0.0 0.0 0.0 0.0 0.0
20823.275390625 36.50912857055664 32.43338394165039 35.3842658996582 30.8629093170166 30.525171279907227 23.941791534423828 24.189159393310547 24.60328483581543 32.66086196899414 40.6982421875 35.32162094116211 33.9360237121582 36.11216735839844 40.96967315673828 47.80973434448242 48.96272659301758 50.57582092285156 61.928932189941406 57.94396209716797 84.14464569091797 145.01170349121094 237.13250732421875 468.02032470703125 0.0 0.0 0.0 0.0 0.0 0.0 0.0 0.0
20592.09375 37.761741638183594 29.951091766357422 30.38420867919922 31.593801498413086 32.40435791015625 28.275169372558594 23.448078155517578 21.939929962158203 27.763214111328125 40.15884017944336 35.42945861816406 36.98798370361328 49.601688385009766 35.749359130859375 39.88153076171875 45.13855743408203 48.89226531982422 67.83496856689453 53.9816780090332 60.34599304199219 127.79134368896484 154.40478515625 255.79393005371094 575.4285278320312 0.0 0.0 0.0 0.0 0.0 0.0 0.0
20773.734375 44.09347915649414 28.17660140991211 27.093910217285156 27.867891311645508 31.271352767944336 28.494731903076172 24.9364070892334 22.280921936035156 25.87163543701172 29.91497802734375 27.499683380126953 33.981971740722656 39.09516143798828 31.993728637695312 34.16971206665039 37.270870208740234 42.37397766113281 61.53284454345703 50.644073486328125 51.70084762573242 69.5467529296875 81.97984313964844 125.01166534423828 248.46554565429688 483.0529479980469 0.0 0.0 0.0 0.0 0.0 0.0
20723.203125 40.25718688964844 29.627580642700195 27.667245864868164 24.913463592529297 27.2570858001709 25.942041397094727 25.426908493041992 25.53497886657715 22.449508666992188 28.662338256835938 21.91279411315918 30.603906631469727 35.76833724975586 38.19481658935547 33.14183044433594 32.54319763183594 34.813270568847656 54.955448150634766 48.1474494934082 46.501976013183594 62.627891540527344 60.97539520263672 104.01345825195312 173.15013122558594 267.42950439453125 436.2593994140625 0.0 0.0 0.0 0.0 0.0
20780.33984375 37.95176315307617 31.319551467895508 30.16345977783203 24.285978317260742 25.37409019470215 23.50273323059082 26.093000411987305 24.422616958618164 22.585365295410156 24.245494842529297 20.460216522216797 21.428556442260742 28.321491241455078 33.72482681274414 32.43274688720703 29.562602996826172 29.375574111938477 38.214656829833984 42.60997009277344 44.32685470581055 61.3588981628418 54.632469177246094 75.40996551513672 108.78231811523438 167.484375 215.075439453125 428.55914306640625 0.0 0.0 0.0 0.0
20786.951171875 33.643917083740234 29.06153106689453 30.650819778442383 26.97949981689453 25.093807220458984 21.757598876953125 22.956565856933594 24.293201446533203 24.169687271118164 22.106155395507812 18.525312423706055 19.057823181152344 22.50861930847168 28.51311683654785 30.68682861328125 30.9877986907959 30.32191276550293 33.89611053466797 32.303470611572266 41.202457427978516 55.1270751953125 48.16407775878906 56.946014404296875 92.12699127197266 94.38939666748047 124.98114013671875 223.73883056640625 450.8490295410156 0.0 0.0 0.0
20732.748046875 32.54994583129883 27.050134658813477 30.58658218383789 26.41470718383789 25.78913116455078 22.412899017333984 20.795040130615234 22.267724990844727 22.213659286499023 23.62567138671875 22.5632381439209 19.539926528930664 20.447269439697266 27.642669677734375 28.796045303344727 30.6684513092041 35.89982986450195 32.296878814697266 30.613189697265625 34.66857147216797 44.700923919677734 44.362945556640625 54.58390808105469 81.56564331054688 69.1102294921875 84.20696258544922 129.94635009765625 246.8265838623047 457.2339782714844 0.0 0.0
20805.318359375 32.24094772338867 23.838533401489258 27.262487411499023 25.91420555114746 27.22001838684082 21.30156898498535 21.114450454711914 21.313766479492188 21.23133659362793 22.308629989624023 21.620315551757812 21.12424659729004 18.915531158447266 25.803171157836914 23.817991256713867 26.864444732666016 32.90022277832031 43.11509323120117 31.18996810913086 30.228675842285156 36.94915771484375 39.85725402832031 43.5823974609375 54.595157623291016 59.03334426879883 58.78716278076172 77.00703430175781 124.54878234863281 213.6820068359375 449.3477478027344 0.0
20665.861328125 36.305137634277344 24.195903778076172 26.690065383911133 25.26154327392578 29.103374481201172 25.053865432739258 22.394020080566406 20.733613967895508 20.286455154418945 43.066505432128906 21.156036376953125 21.697500228881836 24.2805233001709 22.580806732177734 18.289396286010742 23.30974769592285 26.08190155029297 39.10804748535156 29.084083557128906 28.295028686523438 54.95356750488281 35.1563835144043 44.38111877441406 51.45491027832031 65.88632202148438 54.24274826049805 57.69428253173828 83.73242950439453 117.92335510253906 245.33290100097656 478.3734130859375
