22486.0 0.0 0.0 0.0 0.0 0.0 0.0 0.0 0.0 0.0 0.0 0.0 0.0 0.0 0.0 0.0 0.0 0.0 0.0 0.0 0.0 0.0 0.0 0.0 0.0 0.0 0.0 0.0 0.0 0.0 0.0 0.0
21480.5078125 1002.5975341796875 0.0 0.0 0.0 0.0 0.0 0.0 0.0 0.0 0.0 0.0 0.0 0.0 0.0 0.0 0.0 0.0 0.0 0.0 0.0 0.0 0.0 0.0 0.0 0.0 0.0 0.0 0.0 0.0 0.0 0.0
20177.3046875 809.1832885742188 1496.6990966796875 0.0 0.0 0.0 0.0 0.0 0.0 0.0 0.0 0.0 0.0 0.0 0.0 0.0 0.0 0.0 0.0 0.0 0.0 0.0 0.0 0.0 0.0 0.0 0.0 0.0 0.0 0.0 0.0 0.0
19584.357421875 271.9207763671875 957.4851684570312 1669.14990234375 0.0 0.0 0.0 0.0 0.0 0.0 0.0 0.0 0.0 0.0 0.0 0.0 0.0 0.0 0.0 0.0 0.0 0.0 0.0 0.0 0.0 0.0 0.0 0.0 0.0 0.0 0.0 0.0
19401.404296875 104.3885498046875 303.1963806152344 989.3046875 1684.7020263671875 0.0 0.0 0.0 0.0 0.0 0.0 0.0 0.0 0.0 0.0 0.0 0.0 0.0 0.0 0.0 0.0 0.0 0.0 0.0 0.0 0.0 0.0 0.0 0.0 0.0 0.0 0.0
19247.41015625 49.95953369140625 114.66246795654297 321.495361328125 1019.0302124023438 1730.4141845703125 0.0 0.0 0.0 0.0 0.0 0.0 0.0 0.0 0.0 0.0 0.0 0.0 0.0 0.0 0.0 0.0 0.0 0.0 0.0 0.0 0.0 0.0 0.0 0.0 0.0 0.0
19303.0 31.90534019470215 54.165679931640625 113.17588806152344 306.0005798339844 1188.804443359375 1485.89599609375 0.0 0.0 0.0 0.0 0.0 0.0 0.0 0.0 0.0 0.0 0.0 0.0 0.0 0.0 0.0 0.0 0.0 0.0 0.0 0.0 0.0 0.0 0.0 0.0 0.0
19305.69140625 30.61383628845215 41.828128814697266 61.877559661865234 124.25515747070312 397.4621887207031 990.9002075195312 1530.281494140625 0.0 0.0 0.0 0.0 0.0 0.0 0.0 0.0 0.0 0.0 0.0 0.0 0.0 0.0 0.0 0.0 0.0 0.0 0.0 0.0 0.0 0.0 0.0 0.0
19324.23046875 24.31043815612793 35.89977264404297 40.63570785522461 65.47284698486328 130.85018920898438 301.9129333496094 1074.1541748046875 1485.556884765625 0.0 0.0 0.0 0.0 0.0 0.0 0.0 0.0 0.0 0.0 0.0 0.0 0.0 0.0 0.0 0.0 0.0 0.0 0.0 0.0 0.0 0.0 0.0
19359.171875 18.085844039916992 30.304288864135742 37.791263580322266 38.460208892822266 67.24885559082031 114.78580474853516 350.0850524902344 1047.16259765625 1419.8438720703125 0.0 0.0 0.0 0.0 0.0 0.0 0.0 0.0 0.0 0.0 0.0 0.0 0.0 0.0 0.0 0.0 0.0 0.0 0.0 0.0 0.0 0.0
19274.7421875 10.758857727050781 20.470346450805664 29.202133178710938 34.91770553588867 40.52379608154297 59.623958587646484 119.52403259277344 345.232421875 1010.6192626953125 1537.3846435546875 0.0 0.0 0.0 0.0 0.0 0.0 0.0 0.0 0.0 0.0 0.0 0.0 0.0 0.0 0.0 0.0 0.0 0.0 0.0 0.0 0.0
19388.068359375 7.906796932220459 13.653115272521973 20.540742874145508 26.342973709106445 33.04542922973633 37.063201904296875 61.217464447021484 113.5649185180664 308.9787292480469 1012.9432373046875 1459.7130126953125 0.0 0.0 0.0 0.0 0.0 0.0 0.0 0.0 0.0 0.0 0.0 0.0 0.0 0.0 0.0 0.0 0.0 0.0 0.0 0.0
19417.05078125 8.147493362426758 11.573312759399414 13.532673835754395 18.407819747924805 26.307586669921875 29.727582931518555 37.998390197753906 60.63339614868164 109.73845672607422 311.8470458984375 1013.6760864257812 1424.268310546875 0.0 0.0 0.0 0.0 0.0 0.0 0.0 0.0 0.0 0.0 0.0 0.0 0.0 0.0 0.0 0.0 0.0 0.0 0.0
19404.74609375 10.161895751953125 12.24228286743164 11.125075340270996 12.353790283203125 18.499942779541016 24.06264305114746 31.431604385375977 39.17794418334961 56.32939147949219 111.74274444580078 311.08563232421875 986.7308959960938 1453.3695068359375 0.0 0.0 0.0 0.0 0.0 0.0 0.0 0.0 0.0 0.0 0.0 0.0 0.0 0.0 0.0 0.0 0.0 0.0
19363.76953125 9.151883125305176 12.963597297668457 11.360785484313965 10.694376945495605 12.257366180419922 15.966264724731445 24.33121681213379 31.59069061279297 35.979248046875 57.43060302734375 110.07093048095703 309.51190185546875 1020.3553466796875 1457.5670166015625 0.0 0.0 0.0 0.0 0.0 0.0 0.0 0.0 0.0 0.0 0.0 0.0 0.0 0.0 0.0 0.0 0.0
19202.486328125 9.455860137939453 14.369878768920898 12.960697174072266 10.798800468444824 11.559562683105469 11.141817092895508 17.51706314086914 26.20245361328125 30.62673568725586 38.060489654541016 62.65651321411133 110.83683776855469 383.0076599121094 1116.588623046875 1424.8699951171875 0.0 0.0 0.0 0.0 0.0 0.0 0.0 0.0 0.0 0.0 0.0 0.0 0.0 0.0 0.0 0.0
19322.265625 5.411796569824219 10.11961841583252 12.29745101928711 11.954968452453613 10.990636825561523 9.532207489013672 10.913525581359863 15.576336860656738 23.193988800048828 30.235994338989258 39.153831481933594 56.575439453125 108.37254333496094 311.922607421875 1031.36376953125 1473.1395263671875 0.0 0.0 0.0 0.0 0.0 0.0 0.0 0.0 0.0 0.0 0.0 0.0 0.0 0.0 0.0
19300.30859375 4.906019687652588 7.394868850708008 10.725006103515625 11.874655723571777 13.850493431091309 11.448036193847656 10.176321983337402 10.66291332244873 15.108869552612305 24.51227569580078 32.89375686645508 40.31816101074219 60.20392608642578 108.64606475830078 320.3443908691406 1045.546875 1454.1453857421875 0.0 0.0 0.0 0.0 0.0 0.0 0.0 0.0 0.0 0.0 0.0 0.0 0.0 0.0
19211.7578125 5.416927337646484 6.241711616516113 7.58151912689209 9.021145820617676 12.882514953613281 12.462617874145508 10.874889373779297 9.305546760559082 10.53374195098877 15.893733978271484 26.00501823425293 31.681129455566406 39.31624984741211 59.448951721191406 111.20295715332031 317.31964111328125 1087.7396240234375 1498.25439453125 0.0 0.0 0.0 0.0 0.0 0.0 0.0 0.0 0.0 0.0 0.0 0.0 0.0
19241.484375 5.1230597496032715 6.280230522155762 6.227941989898682 6.451667785644531 9.237406730651855 11.336403846740723 12.087432861328125 9.719949722290039 8.704809188842773 10.360057830810547 15.675919532775879 23.018278121948242 31.364538192749023 37.57862854003906 58.694210052490234 110.75584411621094 316.9360656738281 1054.2509765625 1507.7684326171875 0.0 0.0 0.0 0.0 0.0 0.0 0.0 0.0 0.0 0.0 0.0 0.0
19166.63671875 4.343585968017578 6.076498508453369 6.113150596618652 5.603743553161621 6.511116981506348 8.379046440124512 11.916354179382324 11.94139575958252 10.1115140914917 8.995165824890137 10.743879318237305 15.110161781311035 23.440372467041016 31.606220245361328 37.923500061035156 57.810333251953125 107.81022644042969 316.1483154296875 1112.459716796875 1523.3294677734375 0.0 0.0 0.0 0.0 0.0 0.0 0.0 0.0 0.0 0.0 0.0
19178.33984375 3.4435861110687256 6.349776268005371 11.309172630310059 6.028221607208252 5.92575740814209 6.210268974304199 10.379505157470703 11.307141304016113 13.014296531677246 15.32436752319336 12.150209426879883 10.318826675415039 16.458539962768555 24.013757705688477 33.485069274902344 39.492889404296875 57.86565017700195 110.18475341796875 326.33660888671875 1086.028564453125 1499.127197265625 0.0 0.0 0.0 0.0 0.0 0.0 0.0 0.0 0.0 0.0
19120.1015625 3.0130271911621094 3.7873053550720215 5.732980251312256 5.727424144744873 5.704930782318115 4.95618200302124 5.420241355895996 8.013548851013184 12.843116760253906 12.516511917114258 10.57055950164795 8.671269416809082 9.894118309020996 15.221431732177734 22.754858016967773 33.26121139526367 36.06835174560547 53.647682189941406 109.49644470214844 331.0038757324219 1135.6220703125 1529.0084228515625 0.0 0.0 0.0 0.0 0.0 0.0 0.0 0.0 0.0
19063.8359375 3.9971232414245605 3.319337844848633 4.226377964019775 4.973997116088867 5.860710144042969 4.827195644378662 4.765903949737549 5.337550640106201 7.982854843139648 11.786516189575195 14.282552719116211 10.318694114685059 8.953356742858887 10.54034423828125 14.940937042236328 23.59996795654297 31.280941009521484 38.4901237487793 59.708030700683594 112.70372009277344 344.55401611328125 1133.3189697265625 1559.3328857421875 0.0 0.0 0.0 0.0 0.0 0.0 0.0 0.0
19022.923828125 6.6380295753479 4.119640827178955 3.745103359222412 3.7858922481536865 5.389584541320801 5.271512031555176 5.3706374168396 4.430395126342773 5.252479553222656 8.224397659301758 12.318864822387695 12.161967277526855 10.654457092285156 9.51254653930664 10.31356143951416 15.188863754272461 23.041276931762695 31.253419876098633 39.02195358276367 57.176849365234375 118.04537963867188 329.1821594238281 1133.4315185546875 1606.5518798828125 0.0 0.0 0.0 0.0 0.0 0.0 0.0
19072.15234375 10.106592178344727 7.065408229827881 4.381531715393066 3.215287208557129 3.8862600326538086 4.47908878326416 5.414432048797607 4.647894382476807 4.268841743469238 5.468005180358887 8.559757232666016 11.669471740722656 11.8641996383667 10.308551788330078 9.178770065307617 10.57699966430664 15.001387596130371 23.138517379760742 33.20950698852539 39.26405715942383 59.38145065307617 112.80529022216797 340.6479187011719 1150.3233642578125 1521.0205078125 0.0 0.0 0.0 0.0 0.0 0.0
19035.185546875 9.101115226745605 10.933847427368164 6.814247131347656 3.790576696395874 3.0279664993286133 3.2711286544799805 4.937563896179199 4.883543491363525 4.8118391036987305 4.925146102905273 6.224976539611816 8.590896606445312 11.064203262329102 12.021127700805664 10.305150985717773 9.554363250732422 10.053081512451172 14.923895835876465 23.15305519104004 31.163497924804688 39.83973693847656 58.75908660888672 114.37321472167969 342.78826904296875 1134.3421630859375 1563.1795654296875 0.0 0.0 0.0 0.0 0.0
18999.380859375 4.376700401306152 10.025877952575684 10.315804481506348 5.717523097991943 3.4918479919433594 2.620664596557617 3.5364644527435303 4.140356063842773 4.907575607299805 5.002620220184326 5.202299118041992 5.651318550109863 8.343475341796875 11.402320861816406 11.425616264343262 10.913775444030762 8.826942443847656 10.296154975891113 15.2625093460083 23.879018783569336 32.05716323852539 40.01260757446289 59.96585464477539 119.11722564697266 336.467529296875 1145.229736328125 1584.3887939453125 0.0 0.0 0.0 0.0
18964.302734375 1.760483741760254 4.949799060821533 9.814979553222656 8.311598777770996 5.4999237060546875 3.1572771072387695 3.2370710372924805 3.3184001445770264 4.305226802825928 4.77961540222168 4.844547271728516 4.952019691467285 6.138715744018555 9.202519416809082 11.687347412109375 12.54628849029541 10.561861991882324 10.034661293029785 10.2594575881958 16.2510986328125 23.716522216796875 31.794784545898438 42.8566780090332 58.931556701660156 115.48377990722656 332.50323486328125 1137.5426025390625 1629.327392578125 0.0 0.0 0.0
19015.59375 1.2683557271957397 2.048898458480835 5.329793930053711 7.989115238189697 7.941215515136719 4.967995643615723 3.3356783390045166 2.887289047241211 3.1814780235290527 4.603157043457031 4.968832015991211 5.35014009475708 4.893621444702148 6.692023754119873 9.473214149475098 11.89007568359375 12.675430297851562 10.202656745910645 9.217110633850098 11.171091079711914 16.07967185974121 24.574020385742188 33.038761138916016 42.14381790161133 61.374237060546875 118.28093719482422 345.3128356933594 1122.4676513671875 1573.140869140625 0.0 0.0
19070.62109375 1.8249189853668213 1.3282225131988525 2.303502082824707 4.189853668212891 9.240599632263184 7.16623592376709 4.836132526397705 3.1162025928497314 2.683185338973999 3.3980283737182617 4.601447105407715 4.9858245849609375 5.20267915725708 5.155434608459473 6.373066425323486 9.328973770141602 11.2046480178833 11.591341972351074 10.15407657623291 9.113338470458984 10.08810806274414 14.938754081726074 24.422788619995117 32.5228385925293 42.09883117675781 58.992794036865234 113.2054672241211 318.4645080566406 1112.1099853515625 1566.666259765625 0.0
18968.515625 4.3836350440979 2.023941993713379 1.6409718990325928 1.8711347579956055 8.872729301452637 7.276546478271484 7.315281867980957 4.707700729370117 3.263660430908203 2.8551015853881836 3.610598564147949 4.681338310241699 5.135738849639893 5.131963729858398 5.475390434265137 7.079648494720459 8.30429458618164 11.385343551635742 11.18462085723877 10.525129318237305 9.824789047241211 10.908430099487305 16.081453323364258 24.75595474243164 33.50712966918945 41.75887680053711 59.65400314331055 113.85578155517578 344.9901123046875 1158.609375 1582.8917236328125
