22486.0 0.0 0.0 0.0 0.0 0.0 0.0 0.0 0.0 0.0 0.0 0.0 0.0 0.0 0.0 0.0 0.0 0.0 0.0 0.0 0.0 0.0 0.0 0.0 0.0 0.0 0.0 0.0 0.0 0.0 0.0 0.0
21486.8125 996.4210815429688 0.0 0.0 0.0 0.0 0.0 0.0 0.0 0.0 0.0 0.0 0.0 0.0 0.0 0.0 0.0 0.0 0.0 0.0 0.0 0.0 0.0 0.0 0.0 0.0 0.0 0.0 0.0 0.0 0.0 0.0
18505.1171875 2795.574462890625 1182.080810546875 0.0 0.0 0.0 0.0 0.0 0.0 0.0 0.0 0.0 0.0 0.0 0.0 0.0 0.0 0.0 0.0 0.0 0.0 0.0 0.0 0.0 0.0 0.0 0.0 0.0 0.0 0.0 0.0 0.0
16819.798828125 2176.011474609375 2396.746826171875 1090.3748779296875 0.0 0.0 0.0 0.0 0.0 0.0 0.0 0.0 0.0 0.0 0.0 0.0 0.0 0.0 0.0 0.0 0.0 0.0 0.0 0.0 0.0 0.0 0.0 0.0 0.0 0.0 0.0 0.0
15878.46875 1486.525634765625 1834.3023681640625 2198.790283203125 1084.832275390625 0.0 0.0 0.0 0.0 0.0 0.0 0.0 0.0 0.0 0.0 0.0 0.0 0.0 0.0 0.0 0.0 0.0 0.0 0.0 0.0 0.0 0.0 0.0 0.0 0.0 0.0 0.0
15244.27734375 1087.8631591796875 1171.491943359375 1661.3074951171875 2245.46923828125 1072.4769287109375 0.0 0.0 0.0 0.0 0.0 0.0 0.0 0.0 0.0 0.0 0.0 0.0 0.0 0.0 0.0 0.0 0.0 0.0 0.0 0.0 0.0 0.0 0.0 0.0 0.0 0.0
14833.16796875 833.815185546875 777.8929443359375 1087.119140625 1724.9783935546875 2202.65869140625 1023.2810668945312 0.0 0.0 0.0 0.0 0.0 0.0 0.0 0.0 0.0 0.0 0.0 0.0 0.0 0.0 0.0 0.0 0.0 0.0 0.0 0.0 0.0 0.0 0.0 0.0 0.0
14410.5341796875 657.7894287109375 607.8599243164062 794.72998046875 1210.6439208984375 1708.456787109375 2083.75634765625 1008.9863891601562 0.0 0.0 0.0 0.0 0.0 0.0 0.0 0.0 0.0 0.0 0.0 0.0 0.0 0.0 0.0 0.0 0.0 0.0 0.0 0.0 0.0 0.0 0.0 0.0
14186.96875 550.5448608398438 474.2373352050781 605.383056640625 849.4916381835938 1148.18798828125 1613.5655517578125 2055.449462890625 999.2442016601562 0.0 0.0 0.0 0.0 0.0 0.0 0.0 0.0 0.0 0.0 0.0 0.0 0.0 0.0 0.0 0.0 0.0 0.0 0.0 0.0 0.0 0.0 0.0
13774.0693359375 473.07269287109375 421.1954345703125 478.70654296875 654.0062866210938 816.8626098632812 1123.4666748046875 1591.6058349609375 2156.4833984375 993.54296875 0.0 0.0 0.0 0.0 0.0 0.0 0.0 0.0 0.0 0.0 0.0 0.0 0.0 0.0 0.0 0.0 0.0 0.0 0.0 0.0 0.0 0.0
13608.41015625 381.8766784667969 317.53759765625 403.85833740234375 493.89117431640625 618.2730712890625 801.2470092773438 1130.4366455078125 1703.716552734375 2037.554443359375 986.1100463867188 0.0 0.0 0.0 0.0 0.0 0.0 0.0 0.0 0.0 0.0 0.0 0.0 0.0 0.0 0.0 0.0 0.0 0.0 0.0 0.0 0.0
13488.9169921875 308.7324523925781 252.47410583496094 333.9687194824219 427.39837646484375 482.6332092285156 584.5498046875 771.207763671875 1108.6702880859375 1582.7144775390625 2132.460693359375 1009.3192749023438 0.0 0.0 0.0 0.0 0.0 0.0 0.0 0.0 0.0 0.0 0.0 0.0 0.0 0.0 0.0 0.0 0.0 0.0 0.0 0.0
13178.775390625 281.64874267578125 221.3061065673828 279.34906005859375 381.2305603027344 412.0778503417969 481.3226623535156 606.8060302734375 851.3701782226562 1111.9227294921875 1645.287109375 2061.15087890625 970.8070678710938 0.0 0.0 0.0 0.0 0.0 0.0 0.0 0.0 0.0 0.0 0.0 0.0 0.0 0.0 0.0 0.0 0.0 0.0 0.0
13014.66015625 266.8739013671875 201.4202423095703 225.8045196533203 298.23541259765625 324.9100036621094 395.31201171875 465.8343505859375 593.6543579101562 772.7958984375 1172.8243408203125 1655.2137451171875 2095.106689453125 1000.44140625 0.0 0.0 0.0 0.0 0.0 0.0 0.0 0.0 0.0 0.0 0.0 0.0 0.0 0.0 0.0 0.0 0.0 0.0
13037.529296875 243.2664794921875 198.08786010742188 200.17015075683594 240.5646514892578 264.8373107910156 321.8589172363281 397.197509765625 485.03765869140625 582.2581176757812 805.962890625 1147.3931884765625 1627.2652587890625 1978.953857421875 952.7097778320312 0.0 0.0 0.0 0.0 0.0 0.0 0.0 0.0 0.0 0.0 0.0 0.0 0.0 0.0 0.0 0.0 0.0
12977.869140625 216.79295349121094 169.62501525878906 178.6699981689453 204.6809539794922 216.65235900878906 254.7799835205078 298.9501037597656 376.4349060058594 461.1697998046875 628.3881225585938 805.4501342773438 1147.3291015625 1609.7943115234375 1975.0220947265625 961.4356689453125 0.0 0.0 0.0 0.0 0.0 0.0 0.0 0.0 0.0 0.0 0.0 0.0 0.0 0.0 0.0 0.0
12945.4716796875 190.2760467529297 139.96568298339844 162.95306396484375 187.75523376464844 192.43362426757812 237.98631286621094 253.8455810546875 330.5098876953125 431.3174133300781 571.6637573242188 562.9500122070312 767.74072265625 1045.6827392578125 1536.0672607421875 1973.156494140625 953.3754272460938 0.0 0.0 0.0 0.0 0.0 0.0 0.0 0.0 0.0 0.0 0.0 0.0 0.0 0.0 0.0
12888.515625 164.552734375 113.45936584472656 139.6937255859375 171.8770751953125 174.39111328125 189.2388153076172 206.81228637695312 260.3143615722656 351.5594482421875 436.7341613769531 443.9530029296875 580.947265625 748.0232543945312 1062.8018798828125 1555.7581787109375 2028.8380126953125 965.6270141601562 0.0 0.0 0.0 0.0 0.0 0.0 0.0 0.0 0.0 0.0 0.0 0.0 0.0 0.0
12829.15625 155.57666015625 97.27197265625 117.71173858642578 147.39646911621094 166.8509979248047 179.6234130859375 182.32139587402344 239.7939453125 272.2621765136719 331.8612060546875 372.6320495605469 450.7093505859375 556.1493530273438 748.289306640625 1116.9620361328125 1594.0736083984375 1962.5882568359375 961.7929077148438 0.0 0.0 0.0 0.0 0.0 0.0 0.0 0.0 0.0 0.0 0.0 0.0 0.0
12877.83984375 146.4598846435547 84.87867736816406 99.69895935058594 121.9171142578125 146.5294647216797 166.640625 165.67843627929688 184.37139892578125 221.88217163085938 254.50726318359375 294.7946472167969 365.1337585449219 433.5770263671875 551.2562866210938 738.5426025390625 1097.8739013671875 1590.7872314453125 1996.9808349609375 943.6950073242188 0.0 0.0 0.0 0.0 0.0 0.0 0.0 0.0 0.0 0.0 0.0 0.0
12925.4404296875 136.92291259765625 80.74317169189453 89.43844604492188 108.9614486694336 119.07217407226562 136.5756378173828 155.95501708984375 188.48805236816406 200.25950622558594 207.84805297851562 227.97412109375 281.678466796875 343.0544128417969 428.1913757324219 553.4474487304688 755.9719848632812 1054.239501953125 1542.745849609375 1972.066650390625 973.82763671875 0.0 0.0 0.0 0.0 0.0 0.0 0.0 0.0 0.0 0.0 0.0
12780.12890625 130.2367401123047 79.1578369140625 81.08939361572266 91.41107177734375 98.19573974609375 112.49851989746094 131.56094360351562 153.06224060058594 159.47372436523438 171.19970703125 195.431884765625 231.38343811035156 279.19866943359375 355.09429931640625 434.952880859375 617.9923095703125 743.1527709960938 1075.0413818359375 1615.5567626953125 1977.8626708984375 969.2654418945312 0.0 0.0 0.0 0.0 0.0 0.0 0.0 0.0 0.0 0.0
12756.740234375 119.27822875976562 77.73212432861328 83.17080688476562 90.70604705810547 93.15037536621094 99.37310028076172 118.62920379638672 144.21820068359375 147.1682891845703 166.48428344726562 188.38328552246094 194.820556640625 222.30442810058594 308.7874755859375 345.6997375488281 462.1705627441406 527.6556396484375 738.927490234375 1069.4658203125 1577.816650390625 1978.425048828125 971.957275390625 0.0 0.0 0.0 0.0 0.0 0.0 0.0 0.0 0.0
12710.3974609375 119.50764465332031 72.72297668457031 74.35335540771484 78.47862243652344 81.46131134033203 87.01548767089844 100.9710693359375 119.29344940185547 124.96692657470703 155.1435089111328 161.34695434570312 165.173095703125 182.35968017578125 228.0843048095703 277.4654541015625 351.9064636230469 424.5364074707031 565.6268310546875 755.277587890625 1110.966552734375 1585.8946533203125 1994.4290771484375 955.7022705078125 0.0 0.0 0.0 0.0 0.0 0.0 0.0 0.0
12779.748046875 124.0885238647461 64.1175308227539 68.81204223632812 79.88871765136719 78.68101501464844 86.86397552490234 88.47913360595703 117.61856842041016 109.47798919677734 125.91539764404297 138.048828125 146.0980224609375 152.24388122558594 177.58551025390625 218.90289306640625 274.2528991699219 329.01007080078125 411.7984924316406 540.93017578125 747.2242431640625 1095.682373046875 1607.6346435546875 1960.6103515625 959.237548828125 0.0 0.0 0.0 0.0 0.0 0.0 0.0
12760.021484375 122.85728454589844 60.48894119262695 62.048789978027344 72.86392974853516 70.21015167236328 73.4454345703125 72.32547760009766 84.71393585205078 86.86177062988281 102.13134002685547 114.7741928100586 127.14744567871094 143.11810302734375 155.29598999023438 180.37965393066406 219.8951416015625 264.83660888671875 345.39019775390625 435.1760559082031 536.2133178710938 754.495849609375 1082.466064453125 1584.0703125 1980.0782470703125 990.6538696289062 0.0 0.0 0.0 0.0 0.0 0.0
12745.232421875 104.19044494628906 53.455814361572266 56.80799865722656 63.51438903808594 63.13114929199219 66.95459747314453 68.33592224121094 80.9228286743164 80.95926666259766 91.37938690185547 96.7679443359375 111.65778350830078 127.72007751464844 139.71090698242188 150.50587463378906 185.49362182617188 213.185546875 272.92376708984375 347.6174621582031 421.1263427734375 536.7328491210938 741.659423828125 1103.9393310546875 1604.605224609375 1982.714111328125 970.669677734375 0.0 0.0 0.0 0.0 0.0
12769.73828125 85.75077056884766 49.76887512207031 54.66252899169922 59.56037521362305 56.72035598754883 60.371253967285156 63.21817398071289 68.69303894042969 66.98907470703125 75.0053482055664 82.5311508178711 95.79191589355469 109.66156005859375 128.85415649414062 137.5253143310547 150.95159912109375 177.66513061523438 220.32826232910156 274.64703369140625 332.11474609375 411.3659362792969 545.1439819335938 761.1845703125 1086.4210205078125 1585.3160400390625 2015.773681640625 956.3012084960938 0.0 0.0 0.0 0.0
12802.8173828125 70.47408294677734 42.594093322753906 50.338985443115234 55.1004638671875 53.71607971191406 56.029415130615234 59.57413101196289 63.405696868896484 64.62741088867188 66.54387664794922 70.51570892333984 76.4295425415039 89.88044738769531 111.0229263305664 122.02477264404297 133.91197204589844 147.21543884277344 172.91065979003906 223.89248657226562 268.1263427734375 342.31695556640625 417.3263854980469 545.3389282226562 745.0222778320312 1094.5494384765625 1592.240234375 1991.427001953125 952.5855102539062 0.0 0.0 0.0
12811.7890625 64.80577850341797 36.492305755615234 44.8564338684082 49.851295471191406 50.854576110839844 57.361507415771484 52.80759811401367 56.35526657104492 56.44411087036133 61.49013137817383 62.21536636352539 65.0278549194336 74.4756088256836 89.73040771484375 105.72291564941406 121.1103286743164 131.41360473632812 147.60154724121094 182.0446319580078 219.6336212158203 278.28515625 338.05865478515625 419.45281982421875 544.4908447265625 759.13720703125 1087.399169921875 1562.6141357421875 1980.906494140625 969.4872436523438 0.0 0.0
12730.97265625 64.1216049194336 32.6756477355957 38.42350769042969 44.0775260925293 48.945404052734375 51.66488265991211 51.37403106689453 53.74882888793945 52.51293182373047 59.801124572753906 61.498939514160156 63.24692153930664 69.1041488647461 79.255859375 91.24787139892578 111.08211517333984 117.23955535888672 129.92237854003906 153.18771362304688 168.79502868652344 220.3583526611328 269.5522155761719 353.1952209472656 415.9427185058594 549.5546875 761.0830688476562 1080.2657470703125 1578.12548828125 2022.4500732421875 958.5545654296875 0.0
12752.68359375 67.524658203125 29.836647033691406 30.833112716674805 36.881038665771484 71.83506774902344 82.30233764648438 47.76934051513672 48.445396423339844 49.23365783691406 55.793731689453125 55.61549758911133 56.66592025756836 56.77499008178711 65.04315185546875 73.01654052734375 86.45893096923828 99.23725891113281 115.95101165771484 132.093505859375 139.4922332763672 172.39503479003906 206.58480834960938 269.53851318359375 344.6432189941406 420.79229736328125 537.5166625976562 718.621337890625 1098.212890625 1595.246826171875 2012.227783203125 952.6741943359375
