22486.0 0.0 0.0 0.0 0.0 0.0 0.0 0.0 0.0 0.0 0.0 0.0 0.0 0.0 0.0 0.0 0.0 0.0 0.0 0.0 0.0 0.0 0.0 0.0 0.0 0.0 0.0 0.0 0.0 0.0 0.0 0.0
22117.818359375 365.49481201171875 0.0 0.0 0.0 0.0 0.0 0.0 0.0 0.0 0.0 0.0 0.0 0.0 0.0 0.0 0.0 0.0 0.0 0.0 0.0 0.0 0.0 0.0 0.0 0.0 0.0 0.0 0.0 0.0 0.0 0.0
21933.3984375 140.79164123535156 408.8169250488281 0.0 0.0 0.0 0.0 0.0 0.0 0.0 0.0 0.0 0.0 0.0 0.0 0.0 0.0 0.0 0.0 0.0 0.0 0.0 0.0 0.0 0.0 0.0 0.0 0.0 0.0 0.0 0.0 0.0
21746.751953125 84.96279907226562 213.3489990234375 437.92840576171875 0.0 0.0 0.0 0.0 0.0 0.0 0.0 0.0 0.0 0.0 0.0 0.0 0.0 0.0 0.0 0.0 0.0 0.0 0.0 0.0 0.0 0.0 0.0 0.0 0.0 0.0 0.0 0.0
21572.74609375 70.34627532958984 138.4128875732422 217.33203125 484.1816101074219 0.0 0.0 0.0 0.0 0.0 0.0 0.0 0.0 0.0 0.0 0.0 0.0 0.0 0.0 0.0 0.0 0.0 0.0 0.0 0.0 0.0 0.0 0.0 0.0 0.0 0.0 0.0
21393.02734375 66.9042739868164 112.8160171508789 136.31089782714844 242.1731719970703 531.7429809570312 0.0 0.0 0.0 0.0 0.0 0.0 0.0 0.0 0.0 0.0 0.0 0.0 0.0 0.0 0.0 0.0 0.0 0.0 0.0 0.0 0.0 0.0 0.0 0.0 0.0 0.0
21331.0234375 63.1676025390625 93.55338287353516 102.29351806640625 156.52828979492188 243.40232849121094 493.0933532714844 0.0 0.0 0.0 0.0 0.0 0.0 0.0 0.0 0.0 0.0 0.0 0.0 0.0 0.0 0.0 0.0 0.0 0.0 0.0 0.0 0.0 0.0 0.0 0.0 0.0
21360.091796875 56.633094787597656 76.42494201660156 85.43768310546875 112.25840759277344 149.24929809570312 216.38784790039062 426.4660949707031 0.0 0.0 0.0 0.0 0.0 0.0 0.0 0.0 0.0 0.0 0.0 0.0 0.0 0.0 0.0 0.0 0.0 0.0 0.0 0.0 0.0 0.0 0.0 0.0
21290.1484375 48.538455963134766 69.81640625 73.0261001586914 89.83661651611328 117.05691528320312 152.00625610351562 249.90672302246094 392.6412048339844 0.0 0.0 0.0 0.0 0.0 0.0 0.0 0.0 0.0 0.0 0.0 0.0 0.0 0.0 0.0 0.0 0.0 0.0 0.0 0.0 0.0 0.0 0.0
21333.642578125 41.5264778137207 64.40228271484375 63.16938781738281 73.249267578125 91.51982879638672 109.42581939697266 138.0543212890625 195.9521942138672 372.02117919921875 0.0 0.0 0.0 0.0 0.0 0.0 0.0 0.0 0.0 0.0 0.0 0.0 0.0 0.0 0.0 0.0 0.0 0.0 0.0 0.0 0.0 0.0
21374.875 37.02096176147461 51.35236358642578 56.45488357543945 61.583431243896484 70.26639556884766 84.2699203491211 94.89466094970703 121.2019271850586 186.30177307128906 344.6798400878906 0.0 0.0 0.0 0.0 0.0 0.0 0.0 0.0 0.0 0.0 0.0 0.0 0.0 0.0 0.0 0.0 0.0 0.0 0.0 0.0 0.0
21389.353515625 32.581336975097656 40.96412658691406 44.0709228515625 56.344539642333984 61.74403762817383 65.70709991455078 83.13922119140625 87.34728240966797 117.58744812011719 178.04669189453125 326.1115417480469 0.0 0.0 0.0 0.0 0.0 0.0 0.0 0.0 0.0 0.0 0.0 0.0 0.0 0.0 0.0 0.0 0.0 0.0 0.0 0.0
21342.3203125 32.30039978027344 38.54022216796875 40.3126106262207 47.488922119140625 56.435672760009766 63.17937088012695 70.09069061279297 82.44812774658203 87.68502044677734 119.3216323852539 182.73599243164062 320.0164489746094 0.0 0.0 0.0 0.0 0.0 0.0 0.0 0.0 0.0 0.0 0.0 0.0 0.0 0.0 0.0 0.0 0.0 0.0 0.0
21345.673828125 31.635913848876953 36.18482971191406 36.518028259277344 41.15913772583008 47.64105987548828 52.831119537353516 60.56594467163086 70.62117767333984 78.15328216552734 83.59286499023438 110.8875961303711 176.3892364501953 311.13824462890625 0.0 0.0 0.0 0.0 0.0 0.0 0.0 0.0 0.0 0.0 0.0 0.0 0.0 0.0 0.0 0.0 0.0 0.0
21113.41015625 31.698226928710938 36.53194046020508 37.53767776489258 40.53251647949219 44.42268753051758 49.90198516845703 60.40901184082031 71.27653503417969 74.1374282836914 93.95484161376953 91.0472183227539 121.07559967041016 260.53875732421875 356.5973205566406 0.0 0.0 0.0 0.0 0.0 0.0 0.0 0.0 0.0 0.0 0.0 0.0 0.0 0.0 0.0 0.0 0.0
21257.39453125 28.471349716186523 34.302730560302734 35.964569091796875 37.45620346069336 39.68949508666992 40.5587158203125 47.65391159057617 55.583396911621094 59.39403533935547 71.75090789794922 80.1154556274414 84.92286682128906 116.99024963378906 181.03131103515625 311.7052307128906 0.0 0.0 0.0 0.0 0.0 0.0 0.0 0.0 0.0 0.0 0.0 0.0 0.0 0.0 0.0 0.0
20978.58984375 27.519634246826172 29.418848037719727 35.14016342163086 41.07895278930664 41.44771194458008 42.45537185668945 42.353515625 62.36140060424805 63.259517669677734 156.52769470214844 93.28305053710938 87.97246551513672 111.93828582763672 136.57159423828125 212.82882690429688 320.33917236328125 0.0 0.0 0.0 0.0 0.0 0.0 0.0 0.0 0.0 0.0 0.0 0.0 0.0 0.0 0.0
21184.623046875 24.994171142578125 26.10049819946289 30.38930892944336 35.11046600341797 38.18617248535156 37.894775390625 37.99928665161133 44.40324401855469 48.50001907348633 69.8781509399414 64.80081939697266 70.5733871459961 76.18106079101562 88.6889877319336 120.28414154052734 176.25103759765625 308.125244140625 0.0 0.0 0.0 0.0 0.0 0.0 0.0 0.0 0.0 0.0 0.0 0.0 0.0 0.0
21152.3203125 26.801467895507812 25.010879516601562 27.85626792907715 30.814708709716797 35.74763107299805 37.438812255859375 38.377197265625 40.12346267700195 40.84015655517578 54.61599349975586 58.9224739074707 59.3347282409668 69.114013671875 77.3868637084961 88.97584533691406 115.83464050292969 180.3318634033203 323.1037902832031 0.0 0.0 0.0 0.0 0.0 0.0 0.0 0.0 0.0 0.0 0.0 0.0 0.0
20931.697265625 29.255718231201172 25.991552352905273 25.62379264831543 26.902210235595703 34.254085540771484 38.10789108276367 35.86020278930664 38.4323616027832 38.415000915527344 47.111881256103516 48.456546783447266 53.16608810424805 65.80787658691406 67.04661560058594 80.74136352539062 100.6626968383789 244.29627990722656 213.38296508789062 337.7898864746094 0.0 0.0 0.0 0.0 0.0 0.0 0.0 0.0 0.0 0.0 0.0 0.0
21085.994140625 27.84096908569336 28.258140563964844 27.31252670288086 26.24933624267578 28.616905212402344 31.042858123779297 34.47726058959961 37.43812942504883 42.795379638671875 41.76390075683594 41.20155715942383 46.3339958190918 54.27250671386719 61.108489990234375 65.214111328125 77.906494140625 97.2038803100586 125.35578155517578 183.0052947998047 319.6185302734375 0.0 0.0 0.0 0.0 0.0 0.0 0.0 0.0 0.0 0.0 0.0
21103.25 25.546615600585938 27.96510124206543 27.754655838012695 26.143558502197266 26.821996688842773 27.104862213134766 30.501636505126953 34.114437103271484 36.778995513916016 37.436458587646484 37.113651275634766 40.690433502197266 46.260040283203125 52.51883316040039 58.77739715576172 65.51253509521484 76.29708862304688 97.75855255126953 112.36096954345703 171.31259155273438 320.9508361816406 0.0 0.0 0.0 0.0 0.0 0.0 0.0 0.0 0.0 0.0
21058.625 22.817964553833008 26.345991134643555 28.48324966430664 27.484556198120117 28.499069213867188 26.09280776977539 28.025489807128906 32.66295623779297 35.239524841308594 36.90544891357422 39.57976531982422 38.29233169555664 42.45340347290039 46.35400390625 52.33586120605469 60.080284118652344 65.79470825195312 79.83404541015625 87.40584564208984 113.53861236572266 179.65989685058594 326.5342712402344 0.0 0.0 0.0 0.0 0.0 0.0 0.0 0.0 0.0
21048.7734375 22.522634506225586 23.99099349975586 27.71027183532715 29.262840270996094 29.182884216308594 26.356063842773438 26.512386322021484 28.19344139099121 29.624736785888672 37.44729232788086 38.37873077392578 36.951107025146484 39.073394775390625 41.73328399658203 49.65266799926758 53.866233825683594 58.106781005859375 67.65686798095703 75.88743591308594 84.6882553100586 109.1960678100586 172.4608154296875 325.7596740722656 0.0 0.0 0.0 0.0 0.0 0.0 0.0 0.0
21049.47265625 25.219667434692383 21.402847290039062 24.567049026489258 26.841533660888672 28.683320999145508 27.83736801147461 28.11716079711914 27.953195571899414 26.981481552124023 31.059993743896484 34.13323974609375 34.3777961730957 35.3140983581543 37.90107345581055 39.82270431518555 48.18749237060547 51.126487731933594 60.24976348876953 62.2789421081543 75.08688354492188 86.96939849853516 106.6875991821289 164.5409698486328 328.2200927734375 0.0 0.0 0.0 0.0 0.0 0.0 0.0
21013.544921875 23.528892517089844 21.184865951538086 22.988061904907227 24.02066993713379 28.099355697631836 28.861791610717773 27.761455535888672 27.013687133789062 25.945592880249023 28.216651916503906 29.989429473876953 32.02429962158203 35.14147186279297 36.55959701538086 36.50969314575195 40.03385543823242 45.01029968261719 53.14955139160156 60.240779876708984 65.76624298095703 81.08978271484375 87.94345092773438 106.32872772216797 176.06129455566406 325.0406188964844 0.0 0.0 0.0 0.0 0.0 0.0
20867.927734375 25.859750747680664 22.477388381958008 22.505020141601562 23.823705673217773 24.48164939880371 25.990053176879883 27.509992599487305 29.237436294555664 25.50467872619629 28.292667388916016 27.91586685180664 30.07431983947754 34.072017669677734 35.28229904174805 34.03055191040039 42.31464385986328 40.567386627197266 45.92010498046875 54.422882080078125 60.63175964355469 71.61734008789062 83.25984954833984 104.8295669555664 118.32018280029297 224.0503692626953 351.085205078125 0.0 0.0 0.0 0.0 0.0
20942.439453125 25.311731338500977 24.077306747436523 23.754405975341797 22.144515991210938 22.449546813964844 23.418701171875 25.742937088012695 28.174047470092773 26.854711532592773 29.83314323425293 27.956138610839844 27.87432861328125 30.63369369506836 32.89516830444336 34.00502395629883 35.17172622680664 37.381134033203125 41.10430908203125 46.024173736572266 51.70894241333008 58.5938606262207 62.91501998901367 73.13909912109375 85.4098892211914 121.85755920410156 175.03428649902344 346.174560546875 0.0 0.0 0.0 0.0
20956.37109375 23.456119537353516 22.624542236328125 23.340303421020508 22.21031951904297 21.455991744995117 21.306529998779297 23.382692337036133 25.860382080078125 26.86074447631836 27.985517501831055 27.13092803955078 25.197772979736328 27.158061981201172 30.106422424316406 31.082361221313477 33.48136520385742 34.422996520996094 39.0892333984375 39.55939483642578 45.30541229248047 52.185787200927734 55.87104415893555 63.60626983642578 75.19269561767578 86.58113861083984 109.19526672363281 173.91265869140625 338.15924072265625 0.0 0.0 0.0
20880.302734375 23.31218719482422 22.105539321899414 23.59498405456543 23.125099182128906 22.551298141479492 21.383859634399414 21.549549102783203 23.305980682373047 24.06005096435547 26.935001373291016 27.192249298095703 25.667491912841797 25.516963958740234 28.22517204284668 29.72969627380371 32.64556884765625 33.639591217041016 35.8411979675293 36.94301223754883 41.5433464050293 52.942481994628906 56.148311614990234 63.22051239013672 66.36583709716797 84.15908813476562 100.07060241699219 112.17481231689453 179.0591278076172 338.73516845703125 0.0 0.0
20876.447265625 23.73777198791504 21.568071365356445 22.760005950927734 22.823360443115234 23.49480438232422 21.700424194335938 20.986156463623047 21.455707550048828 22.244436264038086 26.075298309326172 26.830358505249023 26.559070587158203 26.326208114624023 26.532012939453125 27.696704864501953 31.434465408325195 32.88911056518555 35.698490142822266 34.42361068725586 36.969879150390625 42.83928680419922 50.54584884643555 52.88994216918945 58.236515045166016 73.92947387695312 87.86103820800781 84.29154205322266 109.59458923339844 174.15284729003906 339.1213684082031 0.0
20877.435546875 24.67278289794922 22.378273010253906 21.631399154663086 22.288654327392578 24.03934669494629 22.37734603881836 22.703096389770508 22.28803062438965 21.229496002197266 24.401762008666992 24.524309158325195 25.667251586914062 26.153194427490234 29.165027618408203 24.79094696044922 28.240222930908203 28.04768943786621 32.19325256347656 33.42889404296875 37.20625686645508 36.085960388183594 40.40890121459961 47.163719177246094 50.24652862548828 70.50191497802734 72.24739074707031 75.95571899414062 87.31024932861328 103.47040557861328 171.96047973632812 331.8842468261719
