22486.0 0.0 0.0 0.0 0.0 0.0 0.0 0.0 0.0 0.0 0.0 0.0 0.0 0.0 0.0 0.0 0.0 0.0 0.0 0.0 0.0 0.0 0.0 0.0 0.0 0.0 0.0 0.0 0.0 0.0 0.0 0.0
18101.193359375 4382.27392578125 0.0 0.0 0.0 0.0 0.0 0.0 0.0 0.0 0.0 0.0 0.0 0.0 0.0 0.0 0.0 0.0 0.0 0.0 0.0 0.0 0.0 0.0 0.0 0.0 0.0 0.0 0.0 0.0 0.0 0.0
16046.4658203125 2973.230712890625 3463.203369140625 0.0 0.0 0.0 0.0 0.0 0.0 0.0 0.0 0.0 0.0 0.0 0.0 0.0 0.0 0.0 0.0 0.0 0.0 0.0 0.0 0.0 0.0 0.0 0.0 0.0 0.0 0.0 0.0 0.0
14845.1474609375 1097.5706787109375 3381.96728515625 3158.2119140625 0.0 0.0 0.0 0.0 0.0 0.0 0.0 0.0 0.0 0.0 0.0 0.0 0.0 0.0 0.0 0.0 0.0 0.0 0.0 0.0 0.0 0.0 0.0 0.0 0.0 0.0 0.0 0.0
14514.0234375 521.537353515625 1288.4981689453125 3173.4970703125 2985.533447265625 0.0 0.0 0.0 0.0 0.0 0.0 0.0 0.0 0.0 0.0 0.0 0.0 0.0 0.0 0.0 0.0 0.0 0.0 0.0 0.0 0.0 0.0 0.0 0.0 0.0 0.0 0.0
14401.7431640625 325.96868896484375 505.71795654296875 1217.8624267578125 3147.524658203125 2884.2041015625 0.0 0.0 0.0 0.0 0.0 0.0 0.0 0.0 0.0 0.0 0.0 0.0 0.0 0.0 0.0 0.0 0.0 0.0 0.0 0.0 0.0 0.0 0.0 0.0 0.0 0.0
14304.2919921875 227.2716064453125 276.650390625 511.3782958984375 1229.286376953125 3084.6796875 2849.43896484375 0.0 0.0 0.0 0.0 0.0 0.0 0.0 0.0 0.0 0.0 0.0 0.0 0.0 0.0 0.0 0.0 0.0 0.0 0.0 0.0 0.0 0.0 0.0 0.0 0.0
14130.748046875 171.6282958984375 215.89393615722656 269.6888122558594 548.7394409179688 1211.8089599609375 3124.28466796875 2810.123779296875 0.0 0.0 0.0 0.0 0.0 0.0 0.0 0.0 0.0 0.0 0.0 0.0 0.0 0.0 0.0 0.0 0.0 0.0 0.0 0.0 0.0 0.0 0.0 0.0
14075.76171875 125.77483367919922 184.93112182617188 210.4825439453125 297.16436767578125 527.341064453125 1188.7547607421875 3058.57568359375 2814.26220703125 0.0 0.0 0.0 0.0 0.0 0.0 0.0 0.0 0.0 0.0 0.0 0.0 0.0 0.0 0.0 0.0 0.0 0.0 0.0 0.0 0.0 0.0 0.0
14227.78125 77.13748168945312 129.00177001953125 173.82077026367188 218.5465850830078 285.44708251953125 529.17333984375 1123.79345703125 3012.07470703125 2706.17138671875 0.0 0.0 0.0 0.0 0.0 0.0 0.0 0.0 0.0 0.0 0.0 0.0 0.0 0.0 0.0 0.0 0.0 0.0 0.0 0.0 0.0 0.0
14152.537109375 53.80354309082031 86.59895324707031 137.5968780517578 187.07308959960938 208.98741149902344 296.5857849121094 501.48779296875 1114.80908203125 2990.88818359375 2752.751953125 0.0 0.0 0.0 0.0 0.0 0.0 0.0 0.0 0.0 0.0 0.0 0.0 0.0 0.0 0.0 0.0 0.0 0.0 0.0 0.0 0.0
14184.9873046875 40.342342376708984 48.401187896728516 82.0010986328125 134.77284240722656 179.86962890625 201.5448760986328 286.4234619140625 511.2215881347656 1108.5692138671875 2981.122802734375 2723.833984375 0.0 0.0 0.0 0.0 0.0 0.0 0.0 0.0 0.0 0.0 0.0 0.0 0.0 0.0 0.0 0.0 0.0 0.0 0.0 0.0
14082.7578125 40.873779296875 43.6798210144043 48.31966781616211 87.09642791748047 133.3595733642578 172.17767333984375 206.46437072753906 280.8218688964844 492.872802734375 1168.4774169921875 3029.500732421875 2696.578857421875 0.0 0.0 0.0 0.0 0.0 0.0 0.0 0.0 0.0 0.0 0.0 0.0 0.0 0.0 0.0 0.0 0.0 0.0 0.0
14128.052734375 44.80856704711914 47.51832962036133 37.797420501708984 55.7057991027832 81.87165832519531 133.57020568847656 176.59046936035156 200.73870849609375 263.50152587890625 493.58758544921875 1134.38818359375 2961.37353515625 2723.57421875 0.0 0.0 0.0 0.0 0.0 0.0 0.0 0.0 0.0 0.0 0.0 0.0 0.0 0.0 0.0 0.0 0.0 0.0
13913.4140625 42.17772674560547 56.80002212524414 37.77032470703125 41.93476104736328 51.4788818359375 82.35710906982422 142.42279052734375 179.14590454101562 200.96783447265625 287.9604797363281 531.9578857421875 1150.91064453125 3030.291259765625 2733.365234375 0.0 0.0 0.0 0.0 0.0 0.0 0.0 0.0 0.0 0.0 0.0 0.0 0.0 0.0 0.0 0.0 0.0
13856.7744140625 36.58009338378906 58.94544219970703 45.56917953491211 48.44993591308594 44.077735900878906 52.29902267456055 83.2923355102539 130.49644470214844 198.5487823486328 214.0951690673828 293.7668151855469 508.9254150390625 1167.801513671875 2959.459716796875 2783.888427734375 0.0 0.0 0.0 0.0 0.0 0.0 0.0 0.0 0.0 0.0 0.0 0.0 0.0 0.0 0.0 0.0
13900.2822265625 24.0543155670166 43.09014129638672 46.81084442138672 43.755680084228516 37.74062728881836 39.715084075927734 51.787139892578125 85.69544219970703 137.6770782470703 190.86917114257812 212.6824493408203 284.2442626953125 513.8474731445312 1163.4342041015625 2967.049072265625 2740.259765625 0.0 0.0 0.0 0.0 0.0 0.0 0.0 0.0 0.0 0.0 0.0 0.0 0.0 0.0 0.0
14001.458984375 21.545549392700195 29.45989990234375 42.98299026489258 48.38956069946289 42.208133697509766 38.12702941894531 39.36525344848633 50.43032455444336 85.74845123291016 141.95578002929688 173.48788452148438 204.54196166992188 274.23809814453125 481.4657897949219 1145.931640625 2967.918701171875 2693.6728515625 0.0 0.0 0.0 0.0 0.0 0.0 0.0 0.0 0.0 0.0 0.0 0.0 0.0 0.0
13926.90234375 19.907875061035156 22.433189392089844 28.575082778930664 41.564266204833984 46.51959991455078 42.675113677978516 38.68135070800781 40.98076629638672 54.48264694213867 89.04618072509766 144.02777099609375 174.04917907714844 201.37890625 273.46820068359375 498.121337890625 1168.825927734375 2900.073486328125 2771.309326171875 0.0 0.0 0.0 0.0 0.0 0.0 0.0 0.0 0.0 0.0 0.0 0.0 0.0
13965.0869140625 18.565210342407227 22.08763313293457 23.589813232421875 28.734106063842773 39.666568756103516 50.62175750732422 42.21017837524414 38.453800201416016 42.886077880859375 57.21461868286133 93.67290496826172 135.7125701904297 175.7689666748047 210.62322998046875 296.925537109375 530.6740112304688 1160.479736328125 2880.6884765625 2669.2900390625 0.0 0.0 0.0 0.0 0.0 0.0 0.0 0.0 0.0 0.0 0.0 0.0
14025.39453125 13.126421928405762 21.403118133544922 23.007617950439453 23.338342666625977 27.75029182434082 39.035030364990234 45.52080535888672 43.25775909423828 36.77764129638672 40.211097717285156 52.63679885864258 84.9573745727539 132.96939086914062 171.9182586669922 198.18557739257812 283.6480407714844 507.8055725097656 1160.681640625 2848.908203125 2702.439208984375 0.0 0.0 0.0 0.0 0.0 0.0 0.0 0.0 0.0 0.0 0.0
13945.39453125 7.938639163970947 16.382814407348633 22.90096664428711 23.380859375 22.373550415039062 26.499675750732422 37.96900177001953 44.36764144897461 43.159828186035156 38.3946418762207 39.997169494628906 53.69585418701172 83.25332641601562 136.82208251953125 179.57948303222656 214.12399291992188 273.7230224609375 503.9428405761719 1158.656494140625 2932.53173828125 2677.886962890625 0.0 0.0 0.0 0.0 0.0 0.0 0.0 0.0 0.0 0.0
13864.4033203125 5.912034034729004 9.899073600769043 18.526948928833008 23.993289947509766 24.05364990234375 22.7591609954834 28.847902297973633 40.982460021972656 46.033443450927734 44.37123107910156 51.11817932128906 43.35186767578125 53.35242462158203 98.51762390136719 137.93858337402344 191.63331604003906 205.87478637695312 284.68243408203125 516.3344116210938 1137.945068359375 2933.564697265625 2698.86376953125 0.0 0.0 0.0 0.0 0.0 0.0 0.0 0.0 0.0
13937.798828125 6.41450834274292 5.922005653381348 11.942341804504395 19.841562271118164 25.010160446166992 23.098087310791016 23.418880462646484 27.87473487854004 37.844146728515625 45.59758377075195 48.695011138916016 37.90180206298828 38.861663818359375 60.52433776855469 87.34001159667969 145.6405029296875 180.0872039794922 209.45718383789062 286.498779296875 512.1421508789062 1150.943603515625 2909.96142578125 2650.222412109375 0.0 0.0 0.0 0.0 0.0 0.0 0.0 0.0
13896.83203125 14.074684143066406 4.688681602478027 6.857789993286133 12.979610443115234 20.11724853515625 29.236452102661133 24.45775604248047 32.81027603149414 38.57401657104492 47.94757080078125 47.453216552734375 48.605655670166016 38.50624084472656 41.241512298583984 54.9037971496582 104.48652648925781 138.49514770507812 174.44529724121094 209.56072998046875 287.90576171875 507.3211364746094 1161.6270751953125 2857.263916015625 2682.601806640625 0.0 0.0 0.0 0.0 0.0 0.0 0.0
13896.5615234375 47.111263275146484 7.321422576904297 6.079746723175049 9.78742504119873 14.210987091064453 25.0444278717041 25.70296859741211 25.16132354736328 23.123804092407227 27.881980895996094 38.995059967041016 46.97147750854492 43.9217529296875 39.65073776245117 38.49890899658203 56.13190841674805 85.59137725830078 137.45062255859375 179.63644409179688 207.17706298828125 280.69232177734375 506.7646484375 1148.8265380859375 2872.9072265625 2690.84814453125 0.0 0.0 0.0 0.0 0.0 0.0
13914.2265625 42.861305236816406 15.019556999206543 7.392843723297119 6.302985191345215 7.85840368270874 12.528106689453125 19.68120765686035 25.246353149414062 23.8719425201416 22.41171646118164 27.257009506225586 39.46615219116211 46.26359939575195 45.134681701660156 39.22397232055664 44.62105941772461 54.210296630859375 88.1875228881836 138.52597045898438 176.6815948486328 208.30628967285156 287.30035400390625 517.5006713867188 1159.868896484375 2884.38232421875 2627.702392578125 0.0 0.0 0.0 0.0 0.0
13839.5830078125 30.16921615600586 32.34389114379883 15.291555404663086 8.147740364074707 5.91295051574707 8.069803237915039 12.636517524719238 20.679462432861328 25.772113800048828 31.69901466369629 25.607402801513672 32.662044525146484 46.15156555175781 50.86544418334961 43.53965377807617 42.62225341796875 45.52861785888672 57.19081497192383 89.700927734375 135.83868408203125 174.3496551513672 208.26351928710938 285.678955078125 566.3961791992188 1139.6937255859375 2852.239501953125 2655.43994140625 0.0 0.0 0.0 0.0
13937.154296875 12.051180839538574 29.489896774291992 30.60743522644043 15.557998657226562 7.887925624847412 6.826289176940918 8.005117416381836 12.589797019958496 18.327972412109375 23.35698890686035 21.971139907836914 22.1020450592041 28.372116088867188 42.037479400634766 46.491580963134766 42.142677307128906 39.48445129394531 41.7659797668457 55.82206344604492 86.95015716552734 137.66114807128906 177.35195922851562 208.51133728027344 277.59368896484375 507.7684631347656 1157.008544921875 2880.898681640625 2606.3251953125 0.0 0.0 0.0
13794.396484375 5.922388553619385 12.927940368652344 28.96406364440918 29.683956146240234 15.579347610473633 8.26468276977539 7.036288738250732 8.44285774230957 12.268763542175293 19.819063186645508 23.851539611816406 22.472537994384766 23.355255126953125 29.970252990722656 42.548744201660156 48.88603591918945 42.87889099121094 41.24826431274414 44.674495697021484 58.61704635620117 91.67050170898438 144.36717224121094 190.8097381591797 220.70919799804688 293.5545959472656 521.8805541992188 1176.51611328125 2880.6533203125 2639.979736328125 0.0 0.0
13916.87890625 4.8545308113098145 6.029397010803223 13.635217666625977 28.37029457092285 29.151813507080078 15.22500991821289 7.949594020843506 6.641021251678467 8.303515434265137 12.656939506530762 19.300861358642578 22.32076644897461 22.58951187133789 23.366565704345703 30.92220687866211 40.97861862182617 45.77220153808594 44.60701370239258 39.335575103759766 43.53713607788086 56.739723205566406 89.50467681884766 139.88426208496094 178.16256713867188 210.9820098876953 284.2254638671875 513.8880615234375 1153.9674072265625 2837.030029296875 2635.184814453125 0.0
13917.798828125 7.353742599487305 4.832169532775879 6.713124752044678 13.999255180358887 29.304893493652344 33.1218376159668 18.855878829956055 9.072541236877441 6.980224609375 9.809295654296875 14.691278457641602 20.144495010375977 23.86119270324707 34.51682662963867 24.362136840820312 34.16716766357422 41.22856521606445 46.704063415527344 43.07852554321289 38.62744140625 42.44552993774414 64.96923065185547 94.25902557373047 137.32566833496094 178.4051513671875 220.5522918701172 283.4472351074219 508.30462646484375 1127.283935546875 2832.55810546875 2613.2431640625
