22486.0 0.0 0.0 0.0 0.0 0.0 0.0 0.0 0.0 0.0 0.0 0.0 0.0 0.0 0.0 0.0 0.0 0.0 0.0 0.0 0.0 0.0 0.0 0.0 0.0 0.0 0.0 0.0 0.0 0.0 0.0 0.0
21935.0625 548.1429443359375 0.0 0.0 0.0 0.0 0.0 0.0 0.0 0.0 0.0 0.0 0.0 0.0 0.0 0.0 0.0 0.0 0.0 0.0 0.0 0.0 0.0 0.0 0.0 0.0 0.0 0.0 0.0 0.0 0.0 0.0
21467.8671875 446.95928955078125 568.1470947265625 0.0 0.0 0.0 0.0 0.0 0.0 0.0 0.0 0.0 0.0 0.0 0.0 0.0 0.0 0.0 0.0 0.0 0.0 0.0 0.0 0.0 0.0 0.0 0.0 0.0 0.0 0.0 0.0 0.0
20974.458984375 360.1382751464844 729.7968139648438 418.4245300292969 0.0 0.0 0.0 0.0 0.0 0.0 0.0 0.0 0.0 0.0 0.0 0.0 0.0 0.0 0.0 0.0 0.0 0.0 0.0 0.0 0.0 0.0 0.0 0.0 0.0 0.0 0.0 0.0
20597.283203125 306.864990234375 606.6952514648438 639.8641967773438 332.3503723144531 0.0 0.0 0.0 0.0 0.0 0.0 0.0 0.0 0.0 0.0 0.0 0.0 0.0 0.0 0.0 0.0 0.0 0.0 0.0 0.0 0.0 0.0 0.0 0.0 0.0 0.0 0.0
20514.4921875 193.53721618652344 430.6145935058594 558.5477294921875 476.4595642089844 309.3776550292969 0.0 0.0 0.0 0.0 0.0 0.0 0.0 0.0 0.0 0.0 0.0 0.0 0.0 0.0 0.0 0.0 0.0 0.0 0.0 0.0 0.0 0.0 0.0 0.0 0.0 0.0
20425.05859375 175.1476593017578 356.9972229003906 386.95977783203125 411.4987487792969 436.6517333984375 290.7435607910156 0.0 0.0 0.0 0.0 0.0 0.0 0.0 0.0 0.0 0.0 0.0 0.0 0.0 0.0 0.0 0.0 0.0 0.0 0.0 0.0 0.0 0.0 0.0 0.0 0.0
20292.068359375 175.97332763671875 339.70306396484375 323.3441162109375 298.00372314453125 344.4037780761719 410.2959289550781 299.3068542480469 0.0 0.0 0.0 0.0 0.0 0.0 0.0 0.0 0.0 0.0 0.0 0.0 0.0 0.0 0.0 0.0 0.0 0.0 0.0 0.0 0.0 0.0 0.0 0.0
20125.732421875 168.8232421875 344.2987365722656 305.8177185058594 255.3228302001953 270.4052734375 308.8418273925781 430.02142333984375 273.6134948730469 0.0 0.0 0.0 0.0 0.0 0.0 0.0 0.0 0.0 0.0 0.0 0.0 0.0 0.0 0.0 0.0 0.0 0.0 0.0 0.0 0.0 0.0 0.0
19973.462890625 201.68824768066406 306.8267822265625 281.216552734375 249.62344360351562 235.23968505859375 262.31903076171875 297.2073059082031 408.97882080078125 266.40960693359375 0.0 0.0 0.0 0.0 0.0 0.0 0.0 0.0 0.0 0.0 0.0 0.0 0.0 0.0 0.0 0.0 0.0 0.0 0.0 0.0 0.0 0.0
19860.984375 167.81655883789062 293.90020751953125 262.91192626953125 238.93899536132812 220.6957244873047 223.2759246826172 252.6449737548828 298.19921875 402.1650695800781 261.4124450683594 0.0 0.0 0.0 0.0 0.0 0.0 0.0 0.0 0.0 0.0 0.0 0.0 0.0 0.0 0.0 0.0 0.0 0.0 0.0 0.0 0.0
19717.431640625 139.44984436035156 281.58624267578125 240.78860473632812 215.6707305908203 211.82107543945312 199.02919006347656 259.00048828125 281.3022766113281 274.8565673828125 381.9895324707031 280.0980224609375 0.0 0.0 0.0 0.0 0.0 0.0 0.0 0.0 0.0 0.0 0.0 0.0 0.0 0.0 0.0 0.0 0.0 0.0 0.0 0.0
19715.48828125 138.14295959472656 256.1728820800781 240.95018005371094 197.5199432373047 197.3887176513672 187.7965087890625 198.36468505859375 206.4279022216797 227.26341247558594 268.72479248046875 408.67193603515625 240.12796020507812 0.0 0.0 0.0 0.0 0.0 0.0 0.0 0.0 0.0 0.0 0.0 0.0 0.0 0.0 0.0 0.0 0.0 0.0 0.0
19474.59375 131.20956420898438 254.85958862304688 229.69216918945312 202.4280548095703 187.36029052734375 192.81344604492188 222.90548706054688 206.67648315429688 211.3770751953125 249.9689483642578 290.0149841308594 379.721923828125 249.37591552734375 0.0 0.0 0.0 0.0 0.0 0.0 0.0 0.0 0.0 0.0 0.0 0.0 0.0 0.0 0.0 0.0 0.0 0.0
19493.451171875 112.24421691894531 239.2416534423828 208.72683715820312 179.13613891601562 172.04820251464844 169.04054260253906 187.13262939453125 188.54153442382812 185.8792266845703 194.96966552734375 219.8615264892578 258.6374816894531 448.92608642578125 225.09286499023438 0.0 0.0 0.0 0.0 0.0 0.0 0.0 0.0 0.0 0.0 0.0 0.0 0.0 0.0 0.0 0.0 0.0
19336.58203125 119.58889770507812 232.43185424804688 222.29779052734375 176.92807006835938 171.71786499023438 168.45657348632812 178.4730987548828 188.14239501953125 185.01600646972656 181.99990844726562 221.80657958984375 212.38494873046875 295.5164489746094 367.8982849121094 223.7190399169922 0.0 0.0 0.0 0.0 0.0 0.0 0.0 0.0 0.0 0.0 0.0 0.0 0.0 0.0 0.0 0.0
19377.1875 106.70091247558594 217.09982299804688 201.5926971435547 167.04119873046875 158.47573852539062 158.29037475585938 168.82943725585938 174.4615936279297 170.26356506347656 172.57542419433594 188.08755493164062 183.30357360839844 212.82974243164062 256.0792541503906 356.9073486328125 213.25486755371094 0.0 0.0 0.0 0.0 0.0 0.0 0.0 0.0 0.0 0.0 0.0 0.0 0.0 0.0 0.0
19177.078125 107.27228546142578 211.3052520751953 188.14292907714844 163.89373779296875 165.73745727539062 154.90078735351562 170.03305053710938 168.50009155273438 160.8826141357422 171.16322326660156 231.01043701171875 179.6641387939453 208.5383758544922 203.7328338623047 258.5664367675781 349.72198486328125 212.8250732421875 0.0 0.0 0.0 0.0 0.0 0.0 0.0 0.0 0.0 0.0 0.0 0.0 0.0 0.0
19153.388671875 114.8142318725586 202.5735626220703 180.5873260498047 159.64833068847656 157.17474365234375 151.50550842285156 163.0453643798828 167.71340942382812 153.30029296875 165.27256774902344 175.58163452148438 160.56100463867188 191.58120727539062 182.37022399902344 211.70208740234375 239.05029296875 348.8736267089844 204.26705932617188 0.0 0.0 0.0 0.0 0.0 0.0 0.0 0.0 0.0 0.0 0.0 0.0 0.0
19113.166015625 105.89673614501953 213.10438537597656 186.15792846679688 151.78768920898438 148.63409423828125 143.63394165039062 160.1179656982422 148.8759307861328 151.9300537109375 150.90415954589844 215.62303161621094 151.2062530517578 166.31809997558594 163.97225952148438 169.6312255859375 192.13137817382812 232.6292266845703 320.98016357421875 196.32211303710938 0.0 0.0 0.0 0.0 0.0 0.0 0.0 0.0 0.0 0.0 0.0 0.0
19039.15234375 109.51691436767578 211.526123046875 184.4043731689453 149.00242614746094 146.48001098632812 139.5963897705078 154.34042358398438 149.97120666503906 150.21519470214844 145.45436096191406 157.20970153808594 148.0020751953125 168.10446166992188 160.05868530273438 164.0799560546875 171.30157470703125 194.73910522460938 232.7764129638672 312.0013732910156 195.10108947753906 0.0 0.0 0.0 0.0 0.0 0.0 0.0 0.0 0.0 0.0 0.0
19015.0078125 116.41622161865234 199.9390106201172 178.06959533691406 147.3077392578125 143.97682189941406 135.4718780517578 142.65029907226562 137.2496795654297 142.56808471679688 140.28909301757812 149.0428009033203 138.1562957763672 183.07041931152344 152.57037353515625 157.7086181640625 158.51695251464844 168.08006286621094 184.39019775390625 212.1706085205078 295.974853515625 184.37744140625 0.0 0.0 0.0 0.0 0.0 0.0 0.0 0.0 0.0 0.0
19027.5390625 87.94202423095703 187.86968994140625 174.6581268310547 144.1981658935547 142.441162109375 131.618408203125 138.92013549804688 136.3137664794922 136.77545166015625 135.8496551513672 149.18310546875 142.1603240966797 146.03082275390625 138.4239044189453 142.71453857421875 147.0770721435547 155.04531860351562 158.25436401367188 173.9014434814453 208.39697265625 299.68798828125 178.01280212402344 0.0 0.0 0.0 0.0 0.0 0.0 0.0 0.0 0.0
19015.91796875 86.801513671875 177.15370178222656 163.93751525878906 139.1016082763672 140.32029724121094 129.4966278076172 131.11326599121094 127.42339324951172 131.2714385986328 138.57986450195312 136.8767852783203 130.67315673828125 143.5875701904297 134.41819763183594 139.30740356445312 142.61492919921875 147.2154541015625 144.99900817871094 151.31076049804688 166.51351928710938 203.6829071044922 283.8640441894531 176.70753479003906 0.0 0.0 0.0 0.0 0.0 0.0 0.0 0.0
18973.7734375 86.02472686767578 172.203369140625 152.9261932373047 136.722412109375 139.79344177246094 128.16358947753906 132.45530700683594 123.697021484375 132.64393615722656 133.63645935058594 141.34153747558594 128.13052368164062 138.33229064941406 126.34807586669922 126.56909942626953 133.7635040283203 136.4840545654297 138.5469512939453 139.2787322998047 144.53140258789062 166.53778076171875 201.6888885498047 279.7562255859375 169.69241333007812 0.0 0.0 0.0 0.0 0.0 0.0 0.0
18864.3671875 97.02835083007812 165.85240173339844 150.225830078125 129.887451171875 129.60049438476562 126.86006927490234 130.76654052734375 125.7007064819336 128.7529754638672 126.85806274414062 135.22052001953125 130.62583923339844 152.7156524658203 127.70930480957031 128.54173278808594 131.37208557128906 131.910400390625 132.84898376464844 126.92837524414062 140.52610778808594 147.46731567382812 164.1857147216797 197.24954223632812 290.5321044921875 168.28843688964844 0.0 0.0 0.0 0.0 0.0 0.0
18950.048828125 81.12345123291016 162.509521484375 139.38265991210938 123.38983154296875 120.08396911621094 114.57894134521484 124.91211700439453 118.9218978881836 121.68974304199219 125.89753723144531 124.55278015136719 120.82856750488281 124.5846939086914 123.08142852783203 122.29476165771484 129.06292724609375 124.45672607421875 122.27045440673828 122.37667083740234 126.21708679199219 134.26516723632812 141.50807189941406 152.32305908203125 192.69381713867188 274.9253234863281 164.1553497314453 0.0 0.0 0.0 0.0 0.0
18758.3359375 84.85650634765625 159.83175659179688 139.99124145507812 118.40367889404297 120.48570251464844 114.64773559570312 131.16928100585938 137.9741973876953 124.28221893310547 123.05437469482422 126.79151916503906 116.98483276367188 156.84283447265625 131.0869598388672 118.3106918334961 124.40745544433594 131.4392547607422 143.29586791992188 117.71437072753906 128.70083618164062 126.24295043945312 129.8797149658203 139.16696166992188 159.20947265625 191.783935546875 265.841064453125 161.33888244628906 0.0 0.0 0.0 0.0
18804.26953125 95.11622619628906 158.00962829589844 150.09861755371094 117.28620147705078 116.80966186523438 110.808837890625 110.1556625366211 114.26397705078125 123.36822509765625 119.26988983154297 119.54464721679688 113.08499145507812 139.91249084472656 118.352783203125 119.29993438720703 119.3610610961914 116.16999053955078 117.8516845703125 110.75602722167969 116.01960754394531 117.44512176513672 122.28759002685547 126.94823455810547 136.97894287109375 155.03636169433594 187.4123992919922 267.9798278808594 158.15859985351562 0.0 0.0 0.0
18697.6875 124.94480895996094 153.053955078125 135.74569702148438 118.83049774169922 111.19092559814453 104.48137664794922 110.0654067993164 111.37490844726562 119.13349914550781 115.1479263305664 123.04692077636719 114.52659606933594 194.74227905273438 113.62045288085938 108.20295715332031 112.53178405761719 116.96559143066406 121.79508209228516 110.7577133178711 111.45051574707031 113.41011810302734 120.96005249023438 120.54646301269531 121.65502166748047 135.4153289794922 149.52137756347656 179.0664520263672 256.5126647949219 155.5677490234375 0.0 0.0
18638.681640625 106.7620849609375 162.8289337158203 141.3401336669922 118.21951293945312 110.31310272216797 106.55265808105469 105.12391662597656 103.79556274414062 114.72225952148438 110.39265441894531 155.78268432617188 112.57254028320312 162.78842163085938 107.3250961303711 107.00224304199219 113.07974243164062 112.40836334228516 116.79630279541016 116.00344848632812 105.91946411132812 110.15637969970703 119.12969207763672 113.26935577392578 116.73543548583984 121.84391784667969 130.63726806640625 145.34559631347656 181.981689453125 259.9548034667969 154.46527099609375 0.0
18720.29296875 74.44906616210938 143.62847900390625 126.48429870605469 107.18978881835938 106.76233673095703 108.72955322265625 117.15158081054688 107.4000473022461 106.0991439819336 106.06311798095703 117.95539093017578 112.3132553100586 114.134521484375 114.3114013671875 110.97113800048828 109.75110626220703 113.8431625366211 113.71143341064453 103.90325927734375 105.77784729003906 104.61180877685547 106.44574737548828 107.49359130859375 112.36656951904297 112.62350463867188 120.10791015625 128.30197143554688 149.495361328125 184.36517333984375 262.6615905761719 152.63473510742188
