22486.0 0.0 0.0 0.0 0.0 0.0 0.0 0.0 0.0 0.0 0.0 0.0 0.0 0.0 0.0 0.0 0.0 0.0 0.0 0.0 0.0 0.0 0.0 0.0 0.0 0.0 0.0 0.0 0.0 0.0 0.0 0.0
21949.314453125 533.4639282226562 0.0 0.0 0.0 0.0 0.0 0.0 0.0 0.0 0.0 0.0 0.0 0.0 0.0 0.0 0.0 0.0 0.0 0.0 0.0 0.0 0.0 0.0 0.0 0.0 0.0 0.0 0.0 0.0 0.0 0.0
22201.5703125 126.96928405761719 154.68321228027344 0.0 0.0 0.0 0.0 0.0 0.0 0.0 0.0 0.0 0.0 0.0 0.0 0.0 0.0 0.0 0.0 0.0 0.0 0.0 0.0 0.0 0.0 0.0 0.0 0.0 0.0 0.0 0.0 0.0
22190.57421875 85.15184020996094 44.459171295166016 162.77330017089844 0.0 0.0 0.0 0.0 0.0 0.0 0.0 0.0 0.0 0.0 0.0 0.0 0.0 0.0 0.0 0.0 0.0 0.0 0.0 0.0 0.0 0.0 0.0 0.0 0.0 0.0 0.0 0.0
22037.462890625 85.25873565673828 160.1094207763672 49.140472412109375 151.12420654296875 0.0 0.0 0.0 0.0 0.0 0.0 0.0 0.0 0.0 0.0 0.0 0.0 0.0 0.0 0.0 0.0 0.0 0.0 0.0 0.0 0.0 0.0 0.0 0.0 0.0 0.0 0.0
21878.4921875 99.27983093261719 198.32516479492188 79.6805648803711 64.61051177978516 162.5660858154297 0.0 0.0 0.0 0.0 0.0 0.0 0.0 0.0 0.0 0.0 0.0 0.0 0.0 0.0 0.0 0.0 0.0 0.0 0.0 0.0 0.0 0.0 0.0 0.0 0.0 0.0
21991.671875 77.7694091796875 73.00271606445312 90.46505737304688 37.36238479614258 57.71400833129883 154.9738006591797 0.0 0.0 0.0 0.0 0.0 0.0 0.0 0.0 0.0 0.0 0.0 0.0 0.0 0.0 0.0 0.0 0.0 0.0 0.0 0.0 0.0 0.0 0.0 0.0 0.0
22017.732421875 67.39466094970703 68.1805419921875 51.53607177734375 48.12202453613281 36.47843933105469 50.5130729675293 143.05673217773438 0.0 0.0 0.0 0.0 0.0 0.0 0.0 0.0 0.0 0.0 0.0 0.0 0.0 0.0 0.0 0.0 0.0 0.0 0.0 0.0 0.0 0.0 0.0 0.0
21906.45703125 76.61243438720703 125.93472290039062 46.05152893066406 51.51186752319336 42.489158630371094 36.97304916381836 44.0085563659668 152.96917724609375 0.0 0.0 0.0 0.0 0.0 0.0 0.0 0.0 0.0 0.0 0.0 0.0 0.0 0.0 0.0 0.0 0.0 0.0 0.0 0.0 0.0 0.0 0.0
21965.580078125 67.95449829101562 45.84968185424805 29.88991355895996 44.00788879394531 52.7459602355957 37.05683898925781 34.37128829956055 43.077396392822266 162.58477783203125 0.0 0.0 0.0 0.0 0.0 0.0 0.0 0.0 0.0 0.0 0.0 0.0 0.0 0.0 0.0 0.0 0.0 0.0 0.0 0.0 0.0 0.0
21939.310546875 77.54943084716797 40.992767333984375 36.36245346069336 30.66075325012207 41.27899932861328 34.19942092895508 37.07038116455078 35.981449127197266 44.9879150390625 164.53836059570312 0.0 0.0 0.0 0.0 0.0 0.0 0.0 0.0 0.0 0.0 0.0 0.0 0.0 0.0 0.0 0.0 0.0 0.0 0.0 0.0 0.0
21928.90234375 64.9727783203125 45.11307907104492 34.97463607788086 35.789833068847656 35.554405212402344 37.97748947143555 37.75536346435547 32.40140151977539 35.098934173583984 40.823184967041016 153.68919372558594 0.0 0.0 0.0 0.0 0.0 0.0 0.0 0.0 0.0 0.0 0.0 0.0 0.0 0.0 0.0 0.0 0.0 0.0 0.0 0.0
21903.63671875 63.45895004272461 37.30315017700195 36.67708969116211 41.14423751831055 32.905670166015625 37.21985626220703 33.58002853393555 31.906124114990234 31.240896224975586 37.114410400390625 38.611202239990234 158.19471740722656 0.0 0.0 0.0 0.0 0.0 0.0 0.0 0.0 0.0 0.0 0.0 0.0 0.0 0.0 0.0 0.0 0.0 0.0 0.0
21829.34375 68.85160827636719 57.97349548339844 43.56806182861328 43.267494201660156 41.83082580566406 35.97047424316406 37.96761703491211 33.73543167114258 29.804080963134766 31.831369400024414 34.285240173339844 39.71360778808594 154.8172149658203 0.0 0.0 0.0 0.0 0.0 0.0 0.0 0.0 0.0 0.0 0.0 0.0 0.0 0.0 0.0 0.0 0.0 0.0
21776.8515625 70.249755859375 42.6114616394043 46.77496337890625 42.75856399536133 38.72856140136719 44.58481979370117 32.4749870300293 36.37379455566406 31.80893325805664 35.422786712646484 37.13521194458008 36.881900787353516 49.041500091552734 161.17979431152344 0.0 0.0 0.0 0.0 0.0 0.0 0.0 0.0 0.0 0.0 0.0 0.0 0.0 0.0 0.0 0.0 0.0
21742.79296875 70.34461212158203 52.21027374267578 38.672664642333984 50.356117248535156 38.08460998535156 38.85380935668945 43.929996490478516 32.69538879394531 32.19092559814453 34.09181594848633 36.36037826538086 33.534271240234375 39.43484115600586 45.61760711669922 153.7804718017578 0.0 0.0 0.0 0.0 0.0 0.0 0.0 0.0 0.0 0.0 0.0 0.0 0.0 0.0 0.0 0.0
21717.673828125 64.62409210205078 39.46221160888672 47.87818908691406 43.281856536865234 40.134578704833984 37.56835174560547 35.925132751464844 40.418495178222656 34.311214447021484 29.784889221191406 32.7579231262207 39.70383071899414 36.69694519042969 39.88690948486328 44.202884674072266 158.6636199951172 0.0 0.0 0.0 0.0 0.0 0.0 0.0 0.0 0.0 0.0 0.0 0.0 0.0 0.0 0.0
21591.34375 60.18831253051758 46.38056182861328 33.811336517333984 43.58512496948242 50.89899826049805 40.73526382446289 38.81771469116211 42.990779876708984 36.74932861328125 30.94778060913086 105.32496643066406 34.08697509765625 44.13527297973633 38.636112213134766 39.30751419067383 47.2421760559082 157.87730407714844 0.0 0.0 0.0 0.0 0.0 0.0 0.0 0.0 0.0 0.0 0.0 0.0 0.0 0.0
21628.32421875 62.55778884887695 37.0131721496582 43.707618713378906 38.90461730957031 44.82441711425781 41.52858352661133 41.754371643066406 48.5037727355957 41.293800354003906 38.17035675048828 39.2783317565918 32.171470642089844 29.773664474487305 40.77503204345703 36.51506805419922 36.242637634277344 40.5018424987793 161.04116821289062 0.0 0.0 0.0 0.0 0.0 0.0 0.0 0.0 0.0 0.0 0.0 0.0 0.0
21543.8046875 67.62520599365234 39.251747131347656 39.326751708984375 50.10978317260742 38.21571731567383 42.559810638427734 47.2208137512207 45.682498931884766 62.904457092285156 38.46685028076172 45.60192108154297 48.778987884521484 32.81490707397461 31.936954498291016 39.136104583740234 34.07197570800781 32.865135192871094 42.65594482421875 160.0715789794922 0.0 0.0 0.0 0.0 0.0 0.0 0.0 0.0 0.0 0.0 0.0 0.0
21509.2578125 60.23336410522461 34.126670837402344 39.79478454589844 42.79353713989258 46.759822845458984 40.17340850830078 43.04179382324219 43.2346305847168 55.17463684082031 80.458740234375 34.8802490234375 35.740684509277344 32.49185562133789 36.21466064453125 31.3898868560791 34.77153396606445 40.06500244140625 33.9039192199707 45.05829620361328 163.3728790283203 0.0 0.0 0.0 0.0 0.0 0.0 0.0 0.0 0.0 0.0 0.0
21440.65625 59.84325408935547 38.445228576660156 41.580562591552734 39.083858489990234 45.55055618286133 43.125770568847656 39.4167366027832 42.890708923339844 39.20610046386719 70.4809341430664 43.17788314819336 36.83863067626953 32.49979019165039 47.456214904785156 37.41316604614258 31.480350494384766 39.113826751708984 38.63322067260742 39.45878982543945 50.40754318237305 186.1825714111328 0.0 0.0 0.0 0.0 0.0 0.0 0.0 0.0 0.0 0.0
21422.21875 61.17604064941406 37.17863464355469 40.43287658691406 38.6654052734375 39.92145919799805 41.69619369506836 37.04628372192383 43.37580490112305 40.92851257324219 43.598018646240234 58.17289733886719 47.63238525390625 34.34015655517578 29.362937927246094 40.126346588134766 33.23805618286133 34.06178283691406 38.37348556518555 40.52241516113281 40.46624755859375 49.047332763671875 191.29893493652344 0.0 0.0 0.0 0.0 0.0 0.0 0.0 0.0 0.0
21405.8203125 64.07093048095703 37.51327896118164 35.04561233520508 38.04594802856445 41.125404357910156 38.31736755371094 44.1630973815918 41.96781921386719 40.16328048706055 44.96784210205078 55.67704772949219 52.24260330200195 40.70647048950195 36.97544860839844 33.55815887451172 36.13125228881836 30.436939239501953 34.5620002746582 35.007728576660156 38.55497741699219 40.79804229736328 45.40716552734375 171.79248046875 0.0 0.0 0.0 0.0 0.0 0.0 0.0 0.0
21352.41015625 70.05760192871094 38.75856399536133 43.271488189697266 35.71651840209961 35.961341857910156 37.97187805175781 32.79685974121094 45.80509948730469 44.531585693359375 42.6834716796875 48.93107986450195 47.65523147583008 44.82965087890625 41.6190299987793 39.59886932373047 33.59678649902344 32.86354446411133 31.6997013092041 41.65195083618164 37.62369155883789 43.476661682128906 38.73601531982422 45.2427978515625 175.45571899414062 0.0 0.0 0.0 0.0 0.0 0.0 0.0
21303.935546875 64.61711883544922 48.16834259033203 46.23719787597656 44.09748840332031 34.74544143676758 31.288175582885742 48.757911682128906 34.22658920288086 45.5789680480957 47.9942741394043 46.34739303588867 40.84822463989258 38.847076416015625 41.630123138427734 44.021873474121094 34.02289581298828 34.88669967651367 31.091856002807617 33.52392578125 38.99332046508789 50.19270706176758 43.28447723388672 40.37759780883789 48.16225051879883 166.19068908691406 0.0 0.0 0.0 0.0 0.0 0.0
21266.27734375 72.94393920898438 41.474212646484375 51.04366683959961 41.30329895019531 43.12831497192383 36.30450439453125 34.144065856933594 38.06328201293945 39.47401428222656 49.15694808959961 50.22746658325195 45.47834014892578 43.11513900756836 36.43675994873047 40.79271697998047 34.182395935058594 34.34378433227539 31.98733139038086 27.486879348754883 37.25341796875 37.31182098388672 45.540584564208984 41.32246398925781 43.66386795043945 49.98000717163086 169.62876892089844 0.0 0.0 0.0 0.0 0.0
21229.5625 72.44477844238281 44.184326171875 41.55915451049805 51.88731002807617 37.3587532043457 36.2041130065918 35.98683547973633 38.50001525878906 29.741741180419922 41.37201690673828 45.034576416015625 47.05954360961914 48.08743667602539 39.354759216308594 44.53987121582031 41.267723083496094 32.09260559082031 35.677162170410156 27.790203094482422 31.0916805267334 38.348419189453125 39.509376525878906 43.68556594848633 47.83924102783203 43.67007827758789 44.55026626586914 173.6463623046875 0.0 0.0 0.0 0.0
21202.810546875 70.30138397216797 34.53596115112305 42.817440032958984 36.897830963134766 39.22504806518555 39.2903938293457 42.08614730834961 33.019813537597656 38.5689582824707 33.24604415893555 43.50687789916992 52.94648361206055 77.9117202758789 47.99502182006836 35.43478775024414 35.019222259521484 39.76982116699219 29.833642959594727 32.033538818359375 34.38092041015625 33.08734130859375 35.091575622558594 45.40760803222656 39.72027587890625 39.771697998046875 38.105106353759766 45.22341537475586 163.9300079345703 0.0 0.0 0.0
21194.337890625 70.77704620361328 43.78879928588867 31.194110870361328 40.68898010253906 31.947824478149414 39.43206024169922 42.13800811767578 39.380393981933594 39.48137283325195 34.088436126708984 36.34432601928711 43.06000900268555 54.29602813720703 48.769412994384766 39.0728759765625 32.076663970947266 31.26827049255371 39.624183654785156 36.36564254760742 30.912784576416016 31.285398483276367 30.011198043823242 37.89719009399414 49.944156646728516 41.433677673339844 42.707645416259766 37.38108444213867 46.92280960083008 165.39305114746094 0.0 0.0
21124.677734375 66.78894805908203 42.18053436279297 41.3408317565918 36.9670524597168 35.45853805541992 31.985801696777344 34.35788345336914 40.75497055053711 36.23689651489258 39.52965545654297 41.67119216918945 52.533103942871094 42.90810012817383 47.18925857543945 48.24985122680664 38.56768798828125 30.559240341186523 28.894433975219727 33.282615661621094 64.55093383789062 35.996925354003906 33.46452331542969 35.09275817871094 41.474815368652344 43.75973892211914 39.542335510253906 41.42955780029297 37.72502899169922 47.342384338378906 167.49371337890625 0.0
20932.181640625 73.5573501586914 41.0931396484375 43.61396789550781 39.24488067626953 33.028804779052734 43.76149368286133 36.404666900634766 38.228668212890625 41.07351303100586 40.31537628173828 35.816864013671875 37.79405975341797 43.07490539550781 44.696170806884766 55.7813606262207 40.8870964050293 46.446311950683594 27.59718132019043 28.98404312133789 31.158109664916992 207.63595581054688 33.00669860839844 31.557931900024414 34.074214935302734 37.44636917114258 51.02231979370117 48.3340950012207 35.888641357421875 35.66683578491211 45.69155502319336 166.93028259277344
