22486.0 0.0 0.0 0.0 0.0 0.0 0.0 0.0 0.0 0.0 0.0 0.0 0.0 0.0 0.0 0.0 0.0 0.0 0.0 0.0 0.0 0.0 0.0 0.0 0.0 0.0 0.0 0.0 0.0 0.0 0.0 0.0
22236.060546875 246.8670196533203 0.0 0.0 0.0 0.0 0.0 0.0 0.0 0.0 0.0 0.0 0.0 0.0 0.0 0.0 0.0 0.0 0.0 0.0 0.0 0.0 0.0 0.0 0.0 0.0 0.0 0.0 0.0 0.0 0.0 0.0
22253.19140625 74.68174743652344 155.1524200439453 0.0 0.0 0.0 0.0 0.0 0.0 0.0 0.0 0.0 0.0 0.0 0.0 0.0 0.0 0.0 0.0 0.0 0.0 0.0 0.0 0.0 0.0 0.0 0.0 0.0 0.0 0.0 0.0 0.0
22171.705078125 67.3359146118164 90.47750091552734 153.26853942871094 0.0 0.0 0.0 0.0 0.0 0.0 0.0 0.0 0.0 0.0 0.0 0.0 0.0 0.0 0.0 0.0 0.0 0.0 0.0 0.0 0.0 0.0 0.0 0.0 0.0 0.0 0.0 0.0
22099.71875 64.22602081298828 77.20243072509766 98.40110778808594 143.331298828125 0.0 0.0 0.0 0.0 0.0 0.0 0.0 0.0 0.0 0.0 0.0 0.0 0.0 0.0 0.0 0.0 0.0 0.0 0.0 0.0 0.0 0.0 0.0 0.0 0.0 0.0 0.0
22037.25 62.144256591796875 71.81281280517578 73.96315002441406 78.59367370605469 159.1708526611328 0.0 0.0 0.0 0.0 0.0 0.0 0.0 0.0 0.0 0.0 0.0 0.0 0.0 0.0 0.0 0.0 0.0 0.0 0.0 0.0 0.0 0.0 0.0 0.0 0.0 0.0
22027.86328125 51.47507858276367 62.433837890625 69.53971099853516 61.84115982055664 79.5331802368164 130.24647521972656 0.0 0.0 0.0 0.0 0.0 0.0 0.0 0.0 0.0 0.0 0.0 0.0 0.0 0.0 0.0 0.0 0.0 0.0 0.0 0.0 0.0 0.0 0.0 0.0 0.0
21969.46875 60.41300964355469 61.863258361816406 63.751243591308594 56.84512710571289 71.09797668457031 69.27937316894531 130.28390502929688 0.0 0.0 0.0 0.0 0.0 0.0 0.0 0.0 0.0 0.0 0.0 0.0 0.0 0.0 0.0 0.0 0.0 0.0 0.0 0.0 0.0 0.0 0.0 0.0
21921.236328125 50.43309783935547 63.25151824951172 61.8603630065918 55.45411682128906 66.23818969726562 58.4070930480957 69.2020034790039 136.94068908691406 0.0 0.0 0.0 0.0 0.0 0.0 0.0 0.0 0.0 0.0 0.0 0.0 0.0 0.0 0.0 0.0 0.0 0.0 0.0 0.0 0.0 0.0 0.0
21919.328125 42.002685546875 54.72420883178711 52.824832916259766 51.10898971557617 57.864559173583984 51.856449127197266 57.00572204589844 68.45177459716797 127.80309295654297 0.0 0.0 0.0 0.0 0.0 0.0 0.0 0.0 0.0 0.0 0.0 0.0 0.0 0.0 0.0 0.0 0.0 0.0 0.0 0.0 0.0 0.0
21887.3359375 39.87563705444336 53.556182861328125 51.13924789428711 49.512306213378906 47.482784271240234 47.945255279541016 51.599937438964844 56.09189987182617 63.2424430847168 135.21786499023438 0.0 0.0 0.0 0.0 0.0 0.0 0.0 0.0 0.0 0.0 0.0 0.0 0.0 0.0 0.0 0.0 0.0 0.0 0.0 0.0 0.0
21841.26953125 43.86111068725586 52.9226188659668 50.70904541015625 46.48054885864258 49.834842681884766 46.44832229614258 47.25642013549805 51.55704879760742 52.439552307128906 63.3177604675293 136.93194580078125 0.0 0.0 0.0 0.0 0.0 0.0 0.0 0.0 0.0 0.0 0.0 0.0 0.0 0.0 0.0 0.0 0.0 0.0 0.0 0.0
21797.6015625 47.721920013427734 51.23044204711914 49.03422927856445 46.96827697753906 46.070552825927734 45.603485107421875 46.53077697753906 48.240543365478516 47.51125717163086 55.02579879760742 70.72777557373047 130.76841735839844 0.0 0.0 0.0 0.0 0.0 0.0 0.0 0.0 0.0 0.0 0.0 0.0 0.0 0.0 0.0 0.0 0.0 0.0 0.0
21797.5078125 38.73627471923828 47.694374084472656 49.85975646972656 44.7005500793457 44.88046646118164 42.08406448364258 44.47600173950195 46.117923736572266 45.33626174926758 49.16087341308594 54.31557846069336 58.933902740478516 119.22746276855469 0.0 0.0 0.0 0.0 0.0 0.0 0.0 0.0 0.0 0.0 0.0 0.0 0.0 0.0 0.0 0.0 0.0 0.0
21738.05078125 38.03414535522461 47.84428787231445 51.211116790771484 45.674991607666016 45.171817779541016 41.21870040893555 42.881587982177734 45.69850158691406 43.01734924316406 47.911128997802734 52.213741302490234 53.62549591064453 60.70170974731445 129.7119140625 0.0 0.0 0.0 0.0 0.0 0.0 0.0 0.0 0.0 0.0 0.0 0.0 0.0 0.0 0.0 0.0 0.0
21710.53125 35.0318603515625 47.722625732421875 52.20509719848633 44.60313034057617 45.959999084472656 40.539466857910156 42.701255798339844 45.60637283325195 41.35639572143555 43.8013916015625 49.01797103881836 49.13322067260742 54.168853759765625 59.587890625 120.96776580810547 0.0 0.0 0.0 0.0 0.0 0.0 0.0 0.0 0.0 0.0 0.0 0.0 0.0 0.0 0.0 0.0
21619.1953125 38.33397674560547 49.78602600097656 51.482330322265625 46.57443618774414 53.95164489746094 44.156166076660156 42.94771194458008 43.36021041870117 40.4840087890625 50.44823455810547 51.59104537963867 45.663455963134766 48.03554153442383 69.85006713867188 59.56932830810547 127.70793151855469 0.0 0.0 0.0 0.0 0.0 0.0 0.0 0.0 0.0 0.0 0.0 0.0 0.0 0.0 0.0
21570.86328125 34.80972671508789 49.161537170410156 52.06029510498047 43.203731536865234 44.05339813232422 41.20584487915039 44.009620666503906 59.51974105834961 41.21720886230469 40.62795639038086 97.65682220458984 43.84187698364258 43.97884750366211 49.541812896728516 49.874202728271484 57.43452072143555 119.91759490966797 0.0 0.0 0.0 0.0 0.0 0.0 0.0 0.0 0.0 0.0 0.0 0.0 0.0 0.0
21571.244140625 34.699485778808594 51.52347946166992 51.069847106933594 42.556156158447266 42.18911361694336 41.15861129760742 40.89125061035156 42.52873992919922 40.843544006347656 43.9056282043457 80.81023406982422 41.49773406982422 41.14500427246094 44.09601593017578 46.878761291503906 50.261131286621094 57.860694885253906 117.80045318603516 0.0 0.0 0.0 0.0 0.0 0.0 0.0 0.0 0.0 0.0 0.0 0.0 0.0
21536.84765625 31.40365982055664 49.59954833984375 49.755706787109375 46.228782653808594 40.59062194824219 42.933815002441406 42.91109848022461 42.127838134765625 41.75199890136719 43.59415817260742 51.51415252685547 46.056602478027344 45.16340255737305 44.73674011230469 46.467742919921875 47.92366409301758 54.85356140136719 60.04230880737305 118.56643676757812 0.0 0.0 0.0 0.0 0.0 0.0 0.0 0.0 0.0 0.0 0.0 0.0
21503.47265625 31.573183059692383 48.87245178222656 48.50114059448242 42.597904205322266 43.51971435546875 42.511085510253906 41.903656005859375 43.5919303894043 41.92145538330078 45.811832427978516 49.626190185546875 41.63975524902344 40.99209213256836 42.062557220458984 42.913543701171875 45.567970275878906 47.667991638183594 51.72306442260742 58.232852935791016 128.31414794921875 0.0 0.0 0.0 0.0 0.0 0.0 0.0 0.0 0.0 0.0 0.0
21465.64453125 33.554508209228516 49.611915588378906 56.115535736083984 47.718955993652344 44.1201171875 41.20424270629883 39.917396545410156 42.69163131713867 40.883697509765625 44.56674575805664 43.07683181762695 43.112483978271484 39.55268478393555 46.33025360107422 40.60173797607422 43.84438705444336 44.138671875 44.05183029174805 48.356040954589844 62.28961181640625 121.54175567626953 0.0 0.0 0.0 0.0 0.0 0.0 0.0 0.0 0.0 0.0
21439.41015625 33.85798263549805 43.244014739990234 51.08907699584961 48.84101104736328 45.547386169433594 43.620025634765625 42.02497100830078 40.700069427490234 41.3996467590332 40.7047233581543 50.43408203125 42.770565032958984 41.89274978637695 41.7587890625 40.59450149536133 39.93548583984375 42.685585021972656 41.53964614868164 44.061031341552734 56.32809829711914 54.6478271484375 115.94905090332031 0.0 0.0 0.0 0.0 0.0 0.0 0.0 0.0 0.0
21395.4765625 32.24553298950195 45.63574981689453 48.05757522583008 44.154239654541016 46.90739440917969 41.16020965576172 42.03846740722656 42.069114685058594 39.978275299072266 43.329010009765625 49.882965087890625 45.16257095336914 40.31559753417969 38.36569595336914 39.51789093017578 40.05796813964844 41.194252014160156 39.087039947509766 41.86207962036133 52.944305419921875 46.74183654785156 54.98631286621094 131.8603973388672 0.0 0.0 0.0 0.0 0.0 0.0 0.0 0.0
21342.22265625 34.02396011352539 48.139495849609375 47.651649475097656 44.454185485839844 44.48874282836914 41.27486038208008 42.163265228271484 45.47301483154297 43.427059173583984 45.22160339355469 54.8059196472168 45.5032958984375 42.466304779052734 40.5814208984375 39.80855941772461 37.86991882324219 41.35747528076172 38.32233428955078 40.635520935058594 45.493289947509766 43.82656478881836 47.85244369506836 61.18610382080078 124.66459655761719 0.0 0.0 0.0 0.0 0.0 0.0 0.0
21277.740234375 32.13418197631836 44.400970458984375 48.29587173461914 45.090457916259766 46.37571334838867 40.46083450317383 43.813011169433594 48.459983825683594 42.707515716552734 48.54378890991211 48.77513885498047 45.49285125732422 44.45903778076172 44.692569732666016 41.13695526123047 37.533748626708984 43.49104309082031 41.969913482666016 39.429744720458984 61.42549133300781 42.209632873535156 44.65635299682617 48.74200439453125 55.62956237792969 124.27713012695312 0.0 0.0 0.0 0.0 0.0 0.0
21244.9765625 31.769481658935547 48.56612014770508 47.775177001953125 42.48393630981445 42.0954704284668 40.85237503051758 39.33219909667969 42.475521087646484 40.621273040771484 45.40176773071289 67.30083465576172 51.254634857177734 50.94609069824219 45.087162017822266 40.52928161621094 38.92017364501953 39.94477844238281 40.61221694946289 40.938175201416016 44.844459533691406 35.67247009277344 40.92771530151367 44.76968765258789 48.03281784057617 57.15182113647461 128.79415893554688 0.0 0.0 0.0 0.0 0.0
21234.98828125 29.899150848388672 44.11483383178711 48.15604019165039 43.263671875 41.640220642089844 38.91623306274414 41.15450668334961 41.1507453918457 39.82497024536133 42.61580276489258 76.2096176147461 46.99488067626953 41.47410202026367 40.765018463134766 44.46677780151367 37.08218765258789 36.50764465332031 39.49092483520508 39.51832962036133 41.66448211669922 37.89588928222656 39.76475143432617 39.584327697753906 42.19144821166992 48.26005172729492 57.44004821777344 126.93312072753906 0.0 0.0 0.0 0.0
21225.8828125 29.083715438842773 47.30145263671875 48.56865310668945 44.18129348754883 40.39600372314453 38.42759323120117 40.348968505859375 40.590999603271484 41.39305877685547 38.755821228027344 72.88166809082031 43.81924057006836 41.10818862915039 38.163578033447266 41.46446228027344 35.50276565551758 37.950653076171875 36.31199264526367 43.91358947753906 41.034080505371094 36.45672607421875 35.31584167480469 38.334266662597656 37.25215148925781 41.204402923583984 48.93531799316406 55.77928161621094 121.61099243164062 0.0 0.0 0.0
21144.58203125 30.750350952148438 52.94871520996094 49.85095977783203 41.49882125854492 41.31388473510742 41.24339294433594 42.493385314941406 43.00149154663086 40.864192962646484 42.65446472167969 73.57591247558594 43.04512023925781 41.194252014160156 46.5951042175293 45.43966293334961 36.43254089355469 38.792991638183594 38.87464904785156 46.83001708984375 37.36341094970703 36.294612884521484 34.76206588745117 37.26704025268555 39.87232971191406 38.62145233154297 46.65773010253906 45.81230163574219 52.017051696777344 131.23484802246094 0.0 0.0
21132.1640625 30.81205177307129 45.44709014892578 50.32503890991211 43.191593170166016 42.11491012573242 42.1762809753418 40.21866989135742 41.31547546386719 39.58549499511719 44.18265151977539 45.8274040222168 44.661102294921875 40.35834884643555 48.089046478271484 44.96612548828125 40.507659912109375 44.62762451171875 43.9875373840332 36.74981689453125 50.6859130859375 36.43561553955078 36.08060073852539 36.857120513916016 37.4519157409668 38.50069808959961 41.4835205078125 40.88236999511719 42.9820556640625 51.87882995605469 127.45571899414062 0.0
21042.212890625 31.5384464263916 46.9260368347168 48.96880340576172 45.48244857788086 45.838932037353516 39.907291412353516 39.522403717041016 44.19945526123047 39.358642578125 43.800376892089844 59.59187698364258 44.159271240234375 41.18241882324219 40.73027038574219 43.243614196777344 40.342037200927734 45.64457702636719 56.99039840698242 46.03513717651367 48.68769073486328 40.09763717651367 37.34568786621094 35.497432708740234 35.289894104003906 36.25762176513672 42.885231018066406 41.17466354370117 39.582664489746094 45.49291229248047 61.27642822265625 132.61892700195312
