22486.0 0.0 0.0 0.0 0.0 0.0 0.0 0.0 0.0 0.0 0.0 0.0 0.0 0.0 0.0 0.0 0.0 0.0 0.0 0.0 0.0 0.0 0.0 0.0 0.0 0.0 0.0 0.0 0.0 0.0 0.0 0.0
21982.693359375 500.46832275390625 0.0 0.0 0.0 0.0 0.0 0.0 0.0 0.0 0.0 0.0 0.0 0.0 0.0 0.0 0.0 0.0 0.0 0.0 0.0 0.0 0.0 0.0 0.0 0.0 0.0 0.0 0.0 0.0 0.0 0.0
21031.14453125 476.67230224609375 975.1034545898438 0.0 0.0 0.0 0.0 0.0 0.0 0.0 0.0 0.0 0.0 0.0 0.0 0.0 0.0 0.0 0.0 0.0 0.0 0.0 0.0 0.0 0.0 0.0 0.0 0.0 0.0 0.0 0.0 0.0
20437.408203125 401.0245361328125 661.164306640625 983.5201416015625 0.0 0.0 0.0 0.0 0.0 0.0 0.0 0.0 0.0 0.0 0.0 0.0 0.0 0.0 0.0 0.0 0.0 0.0 0.0 0.0 0.0 0.0 0.0 0.0 0.0 0.0 0.0 0.0
19966.6953125 319.4441833496094 496.1482238769531 676.7711181640625 1024.0416259765625 0.0 0.0 0.0 0.0 0.0 0.0 0.0 0.0 0.0 0.0 0.0 0.0 0.0 0.0 0.0 0.0 0.0 0.0 0.0 0.0 0.0 0.0 0.0 0.0 0.0 0.0 0.0
19662.126953125 275.36773681640625 395.3245849609375 486.0216369628906 650.3671875 1013.8523559570312 0.0 0.0 0.0 0.0 0.0 0.0 0.0 0.0 0.0 0.0 0.0 0.0 0.0 0.0 0.0 0.0 0.0 0.0 0.0 0.0 0.0 0.0 0.0 0.0 0.0 0.0
19373.34375 213.33639526367188 299.2496337890625 397.4937744140625 483.7906799316406 668.1591186523438 1047.5484619140625 0.0 0.0 0.0 0.0 0.0 0.0 0.0 0.0 0.0 0.0 0.0 0.0 0.0 0.0 0.0 0.0 0.0 0.0 0.0 0.0 0.0 0.0 0.0 0.0 0.0
19136.71875 177.5177764892578 245.1584014892578 313.0670166015625 389.31927490234375 503.52392578125 675.306396484375 1042.4185791015625 0.0 0.0 0.0 0.0 0.0 0.0 0.0 0.0 0.0 0.0 0.0 0.0 0.0 0.0 0.0 0.0 0.0 0.0 0.0 0.0 0.0 0.0 0.0 0.0
18817.474609375 164.39776611328125 219.5792236328125 255.6498565673828 320.0226135253906 403.599365234375 561.5137329101562 659.5429077148438 1081.2821044921875 0.0 0.0 0.0 0.0 0.0 0.0 0.0 0.0 0.0 0.0 0.0 0.0 0.0 0.0 0.0 0.0 0.0 0.0 0.0 0.0 0.0 0.0 0.0
18665.263671875 150.4737091064453 193.50372314453125 215.2503662109375 246.05520629882812 306.23089599609375 415.03973388671875 499.89495849609375 693.5033569335938 1097.762451171875 0.0 0.0 0.0 0.0 0.0 0.0 0.0 0.0 0.0 0.0 0.0 0.0 0.0 0.0 0.0 0.0 0.0 0.0 0.0 0.0 0.0 0.0
18515.326171875 139.07472229003906 169.52488708496094 189.7378692626953 212.06871032714844 253.55545043945312 321.8522644042969 390.134521484375 503.28887939453125 668.445556640625 1120.1639404296875 0.0 0.0 0.0 0.0 0.0 0.0 0.0 0.0 0.0 0.0 0.0 0.0 0.0 0.0 0.0 0.0 0.0 0.0 0.0 0.0 0.0
18314.80078125 120.94503784179688 150.59498596191406 179.9460906982422 196.5483856201172 215.7403564453125 259.808837890625 312.6636962890625 385.3809509277344 496.4065856933594 720.6502685546875 1129.5521240234375 0.0 0.0 0.0 0.0 0.0 0.0 0.0 0.0 0.0 0.0 0.0 0.0 0.0 0.0 0.0 0.0 0.0 0.0 0.0 0.0
18118.427734375 116.58692932128906 142.41311645507812 163.67147827148438 178.53912353515625 195.60198974609375 222.41293334960938 257.0334167480469 333.2944641113281 402.95611572265625 552.0009765625 689.068603515625 1111.0567626953125 0.0 0.0 0.0 0.0 0.0 0.0 0.0 0.0 0.0 0.0 0.0 0.0 0.0 0.0 0.0 0.0 0.0 0.0 0.0
17988.109375 108.85441589355469 129.43894958496094 150.42832946777344 160.52027893066406 175.56105041503906 199.6356658935547 219.84278869628906 263.4196472167969 320.96038818359375 409.3142395019531 508.86981201171875 686.1053466796875 1161.87353515625 0.0 0.0 0.0 0.0 0.0 0.0 0.0 0.0 0.0 0.0 0.0 0.0 0.0 0.0 0.0 0.0 0.0 0.0
17793.29296875 106.10802459716797 120.22013854980469 133.94915771484375 148.3970489501953 160.365234375 178.8819580078125 197.30909729003906 245.48927307128906 286.24676513671875 355.2852783203125 432.0442810058594 512.5045776367188 699.8740844726562 1113.0916748046875 0.0 0.0 0.0 0.0 0.0 0.0 0.0 0.0 0.0 0.0 0.0 0.0 0.0 0.0 0.0 0.0 0.0
17792.96484375 101.67169189453125 110.3750228881836 119.95697784423828 140.59317016601562 144.2657928466797 160.2724151611328 177.9330291748047 202.57281494140625 229.5164794921875 273.6200256347656 334.0276794433594 400.7447509765625 500.96343994140625 668.8840942382812 1124.7440185546875 0.0 0.0 0.0 0.0 0.0 0.0 0.0 0.0 0.0 0.0 0.0 0.0 0.0 0.0 0.0 0.0
17463.443359375 98.345703125 108.45854949951172 114.68941497802734 127.30260467529297 135.79173278808594 148.36878967285156 163.79835510253906 207.22828674316406 249.61683654785156 310.9527587890625 272.5820007324219 325.0324401855469 419.45892333984375 496.42962646484375 739.0999145507812 1102.3433837890625 0.0 0.0 0.0 0.0 0.0 0.0 0.0 0.0 0.0 0.0 0.0 0.0 0.0 0.0 0.0
17385.861328125 94.82652282714844 106.6597671508789 114.23358917236328 137.87374877929688 128.1748504638672 137.18508911132812 149.31039428710938 170.10995483398438 245.7027587890625 205.6283416748047 271.3809509277344 274.8533935546875 357.38134765625 393.78240966796875 524.6564331054688 676.7542724609375 1108.552978515625 0.0 0.0 0.0 0.0 0.0 0.0 0.0 0.0 0.0 0.0 0.0 0.0 0.0 0.0
17275.869140625 92.39761352539062 104.68428039550781 114.75288391113281 115.5468978881836 125.4404067993164 127.64508819580078 140.62220764160156 154.26756286621094 184.22703552246094 210.12783813476562 230.47628784179688 231.57232666015625 275.8968505859375 317.4966125488281 427.5953674316406 504.2234191894531 707.8341064453125 1142.31103515625 0.0 0.0 0.0 0.0 0.0 0.0 0.0 0.0 0.0 0.0 0.0 0.0 0.0
17089.255859375 87.83924865722656 98.29683685302734 110.16187286376953 128.52545166015625 120.82453155517578 124.38825225830078 132.0471954345703 138.89833068847656 201.33384704589844 189.3769073486328 208.4634552001953 209.69924926757812 234.80715942382812 272.5732727050781 340.2924499511719 401.4028625488281 545.0709838867188 720.6824951171875 1129.10791015625 0.0 0.0 0.0 0.0 0.0 0.0 0.0 0.0 0.0 0.0 0.0 0.0
17110.65234375 79.78672790527344 93.8909683227539 106.47776794433594 117.87733459472656 114.57756042480469 122.13668060302734 124.27393341064453 128.86199951171875 187.58900451660156 161.36134338378906 166.51551818847656 179.8438262939453 203.53244018554688 226.49383544921875 262.72314453125 321.7943115234375 419.6675720214844 516.03125 695.7656860351562 1143.05029296875 0.0 0.0 0.0 0.0 0.0 0.0 0.0 0.0 0.0 0.0 0.0
16982.861328125 76.41224670410156 91.08213806152344 103.51177215576172 107.57333374023438 112.15967559814453 126.09907531738281 126.1404800415039 126.01969909667969 134.26268005371094 149.7579803466797 158.9580535888672 169.78370666503906 186.50965881347656 206.50531005859375 230.10626220703125 259.85052490234375 331.0370178222656 408.5029602050781 524.3753662109375 705.53466796875 1166.0404052734375 0.0 0.0 0.0 0.0 0.0 0.0 0.0 0.0 0.0 0.0
16913.76171875 71.794677734375 84.28506469726562 98.86050415039062 103.69105529785156 107.5697021484375 114.4404296875 118.31948852539062 132.8937225341797 127.06963348388672 139.531494140625 154.66481018066406 154.18426513671875 170.55177307128906 201.51104736328125 194.20156860351562 221.40664672851562 254.19544982910156 321.99737548828125 408.50286865234375 534.0775756835938 727.7991943359375 1127.6578369140625 0.0 0.0 0.0 0.0 0.0 0.0 0.0 0.0 0.0
16900.369140625 71.84303283691406 83.00187683105469 89.59233093261719 95.15302276611328 102.00121307373047 106.57909393310547 109.76054382324219 120.52279663085938 122.2425765991211 138.17361450195312 132.581787109375 141.12350463867188 156.11581420898438 160.1987762451172 176.41390991210938 189.3371124267578 237.8985137939453 261.437255859375 328.012451171875 408.05389404296875 533.9428100585938 675.60595703125 1143.0330810546875 0.0 0.0 0.0 0.0 0.0 0.0 0.0 0.0
16885.732421875 75.31025695800781 83.88678741455078 96.11992645263672 91.8196792602539 94.83444213867188 100.21720123291016 106.35499572753906 119.97738647460938 119.92991638183594 134.89053344726562 124.45941162109375 138.39907836914062 139.60174560546875 164.84597778320312 159.54806518554688 170.3836212158203 193.4038848876953 209.6658477783203 258.65032958984375 322.764892578125 414.48004150390625 513.7686157226562 665.8258056640625 1098.171630859375 0.0 0.0 0.0 0.0 0.0 0.0 0.0
16804.634765625 77.07964324951172 81.4520034790039 91.545654296875 90.94995880126953 89.47477722167969 93.1781005859375 101.77789306640625 115.43767547607422 113.8666000366211 119.74760437011719 119.56849670410156 121.48019409179688 127.66597747802734 147.35548400878906 143.58544921875 155.64801025390625 169.6624755859375 189.7135009765625 218.1715087890625 254.44017028808594 325.0154113769531 411.47015380859375 509.23046875 677.213623046875 1132.6700439453125 0.0 0.0 0.0 0.0 0.0 0.0
16747.927734375 79.70096588134766 83.22484588623047 83.36011505126953 84.41668701171875 84.69091033935547 89.00740051269531 92.00752258300781 107.75157928466797 107.9787368774414 130.48365783691406 119.44078826904297 122.23332214355469 123.58641815185547 134.41102600097656 129.2558135986328 143.95375061035156 160.14625549316406 172.63836669921875 191.63099670410156 219.18792724609375 262.11962890625 315.9253234863281 390.2408447265625 504.01922607421875 696.6370849609375 1105.9742431640625 0.0 0.0 0.0 0.0 0.0
16603.30859375 77.62123107910156 82.322265625 84.94121551513672 82.01533508300781 80.86164093017578 83.678466796875 86.35882568359375 94.94964599609375 98.93734741210938 139.94300842285156 123.11385345458984 118.88351440429688 128.31109619140625 122.92485809326172 123.15301513671875 128.40573120117188 153.47084045410156 156.0848846435547 174.31068420410156 193.29696655273438 221.13265991210938 270.0210876464844 315.67474365234375 397.4650573730469 532.57421875 672.34033203125 1135.8499755859375 0.0 0.0 0.0 0.0
16602.548828125 70.84884643554688 78.70000457763672 85.43745422363281 83.80101013183594 81.36328125 82.03755950927734 83.51678466796875 87.44661712646484 92.76891326904297 101.08187103271484 114.00012969970703 115.77288055419922 122.95104217529297 116.4787368774414 124.92085266113281 120.66231536865234 127.24314880371094 138.1866455078125 154.58494567871094 172.85183715820312 197.68626403808594 226.27357482910156 252.7159423828125 319.1432800292969 416.0023498535156 505.33709716796875 695.8449096679688 1111.77294921875 0.0 0.0 0.0
16537.369140625 64.9207992553711 74.93121337890625 87.29010772705078 85.25086975097656 83.60578155517578 82.63976287841797 84.16654205322266 86.10200500488281 91.97503662109375 98.59965515136719 109.50337219238281 107.9813232421875 114.8567123413086 114.0025863647461 118.59191131591797 114.99451446533203 119.62771606445312 127.07272338867188 151.69003295898438 157.80259704589844 176.0428466796875 194.54232788085938 213.99542236328125 263.15203857421875 333.1033020019531 394.1241455078125 510.3763122558594 675.1680297851562 1108.574462890625 0.0 0.0
16544.1015625 60.33875274658203 69.13396453857422 81.24168395996094 80.04058837890625 83.1206283569336 84.33148193359375 82.3153305053711 86.87415313720703 85.11631774902344 90.17613220214844 95.74407958984375 102.56722259521484 106.69954681396484 110.01734924316406 118.33364868164062 112.45281219482422 113.47563171386719 131.3958282470703 127.18421173095703 134.88372802734375 149.0555877685547 164.9969940185547 183.5971221923828 215.20423889160156 261.5615539550781 306.11395263671875 409.06292724609375 501.0433349609375 668.4036254882812 1123.390380859375 0.0
16464.05859375 57.22462844848633 64.90444946289062 74.03730010986328 75.11624908447266 78.72044372558594 82.25880432128906 83.59452056884766 99.1620864868164 84.89338684082031 87.27074432373047 87.33891296386719 93.50503540039062 101.81281280517578 106.20330810546875 107.14175415039062 104.94755554199219 110.30274200439453 134.70143127441406 111.84446716308594 121.3210220336914 133.7864227294922 169.3791961669922 181.72659301757812 185.63864135742188 219.5335693359375 249.7213897705078 327.4491271972656 398.8942565917969 490.3890686035156 680.4909057617188 1114.7318115234375
