22486.0 0.0 0.0 0.0 0.0 0.0 0.0 0.0 0.0 0.0 0.0 0.0 0.0 0.0 0.0 0.0 0.0 0.0 0.0 0.0 0.0 0.0 0.0 0.0 0.0 0.0 0.0 0.0 0.0 0.0 0.0 0.0
21560.11328125 923.2228393554688 0.0 0.0 0.0 0.0 0.0 0.0 0.0 0.0 0.0 0.0 0.0 0.0 0.0 0.0 0.0 0.0 0.0 0.0 0.0 0.0 0.0 0.0 0.0 0.0 0.0 0.0 0.0 0.0 0.0 0.0
16115.845703125 5595.7724609375 771.359619140625 0.0 0.0 0.0 0.0 0.0 0.0 0.0 0.0 0.0 0.0 0.0 0.0 0.0 0.0 0.0 0.0 0.0 0.0 0.0 0.0 0.0 0.0 0.0 0.0 0.0 0.0 0.0 0.0 0.0
14866.8779296875 754.433349609375 6215.396484375 646.3952026367188 0.0 0.0 0.0 0.0 0.0 0.0 0.0 0.0 0.0 0.0 0.0 0.0 0.0 0.0 0.0 0.0 0.0 0.0 0.0 0.0 0.0 0.0 0.0 0.0 0.0 0.0 0.0 0.0
14794.4375 7.40586519241333 929.5009155273438 6099.54296875 651.9286499023438 0.0 0.0 0.0 0.0 0.0 0.0 0.0 0.0 0.0 0.0 0.0 0.0 0.0 0.0 0.0 0.0 0.0 0.0 0.0 0.0 0.0 0.0 0.0 0.0 0.0 0.0 0.0
14779.0390625 0.11025971174240112 8.98929214477539 844.454345703125 6172.2607421875 678.102294921875 0.0 0.0 0.0 0.0 0.0 0.0 0.0 0.0 0.0 0.0 0.0 0.0 0.0 0.0 0.0 0.0 0.0 0.0 0.0 0.0 0.0 0.0 0.0 0.0 0.0 0.0
14813.7763671875 0.0374373197555542 0.14703398942947388 6.563859939575195 785.9218139648438 6205.3173828125 671.2471313476562 0.0 0.0 0.0 0.0 0.0 0.0 0.0 0.0 0.0 0.0 0.0 0.0 0.0 0.0 0.0 0.0 0.0 0.0 0.0 0.0 0.0 0.0 0.0 0.0 0.0
14863.8681640625 0.3130105137825012 0.05611604452133179 0.1050301194190979 6.331719875335693 807.6478881835938 6130.1162109375 674.5791015625 0.0 0.0 0.0 0.0 0.0 0.0 0.0 0.0 0.0 0.0 0.0 0.0 0.0 0.0 0.0 0.0 0.0 0.0 0.0 0.0 0.0 0.0 0.0 0.0
14839.140625 5.625922679901123 0.4665345549583435 0.040809452533721924 0.10087507963180542 6.569167613983154 791.7969970703125 6156.57080078125 682.796875 0.0 0.0 0.0 0.0 0.0 0.0 0.0 0.0 0.0 0.0 0.0 0.0 0.0 0.0 0.0 0.0 0.0 0.0 0.0 0.0 0.0 0.0 0.0
14809.697265625 12.635573387145996 8.52279281616211 0.3572086691856384 0.03785926103591919 0.09204447269439697 5.907440185546875 760.4071655273438 6208.23583984375 677.1157836914062 0.0 0.0 0.0 0.0 0.0 0.0 0.0 0.0 0.0 0.0 0.0 0.0 0.0 0.0 0.0 0.0 0.0 0.0 0.0 0.0 0.0 0.0
14856.998046875 2.0233988761901855 19.6698055267334 7.423725128173828 0.35789769887924194 0.03648191690444946 0.09170955419540405 5.685293674468994 748.5050048828125 6151.525390625 690.5927734375 0.0 0.0 0.0 0.0 0.0 0.0 0.0 0.0 0.0 0.0 0.0 0.0 0.0 0.0 0.0 0.0 0.0 0.0 0.0 0.0 0.0
14857.779296875 0.1623016595840454 2.9332871437072754 16.949420928955078 7.328657627105713 0.3523419499397278 0.0391811728477478 0.09058243036270142 5.524810314178467 731.9337158203125 6179.5166015625 680.4490966796875 0.0 0.0 0.0 0.0 0.0 0.0 0.0 0.0 0.0 0.0 0.0 0.0 0.0 0.0 0.0 0.0 0.0 0.0 0.0 0.0
14832.21484375 0.06685531139373779 0.22409695386886597 2.39329195022583 16.350637435913086 7.27092981338501 0.34792542457580566 0.034763336181640625 0.0828397274017334 5.377277374267578 745.3582153320312 6194.185546875 678.8604125976562 0.0 0.0 0.0 0.0 0.0 0.0 0.0 0.0 0.0 0.0 0.0 0.0 0.0 0.0 0.0 0.0 0.0 0.0 0.0
14897.162109375 0.243519127368927 0.09195584058761597 0.171586275100708 2.3002002239227295 16.468975067138672 7.168759822845459 0.33972692489624023 0.03390628099441528 0.08436095714569092 5.539504528045654 750.298583984375 6112.046875 691.11572265625 0.0 0.0 0.0 0.0 0.0 0.0 0.0 0.0 0.0 0.0 0.0 0.0 0.0 0.0 0.0 0.0 0.0 0.0
14872.2236328125 1.6917290687561035 0.321453332901001 0.0641283392906189 0.15230733156204224 2.173060178756714 15.220088005065918 6.786505222320557 0.32112306356430054 0.03041762113571167 0.07614028453826904 5.136004447937012 721.301025390625 6178.3583984375 679.0764770507812 0.0 0.0 0.0 0.0 0.0 0.0 0.0 0.0 0.0 0.0 0.0 0.0 0.0 0.0 0.0 0.0 0.0
14835.0205078125 3.1323633193969727 2.3881113529205322 0.248310387134552 0.061276018619537354 0.15436536073684692 2.0924930572509766 15.061979293823242 6.721480846405029 0.3131241798400879 0.03085416555404663 0.07647597789764404 5.1379547119140625 758.03564453125 6174.7421875 679.6859130859375 0.0 0.0 0.0 0.0 0.0 0.0 0.0 0.0 0.0 0.0 0.0 0.0 0.0 0.0 0.0 0.0
14832.166015625 0.7974439859390259 4.699601173400879 2.051104784011841 0.25471389293670654 0.07727092504501343 0.15217125415802002 2.0490055084228516 14.789005279541016 6.490779876708984 0.32482826709747314 0.03469938039779663 0.09084892272949219 6.542978763580322 742.6152954101562 6178.1923828125 691.8298950195312 0.0 0.0 0.0 0.0 0.0 0.0 0.0 0.0 0.0 0.0 0.0 0.0 0.0 0.0 0.0
14827.7216796875 0.1013755202293396 1.1289327144622803 4.088951110839844 2.0350229740142822 0.24840229749679565 0.05950254201889038 0.1408778429031372 1.9849720001220703 14.288229942321777 6.570737838745117 0.31953686475753784 0.029359877109527588 0.07655644416809082 4.967137813568115 733.2779541015625 6198.341796875 687.7305908203125 0.0 0.0 0.0 0.0 0.0 0.0 0.0 0.0 0.0 0.0 0.0 0.0 0.0 0.0
14900.9140625 0.052293479442596436 0.13899606466293335 0.9662375450134277 4.033037185668945 2.0632824897766113 0.23987311124801636 0.0565144419670105 0.13344967365264893 1.8882538080215454 14.02918815612793 6.2409234046936035 0.29634547233581543 0.030297398567199707 0.07244294881820679 4.9712724685668945 709.0714721679688 6153.11572265625 684.7957763671875 0.0 0.0 0.0 0.0 0.0 0.0 0.0 0.0 0.0 0.0 0.0 0.0 0.0
14810.09765625 0.20375627279281616 0.068572998046875 0.11221671104431152 0.9300498366355896 3.9422051906585693 1.9091920852661133 0.22197014093399048 0.05342060327529907 0.12840062379837036 1.8602442741394043 13.527770042419434 5.998417377471924 0.29873430728912354 0.02857983112335205 0.07272994518280029 5.035800933837891 736.7716674804688 6218.048828125 683.7421875 0.0 0.0 0.0 0.0 0.0 0.0 0.0 0.0 0.0 0.0 0.0 0.0
14814.8671875 1.5679551362991333 0.2638776898384094 0.053047358989715576 0.10783451795578003 0.9316782355308533 3.8751394748687744 1.8890607357025146 0.22079682350158691 0.05170077085494995 0.12855887413024902 1.8228485584259033 13.167281150817871 6.035524845123291 0.2870742678642273 0.028190135955810547 0.07102221250534058 4.932309150695801 718.3170166015625 6217.603515625 696.7494506835938 0.0 0.0 0.0 0.0 0.0 0.0 0.0 0.0 0.0 0.0 0.0
14803.7802734375 2.9134132862091064 2.044802188873291 0.20085150003433228 0.04940307140350342 0.10462063550949097 0.8888335227966309 3.7099647521972656 1.8543338775634766 0.2101130485534668 0.05264991521835327 0.1242249608039856 1.7132281064987183 13.191802024841309 5.818906784057617 0.2794114351272583 0.028530895709991455 0.06987661123275757 4.8478593826293945 717.606689453125 6234.25830078125 689.3435668945312 0.0 0.0 0.0 0.0 0.0 0.0 0.0 0.0 0.0 0.0
14803.31640625 0.6379608511924744 4.0374579429626465 1.6654994487762451 0.19621491432189941 0.05038374662399292 0.1059371829032898 0.8588504195213318 3.636363983154297 1.7610504627227783 0.21300727128982544 0.05168771743774414 0.11827367544174194 1.7606759071350098 12.729118347167969 5.789597988128662 0.2961605191230774 0.02994590997695923 0.07626938819885254 5.235180854797363 738.4474487304688 6214.98193359375 686.972412109375 0.0 0.0 0.0 0.0 0.0 0.0 0.0 0.0 0.0
14812.111328125 0.066092848777771 0.9232653975486755 3.3696389198303223 1.6072919368743896 0.20022553205490112 0.048956871032714844 0.09816062450408936 0.8428909182548523 3.5351345539093018 1.8044317960739136 0.21247273683547974 0.04863637685775757 0.12163877487182617 1.6820112466812134 12.515580177307129 5.856235980987549 0.27892136573791504 0.028298556804656982 0.07247567176818848 4.965902805328369 723.621826171875 6211.619140625 697.2814331054688 0.0 0.0 0.0 0.0 0.0 0.0 0.0 0.0
14825.77734375 0.027568578720092773 0.09731048345565796 0.7654328942298889 3.2541568279266357 1.648388147354126 0.1935058832168579 0.04668170213699341 0.09643584489822388 0.8012670874595642 3.5287351608276367 1.7941343784332275 0.20138520002365112 0.05128800868988037 0.11642754077911377 1.6482465267181396 12.474679946899414 5.6472625732421875 0.2824963331222534 0.030560433864593506 0.07311534881591797 5.013362407684326 720.273193359375 6203.09765625 696.0022583007812 0.0 0.0 0.0 0.0 0.0 0.0 0.0
14810.83203125 0.1046379804611206 0.038008928298950195 0.07697826623916626 0.7220304012298584 3.223874568939209 1.5549219846725464 0.17993825674057007 0.04486769437789917 0.0893782377243042 0.7919145226478577 3.3707826137542725 1.6701147556304932 0.20639687776565552 0.049866676330566406 0.11499446630477905 1.6939671039581299 12.158780097961426 5.674102783203125 0.2802097201347351 0.028725028038024902 0.07108438014984131 4.917244911193848 725.2277221679688 6217.787109375 690.9743041992188 0.0 0.0 0.0 0.0 0.0 0.0
14841.6533203125 1.1499364376068115 0.14152199029922485 0.029932737350463867 0.07308238744735718 0.7187294363975525 3.1158761978149414 1.4970059394836426 0.17708873748779297 0.04255545139312744 0.0903967022895813 0.7611115574836731 3.233625888824463 1.6861214637756348 0.19448786973953247 0.047389447689056396 0.11322706937789917 1.628880262374878 12.138205528259277 5.690066337585449 0.2808135151863098 0.02934509515762329 0.07162076234817505 4.905388832092285 722.0007934570312 6184.76953125 695.7691650390625 0.0 0.0 0.0 0.0 0.0
14786.97265625 3.3401553630828857 1.52336585521698 0.11387395858764648 0.02939683198928833 0.07398271560668945 0.6975892186164856 2.9948277473449707 1.4754886627197266 0.1703363060951233 0.04301351308822632 0.08706331253051758 0.7406796216964722 3.3177542686462402 1.6769795417785645 0.194604754447937 0.04833102226257324 0.11238199472427368 1.6477824449539185 12.191920280456543 5.654120922088623 0.27897781133651733 0.0295335054397583 0.07264024019241333 5.020906448364258 722.4105834960938 6236.0 695.0892333984375 0.0 0.0 0.0 0.0
14775.8896484375 0.6974084377288818 4.277820587158203 1.228234887123108 0.10830384492874146 0.02834320068359375 0.06902879476547241 0.6607100367546082 2.9161810874938965 1.4148995876312256 0.17116779088974 0.04117769002914429 0.08244788646697998 0.7311758399009705 3.1784024238586426 1.602283239364624 0.19369405508041382 0.045517027378082275 0.10988831520080566 1.5663120746612549 11.869537353515625 5.492331504821777 0.27493536472320557 0.028700590133666992 0.0733417272567749 4.926510334014893 721.7532958984375 6252.138671875 690.5448608398438 0.0 0.0 0.0
14736.306640625 0.04201233386993408 0.9744781851768494 3.6125802993774414 1.216124176979065 0.11378234624862671 0.028990507125854492 0.06795048713684082 0.6626254320144653 2.8647518157958984 1.4498028755187988 0.17058050632476807 0.04016268253326416 0.08515399694442749 0.7212731838226318 3.1352896690368652 1.6475601196289062 0.19390076398849487 0.04730117321014404 0.11646842956542969 1.5899732112884521 11.846681594848633 5.542448997497559 0.28457146883010864 0.031709134578704834 0.07474321126937866 5.028225898742676 739.3115844726562 6260.068359375 704.599853515625 0.0 0.0
14760.7529296875 0.009028851985931396 0.0602879524230957 0.7903308868408203 3.5216596126556396 1.2345354557037354 0.11003780364990234 0.02651447057723999 0.06545007228851318 0.6231315732002258 2.825925350189209 1.4033490419387817 0.16008174419403076 0.039933621883392334 0.08026343584060669 0.6953918933868408 3.1411871910095215 1.589916706085205 0.19260060787200928 0.04851996898651123 0.11146974563598633 1.5773637294769287 11.82596206665039 5.528718948364258 0.30044060945510864 0.030907154083251953 0.07470172643661499 5.032637596130371 733.8023681640625 6244.9384765625 701.3429565429688 0.0
14774.7607421875 0.03092736005783081 0.012844324111938477 0.046460092067718506 0.7575780153274536 3.5409908294677734 1.1902527809143066 0.10369479656219482 0.026088595390319824 0.06270086765289307 0.6265913844108582 2.7964963912963867 1.33351731300354 0.16533124446868896 0.03853046894073486 0.07911229133605957 0.6989117860794067 3.0348920822143555 1.5892844200134277 0.1986548900604248 0.04626363515853882 0.10823851823806763 1.518309235572815 11.474536895751953 5.453890323638916 0.27398502826690674 0.028401076793670654 0.07141566276550293 4.845059394836426 705.7363891601562 6256.9033203125 704.4588012695312
