22486.0 0.0 0.0 0.0 0.0 0.0 0.0 0.0 0.0 0.0 0.0 0.0 0.0 0.0 0.0 0.0 0.0 0.0 0.0 0.0 0.0 0.0 0.0 0.0 0.0 0.0 0.0 0.0 0.0 0.0 0.0 0.0
22151.224609375 331.64385986328125 0.0 0.0 0.0 0.0 0.0 0.0 0.0 0.0 0.0 0.0 0.0 0.0 0.0 0.0 0.0 0.0 0.0 0.0 0.0 0.0 0.0 0.0 0.0 0.0 0.0 0.0 0.0 0.0 0.0 0.0
21209.90234375 594.5482177734375 678.6917114257812 0.0 0.0 0.0 0.0 0.0 0.0 0.0 0.0 0.0 0.0 0.0 0.0 0.0 0.0 0.0 0.0 0.0 0.0 0.0 0.0 0.0 0.0 0.0 0.0 0.0 0.0 0.0 0.0 0.0
20232.583984375 495.3796081542969 910.1017456054688 844.804443359375 0.0 0.0 0.0 0.0 0.0 0.0 0.0 0.0 0.0 0.0 0.0 0.0 0.0 0.0 0.0 0.0 0.0 0.0 0.0 0.0 0.0 0.0 0.0 0.0 0.0 0.0 0.0 0.0
19351.859375 425.10784912109375 752.3104858398438 1065.139892578125 888.5092163085938 0.0 0.0 0.0 0.0 0.0 0.0 0.0 0.0 0.0 0.0 0.0 0.0 0.0 0.0 0.0 0.0 0.0 0.0 0.0 0.0 0.0 0.0 0.0 0.0 0.0 0.0 0.0
18709.8125 387.8539733886719 603.3177490234375 860.241943359375 1005.21533203125 916.649658203125 0.0 0.0 0.0 0.0 0.0 0.0 0.0 0.0 0.0 0.0 0.0 0.0 0.0 0.0 0.0 0.0 0.0 0.0 0.0 0.0 0.0 0.0 0.0 0.0 0.0 0.0
18362.45703125 329.06976318359375 484.1225891113281 663.29541015625 778.1815185546875 964.3385620117188 901.552490234375 0.0 0.0 0.0 0.0 0.0 0.0 0.0 0.0 0.0 0.0 0.0 0.0 0.0 0.0 0.0 0.0 0.0 0.0 0.0 0.0 0.0 0.0 0.0 0.0 0.0
17890.58203125 301.474853515625 421.3694152832031 576.36474609375 628.136474609375 823.4408569335938 928.2207641601562 913.5032348632812 0.0 0.0 0.0 0.0 0.0 0.0 0.0 0.0 0.0 0.0 0.0 0.0 0.0 0.0 0.0 0.0 0.0 0.0 0.0 0.0 0.0 0.0 0.0 0.0
17469.14453125 275.6239929199219 383.5123596191406 489.09136962890625 546.5423583984375 648.6327514648438 742.6491088867188 959.3111572265625 968.4029541015625 0.0 0.0 0.0 0.0 0.0 0.0 0.0 0.0 0.0 0.0 0.0 0.0 0.0 0.0 0.0 0.0 0.0 0.0 0.0 0.0 0.0 0.0 0.0
17088.603515625 248.0443878173828 334.0791320800781 467.37945556640625 566.1542358398438 558.7809448242188 596.1154174804688 722.9464111328125 937.4508666992188 963.6376342773438 0.0 0.0 0.0 0.0 0.0 0.0 0.0 0.0 0.0 0.0 0.0 0.0 0.0 0.0 0.0 0.0 0.0 0.0 0.0 0.0 0.0 0.0
16965.259765625 225.64169311523438 296.6526184082031 382.01617431640625 411.8223876953125 453.1153259277344 509.70513916015625 562.942138671875 729.0302124023438 956.6912841796875 990.214599609375 0.0 0.0 0.0 0.0 0.0 0.0 0.0 0.0 0.0 0.0 0.0 0.0 0.0 0.0 0.0 0.0 0.0 0.0 0.0 0.0 0.0
16676.748046875 211.8656005859375 269.6338806152344 379.68121337890625 390.6877136230469 434.63470458984375 431.9901428222656 480.2262878417969 561.5753784179688 707.9232788085938 937.3377685546875 1000.717041015625 0.0 0.0 0.0 0.0 0.0 0.0 0.0 0.0 0.0 0.0 0.0 0.0 0.0 0.0 0.0 0.0 0.0 0.0 0.0 0.0
16321.4306640625 219.1782989501953 277.8580322265625 349.5378723144531 382.529541015625 426.5598449707031 396.2141418457031 418.9801330566406 490.347900390625 570.864501953125 721.713134765625 929.2543334960938 978.6038818359375 0.0 0.0 0.0 0.0 0.0 0.0 0.0 0.0 0.0 0.0 0.0 0.0 0.0 0.0 0.0 0.0 0.0 0.0 0.0
16325.3818359375 195.90823364257812 235.56175231933594 294.9582214355469 324.928955078125 355.2111511230469 360.8686828613281 372.84869384765625 413.64837646484375 464.65533447265625 573.7078857421875 691.0387573242188 899.91064453125 974.2000732421875 0.0 0.0 0.0 0.0 0.0 0.0 0.0 0.0 0.0 0.0 0.0 0.0 0.0 0.0 0.0 0.0 0.0 0.0
15988.759765625 177.74447631835938 219.4272918701172 268.76690673828125 297.7250671386719 322.124267578125 343.5370178222656 350.22943115234375 383.4576721191406 420.4601135253906 519.3881225585938 566.6875610351562 686.7464599609375 949.3096313476562 988.705810546875 0.0 0.0 0.0 0.0 0.0 0.0 0.0 0.0 0.0 0.0 0.0 0.0 0.0 0.0 0.0 0.0 0.0
15776.798828125 165.4310760498047 206.62294006347656 248.47824096679688 344.0706787109375 295.3698425292969 319.992431640625 324.9908142089844 363.5260925292969 387.429931640625 426.5173645019531 492.3269348144531 559.2330322265625 690.7298583984375 886.2168579101562 995.3130493164062 0.0 0.0 0.0 0.0 0.0 0.0 0.0 0.0 0.0 0.0 0.0 0.0 0.0 0.0 0.0 0.0
15503.7529296875 153.48556518554688 196.66748046875 241.12037658691406 274.82904052734375 271.11865234375 297.0485534667969 315.43597412109375 351.6827392578125 367.2316589355469 429.2143859863281 419.2101745605469 496.8209228515625 576.2874755859375 668.4061279296875 895.8062744140625 1024.8292236328125 0.0 0.0 0.0 0.0 0.0 0.0 0.0 0.0 0.0 0.0 0.0 0.0 0.0 0.0 0.0
15400.8388671875 148.56573486328125 183.8024139404297 236.2267608642578 282.51971435546875 260.0621337890625 279.1455383300781 295.50665283203125 327.718994140625 355.5436706542969 373.6341857910156 364.2393493652344 423.15240478515625 484.3458251953125 530.627685546875 657.8839111328125 867.0616455078125 1012.2387084960938 0.0 0.0 0.0 0.0 0.0 0.0 0.0 0.0 0.0 0.0 0.0 0.0 0.0 0.0
15194.7265625 145.0602264404297 168.70086669921875 228.6766357421875 259.6568908691406 268.04449462890625 270.49859619140625 281.7931823730469 293.2762756347656 316.89801025390625 366.00885009765625 346.0506286621094 401.8161926269531 409.0645446777344 442.2731628417969 539.1876831054688 656.2784423828125 896.8287353515625 998.0833740234375 0.0 0.0 0.0 0.0 0.0 0.0 0.0 0.0 0.0 0.0 0.0 0.0 0.0
14974.4072265625 140.53627014160156 162.6207275390625 221.47021484375 249.51869201660156 261.3623352050781 263.7950439453125 256.1664123535156 273.3833312988281 304.0750427246094 335.4229736328125 363.1968688964844 353.9519348144531 363.5075988769531 395.7797546386719 486.7286682128906 535.5624389648438 653.37646484375 899.5612182617188 988.5924072265625 0.0 0.0 0.0 0.0 0.0 0.0 0.0 0.0 0.0 0.0 0.0 0.0
14963.1103515625 136.7830810546875 155.08407592773438 206.76611328125 227.12718200683594 243.30274963378906 243.89271545410156 255.10581970214844 263.29937744140625 281.8171081542969 312.2178039550781 318.7140197753906 332.2392272949219 342.6581726074219 356.45458984375 391.3950500488281 446.5954284667969 558.7265625 644.49755859375 828.038330078125 975.1785278320312 0.0 0.0 0.0 0.0 0.0 0.0 0.0 0.0 0.0 0.0 0.0
14838.3232421875 128.0133514404297 156.79627990722656 198.60047912597656 221.4253692626953 232.56845092773438 238.36863708496094 246.69847106933594 253.76499938964844 264.7646484375 276.5316467285156 298.3802185058594 302.8379821777344 328.77203369140625 329.48919677734375 353.3331298828125 381.138671875 446.48773193359375 545.3972778320312 638.8065795898438 830.1043090820312 972.3748779296875 0.0 0.0 0.0 0.0 0.0 0.0 0.0 0.0 0.0 0.0
14598.0244140625 122.9222412109375 157.81768798828125 229.8914794921875 216.34091186523438 223.65756225585938 225.19967651367188 244.11764526367188 260.16986083984375 256.4835205078125 276.97796630859375 310.6570739746094 294.61962890625 312.8320007324219 321.4878845214844 330.90557861328125 342.22613525390625 383.81365966796875 450.5003967285156 532.7510375976562 613.7929077148438 804.1838989257812 973.5936889648438 0.0 0.0 0.0 0.0 0.0 0.0 0.0 0.0 0.0
14444.568359375 120.1922378540039 157.54638671875 215.43087768554688 208.0922393798828 219.40638732910156 216.41348266601562 227.36109924316406 252.88247680664062 253.5414276123047 265.4064636230469 282.51373291015625 267.72186279296875 309.44293212890625 317.9739990234375 316.3626403808594 318.2459411621094 334.2052307128906 381.1260986328125 444.34619140625 496.0741882324219 616.502685546875 826.2993774414062 991.3718872070312 0.0 0.0 0.0 0.0 0.0 0.0 0.0 0.0
14339.8310546875 118.24675750732422 145.32791137695312 201.20602416992188 202.81277465820312 205.10110473632812 208.3696746826172 227.8054962158203 239.441650390625 246.83766174316406 273.35711669921875 267.5137634277344 270.83135986328125 297.10693359375 282.5245361328125 285.408935546875 307.6325378417969 312.6737060546875 333.71661376953125 369.4925231933594 418.8319091796875 508.59075927734375 623.2188110351562 797.1334228515625 999.9949951171875 0.0 0.0 0.0 0.0 0.0 0.0 0.0
14179.19140625 117.3221206665039 141.33889770507812 191.09622192382812 202.47857666015625 209.9573211669922 210.9384307861328 223.24761962890625 239.79876708984375 232.96347045898438 252.4703369140625 259.63934326171875 259.1323547363281 260.41790771484375 270.5858154296875 270.1628723144531 295.8415832519531 293.8404846191406 317.99017333984375 333.1900329589844 358.3084411621094 431.8246154785156 503.1131286621094 605.8289794921875 821.9590454101562 999.3662719726562 0.0 0.0 0.0 0.0 0.0 0.0
14007.5849609375 115.0561752319336 135.83859252929688 181.32261657714844 186.4912567138672 194.69290161132812 201.69198608398438 204.5745391845703 223.67318725585938 219.94390869140625 245.3837432861328 246.56756591796875 274.84228515625 265.127685546875 267.3891296386719 264.9529724121094 301.48602294921875 294.8334655761719 334.30816650390625 308.4537658691406 321.435791015625 359.7141418457031 420.9974670410156 495.0028991699219 634.3026123046875 805.7394409179688 970.5584716796875 0.0 0.0 0.0 0.0 0.0
14042.0986328125 109.70137023925781 129.0210418701172 170.38961791992188 174.22056579589844 182.2468719482422 195.40243530273438 195.01998901367188 222.24761962890625 208.19210815429688 230.9267120361328 250.58743286132812 261.9690246582031 264.50665283203125 270.9618225097656 248.656494140625 251.5159454345703 278.3576965332031 300.50787353515625 296.5698547363281 291.3989562988281 311.7455139160156 355.1706848144531 419.7274475097656 485.4450988769531 592.6184692382812 764.8500366210938 977.8899536132812 0.0 0.0 0.0 0.0
13842.5205078125 101.22203063964844 127.32794189453125 169.12139892578125 166.33216857910156 177.1150665283203 193.90594482421875 193.18331909179688 203.01129150390625 202.0712890625 221.6600799560547 229.68124389648438 251.02963256835938 256.17401123046875 258.9997863769531 246.55572509765625 237.9866485595703 257.4615478515625 278.7432861328125 279.34844970703125 283.2279052734375 298.9849548339844 328.9508361816406 374.7434387207031 426.9287109375 507.6708068847656 588.3489990234375 829.8448486328125 949.7821655273438 0.0 0.0 0.0
13658.32421875 96.9101791381836 124.75399017333984 171.27203369140625 167.90567016601562 175.22605895996094 185.26182556152344 192.4596405029297 206.90052795410156 207.0300750732422 215.17201232910156 234.4361572265625 239.8395538330078 254.2783660888672 248.43115234375 265.52716064453125 234.1161346435547 232.7381591796875 257.93621826171875 257.4145202636719 266.78607177734375 287.64837646484375 321.89263916015625 336.7466125488281 387.7039489746094 440.3670349121094 481.41552734375 611.226806640625 757.2722778320312 964.9920654296875 0.0 0.0
13663.7060546875 95.0951156616211 120.10553741455078 161.6892547607422 162.9547119140625 170.45864868164062 174.73611450195312 180.07044982910156 194.4638671875 201.5316925048828 213.0365753173828 247.05751037597656 225.73716735839844 221.37904357910156 237.43003845214844 267.2400207519531 234.53427124023438 230.58474731445312 255.2718048095703 253.51246643066406 244.11424255371094 267.1011657714844 304.8088073730469 301.5888671875 315.9521179199219 349.7158203125 410.3319396972656 502.3600769042969 566.9904174804688 749.1989135742188 959.3157348632812 0.0
13494.8876953125 96.64490509033203 118.57705688476562 152.29373168945312 171.64456176757812 187.873779296875 174.1047821044922 182.5205535888672 197.21923828125 204.6678466796875 227.75515747070312 235.77740478515625 217.1779022216797 227.32431030273438 240.34786987304688 243.2822265625 231.78399658203125 225.6326904296875 289.8909606933594 237.0017547607422 228.41217041015625 250.0120391845703 291.5561828613281 327.412841796875 278.3724060058594 299.26812744140625 335.97955322265625 410.0377502441406 454.77569580078125 555.0796508789062 745.2727661132812 949.3809814453125
