22486.0 0.0 0.0 0.0 0.0 0.0 0.0 0.0 0.0 0.0 0.0 0.0 0.0 0.0 0.0 0.0 0.0 0.0 0.0 0.0 0.0 0.0 0.0 0.0 0.0 0.0 0.0 0.0 0.0 0.0 0.0 0.0
17995.57421875 4488.1337890625 0.0 0.0 0.0 0.0 0.0 0.0 0.0 0.0 0.0 0.0 0.0 0.0 0.0 0.0 0.0 0.0 0.0 0.0 0.0 0.0 0.0 0.0 0.0 0.0 0.0 0.0 0.0 0.0 0.0 0.0
18004.12109375 758.0625 3720.64013671875 0.0 0.0 0.0 0.0 0.0 0.0 0.0 0.0 0.0 0.0 0.0 0.0 0.0 0.0 0.0 0.0 0.0 0.0 0.0 0.0 0.0 0.0 0.0 0.0 0.0 0.0 0.0 0.0 0.0
17503.548828125 423.324462890625 912.6695556640625 3643.408203125 0.0 0.0 0.0 0.0 0.0 0.0 0.0 0.0 0.0 0.0 0.0 0.0 0.0 0.0 0.0 0.0 0.0 0.0 0.0 0.0 0.0 0.0 0.0 0.0 0.0 0.0 0.0 0.0
17222.408203125 293.3447570800781 494.6249694824219 918.0870971679688 3554.379638671875 0.0 0.0 0.0 0.0 0.0 0.0 0.0 0.0 0.0 0.0 0.0 0.0 0.0 0.0 0.0 0.0 0.0 0.0 0.0 0.0 0.0 0.0 0.0 0.0 0.0 0.0 0.0
17151.517578125 242.38340759277344 336.1783447265625 495.2056884765625 909.919921875 3347.87158203125 0.0 0.0 0.0 0.0 0.0 0.0 0.0 0.0 0.0 0.0 0.0 0.0 0.0 0.0 0.0 0.0 0.0 0.0 0.0 0.0 0.0 0.0 0.0 0.0 0.0 0.0
16969.421875 208.86497497558594 280.025634765625 367.1343078613281 505.84674072265625 868.9649658203125 3282.768798828125 0.0 0.0 0.0 0.0 0.0 0.0 0.0 0.0 0.0 0.0 0.0 0.0 0.0 0.0 0.0 0.0 0.0 0.0 0.0 0.0 0.0 0.0 0.0 0.0 0.0
16929.63671875 159.04351806640625 228.37037658691406 288.52392578125 355.8997497558594 484.7394714355469 862.9915161132812 3173.898681640625 0.0 0.0 0.0 0.0 0.0 0.0 0.0 0.0 0.0 0.0 0.0 0.0 0.0 0.0 0.0 0.0 0.0 0.0 0.0 0.0 0.0 0.0 0.0 0.0
16729.5625 128.74172973632812 191.7781219482422 255.42193603515625 287.45550537109375 346.6456298828125 489.08062744140625 850.275146484375 3204.1201171875 0.0 0.0 0.0 0.0 0.0 0.0 0.0 0.0 0.0 0.0 0.0 0.0 0.0 0.0 0.0 0.0 0.0 0.0 0.0 0.0 0.0 0.0 0.0
16627.646484375 102.56304168701172 153.93215942382812 207.123291015625 246.16220092773438 274.26544189453125 348.6688232421875 483.00848388671875 845.2037963867188 3194.406005859375 0.0 0.0 0.0 0.0 0.0 0.0 0.0 0.0 0.0 0.0 0.0 0.0 0.0 0.0 0.0 0.0 0.0 0.0 0.0 0.0 0.0 0.0
16589.228515625 100.5469741821289 137.5572967529297 172.47714233398438 205.03936767578125 237.881591796875 285.66033935546875 342.8709716796875 483.48443603515625 841.2113647460938 3086.9501953125 0.0 0.0 0.0 0.0 0.0 0.0 0.0 0.0 0.0 0.0 0.0 0.0 0.0 0.0 0.0 0.0 0.0 0.0 0.0 0.0 0.0
16485.25 101.75481414794922 127.90279388427734 146.13697814941406 167.09584045410156 201.51077270507812 235.08120727539062 275.20880126953125 362.6347351074219 477.98004150390625 832.0509643554688 3070.515625 0.0 0.0 0.0 0.0 0.0 0.0 0.0 0.0 0.0 0.0 0.0 0.0 0.0 0.0 0.0 0.0 0.0 0.0 0.0 0.0
16344.486328125 102.10498809814453 124.87286376953125 130.0896759033203 142.1276092529297 166.22283935546875 206.7407684326172 237.482421875 286.1489562988281 352.0784912109375 500.6217041015625 858.4910888671875 3031.5234375 0.0 0.0 0.0 0.0 0.0 0.0 0.0 0.0 0.0 0.0 0.0 0.0 0.0 0.0 0.0 0.0 0.0 0.0 0.0
16342.8896484375 99.168701171875 117.10598754882812 124.9652099609375 125.2126235961914 137.05519104003906 169.4046630859375 202.82638549804688 234.22842407226562 277.5788269042969 340.4166564941406 479.3147888183594 820.0863037109375 3012.716064453125 0.0 0.0 0.0 0.0 0.0 0.0 0.0 0.0 0.0 0.0 0.0 0.0 0.0 0.0 0.0 0.0 0.0 0.0
16210.306640625 72.60201263427734 103.843017578125 121.57552337646484 122.77806854248047 122.33939361572266 142.8195343017578 167.9902801513672 202.63916015625 243.1575927734375 273.64910888671875 346.9842224121094 470.79901123046875 842.6805419921875 3038.8193359375 0.0 0.0 0.0 0.0 0.0 0.0 0.0 0.0 0.0 0.0 0.0 0.0 0.0 0.0 0.0 0.0 0.0
16143.4404296875 61.39183044433594 88.56888580322266 113.3051986694336 119.84173583984375 116.44432830810547 129.6591033935547 139.79222106933594 166.19190979003906 215.09271240234375 239.98712158203125 289.438232421875 349.04534912109375 489.0492248535156 813.5324096679688 3008.294921875 0.0 0.0 0.0 0.0 0.0 0.0 0.0 0.0 0.0 0.0 0.0 0.0 0.0 0.0 0.0 0.0
16057.0390625 56.525081634521484 76.97052764892578 98.04731750488281 113.3863754272461 115.81037139892578 122.58279418945312 129.68397521972656 152.16627502441406 176.88084411621094 205.94482421875 257.1663513183594 289.44012451171875 342.4715270996094 473.3335876464844 812.938232421875 3002.54833984375 0.0 0.0 0.0 0.0 0.0 0.0 0.0 0.0 0.0 0.0 0.0 0.0 0.0 0.0 0.0
16102.6162109375 55.10200119018555 70.331298828125 83.84021759033203 95.73297119140625 106.98725128173828 116.91106414794922 119.0127944946289 128.3629150390625 139.86375427246094 182.80133056640625 206.08404541015625 238.0943603515625 266.2663269042969 329.979248046875 463.4983825683594 798.2303466796875 2979.26123046875 0.0 0.0 0.0 0.0 0.0 0.0 0.0 0.0 0.0 0.0 0.0 0.0 0.0 0.0
16113.2568359375 54.475772857666016 69.61483764648438 75.29910278320312 84.2000961303711 93.11231994628906 107.44637298583984 113.42723083496094 116.87922668457031 124.49153137207031 145.52581787109375 179.6272430419922 201.9345245361328 228.95797729492188 259.8363037109375 331.67218017578125 448.6094055175781 797.780029296875 2936.687744140625 0.0 0.0 0.0 0.0 0.0 0.0 0.0 0.0 0.0 0.0 0.0 0.0 0.0
16089.5302734375 48.75071334838867 71.17388916015625 76.00992584228516 74.40715026855469 81.44747924804688 97.92040252685547 108.96932983398438 117.60873413085938 119.3345947265625 124.88452911376953 158.37973022460938 162.55862426757812 193.06077575683594 228.34866333007812 262.8451232910156 321.31451416015625 454.2197265625 788.072265625 2904.171630859375 0.0 0.0 0.0 0.0 0.0 0.0 0.0 0.0 0.0 0.0 0.0 0.0
16048.1806640625 41.47578048706055 65.10820770263672 77.2177505493164 79.07389831542969 72.62200927734375 81.06979370117188 93.63504028320312 107.53692626953125 114.09323120117188 119.33751678466797 124.92627716064453 136.08811950683594 158.44473266601562 194.7014923095703 222.88682556152344 256.2774353027344 318.1113586425781 455.0541076660156 781.6905517578125 2935.458740234375 0.0 0.0 0.0 0.0 0.0 0.0 0.0 0.0 0.0 0.0 0.0
15977.876953125 35.80935287475586 55.781856536865234 73.1606216430664 75.707763671875 71.64759063720703 74.93986511230469 81.64474487304688 94.07775115966797 114.36104583740234 116.2801513671875 117.05791473388672 119.66393280029297 138.08670043945312 163.71534729003906 191.6598663330078 222.93421936035156 269.0672912597656 332.13140869140625 479.14306640625 777.1175537109375 2901.061767578125 0.0 0.0 0.0 0.0 0.0 0.0 0.0 0.0 0.0 0.0
15985.376953125 33.51986312866211 48.75248336791992 66.07134246826172 70.8068618774414 71.56439971923828 74.43223571777344 74.73413848876953 82.78221893310547 94.47258758544922 107.2092056274414 119.75773620605469 113.14917755126953 123.10415649414062 139.80050659179688 159.1741943359375 191.468017578125 222.80584716796875 263.8056640625 322.933837890625 441.43756103515625 769.0555419921875 2906.763427734375 0.0 0.0 0.0 0.0 0.0 0.0 0.0 0.0 0.0
15994.5263671875 37.057518005371094 47.23452377319336 59.084407806396484 64.60770416259766 68.6722640991211 73.00772857666016 74.17696380615234 77.18975830078125 81.13951110839844 95.27340698242188 117.94100952148438 112.06523895263672 121.12308502197266 121.60468292236328 134.27528381347656 167.6571807861328 192.6134033203125 226.4535675048828 265.7173767089844 315.02984619140625 442.0846862792969 769.1397705078125 2825.345458984375 0.0 0.0 0.0 0.0 0.0 0.0 0.0 0.0
15845.1728515625 43.20698928833008 49.910579681396484 56.56657791137695 59.85991668701172 63.31519317626953 72.27166748046875 73.70073699951172 75.927490234375 79.34383392333984 93.24685668945312 108.5538330078125 114.57111358642578 121.0244140625 120.20504760742188 122.91676330566406 137.53712463378906 165.1849365234375 189.2513427734375 234.31153869628906 252.2444305419922 320.0158386230469 442.2939453125 765.5921020507812 2876.713623046875 0.0 0.0 0.0 0.0 0.0 0.0 0.0
15962.08984375 45.09276580810547 53.107337951660156 54.92033386230469 53.91154098510742 55.66556167602539 64.29846954345703 68.04000854492188 71.28250122070312 71.58168029785156 73.3077621459961 79.47259521484375 92.6840591430664 107.02242279052734 109.63348388671875 105.78849029541016 112.07161712646484 125.93650817871094 151.88186645507812 190.56655883789062 212.29803466796875 247.12208557128906 309.11566162109375 433.7641906738281 759.240966796875 2872.080078125 0.0 0.0 0.0 0.0 0.0 0.0
15917.3291015625 37.1360969543457 53.65799331665039 57.97073745727539 54.230079650878906 52.45796203613281 58.00110626220703 61.73410415649414 68.66351318359375 72.38699340820312 71.18187713623047 73.02908325195312 81.4643325805664 93.43844604492188 111.621337890625 106.77359771728516 110.63510131835938 111.85990142822266 127.18075561523438 156.59652709960938 180.5193328857422 213.7366943359375 254.42039489746094 307.46795654296875 432.63201904296875 749.0745849609375 2866.83154296875 0.0 0.0 0.0 0.0 0.0
15932.36328125 30.474449157714844 47.52498245239258 60.16642379760742 57.02576446533203 52.27473449707031 52.578269958496094 55.3842658996582 62.202476501464844 71.54965209960938 70.12857055664062 70.51091766357422 71.48863220214844 81.41148376464844 94.1395034790039 100.0986328125 106.29235076904297 109.31033325195312 112.346923828125 127.23408508300781 149.85682678222656 182.259765625 211.94053649902344 243.21749877929688 311.9263000488281 428.3045654296875 762.75634765625 2827.214111328125 0.0 0.0 0.0 0.0
15880.2041015625 26.51090431213379 40.415061950683594 55.15599822998047 59.69160461425781 56.11827087402344 54.16311264038086 51.223548889160156 54.644554138183594 62.38955307006836 67.65068817138672 68.77228546142578 70.17618560791016 72.73322296142578 81.17101287841797 92.10995483398438 99.10192108154297 103.89556884765625 105.43059539794922 113.07494354248047 122.91092681884766 149.15489196777344 179.6470184326172 209.3280487060547 244.79324340820312 304.34600830078125 445.39556884765625 747.5419921875 2864.324951171875 0.0 0.0 0.0
15817.697265625 26.991737365722656 36.644283294677734 47.23674774169922 54.28492736816406 57.832271575927734 58.27547836303711 54.33070373535156 52.850215911865234 56.41363525390625 61.63235855102539 69.09119415283203 69.8447494506836 70.44496154785156 73.79996490478516 79.4552230834961 88.5274429321289 100.1710205078125 105.18905639648438 110.26693725585938 110.96318817138672 126.28177642822266 151.50413513183594 181.68270874023438 213.44810485839844 245.296630859375 319.08966064453125 437.7037658691406 746.2687377929688 2858.7255859375 0.0 0.0
15840.576171875 29.464088439941406 35.9847297668457 42.06813049316406 45.78507995605469 52.635955810546875 58.00056457519531 54.74004364013672 51.71354293823242 50.95206832885742 53.7667121887207 72.39093780517578 67.24726867675781 71.65509796142578 73.69644927978516 76.36969757080078 76.9970474243164 86.79400634765625 97.90503692626953 114.96946716308594 103.44143676757812 108.71623229980469 126.47956085205078 147.39312744140625 174.7036895751953 210.5732421875 243.27174377441406 309.05023193359375 422.39056396484375 754.0416259765625 2828.116943359375 0.0
15766.7138671875 31.725830078125 38.561065673828125 42.31148147583008 45.35471725463867 45.037967681884766 53.942726135253906 56.556175231933594 55.12090301513672 51.6165885925293 50.41169357299805 57.38533401489258 64.72347259521484 73.3909912109375 75.24755096435547 71.23772430419922 71.29212951660156 77.07036590576172 88.213134765625 102.86461639404297 104.1344985961914 102.49205017089844 110.01910400390625 121.39307403564453 150.23251342773438 177.3005828857422 210.58164978027344 262.1847839355469 302.31903076171875 430.301513671875 744.4898681640625 2847.698486328125
