22486.0 0.0 0.0 0.0 0.0 0.0 0.0 0.0 0.0 0.0 0.0 0.0 0.0 0.0 0.0 0.0 0.0 0.0 0.0 0.0 0.0 0.0 0.0 0.0 0.0 0.0 0.0 0.0 0.0 0.0 0.0 0.0
20988.8984375 1493.78125 0.0 0.0 0.0 0.0 0.0 0.0 0.0 0.0 0.0 0.0 0.0 0.0 0.0 0.0 0.0 0.0 0.0 0.0 0.0 0.0 0.0 0.0 0.0 0.0 0.0 0.0 0.0 0.0 0.0 0.0
20658.3671875 659.6030883789062 1164.8477783203125 0.0 0.0 0.0 0.0 0.0 0.0 0.0 0.0 0.0 0.0 0.0 0.0 0.0 0.0 0.0 0.0 0.0 0.0 0.0 0.0 0.0 0.0 0.0 0.0 0.0 0.0 0.0 0.0 0.0
20624.47265625 461.4959411621094 474.1885070800781 922.8924560546875 0.0 0.0 0.0 0.0 0.0 0.0 0.0 0.0 0.0 0.0 0.0 0.0 0.0 0.0 0.0 0.0 0.0 0.0 0.0 0.0 0.0 0.0 0.0 0.0 0.0 0.0 0.0 0.0
20389.59765625 357.3197326660156 323.7281188964844 407.137939453125 1005.1245727539062 0.0 0.0 0.0 0.0 0.0 0.0 0.0 0.0 0.0 0.0 0.0 0.0 0.0 0.0 0.0 0.0 0.0 0.0 0.0 0.0 0.0 0.0 0.0 0.0 0.0 0.0 0.0
20194.5390625 345.0252380371094 323.92840576171875 292.16656494140625 397.3269348144531 929.9672241210938 0.0 0.0 0.0 0.0 0.0 0.0 0.0 0.0 0.0 0.0 0.0 0.0 0.0 0.0 0.0 0.0 0.0 0.0 0.0 0.0 0.0 0.0 0.0 0.0 0.0 0.0
20409.89453125 304.26141357421875 213.35939025878906 203.6459503173828 250.65713500976562 359.2371520996094 741.9232788085938 0.0 0.0 0.0 0.0 0.0 0.0 0.0 0.0 0.0 0.0 0.0 0.0 0.0 0.0 0.0 0.0 0.0 0.0 0.0 0.0 0.0 0.0 0.0 0.0 0.0
20381.21484375 271.7181091308594 180.16732788085938 177.16835021972656 209.8082733154297 252.5658416748047 309.4548645019531 700.9527587890625 0.0 0.0 0.0 0.0 0.0 0.0 0.0 0.0 0.0 0.0 0.0 0.0 0.0 0.0 0.0 0.0 0.0 0.0 0.0 0.0 0.0 0.0 0.0 0.0
20391.091796875 251.51905822753906 153.12460327148438 146.90902709960938 191.5957794189453 187.42752075195312 200.01283264160156 292.6753845214844 668.5935668945312 0.0 0.0 0.0 0.0 0.0 0.0 0.0 0.0 0.0 0.0 0.0 0.0 0.0 0.0 0.0 0.0 0.0 0.0 0.0 0.0 0.0 0.0 0.0
20388.6484375 237.15103149414062 142.13125610351562 129.1612548828125 138.1313934326172 223.986572265625 156.8729248046875 181.27232360839844 264.3670959472656 621.317138671875 0.0 0.0 0.0 0.0 0.0 0.0 0.0 0.0 0.0 0.0 0.0 0.0 0.0 0.0 0.0 0.0 0.0 0.0 0.0 0.0 0.0 0.0
20415.05078125 222.32174682617188 120.11466217041016 116.47515106201172 121.81336975097656 135.85398864746094 148.91224670410156 153.28675842285156 177.21511840820312 259.35919189453125 612.6329956054688 0.0 0.0 0.0 0.0 0.0 0.0 0.0 0.0 0.0 0.0 0.0 0.0 0.0 0.0 0.0 0.0 0.0 0.0 0.0 0.0 0.0
20310.8125 218.3721160888672 118.08525848388672 106.74187469482422 109.43216705322266 125.31332397460938 116.53934478759766 165.13389587402344 144.84091186523438 166.47227478027344 307.2093505859375 594.00537109375 0.0 0.0 0.0 0.0 0.0 0.0 0.0 0.0 0.0 0.0 0.0 0.0 0.0 0.0 0.0 0.0 0.0 0.0 0.0 0.0
20262.48046875 217.47366333007812 112.66753387451172 98.95149993896484 101.15484619140625 111.55415344238281 106.84867095947266 116.9481201171875 171.5673828125 136.523681640625 206.1953125 246.304443359375 594.3628540039062 0.0 0.0 0.0 0.0 0.0 0.0 0.0 0.0 0.0 0.0 0.0 0.0 0.0 0.0 0.0 0.0 0.0 0.0 0.0
20325.51953125 215.75010681152344 111.15638732910156 93.30183410644531 90.65505981445312 95.01505279541016 93.76807403564453 102.2957763671875 111.8190689086914 123.83128356933594 145.63645935058594 156.95550537109375 247.39453125 569.819091796875 0.0 0.0 0.0 0.0 0.0 0.0 0.0 0.0 0.0 0.0 0.0 0.0 0.0 0.0 0.0 0.0 0.0 0.0
20332.46484375 203.2093963623047 107.01771545410156 91.92247009277344 86.26373291015625 89.59963989257812 85.17400360107422 88.6000747680664 97.90104675292969 101.18128204345703 132.67369079589844 129.70716857910156 159.78533935546875 232.9146728515625 544.6179809570312 0.0 0.0 0.0 0.0 0.0 0.0 0.0 0.0 0.0 0.0 0.0 0.0 0.0 0.0 0.0 0.0 0.0
20359.2578125 199.06570434570312 95.99861145019531 87.87054443359375 86.4858169555664 84.30213928222656 79.85494995117188 81.7428207397461 90.50133514404297 93.75511932373047 102.52677917480469 105.53526306152344 122.83734893798828 147.0211181640625 223.00482177734375 523.22705078125 0.0 0.0 0.0 0.0 0.0 0.0 0.0 0.0 0.0 0.0 0.0 0.0 0.0 0.0 0.0 0.0
20317.431640625 188.39889526367188 84.63055419921875 80.1618881225586 81.19131469726562 80.74947357177734 74.27507019042969 74.67411804199219 79.21155548095703 83.35468292236328 110.65492248535156 88.64390563964844 104.74542236328125 122.4296875 153.1332550048828 210.24609375 549.121337890625 0.0 0.0 0.0 0.0 0.0 0.0 0.0 0.0 0.0 0.0 0.0 0.0 0.0 0.0 0.0
20334.703125 189.96665954589844 78.01148223876953 76.01786804199219 77.3600845336914 80.82194519042969 75.02457427978516 73.73300170898438 73.25624084472656 76.45731353759766 88.95946502685547 83.05838775634766 87.2559814453125 98.72720336914062 114.00651550292969 143.6626739501953 215.07354736328125 516.92919921875 0.0 0.0 0.0 0.0 0.0 0.0 0.0 0.0 0.0 0.0 0.0 0.0 0.0 0.0
20306.087890625 195.2261962890625 77.31121826171875 72.0016098022461 70.53092193603516 75.31181335449219 75.28521728515625 69.55463409423828 70.18016815185547 72.640625 79.0565414428711 74.89635467529297 78.87860107421875 82.02731323242188 96.51506042480469 112.14041137695312 141.70645141601562 205.05613708496094 528.5662231445312 0.0 0.0 0.0 0.0 0.0 0.0 0.0 0.0 0.0 0.0 0.0 0.0 0.0
20241.0234375 201.3777618408203 81.72177124023438 73.45128631591797 67.60670471191406 70.01115417480469 69.92556762695312 70.51947784423828 69.88623046875 72.66071319580078 73.73616790771484 68.38323211669922 71.84300994873047 80.9497299194336 83.79808044433594 101.3688735961914 116.8487777709961 136.08570861816406 202.92764282226562 528.9004516601562 0.0 0.0 0.0 0.0 0.0 0.0 0.0 0.0 0.0 0.0 0.0 0.0
20280.798828125 185.9566650390625 81.88611602783203 74.14994049072266 65.47938537597656 64.59563446044922 59.7851448059082 63.12373352050781 64.9775161743164 66.44886779785156 67.7327651977539 62.4864501953125 65.4968032836914 71.09767150878906 77.73589324951172 79.86772918701172 99.79206085205078 104.94711303710938 132.39076232910156 192.17152404785156 522.2022094726562 0.0 0.0 0.0 0.0 0.0 0.0 0.0 0.0 0.0 0.0 0.0
20230.9765625 168.50390625 78.98347473144531 76.17459869384766 68.48773956298828 65.48350524902344 57.10227584838867 58.25417709350586 60.63948059082031 63.50537872314453 68.69943237304688 61.51204299926758 59.80724334716797 63.57291030883789 72.56444549560547 77.0481948852539 83.26948547363281 99.5782470703125 110.95507049560547 130.9616241455078 199.56068420410156 527.3355712890625 0.0 0.0 0.0 0.0 0.0 0.0 0.0 0.0 0.0 0.0
20231.421875 153.60516357421875 73.8739013671875 77.80437469482422 70.74353790283203 70.43885040283203 58.89275360107422 54.96995162963867 56.39767074584961 59.09099578857422 64.0914077758789 62.467185974121094 56.856327056884766 58.50286865234375 64.6587905883789 69.66307067871094 74.24275207519531 79.66654968261719 94.78178405761719 109.2608642578125 136.4936065673828 195.23065185546875 509.7717590332031 0.0 0.0 0.0 0.0 0.0 0.0 0.0 0.0 0.0
20196.306640625 150.5596466064453 62.41066360473633 66.23031616210938 66.52751922607422 69.5227279663086 62.332462310791016 56.36655807495117 53.431640625 53.5511360168457 62.31971740722656 57.45359420776367 56.62679672241211 56.117393493652344 60.571041107177734 61.9794807434082 71.59120178222656 70.93435668945312 78.44090270996094 91.60906982421875 105.28790283203125 133.3368682861328 188.1290283203125 551.2781982421875 0.0 0.0 0.0 0.0 0.0 0.0 0.0 0.0
20105.412109375 148.43995666503906 58.529022216796875 60.229183197021484 60.30720138549805 66.27550506591797 64.69625091552734 59.98076248168945 56.00761795043945 52.50556945800781 58.37041091918945 55.95512008666992 57.068275451660156 59.32215881347656 57.863861083984375 58.173057556152344 63.641510009765625 67.17706298828125 73.99518585205078 80.94526672363281 97.58293914794922 113.8985824584961 130.31056213378906 199.826904296875 576.5501098632812 0.0 0.0 0.0 0.0 0.0 0.0 0.0
20163.96875 143.6599578857422 57.346412658691406 56.40319061279297 54.0281982421875 58.809112548828125 58.031333923339844 57.68192672729492 55.700584411621094 51.04752731323242 52.70344543457031 49.563167572021484 51.543617248535156 55.441505432128906 55.508975982666016 54.27293395996094 57.970603942871094 59.949886322021484 67.58535766601562 77.57789611816406 78.63285827636719 96.69461822509766 99.9133529663086 130.08924865722656 198.9862518310547 538.7636108398438 0.0 0.0 0.0 0.0 0.0 0.0
20149.271484375 144.44239807128906 57.127201080322266 56.989933013916016 51.029544830322266 53.79907989501953 52.8972053527832 54.918365478515625 58.577613830566406 53.5266227722168 52.385009765625 47.620479583740234 48.4134407043457 50.468292236328125 54.528533935546875 53.739227294921875 56.102996826171875 54.75962448120117 60.11717224121094 66.68878936767578 69.04627990722656 74.95720672607422 92.45928192138672 105.62620544433594 138.42959594726562 192.9665069580078 530.9882202148438 0.0 0.0 0.0 0.0 0.0
20123.421875 128.73519897460938 57.289649963378906 56.991607666015625 48.524574279785156 48.28950500488281 45.89581298828125 49.37211227416992 53.898475646972656 55.67440414428711 60.63276672363281 48.62812805175781 45.831844329833984 48.15132522583008 51.90667724609375 51.37030029296875 51.397552490234375 53.1904296875 56.304962158203125 62.02946472167969 66.01306915283203 70.32984161376953 75.61617279052734 95.02482604980469 105.1385269165039 131.0067596435547 184.947509765625 556.3557739257812 0.0 0.0 0.0 0.0
20140.68359375 118.18582916259766 52.974517822265625 54.2906494140625 49.34465408325195 46.4242057800293 42.308074951171875 43.557491302490234 47.83108139038086 52.144649505615234 55.969215393066406 49.359466552734375 45.829715728759766 43.787357330322266 47.067928314208984 48.58090591430664 50.7228889465332 52.2706298828125 54.19466781616211 57.00715637207031 60.51627731323242 65.10597229003906 68.0916976928711 77.22702026367188 100.44751739501953 104.07515716552734 127.70662689208984 182.33944702148438 543.9553833007812 0.0 0.0 0.0
20080.2578125 113.4244613647461 49.951778411865234 51.2960090637207 47.164119720458984 46.70693588256836 40.8780517578125 40.85299301147461 42.56449508666992 44.69659423828125 55.89207458496094 50.591270446777344 48.62849044799805 47.780662536621094 45.259521484375 45.87604522705078 48.0064811706543 50.23276138305664 53.1522102355957 54.8194580078125 57.80669403076172 62.296932220458984 63.89133071899414 73.00431823730469 80.57572174072266 98.00275421142578 106.86740112304688 131.3737335205078 185.83938598632812 564.2317504882812 0.0 0.0
20067.44921875 113.05128479003906 48.5069465637207 47.356788635253906 45.18772888183594 46.798683166503906 41.32957077026367 39.11247253417969 39.1899299621582 40.074092864990234 52.780189514160156 48.04273986816406 49.10139846801758 49.84406661987305 45.429561614990234 43.34891128540039 46.8143196105957 46.52699661254883 50.86751937866211 55.39191818237305 54.366973876953125 58.79368591308594 60.263519287109375 65.8717269897461 74.62217712402344 78.45214080810547 94.30583953857422 104.2488021850586 123.48436737060547 185.14122009277344 566.2620239257812 0.0
20050.5625 112.73492431640625 48.249412536621094 45.87901306152344 42.702415466308594 48.91404342651367 42.51234817504883 39.95429992675781 39.64277267456055 36.73957443237305 44.15226745605469 42.21088409423828 45.84253692626953 48.423404693603516 47.801597595214844 43.278831481933594 44.360713958740234 43.36807632446289 48.19571304321289 49.05632400512695 50.44279479980469 51.64797592163086 52.881649017333984 57.88485336303711 66.06068420410156 70.70178985595703 75.81742095947266 96.81405639648438 98.98021697998047 123.34705352783203 186.75047302246094 586.01953125
