22486.0 0.0 0.0 0.0 0.0 0.0 0.0 0.0 0.0 0.0 0.0 0.0 0.0 0.0 0.0 0.0 0.0 0.0 0.0 0.0 0.0 0.0 0.0 0.0 0.0 0.0 0.0 0.0 0.0 0.0 0.0 0.0
21937.578125 545.1650390625 0.0 0.0 0.0 0.0 0.0 0.0 0.0 0.0 0.0 0.0 0.0 0.0 0.0 0.0 0.0 0.0 0.0 0.0 0.0 0.0 0.0 0.0 0.0 0.0 0.0 0.0 0.0 0.0 0.0 0.0
21867.248046875 291.7055358886719 324.154296875 0.0 0.0 0.0 0.0 0.0 0.0 0.0 0.0 0.0 0.0 0.0 0.0 0.0 0.0 0.0 0.0 0.0 0.0 0.0 0.0 0.0 0.0 0.0 0.0 0.0 0.0 0.0 0.0 0.0
21771.93359375 228.4396209716797 194.9995880126953 287.52459716796875 0.0 0.0 0.0 0.0 0.0 0.0 0.0 0.0 0.0 0.0 0.0 0.0 0.0 0.0 0.0 0.0 0.0 0.0 0.0 0.0 0.0 0.0 0.0 0.0 0.0 0.0 0.0 0.0
21734.2578125 183.20541381835938 148.13063049316406 153.629638671875 263.82415771484375 0.0 0.0 0.0 0.0 0.0 0.0 0.0 0.0 0.0 0.0 0.0 0.0 0.0 0.0 0.0 0.0 0.0 0.0 0.0 0.0 0.0 0.0 0.0 0.0 0.0 0.0 0.0
21593.37890625 168.88922119140625 122.43959045410156 123.667724609375 139.31536865234375 335.28314208984375 0.0 0.0 0.0 0.0 0.0 0.0 0.0 0.0 0.0 0.0 0.0 0.0 0.0 0.0 0.0 0.0 0.0 0.0 0.0 0.0 0.0 0.0 0.0 0.0 0.0 0.0
21670.873046875 144.4469757080078 99.39740753173828 98.12328338623047 103.55226135253906 131.35379028320312 235.21881103515625 0.0 0.0 0.0 0.0 0.0 0.0 0.0 0.0 0.0 0.0 0.0 0.0 0.0 0.0 0.0 0.0 0.0 0.0 0.0 0.0 0.0 0.0 0.0 0.0 0.0
21623.642578125 138.062744140625 92.59454345703125 90.05073547363281 90.55513763427734 98.89351654052734 110.49983215332031 238.82017517089844 0.0 0.0 0.0 0.0 0.0 0.0 0.0 0.0 0.0 0.0 0.0 0.0 0.0 0.0 0.0 0.0 0.0 0.0 0.0 0.0 0.0 0.0 0.0 0.0
21593.56640625 131.73379516601562 81.21513366699219 77.7905044555664 75.47340393066406 86.13983154296875 92.70172882080078 112.04613494873047 232.37069702148438 0.0 0.0 0.0 0.0 0.0 0.0 0.0 0.0 0.0 0.0 0.0 0.0 0.0 0.0 0.0 0.0 0.0 0.0 0.0 0.0 0.0 0.0 0.0
21595.408203125 119.70469665527344 77.56377410888672 68.6469955444336 65.0810317993164 74.20479583740234 74.88973236083984 85.21455383300781 100.99884796142578 221.2728729248047 0.0 0.0 0.0 0.0 0.0 0.0 0.0 0.0 0.0 0.0 0.0 0.0 0.0 0.0 0.0 0.0 0.0 0.0 0.0 0.0 0.0 0.0
21550.7578125 113.65457153320312 70.45825958251953 64.28960418701172 61.90582275390625 64.76394653320312 67.73834228515625 72.2911376953125 82.35997009277344 93.17578125 241.546142578125 0.0 0.0 0.0 0.0 0.0 0.0 0.0 0.0 0.0 0.0 0.0 0.0 0.0 0.0 0.0 0.0 0.0 0.0 0.0 0.0 0.0
21539.8203125 103.68500518798828 66.27940368652344 62.15662384033203 59.17535400390625 60.11897277832031 60.7131462097168 64.87358093261719 68.64835357666016 74.73700714111328 90.11962890625 232.82162475585938 0.0 0.0 0.0 0.0 0.0 0.0 0.0 0.0 0.0 0.0 0.0 0.0 0.0 0.0 0.0 0.0 0.0 0.0 0.0 0.0
21554.9609375 100.80870056152344 62.43512725830078 57.241180419921875 54.28253936767578 57.78028869628906 56.43882751464844 56.04286193847656 58.944461822509766 64.87799835205078 72.32534790039062 85.21481323242188 201.62734985351562 0.0 0.0 0.0 0.0 0.0 0.0 0.0 0.0 0.0 0.0 0.0 0.0 0.0 0.0 0.0 0.0 0.0 0.0 0.0
21534.58984375 92.55318450927734 58.221900939941406 53.461219787597656 51.7553596496582 58.419219970703125 53.56052017211914 55.70832061767578 55.854957580566406 59.126182556152344 63.82013702392578 70.49956512451172 82.71379089355469 192.7599334716797 0.0 0.0 0.0 0.0 0.0 0.0 0.0 0.0 0.0 0.0 0.0 0.0 0.0 0.0 0.0 0.0 0.0 0.0
21463.61328125 92.75347137451172 59.114437103271484 52.85832977294922 49.68846893310547 54.678340911865234 52.82704544067383 55.06278610229492 56.258731842041016 54.71177673339844 61.463401794433594 64.76644897460938 71.6464614868164 83.91383361816406 209.60853576660156 0.0 0.0 0.0 0.0 0.0 0.0 0.0 0.0 0.0 0.0 0.0 0.0 0.0 0.0 0.0 0.0 0.0
21474.365234375 89.05428314208984 54.429134368896484 50.16842269897461 46.14540100097656 51.839637756347656 50.04658508300781 47.780757904052734 51.941104888916016 50.268699645996094 54.23202896118164 56.380123138427734 59.63573455810547 68.48243713378906 78.57231903076172 199.658203125 0.0 0.0 0.0 0.0 0.0 0.0 0.0 0.0 0.0 0.0 0.0 0.0 0.0 0.0 0.0 0.0
21453.34765625 80.53892517089844 52.40719985961914 47.39826202392578 44.55348205566406 51.150657653808594 44.713356018066406 45.31327438354492 46.75497055053711 45.914424896240234 49.75784683227539 50.356117248535156 55.21399688720703 55.07844161987305 64.91806030273438 72.81995391845703 222.73321533203125 0.0 0.0 0.0 0.0 0.0 0.0 0.0 0.0 0.0 0.0 0.0 0.0 0.0 0.0 0.0
21425.744140625 77.55455780029297 49.25897216796875 46.2563591003418 43.98232650756836 50.19635772705078 46.32295608520508 45.72986602783203 44.91852951049805 44.45638656616211 49.910369873046875 50.27918243408203 52.03935241699219 53.31978988647461 57.596168518066406 67.45025634765625 74.49253845214844 203.50457763671875 0.0 0.0 0.0 0.0 0.0 0.0 0.0 0.0 0.0 0.0 0.0 0.0 0.0 0.0
21408.33203125 76.39840698242188 46.559852600097656 44.65184783935547 41.30450439453125 51.06669616699219 45.786380767822266 41.6509895324707 42.9224853515625 44.71166229248047 47.1506233215332 48.7585563659668 47.99480438232422 46.99253463745117 51.283870697021484 55.23107147216797 62.44215774536133 73.9904556274414 205.58738708496094 0.0 0.0 0.0 0.0 0.0 0.0 0.0 0.0 0.0 0.0 0.0 0.0 0.0
21349.32421875 78.73249053955078 46.30304718017578 42.889530181884766 40.683380126953125 47.229679107666016 44.36178207397461 50.42660140991211 42.3534049987793 45.39217758178711 46.2517204284668 48.73695373535156 47.5242805480957 45.353118896484375 48.457740783691406 52.61796569824219 53.648460388183594 62.10360336303711 77.78892517089844 212.85328674316406 0.0 0.0 0.0 0.0 0.0 0.0 0.0 0.0 0.0 0.0 0.0 0.0
21332.60546875 75.5236587524414 45.85963439941406 41.16991424560547 38.940311431884766 44.50401306152344 38.79802322387695 38.52370071411133 40.334224700927734 50.63037109375 43.61840057373047 44.02824783325195 45.85295486450195 44.00381851196289 47.80850601196289 47.9088020324707 52.33185958862305 54.5523796081543 62.706363677978516 71.6426773071289 221.79527282714844 0.0 0.0 0.0 0.0 0.0 0.0 0.0 0.0 0.0 0.0 0.0
21287.44140625 72.4248275756836 46.55012130737305 40.98138427734375 39.97494888305664 47.290279388427734 40.113929748535156 36.46085739135742 38.216583251953125 50.2487678527832 41.26070022583008 51.12376022338867 44.245296478271484 41.679630279541016 46.509422302246094 48.34758377075195 46.54290008544922 50.50345993041992 54.675819396972656 61.68303298950195 78.5735092163086 218.199462890625 0.0 0.0 0.0 0.0 0.0 0.0 0.0 0.0 0.0 0.0
21254.16796875 69.62206268310547 45.23749923706055 44.6496467590332 40.08310317993164 42.01125717163086 38.20006561279297 39.49284362792969 37.03916549682617 46.101585388183594 41.373592376708984 53.68415832519531 41.3564453125 40.10728454589844 44.39983367919922 42.28266906738281 45.66927719116211 44.47256851196289 49.25822830200195 51.86839294433594 67.07151794433594 76.32719421386719 228.51199340820312 0.0 0.0 0.0 0.0 0.0 0.0 0.0 0.0 0.0
21238.04296875 69.767822265625 44.10443115234375 40.06037902832031 37.567848205566406 43.25226593017578 38.14556121826172 35.74493408203125 35.39665985107422 35.27631378173828 41.277000427246094 45.777442932128906 42.105506896972656 39.41033172607422 42.87943649291992 40.82341766357422 42.88646697998047 45.2623405456543 47.87614059448242 49.0108642578125 53.95481491088867 62.51985168457031 70.17913055419922 241.51429748535156 0.0 0.0 0.0 0.0 0.0 0.0 0.0 0.0
21222.51953125 66.86359405517578 41.944244384765625 40.58452224731445 36.153961181640625 41.61029052734375 37.134185791015625 33.59591293334961 33.700313568115234 35.16633224487305 39.8535270690918 47.453460693359375 38.57136535644531 38.29580307006836 40.781375885009766 40.60588455200195 40.52109909057617 40.89338684082031 44.92756271362305 49.110321044921875 48.74144744873047 52.56411361694336 61.40634536743164 69.22261047363281 240.74307250976562 0.0 0.0 0.0 0.0 0.0 0.0 0.0
21255.580078125 64.4841537475586 38.419673919677734 36.938297271728516 35.16476821899414 40.24970626831055 35.345516204833984 34.94094467163086 33.09180450439453 32.36147689819336 36.28789138793945 36.85761260986328 37.115623474121094 37.68822479248047 42.150753021240234 37.44499588012695 40.36355209350586 41.15084457397461 40.721195220947266 45.242279052734375 43.527984619140625 46.35069274902344 48.94417190551758 55.109683990478516 74.63047790527344 211.87454223632812 0.0 0.0 0.0 0.0 0.0 0.0
21221.25390625 64.74170684814453 38.47187042236328 35.27985763549805 33.395172119140625 37.5000114440918 33.80674743652344 31.042537689208984 32.951515197753906 32.267059326171875 38.438568115234375 35.86520767211914 35.480613708496094 35.04679489135742 42.753238677978516 35.851654052734375 37.77617263793945 39.909603118896484 40.58452606201172 40.90129089355469 43.1104736328125 40.9433479309082 44.983089447021484 50.338958740234375 62.89242935180664 72.11177062988281 224.19677734375 0.0 0.0 0.0 0.0 0.0
21211.3203125 63.63737487792969 40.20708084106445 34.25218963623047 32.10078430175781 39.0352783203125 30.933757781982422 30.92778205871582 30.746185302734375 29.99176025390625 35.85376739501953 35.9864501953125 33.7432861328125 33.86495590209961 36.00048828125 33.93648147583008 33.80500793457031 37.36575698852539 38.285682678222656 38.416168212890625 43.04376220703125 38.73749923706055 39.69413757324219 42.7674446105957 50.69453430175781 63.16490173339844 69.79776763916016 233.63685607910156 0.0 0.0 0.0 0.0
21191.87890625 61.23515319824219 37.929927825927734 33.52345657348633 31.370555877685547 35.30500411987305 30.53695297241211 33.467430114746094 31.282310485839844 33.135276794433594 31.902494430541992 32.09156799316406 33.12488555908203 33.138671875 34.96068572998047 34.44472885131836 35.46685791015625 36.14920425415039 36.502933502197266 39.791236877441406 41.9379997253418 38.76688766479492 39.07658004760742 42.922916412353516 49.6658821105957 49.645870208740234 55.91807174682617 64.88079833984375 231.95242309570312 0.0 0.0 0.0
21174.03125 60.831138610839844 37.40242004394531 33.30539321899414 30.049177169799805 33.83544158935547 32.415924072265625 28.418384552001953 29.663673400878906 29.144298553466797 32.29299545288086 30.535676956176758 33.14646911621094 29.922136306762695 33.977500915527344 35.4401741027832 33.80654525756836 35.531490325927734 33.5992431640625 35.1102409362793 39.214866638183594 36.72269058227539 38.069618225097656 45.13391876220703 45.07194137573242 43.826351165771484 47.79773712158203 53.07167053222656 67.05072021484375 243.64674377441406 0.0 0.0
21166.23046875 60.306880950927734 36.266944885253906 33.37068176269531 31.283384323120117 36.11516189575195 29.267589569091797 26.382505416870117 27.714014053344727 28.81696128845215 30.84885025024414 31.11824607849121 29.69826889038086 30.7894344329834 32.415138244628906 34.10808563232422 33.421199798583984 35.50104522705078 33.19427490234375 36.255332946777344 34.84363555908203 37.24306869506836 36.41412353515625 39.63044738769531 40.505550384521484 41.520347595214844 44.012351989746094 45.11907958984375 53.55484390258789 65.23909759521484 240.81520080566406 0.0
21111.66796875 61.72465515136719 37.05221176147461 33.701698303222656 31.18768882751465 41.99408721923828 32.94810104370117 28.782766342163086 28.57562255859375 28.563039779663086 32.513023376464844 31.883419036865234 29.94674301147461 31.184398651123047 32.324806213378906 32.26734924316406 34.90449523925781 33.87574768066406 33.239662170410156 30.74785614013672 34.8489875793457 35.1224365234375 34.92655563354492 37.96807861328125 39.22332763671875 43.31989669799805 41.33005905151367 40.71904754638672 46.85877227783203 52.77659606933594 66.1929702758789 249.59315490722656
