22486.0 0.0 0.0 0.0 0.0 0.0 0.0 0.0 0.0 0.0 0.0 0.0 0.0 0.0 0.0 0.0 0.0 0.0 0.0 0.0 0.0 0.0 0.0 0.0 0.0 0.0 0.0 0.0 0.0 0.0 0.0 0.0
21765.546875 717.7195434570312 0.0 0.0 0.0 0.0 0.0 0.0 0.0 0.0 0.0 0.0 0.0 0.0 0.0 0.0 0.0 0.0 0.0 0.0 0.0 0.0 0.0 0.0 0.0 0.0 0.0 0.0 0.0 0.0 0.0 0.0
20919.94140625 725.4911499023438 837.658447265625 0.0 0.0 0.0 0.0 0.0 0.0 0.0 0.0 0.0 0.0 0.0 0.0 0.0 0.0 0.0 0.0 0.0 0.0 0.0 0.0 0.0 0.0 0.0 0.0 0.0 0.0 0.0 0.0 0.0
20406.98828125 665.3721313476562 540.9656982421875 869.7320556640625 0.0 0.0 0.0 0.0 0.0 0.0 0.0 0.0 0.0 0.0 0.0 0.0 0.0 0.0 0.0 0.0 0.0 0.0 0.0 0.0 0.0 0.0 0.0 0.0 0.0 0.0 0.0 0.0
20058.4140625 596.9182739257812 431.270751953125 504.5447082519531 891.6792602539062 0.0 0.0 0.0 0.0 0.0 0.0 0.0 0.0 0.0 0.0 0.0 0.0 0.0 0.0 0.0 0.0 0.0 0.0 0.0 0.0 0.0 0.0 0.0 0.0 0.0 0.0 0.0
19770.14453125 569.1663208007812 356.2445983886719 396.2955322265625 471.8671875 919.2156982421875 0.0 0.0 0.0 0.0 0.0 0.0 0.0 0.0 0.0 0.0 0.0 0.0 0.0 0.0 0.0 0.0 0.0 0.0 0.0 0.0 0.0 0.0 0.0 0.0 0.0 0.0
19654.439453125 520.4041137695312 305.5680847167969 329.9804992675781 380.6574401855469 453.2168884277344 838.6270141601562 0.0 0.0 0.0 0.0 0.0 0.0 0.0 0.0 0.0 0.0 0.0 0.0 0.0 0.0 0.0 0.0 0.0 0.0 0.0 0.0 0.0 0.0 0.0 0.0 0.0
19358.5859375 519.5660400390625 310.17010498046875 309.4172058105469 346.3653869628906 393.11077880859375 445.0649719238281 800.6551513671875 0.0 0.0 0.0 0.0 0.0 0.0 0.0 0.0 0.0 0.0 0.0 0.0 0.0 0.0 0.0 0.0 0.0 0.0 0.0 0.0 0.0 0.0 0.0 0.0
19140.203125 507.5048828125 271.21954345703125 283.2812194824219 306.49407958984375 368.2104187011719 402.88623046875 407.0850830078125 796.1502685546875 0.0 0.0 0.0 0.0 0.0 0.0 0.0 0.0 0.0 0.0 0.0 0.0 0.0 0.0 0.0 0.0 0.0 0.0 0.0 0.0 0.0 0.0 0.0
19145.544921875 436.8688049316406 256.5423583984375 255.51577758789062 267.8999328613281 296.4375305175781 319.29473876953125 352.8269348144531 407.458984375 744.5942993164062 0.0 0.0 0.0 0.0 0.0 0.0 0.0 0.0 0.0 0.0 0.0 0.0 0.0 0.0 0.0 0.0 0.0 0.0 0.0 0.0 0.0 0.0
19102.462890625 403.20928955078125 220.9920654296875 238.4326934814453 259.9766845703125 273.161865234375 280.984619140625 307.056884765625 332.4583740234375 362.9824523925781 701.197021484375 0.0 0.0 0.0 0.0 0.0 0.0 0.0 0.0 0.0 0.0 0.0 0.0 0.0 0.0 0.0 0.0 0.0 0.0 0.0 0.0 0.0
18936.46875 397.7647705078125 209.50987243652344 221.8957977294922 240.83407592773438 267.2416076660156 256.4942626953125 262.2421875 307.9366149902344 317.65533447265625 376.38153076171875 688.5855102539062 0.0 0.0 0.0 0.0 0.0 0.0 0.0 0.0 0.0 0.0 0.0 0.0 0.0 0.0 0.0 0.0 0.0 0.0 0.0 0.0
19049.978515625 375.62652587890625 195.4313201904297 189.9848175048828 209.3680419921875 232.1398468017578 237.7943878173828 235.14988708496094 247.8590087890625 260.9171142578125 297.3034973144531 321.6719970703125 629.7647094726562 0.0 0.0 0.0 0.0 0.0 0.0 0.0 0.0 0.0 0.0 0.0 0.0 0.0 0.0 0.0 0.0 0.0 0.0 0.0
18593.68359375 390.5054931640625 198.09584045410156 191.32846069335938 199.73373413085938 237.3888397216797 240.6411590576172 249.19961547851562 248.39703369140625 251.17935180664062 316.4000549316406 340.86065673828125 349.671875 675.9829711914062 0.0 0.0 0.0 0.0 0.0 0.0 0.0 0.0 0.0 0.0 0.0 0.0 0.0 0.0 0.0 0.0 0.0 0.0
18706.3984375 375.235107421875 189.36221313476562 177.2589569091797 182.08721923828125 219.05079650878906 220.09469604492188 211.3469696044922 227.07708740234375 232.59063720703125 236.07627868652344 259.0306396484375 282.6477355957031 310.14715576171875 654.6559448242188 0.0 0.0 0.0 0.0 0.0 0.0 0.0 0.0 0.0 0.0 0.0 0.0 0.0 0.0 0.0 0.0 0.0
18466.947265625 396.463623046875 174.25379943847656 178.335693359375 192.1805877685547 219.65695190429688 201.71527099609375 202.4925079345703 255.6054229736328 222.0516815185547 238.44168090820312 251.7159881591797 257.2576904296875 280.802490234375 307.6305236816406 637.4821166992188 0.0 0.0 0.0 0.0 0.0 0.0 0.0 0.0 0.0 0.0 0.0 0.0 0.0 0.0 0.0 0.0
18731.30078125 329.91229248046875 156.87542724609375 156.24652099609375 166.06251525878906 178.98953247070312 174.1271514892578 187.730712890625 186.3441925048828 198.68785095214844 210.3215789794922 210.43324279785156 219.9349822998047 235.7064971923828 269.74029541015625 284.88079833984375 585.7025146484375 0.0 0.0 0.0 0.0 0.0 0.0 0.0 0.0 0.0 0.0 0.0 0.0 0.0 0.0 0.0
18504.12109375 334.1376037597656 153.970458984375 156.5513153076172 170.166748046875 182.4341583251953 176.4936981201172 175.12088012695312 177.14401245117188 182.0364990234375 205.34475708007812 238.18460083007812 214.5093231201172 216.1564178466797 241.5391387939453 267.9691162109375 287.5672607421875 599.563720703125 0.0 0.0 0.0 0.0 0.0 0.0 0.0 0.0 0.0 0.0 0.0 0.0 0.0 0.0
18270.48828125 337.12017822265625 149.6619415283203 140.1514434814453 152.1605682373047 192.75213623046875 182.15646362304688 163.9593505859375 171.3476104736328 182.87921142578125 204.8138427734375 198.93360900878906 201.62445068359375 208.11080932617188 279.4180603027344 246.10182189941406 295.4700927734375 284.44964599609375 621.5194702148438 0.0 0.0 0.0 0.0 0.0 0.0 0.0 0.0 0.0 0.0 0.0 0.0 0.0
18416.18359375 341.0706481933594 151.3936004638672 144.62301635742188 152.95278930664062 170.9634246826172 156.5267791748047 155.7345733642578 168.53836059570312 156.36549377441406 166.5865936279297 174.69253540039062 186.90164184570312 188.0752410888672 199.81117248535156 210.82139587402344 227.3918914794922 255.18359375 274.38934326171875 584.7728881835938 0.0 0.0 0.0 0.0 0.0 0.0 0.0 0.0 0.0 0.0 0.0 0.0
18362.63671875 314.6597595214844 152.27969360351562 143.1267852783203 140.96994018554688 154.31332397460938 146.92440795898438 149.8733673095703 155.46652221679688 151.4768829345703 156.02110290527344 167.64364624023438 172.74380493164062 178.67430114746094 189.35498046875 198.2246856689453 207.968505859375 225.4914093017578 261.6945495605469 283.8265075683594 569.475830078125 0.0 0.0 0.0 0.0 0.0 0.0 0.0 0.0 0.0 0.0 0.0
18171.96875 307.17266845703125 150.40853881835938 141.6612091064453 143.1075897216797 157.01710510253906 150.1604461669922 145.9842529296875 144.2484130859375 146.38848876953125 158.1985626220703 186.45150756835938 152.78160095214844 170.08802795410156 211.5239715576172 194.24783325195312 196.3203125 208.95553588867188 235.428466796875 259.3844299316406 271.322021484375 580.187255859375 0.0 0.0 0.0 0.0 0.0 0.0 0.0 0.0 0.0 0.0
18253.662109375 282.69232177734375 133.0220489501953 138.1512908935547 141.53993225097656 158.2603302001953 136.96014404296875 134.56442260742188 146.9066619873047 139.36795043945312 150.83209228515625 147.59242248535156 142.9669647216797 145.86277770996094 166.00204467773438 182.79185485839844 183.37022399902344 184.32830810546875 199.66842651367188 231.3855743408203 255.199462890625 271.999267578125 555.9517211914062 0.0 0.0 0.0 0.0 0.0 0.0 0.0 0.0 0.0
18107.609375 308.25537109375 121.2470932006836 124.1110610961914 139.29286193847656 176.53106689453125 142.2242889404297 133.85205078125 161.81198120117188 129.50430297851562 155.3182373046875 146.76197814941406 139.78565979003906 138.22531127929688 149.6186065673828 171.23040771484375 172.59161376953125 177.95912170410156 188.1220245361328 209.7056884765625 225.16453552246094 247.80152893066406 258.527099609375 557.7290649414062 0.0 0.0 0.0 0.0 0.0 0.0 0.0 0.0
18250.974609375 259.725341796875 119.83189392089844 112.12494659423828 120.79853057861328 141.728759765625 140.30926513671875 129.38111877441406 123.42279815673828 124.96961212158203 124.44585418701172 125.04967498779297 128.94912719726562 126.75261688232422 144.43496704101562 145.9948272705078 152.20191955566406 164.7779998779297 178.21778869628906 225.17576599121094 192.84864807128906 215.9675750732422 243.10891723632812 249.6803436279297 542.1510009765625 0.0 0.0 0.0 0.0 0.0 0.0 0.0
18164.4609375 262.5836486816406 120.4715347290039 115.76860809326172 120.69020080566406 131.25238037109375 128.4794921875 129.00021362304688 124.25007629394531 117.14063262939453 125.49691772460938 123.45230865478516 125.03610229492188 128.43360900878906 132.5333709716797 135.95535278320312 147.20530700683594 156.6251678466797 172.97804260253906 179.32693481445312 185.6491241455078 196.43185424804688 213.76702880859375 243.33685302734375 253.98536682128906 547.6759033203125 0.0 0.0 0.0 0.0 0.0 0.0
18116.40234375 256.4560852050781 119.67037963867188 112.37689208984375 115.10755920410156 132.13800048828125 121.16693878173828 123.8138656616211 132.861328125 111.57113647460938 114.66273498535156 120.0206069946289 119.78874969482422 118.2689208984375 123.91509246826172 126.06072998046875 130.6442108154297 139.40792846679688 151.99777221679688 167.73013305664062 170.28627014160156 173.11744689941406 192.0453338623047 214.68836975097656 254.44252014160156 299.6259765625 523.6695556640625 0.0 0.0 0.0 0.0 0.0
18175.5703125 236.79037475585938 114.66629028320312 110.59172058105469 110.17884063720703 116.26567840576172 115.3947982788086 115.48564910888672 120.0788345336914 114.63299560546875 116.69727325439453 110.2445297241211 110.76850891113281 115.38809967041016 130.36622619628906 120.54218292236328 123.81243896484375 129.96022033691406 142.60525512695312 157.0642852783203 163.42041015625 171.08009338378906 175.04953002929688 188.46347045898438 215.2705535888672 237.25088500976562 237.16233825683594 507.1181335449219 0.0 0.0 0.0 0.0
18183.087890625 218.80287170410156 105.01258850097656 105.09207153320312 110.06288146972656 112.62969207763672 104.81953430175781 112.39322662353516 110.47295379638672 107.37289428710938 112.54633331298828 107.5531005859375 107.30953979492188 116.56970977783203 113.95303344726562 119.20654296875 120.28707885742188 119.41984558105469 131.8065185546875 141.3699951171875 153.77940368652344 160.19129943847656 166.82595825195312 171.54969787597656 193.0525360107422 222.5874786376953 229.5398712158203 228.6719207763672 496.0467834472656 0.0 0.0 0.0
18146.580078125 219.7860107421875 100.37716674804688 95.9026870727539 105.37379455566406 114.68067932128906 108.2386245727539 100.73855590820312 105.4707260131836 104.99092102050781 106.85819244384766 107.46464538574219 104.40791320800781 100.18033599853516 112.44165802001953 110.49250030517578 112.3527603149414 111.6670913696289 118.93785858154297 137.572265625 137.87692260742188 145.9678497314453 157.721435546875 163.53236389160156 178.7464599609375 186.6166534423828 203.90029907226562 242.3667755126953 244.26446533203125 496.5175476074219 0.0 0.0
17917.275390625 245.86866760253906 95.66775512695312 93.22711944580078 105.15120697021484 127.52229309082031 132.52931213378906 108.83604431152344 102.9022445678711 99.52655029296875 114.24765014648438 103.85991668701172 102.64573669433594 116.47476196289062 116.65840148925781 109.10220336914062 110.26020050048828 112.15584564208984 122.9432601928711 123.7896957397461 127.02620697021484 141.527587890625 150.26670837402344 159.8477020263672 170.89520263671875 192.6881103515625 193.81007385253906 202.06088256835938 228.24302673339844 228.7262420654297 526.1940307617188 0.0
18091.021484375 228.49209594726562 97.29286193847656 89.89013671875 92.49254608154297 108.08710479736328 103.2872543334961 102.74116516113281 97.1104965209961 93.62205505371094 100.44668579101562 102.4195785522461 99.681884765625 98.4990005493164 102.13695526123047 103.61479187011719 107.8265151977539 110.7063217163086 114.32128143310547 115.36705017089844 120.7255630493164 128.74769592285156 133.94290161132812 146.420166015625 155.32286071777344 165.64883422851562 163.66519165039062 177.01077270507812 199.36904907226562 222.15423583984375 230.01405334472656 480.0126037597656
