22486.0 0.0 0.0 0.0 0.0 0.0 0.0 0.0 0.0 0.0 0.0 0.0 0.0 0.0 0.0 0.0 0.0 0.0 0.0 0.0 0.0 0.0 0.0 0.0 0.0 0.0 0.0 0.0 0.0 0.0 0.0 0.0
20563.86328125 1919.170166015625 0.0 0.0 0.0 0.0 0.0 0.0 0.0 0.0 0.0 0.0 0.0 0.0 0.0 0.0 0.0 0.0 0.0 0.0 0.0 0.0 0.0 0.0 0.0 0.0 0.0 0.0 0.0 0.0 0.0 0.0
19833.330078125 1276.2413330078125 1373.4217529296875 0.0 0.0 0.0 0.0 0.0 0.0 0.0 0.0 0.0 0.0 0.0 0.0 0.0 0.0 0.0 0.0 0.0 0.0 0.0 0.0 0.0 0.0 0.0 0.0 0.0 0.0 0.0 0.0 0.0
19161.4296875 1230.8701171875 782.13720703125 1308.712646484375 0.0 0.0 0.0 0.0 0.0 0.0 0.0 0.0 0.0 0.0 0.0 0.0 0.0 0.0 0.0 0.0 0.0 0.0 0.0 0.0 0.0 0.0 0.0 0.0 0.0 0.0 0.0 0.0
18270.6328125 1222.6712646484375 871.081298828125 809.5864868164062 1309.05517578125 0.0 0.0 0.0 0.0 0.0 0.0 0.0 0.0 0.0 0.0 0.0 0.0 0.0 0.0 0.0 0.0 0.0 0.0 0.0 0.0 0.0 0.0 0.0 0.0 0.0 0.0 0.0
17626.845703125 1109.5157470703125 921.81396484375 898.1915283203125 713.696044921875 1213.0484619140625 0.0 0.0 0.0 0.0 0.0 0.0 0.0 0.0 0.0 0.0 0.0 0.0 0.0 0.0 0.0 0.0 0.0 0.0 0.0 0.0 0.0 0.0 0.0 0.0 0.0 0.0
16999.845703125 1031.6077880859375 865.3289184570312 935.6666259765625 821.8375244140625 681.9888916015625 1146.596923828125 0.0 0.0 0.0 0.0 0.0 0.0 0.0 0.0 0.0 0.0 0.0 0.0 0.0 0.0 0.0 0.0 0.0 0.0 0.0 0.0 0.0 0.0 0.0 0.0 0.0
16410.01171875 899.4463500976562 788.7923583984375 955.8124389648438 886.71875 789.8048095703125 637.3466186523438 1115.0518798828125 0.0 0.0 0.0 0.0 0.0 0.0 0.0 0.0 0.0 0.0 0.0 0.0 0.0 0.0 0.0 0.0 0.0 0.0 0.0 0.0 0.0 0.0 0.0 0.0
16018.3486328125 752.5828247070312 684.2527465820312 820.2061157226562 867.6376953125 908.5438232421875 711.9451293945312 619.9828491210938 1099.536865234375 0.0 0.0 0.0 0.0 0.0 0.0 0.0 0.0 0.0 0.0 0.0 0.0 0.0 0.0 0.0 0.0 0.0 0.0 0.0 0.0 0.0 0.0 0.0
15548.6884765625 669.6819458007812 641.7484741210938 731.1528930664062 849.251953125 838.1416015625 786.4788208007812 688.6144409179688 606.8870849609375 1122.262939453125 0.0 0.0 0.0 0.0 0.0 0.0 0.0 0.0 0.0 0.0 0.0 0.0 0.0 0.0 0.0 0.0 0.0 0.0 0.0 0.0 0.0 0.0
15212.41015625 623.51123046875 572.9113159179688 684.7264404296875 734.0350952148438 774.2056274414062 811.49609375 765.3616943359375 645.9722290039062 583.087646484375 1075.23681640625 0.0 0.0 0.0 0.0 0.0 0.0 0.0 0.0 0.0 0.0 0.0 0.0 0.0 0.0 0.0 0.0 0.0 0.0 0.0 0.0 0.0
14690.5537109375 584.8200073242188 542.1729736328125 684.3536987304688 672.5038452148438 771.9050903320312 719.6277465820312 777.4976806640625 751.1536865234375 644.3392944335938 562.3450927734375 1081.7158203125 0.0 0.0 0.0 0.0 0.0 0.0 0.0 0.0 0.0 0.0 0.0 0.0 0.0 0.0 0.0 0.0 0.0 0.0 0.0 0.0
14376.3837890625 556.1763305664062 508.45556640625 614.994873046875 635.5116577148438 654.0654296875 664.6182861328125 703.2299194335938 808.588623046875 755.5352172851562 619.3086547851562 553.6724853515625 1032.4708251953125 0.0 0.0 0.0 0.0 0.0 0.0 0.0 0.0 0.0 0.0 0.0 0.0 0.0 0.0 0.0 0.0 0.0 0.0 0.0
14070.0986328125 518.1585083007812 468.3323669433594 553.9924926757812 572.2315673828125 613.8943481445312 632.0515747070312 668.9949951171875 760.4965209960938 736.9319458007812 712.865234375 616.4564819335938 534.4103393554688 1024.1451416015625 0.0 0.0 0.0 0.0 0.0 0.0 0.0 0.0 0.0 0.0 0.0 0.0 0.0 0.0 0.0 0.0 0.0 0.0
13734.9462890625 456.8352355957031 423.0440368652344 505.8165588378906 546.2539672851562 639.9132690429688 603.9900512695312 619.7467041015625 723.894775390625 691.6309204101562 725.3052368164062 712.0532836914062 580.791015625 537.5264282226562 981.2223510742188 0.0 0.0 0.0 0.0 0.0 0.0 0.0 0.0 0.0 0.0 0.0 0.0 0.0 0.0 0.0 0.0 0.0
13545.2021484375 420.9649353027344 405.31243896484375 472.875244140625 520.7741088867188 518.42431640625 575.1871948242188 591.4874877929688 628.4837646484375 655.8912353515625 679.514892578125 740.0767822265625 681.343994140625 586.94287109375 500.55126953125 960.0771484375 0.0 0.0 0.0 0.0 0.0 0.0 0.0 0.0 0.0 0.0 0.0 0.0 0.0 0.0 0.0 0.0
13306.9169921875 400.54827880859375 374.0234680175781 455.5744323730469 470.7467956542969 496.38067626953125 518.931396484375 570.1790161132812 599.2162475585938 624.9046630859375 631.2753295898438 681.8363647460938 699.68798828125 680.8378295898438 551.6326293945312 486.0253601074219 934.1845092773438 0.0 0.0 0.0 0.0 0.0 0.0 0.0 0.0 0.0 0.0 0.0 0.0 0.0 0.0 0.0
12880.115234375 373.162841796875 345.93218994140625 430.4430236816406 476.5168151855469 477.97216796875 493.98236083984375 532.8925170898438 585.4200439453125 581.3213500976562 637.4305419921875 615.5631713867188 692.74755859375 743.5291748046875 631.0693969726562 536.2313232421875 480.2644348144531 968.466064453125 0.0 0.0 0.0 0.0 0.0 0.0 0.0 0.0 0.0 0.0 0.0 0.0 0.0 0.0
12607.1298828125 353.4919738769531 308.4824523925781 415.9969787597656 481.0942687988281 478.4928283691406 485.4272766113281 496.8957214355469 549.3387451171875 566.2747192382812 617.7072143554688 604.8111572265625 628.3435668945312 694.0575561523438 668.8627319335938 639.8103637695312 530.7503662109375 461.05810546875 895.011474609375 0.0 0.0 0.0 0.0 0.0 0.0 0.0 0.0 0.0 0.0 0.0 0.0 0.0
12343.875 339.25115966796875 288.54827880859375 388.3775329589844 459.53057861328125 469.82855224609375 482.7240295410156 485.8465576171875 495.1137390136719 577.574951171875 571.3158569335938 671.431640625 574.7005004882812 598.3615112304688 629.0704956054688 657.2001953125 604.9559936523438 506.4375915527344 456.34259033203125 882.5502319335938 0.0 0.0 0.0 0.0 0.0 0.0 0.0 0.0 0.0 0.0 0.0 0.0
12201.955078125 320.9297180175781 278.46990966796875 350.6446838378906 398.53277587890625 430.14239501953125 465.0010070800781 483.4998779296875 474.0650634765625 514.2193603515625 560.3206787109375 560.3461303710938 592.2725830078125 573.4525146484375 589.5755004882812 621.1526489257812 639.0755004882812 606.6867065429688 524.9202880859375 441.3845520019531 856.3318481445312 0.0 0.0 0.0 0.0 0.0 0.0 0.0 0.0 0.0 0.0 0.0
11939.8369140625 294.93963623046875 276.5135803222656 343.3555908203125 367.75042724609375 399.2259826660156 433.50494384765625 463.19580078125 468.1676330566406 496.0811767578125 502.24969482421875 544.9202880859375 538.7826538085938 568.6599731445312 595.1488037109375 648.9051513671875 611.2802124023438 623.6707763671875 606.9295654296875 505.48126220703125 421.5413513183594 832.8567504882812 0.0 0.0 0.0 0.0 0.0 0.0 0.0 0.0 0.0 0.0
11766.6669921875 286.45941162109375 278.302734375 392.67193603515625 372.6146545410156 386.9643859863281 386.72674560546875 418.1560363769531 455.23626708984375 483.36517333984375 489.1344909667969 521.4575805664062 525.96142578125 539.3279418945312 561.1376953125 594.0492553710938 553.2518310546875 583.4412841796875 608.3250732421875 575.332763671875 466.9399719238281 421.86346435546875 815.634033203125 0.0 0.0 0.0 0.0 0.0 0.0 0.0 0.0 0.0
11641.91015625 278.8498229980469 261.0560302734375 345.6761779785156 341.01422119140625 379.3840637207031 362.6325378417969 395.90081787109375 432.78167724609375 456.7696228027344 496.1551513671875 519.2323608398438 498.0826110839844 521.777587890625 531.4576416015625 527.7464599609375 534.181884765625 548.5333862304688 585.74609375 589.2930908203125 554.5836791992188 466.9548645019531 410.1993408203125 803.1058349609375 0.0 0.0 0.0 0.0 0.0 0.0 0.0 0.0
11403.2529296875 281.0997009277344 245.17471313476562 332.04400634765625 342.6742858886719 358.8332214355469 357.46112060546875 372.5954895019531 415.3355712890625 443.5665283203125 474.3742370605469 491.3847351074219 495.0248718261719 548.7010498046875 520.09619140625 500.1446838378906 520.8364868164062 517.9923095703125 543.0589599609375 563.3947143554688 577.103271484375 549.2627563476562 453.35394287109375 397.34716796875 778.9816284179688 0.0 0.0 0.0 0.0 0.0 0.0 0.0
11142.615234375 271.7073974609375 235.13992309570312 297.31744384765625 320.6048889160156 357.9913024902344 359.40167236328125 367.5118103027344 391.88525390625 414.3848876953125 450.43133544921875 482.3377685546875 491.20440673828125 519.97900390625 519.298095703125 497.8536071777344 505.03826904296875 510.7047424316406 521.3141479492188 539.7106323242188 558.4561157226562 571.0465087890625 522.9769897460938 451.6552429199219 398.5851745605469 782.78955078125 0.0 0.0 0.0 0.0 0.0 0.0
10920.826171875 265.1651611328125 230.2527313232422 280.20904541015625 307.00653076171875 344.2566833496094 365.9306335449219 360.9687194824219 385.7846984863281 395.48211669921875 456.70855712890625 461.3438720703125 484.2012023925781 483.7184753417969 490.7158203125 492.4847106933594 507.49346923828125 493.1115417480469 500.4266357421875 511.88372802734375 521.7079467773438 548.1185913085938 554.6480712890625 511.077392578125 462.05157470703125 380.22845458984375 766.1971435546875 0.0 0.0 0.0 0.0 0.0
10812.6689453125 249.2551727294922 228.10040283203125 272.33636474609375 275.60064697265625 309.5376281738281 337.3119201660156 358.3888244628906 371.68603515625 366.01409912109375 407.0157775878906 438.2890930175781 470.8202209472656 480.3387756347656 526.1869506835938 455.2440490722656 478.8555908203125 512.4894409179688 489.7841491699219 501.0118408203125 506.3140869140625 511.72369384765625 531.6585693359375 551.216064453125 504.4176025390625 410.9581604003906 378.6260681152344 746.1685791015625 0.0 0.0 0.0 0.0
10559.103515625 238.38978576660156 230.16700744628906 283.4491882324219 277.2781066894531 293.5466003417969 320.811279296875 337.4939270019531 371.1587219238281 367.11798095703125 403.6011962890625 406.9395446777344 440.14501953125 477.1090393066406 504.8253173828125 498.8924560546875 463.3912048339844 458.9447021484375 484.17877197265625 480.1784973144531 488.8616943359375 486.5976867675781 496.889892578125 513.4267578125 539.0276489257812 504.4492492675781 434.2991638183594 385.9890441894531 735.7583618164062 0.0 0.0 0.0
10454.271484375 232.46302795410156 212.41506958007812 280.9311218261719 283.12481689453125 290.7731628417969 303.48699951171875 321.5311279296875 353.3467102050781 374.61871337890625 388.9427490234375 412.9369201660156 409.3542785644531 456.127685546875 467.2895202636719 487.62115478515625 451.5069580078125 447.27001953125 456.4053955078125 466.2940979003906 465.41204833984375 470.4310302734375 490.9257507324219 495.60791015625 509.60467529296875 531.8126831054688 488.8457946777344 410.2883605957031 348.4090270996094 719.9779663085938 0.0 0.0
10251.2900390625 230.5235595703125 190.19268798828125 268.4557189941406 284.5044860839844 291.2967834472656 287.73822021484375 300.1643371582031 337.3586730957031 364.17431640625 384.9608154296875 435.035400390625 393.22210693359375 405.4744873046875 444.6086730957031 484.9817810058594 452.3537292480469 438.24639892578125 463.22119140625 479.25775146484375 447.01715087890625 458.7560729980469 474.13507080078125 488.5116882324219 474.4455261230469 497.3700256347656 513.2404174804688 482.2579345703125 390.2605285644531 352.305419921875 716.5724487304688 0.0
10022.3408203125 242.58160400390625 190.8660125732422 239.85206604003906 292.0144348144531 379.5350036621094 297.4676513671875 292.0309143066406 322.3525695800781 351.3663635253906 374.1116027832031 419.103271484375 402.2714538574219 402.38330078125 419.9786376953125 430.80999755859375 435.171875 427.288330078125 472.100830078125 466.62359619140625 440.5442199707031 436.9437255859375 464.9748229980469 524.1675415039062 445.7896423339844 457.2126770019531 475.7460021972656 492.0817565917969 440.6004638671875 383.2968444824219 341.2734375 699.178466796875
