22486.0 0.0 0.0 0.0 0.0 0.0 0.0 0.0 0.0 0.0 0.0 0.0 0.0 0.0 0.0 0.0 0.0 0.0 0.0 0.0 0.0 0.0 0.0 0.0 0.0 0.0 0.0 0.0 0.0 0.0 0.0 0.0
21453.45703125 1029.8836669921875 0.0 0.0 0.0 0.0 0.0 0.0 0.0 0.0 0.0 0.0 0.0 0.0 0.0 0.0 0.0 0.0 0.0 0.0 0.0 0.0 0.0 0.0 0.0 0.0 0.0 0.0 0.0 0.0 0.0 0.0
18869.7265625 2494.998779296875 1118.1507568359375 0.0 0.0 0.0 0.0 0.0 0.0 0.0 0.0 0.0 0.0 0.0 0.0 0.0 0.0 0.0 0.0 0.0 0.0 0.0 0.0 0.0 0.0 0.0 0.0 0.0 0.0 0.0 0.0 0.0
16983.966796875 1662.41455078125 2691.20751953125 1145.346435546875 0.0 0.0 0.0 0.0 0.0 0.0 0.0 0.0 0.0 0.0 0.0 0.0 0.0 0.0 0.0 0.0 0.0 0.0 0.0 0.0 0.0 0.0 0.0 0.0 0.0 0.0 0.0 0.0
15996.1728515625 1000.6953125 1610.175048828125 2693.313232421875 1182.6781005859375 0.0 0.0 0.0 0.0 0.0 0.0 0.0 0.0 0.0 0.0 0.0 0.0 0.0 0.0 0.0 0.0 0.0 0.0 0.0 0.0 0.0 0.0 0.0 0.0 0.0 0.0 0.0
15478.67578125 647.6359252929688 862.3394165039062 1629.6204833984375 2722.799560546875 1141.981689453125 0.0 0.0 0.0 0.0 0.0 0.0 0.0 0.0 0.0 0.0 0.0 0.0 0.0 0.0 0.0 0.0 0.0 0.0 0.0 0.0 0.0 0.0 0.0 0.0 0.0 0.0
15072.7724609375 482.0666198730469 480.48785400390625 893.5906372070312 1663.7265625 2766.00830078125 1124.475341796875 0.0 0.0 0.0 0.0 0.0 0.0 0.0 0.0 0.0 0.0 0.0 0.0 0.0 0.0 0.0 0.0 0.0 0.0 0.0 0.0 0.0 0.0 0.0 0.0 0.0
14773.19921875 344.3619384765625 336.4866638183594 535.3421630859375 927.8641967773438 1691.416259765625 2741.6435546875 1132.717041015625 0.0 0.0 0.0 0.0 0.0 0.0 0.0 0.0 0.0 0.0 0.0 0.0 0.0 0.0 0.0 0.0 0.0 0.0 0.0 0.0 0.0 0.0 0.0 0.0
14626.28515625 263.47027587890625 266.1395568847656 364.4476318359375 547.0952758789062 918.2648315429688 1623.8863525390625 2742.94189453125 1130.459228515625 0.0 0.0 0.0 0.0 0.0 0.0 0.0 0.0 0.0 0.0 0.0 0.0 0.0 0.0 0.0 0.0 0.0 0.0 0.0 0.0 0.0 0.0 0.0
14324.0498046875 202.27381896972656 242.63978576660156 287.64630126953125 362.8826599121094 557.9396362304688 917.0194702148438 1603.6085205078125 2847.75146484375 1137.0780029296875 0.0 0.0 0.0 0.0 0.0 0.0 0.0 0.0 0.0 0.0 0.0 0.0 0.0 0.0 0.0 0.0 0.0 0.0 0.0 0.0 0.0 0.0
14255.8037109375 150.62155151367188 168.2942352294922 232.31443786621094 283.7776184082031 380.7762145996094 541.1006469726562 913.302734375 1692.9365234375 2747.71533203125 1116.324462890625 0.0 0.0 0.0 0.0 0.0 0.0 0.0 0.0 0.0 0.0 0.0 0.0 0.0 0.0 0.0 0.0 0.0 0.0 0.0 0.0 0.0
14055.337890625 125.87239837646484 121.60633850097656 176.42674255371094 238.0083465576172 302.36517333984375 366.33056640625 544.3477783203125 925.94580078125 1664.3272705078125 2832.4638671875 1129.8499755859375 0.0 0.0 0.0 0.0 0.0 0.0 0.0 0.0 0.0 0.0 0.0 0.0 0.0 0.0 0.0 0.0 0.0 0.0 0.0 0.0
13983.849609375 123.9469223022461 97.244384765625 130.93719482421875 188.06198120117188 234.44483947753906 279.75152587890625 364.8428649902344 546.4579467773438 920.9517822265625 1684.3106689453125 2821.7119140625 1106.573974609375 0.0 0.0 0.0 0.0 0.0 0.0 0.0 0.0 0.0 0.0 0.0 0.0 0.0 0.0 0.0 0.0 0.0 0.0 0.0
13865.26953125 128.41912841796875 90.09931182861328 102.63339233398438 131.47604370117188 174.6011199951172 216.47738647460938 275.5132141113281 373.38800048828125 532.9281005859375 935.2324829101562 1696.010009765625 2846.399658203125 1114.6380615234375 0.0 0.0 0.0 0.0 0.0 0.0 0.0 0.0 0.0 0.0 0.0 0.0 0.0 0.0 0.0 0.0 0.0 0.0
13785.0185546875 117.14913940429688 92.09246826171875 93.88619232177734 103.58478546142578 129.48611450195312 164.0820770263672 215.62376403808594 279.46234130859375 370.04351806640625 550.7545166015625 957.7745361328125 1734.0059814453125 2799.242919921875 1090.86572265625 0.0 0.0 0.0 0.0 0.0 0.0 0.0 0.0 0.0 0.0 0.0 0.0 0.0 0.0 0.0 0.0 0.0
13701.6904296875 93.2497787475586 91.1526870727539 90.3200454711914 92.06629943847656 102.24751281738281 122.32117462158203 157.68524169921875 215.93406677246094 281.3698425292969 366.7613525390625 561.0969848632812 975.9514770507812 1689.91650390625 2826.5732421875 1114.66357421875 0.0 0.0 0.0 0.0 0.0 0.0 0.0 0.0 0.0 0.0 0.0 0.0 0.0 0.0 0.0 0.0
13878.1767578125 68.51116943359375 76.7173080444336 85.7724380493164 86.42276763916016 87.32102966308594 95.44954681396484 117.20211029052734 165.56044006347656 212.57647705078125 269.561279296875 355.0924987792969 533.0365600585938 918.1912231445312 1663.869140625 2793.4765625 1076.1297607421875 0.0 0.0 0.0 0.0 0.0 0.0 0.0 0.0 0.0 0.0 0.0 0.0 0.0 0.0 0.0
13861.1025390625 55.68556594848633 55.189720153808594 72.0703353881836 82.5009994506836 82.55591583251953 80.53227233886719 89.85646057128906 117.63459014892578 157.526611328125 210.01438903808594 273.0704650878906 358.5747985839844 531.940185546875 919.4058837890625 1654.8447265625 2787.747314453125 1092.621826171875 0.0 0.0 0.0 0.0 0.0 0.0 0.0 0.0 0.0 0.0 0.0 0.0 0.0 0.0
13692.6611328125 51.706844329833984 42.27662658691406 54.30980682373047 70.45708465576172 82.18193054199219 82.96173858642578 80.80625915527344 96.97565460205078 119.2944564819336 164.22506713867188 218.56240844726562 268.1038818359375 350.0193176269531 544.416015625 949.0951538085938 1704.3919677734375 2798.41796875 1112.1600341796875 0.0 0.0 0.0 0.0 0.0 0.0 0.0 0.0 0.0 0.0 0.0 0.0 0.0
13772.1767578125 50.027984619140625 35.87205505371094 41.9166374206543 53.571990966796875 71.24982452392578 80.472900390625 79.29785919189453 82.5849380493164 93.45194244384766 118.76004028320312 160.52088928222656 210.49337768554688 264.1383361816406 354.11956787109375 524.2581787109375 902.4951171875 1670.165283203125 2830.767578125 1086.6800537109375 0.0 0.0 0.0 0.0 0.0 0.0 0.0 0.0 0.0 0.0 0.0 0.0
13846.470703125 41.90188980102539 31.766939163208008 35.9437370300293 42.1595573425293 52.84868621826172 64.79399871826172 75.30284118652344 79.86273956298828 80.51766204833984 93.68876647949219 115.0499267578125 153.98284912109375 206.2626953125 259.3468017578125 343.72796630859375 519.2557373046875 915.6388549804688 1646.43115234375 2783.001708984375 1094.9744873046875 0.0 0.0 0.0 0.0 0.0 0.0 0.0 0.0 0.0 0.0 0.0
13664.63671875 33.96027374267578 29.472551345825195 31.720773696899414 34.96335220336914 41.42362976074219 50.05375671386719 63.494136810302734 76.65899658203125 77.3553237915039 80.58910369873047 90.28263092041016 113.08247375488281 151.6016845703125 207.00457763671875 269.00103759765625 349.415771484375 536.2103881835938 916.3826904296875 1714.40576171875 2867.119873046875 1084.115966796875 0.0 0.0 0.0 0.0 0.0 0.0 0.0 0.0 0.0 0.0
13708.71484375 28.110898971557617 26.091081619262695 29.742036819458008 32.35781478881836 36.18220901489258 40.54467010498047 51.09907913208008 65.8180160522461 73.82303619384766 76.93399810791016 80.97560119628906 88.44708251953125 116.55631256103516 152.9582061767578 204.07949829101562 272.50408935546875 345.3972473144531 515.3853759765625 932.7250366210938 1723.930419921875 2803.559814453125 1076.9542236328125 0.0 0.0 0.0 0.0 0.0 0.0 0.0 0.0 0.0
13721.978515625 27.610004425048828 22.657400131225586 24.742231369018555 27.881772994995117 30.161930084228516 32.629722595214844 38.31888198852539 48.15176010131836 63.7580680847168 72.06412506103516 73.94544219970703 76.25202178955078 90.41627502441406 113.11752319335938 151.12033081054688 201.7588653564453 255.5828857421875 332.5774230957031 528.5797729492188 943.8826293945312 1726.3353271484375 2783.71630859375 1095.834228515625 0.0 0.0 0.0 0.0 0.0 0.0 0.0 0.0
13855.7490234375 35.88154602050781 22.228836059570312 22.891132354736328 25.51314926147461 27.156944274902344 30.06796646118164 32.335243225097656 39.93477249145508 49.22246551513672 62.81911849975586 70.72101593017578 72.53243255615234 78.00968933105469 86.68566131591797 110.53970336914062 147.69985961914062 196.7284393310547 252.65811157226562 345.4890441894531 525.5966186523438 898.9028930664062 1650.73974609375 2757.459716796875 1085.433349609375 0.0 0.0 0.0 0.0 0.0 0.0 0.0
13701.4140625 41.068904876708984 24.601356506347656 22.454103469848633 22.047388076782227 23.209022521972656 25.59407615661621 28.47318458557129 33.697914123535156 37.535606384277344 48.190738677978516 60.69149398803711 68.60734558105469 72.10585021972656 74.85617065429688 86.82847595214844 110.12683868408203 148.26278686523438 199.82540893554688 258.7707824707031 351.6357116699219 540.8111572265625 918.3385620117188 1669.7894287109375 2834.6708984375 1078.3101806640625 0.0 0.0 0.0 0.0 0.0 0.0
13832.2412109375 42.06838607788086 31.025970458984375 25.852947235107422 21.894874572753906 21.065773010253906 21.61473274230957 23.79714584350586 27.518220901489258 29.998218536376953 35.71439743041992 45.715023040771484 58.3829231262207 70.10092163085938 72.58422088623047 74.1375503540039 85.93923950195312 109.53530883789062 148.0179443359375 201.52688598632812 253.57513427734375 341.63812255859375 513.736083984375 889.0396118164062 1648.97607421875 2781.35498046875 1075.0009765625 0.0 0.0 0.0 0.0 0.0
13723.9453125 31.142148971557617 33.42301940917969 32.88724136352539 26.57882308959961 21.109148025512695 19.103363037109375 20.266983032226562 23.81783676147461 25.78170394897461 29.884645462036133 35.151153564453125 44.027400970458984 57.343204498291016 66.06527709960938 70.10863494873047 73.47949981689453 84.18998718261719 107.86955261230469 146.46859741210938 198.2343292236328 255.0629425048828 347.1510314941406 529.9019165039062 902.1356201171875 1648.65478515625 2858.877685546875 1069.2481689453125 0.0 0.0 0.0 0.0
13710.703125 19.013784408569336 25.779041290283203 34.53087615966797 33.674251556396484 25.76218032836914 20.32217025756836 18.72576141357422 20.514997482299805 23.18013572692871 26.682209014892578 30.424272537231445 34.6385498046875 43.77519607543945 57.441009521484375 67.5785140991211 69.88482666015625 74.5008544921875 83.78592681884766 106.63925170898438 149.43255615234375 206.79302978515625 256.78375244140625 348.83941650390625 536.0786743164062 911.1707153320312 1682.2918701171875 2795.34912109375 1067.7767333984375 0.0 0.0 0.0
13776.5 12.806466102600098 16.048616409301758 27.347827911376953 37.0199089050293 32.837772369384766 24.653057098388672 19.577051162719727 18.5404109954834 19.91356086730957 22.740741729736328 26.318082809448242 28.44696044921875 33.7943229675293 43.919952392578125 57.779197692871094 64.66472625732422 68.16062927246094 71.50408935546875 82.62381744384766 108.9246597290039 152.91891479492188 200.26126098632812 258.732177734375 348.4927673339844 531.0155029296875 913.1126098632812 1668.466796875 2753.0400390625 1061.8692626953125 0.0 0.0
13692.6259765625 10.164180755615234 10.479305267333984 16.459922790527344 26.28203582763672 35.00898361206055 31.583213806152344 24.01919937133789 19.388803482055664 17.834529876708984 19.330293655395508 22.530908584594727 25.485124588012695 28.605722427368164 34.88191604614258 44.00786590576172 54.23550796508789 64.46210479736328 68.70488739013672 72.25926971435547 83.16527557373047 108.96881103515625 145.50015258789062 194.2323455810547 258.3935241699219 342.618408203125 542.93896484375 941.140869140625 1678.9898681640625 2807.81982421875 1059.85693359375 0.0
13828.8896484375 10.840568542480469 8.240425109863281 10.236647605895996 15.826814651489258 26.571470260620117 34.28624725341797 31.454364776611328 24.34538459777832 19.988893508911133 19.325429916381836 19.421573638916016 22.00084686279297 29.385101318359375 30.01093292236328 34.36445236206055 42.1650390625 53.11402130126953 64.19078063964844 67.35929107666016 71.0162124633789 82.3624038696289 108.17570495605469 146.46827697753906 196.0135040283203 256.082275390625 346.70489501953125 524.2913208007812 914.9560546875 1645.3863525390625 2747.985595703125 1050.504150390625
