22486.0 0.0 0.0 0.0 0.0 0.0 0.0 0.0 0.0 0.0 0.0 0.0 0.0 0.0 0.0 0.0 0.0 0.0 0.0 0.0 0.0 0.0 0.0 0.0 0.0 0.0 0.0 0.0 0.0 0.0 0.0 0.0
22033.7265625 448.5391540527344 0.0 0.0 0.0 0.0 0.0 0.0 0.0 0.0 0.0 0.0 0.0 0.0 0.0 0.0 0.0 0.0 0.0 0.0 0.0 0.0 0.0 0.0 0.0 0.0 0.0 0.0 0.0 0.0 0.0 0.0
21759.6171875 276.5648193359375 446.94580078125 0.0 0.0 0.0 0.0 0.0 0.0 0.0 0.0 0.0 0.0 0.0 0.0 0.0 0.0 0.0 0.0 0.0 0.0 0.0 0.0 0.0 0.0 0.0 0.0 0.0 0.0 0.0 0.0 0.0
21432.572265625 270.039794921875 291.4201965332031 489.0846862792969 0.0 0.0 0.0 0.0 0.0 0.0 0.0 0.0 0.0 0.0 0.0 0.0 0.0 0.0 0.0 0.0 0.0 0.0 0.0 0.0 0.0 0.0 0.0 0.0 0.0 0.0 0.0 0.0
21180.28125 271.0023498535156 231.64891052246094 310.1708984375 489.9183349609375 0.0 0.0 0.0 0.0 0.0 0.0 0.0 0.0 0.0 0.0 0.0 0.0 0.0 0.0 0.0 0.0 0.0 0.0 0.0 0.0 0.0 0.0 0.0 0.0 0.0 0.0 0.0
21045.9609375 252.62583923339844 194.72511291503906 228.75889587402344 263.5250244140625 497.4582214355469 0.0 0.0 0.0 0.0 0.0 0.0 0.0 0.0 0.0 0.0 0.0 0.0 0.0 0.0 0.0 0.0 0.0 0.0 0.0 0.0 0.0 0.0 0.0 0.0 0.0 0.0
20916.8359375 243.18496704101562 165.18984985351562 184.66726684570312 197.73568725585938 267.25164794921875 508.1914367675781 0.0 0.0 0.0 0.0 0.0 0.0 0.0 0.0 0.0 0.0 0.0 0.0 0.0 0.0 0.0 0.0 0.0 0.0 0.0 0.0 0.0 0.0 0.0 0.0 0.0
20768.419921875 236.32742309570312 167.6910858154297 169.42298889160156 159.44882202148438 205.028076171875 247.04855346679688 529.68798828125 0.0 0.0 0.0 0.0 0.0 0.0 0.0 0.0 0.0 0.0 0.0 0.0 0.0 0.0 0.0 0.0 0.0 0.0 0.0 0.0 0.0 0.0 0.0 0.0
20597.724609375 217.13658142089844 151.4930419921875 164.76083374023438 197.58444213867188 186.3076171875 181.1326141357422 248.33543395996094 538.5609741210938 0.0 0.0 0.0 0.0 0.0 0.0 0.0 0.0 0.0 0.0 0.0 0.0 0.0 0.0 0.0 0.0 0.0 0.0 0.0 0.0 0.0 0.0 0.0
20481.587890625 251.19366455078125 201.63162231445312 150.66586303710938 137.10635375976562 137.58111572265625 152.93406677246094 178.62086486816406 263.3111572265625 528.3345336914062 0.0 0.0 0.0 0.0 0.0 0.0 0.0 0.0 0.0 0.0 0.0 0.0 0.0 0.0 0.0 0.0 0.0 0.0 0.0 0.0 0.0 0.0
20454.75 203.72982788085938 149.14071655273438 142.1917724609375 131.73643493652344 126.73552703857422 138.08383178710938 153.81739807128906 191.63870239257812 244.01690673828125 547.2429809570312 0.0 0.0 0.0 0.0 0.0 0.0 0.0 0.0 0.0 0.0 0.0 0.0 0.0 0.0 0.0 0.0 0.0 0.0 0.0 0.0 0.0
20199.64453125 281.8434143066406 191.9672393798828 156.2456817626953 130.0404510498047 125.27518463134766 134.3235626220703 134.72898864746094 148.7534637451172 170.75965881347656 242.52577209472656 566.9683227539062 0.0 0.0 0.0 0.0 0.0 0.0 0.0 0.0 0.0 0.0 0.0 0.0 0.0 0.0 0.0 0.0 0.0 0.0 0.0 0.0
19985.3046875 304.0755920410156 199.54388427734375 167.9695281982422 137.3953094482422 126.52445220947266 131.71592712402344 126.33718872070312 146.24917602539062 143.39376831054688 183.7217559814453 262.1900329589844 568.595703125 0.0 0.0 0.0 0.0 0.0 0.0 0.0 0.0 0.0 0.0 0.0 0.0 0.0 0.0 0.0 0.0 0.0 0.0 0.0
20049.2421875 186.39419555664062 149.64315795898438 148.27764892578125 136.2118377685547 127.44216918945312 124.89679718017578 122.67013549804688 126.08670043945312 132.26402282714844 151.96524047851562 182.4644775390625 253.10882568359375 592.2693481445312 0.0 0.0 0.0 0.0 0.0 0.0 0.0 0.0 0.0 0.0 0.0 0.0 0.0 0.0 0.0 0.0 0.0 0.0
19897.2265625 182.89622497558594 139.1327667236328 151.84857177734375 144.2837677001953 132.4103240966797 127.69627380371094 121.23162841796875 128.6743927001953 130.22593688964844 139.19854736328125 154.14842224121094 185.4607696533203 271.9073486328125 576.6116333007812 0.0 0.0 0.0 0.0 0.0 0.0 0.0 0.0 0.0 0.0 0.0 0.0 0.0 0.0 0.0 0.0 0.0
19806.26171875 174.6216583251953 136.16229248046875 139.42469787597656 138.16078186035156 124.93222045898438 130.40699768066406 125.48966979980469 126.52823638916016 125.41452026367188 125.47027587890625 137.31459045410156 148.6146240234375 188.5963592529297 259.28997802734375 596.3167114257812 0.0 0.0 0.0 0.0 0.0 0.0 0.0 0.0 0.0 0.0 0.0 0.0 0.0 0.0 0.0 0.0
19601.865234375 169.6905975341797 138.02806091308594 142.0275115966797 152.30172729492188 136.29934692382812 134.70677185058594 125.74333953857422 133.18630981445312 131.3697967529297 124.31300354003906 125.40451049804688 132.155517578125 169.75537109375 182.9853057861328 279.952392578125 603.2946166992188 0.0 0.0 0.0 0.0 0.0 0.0 0.0 0.0 0.0 0.0 0.0 0.0 0.0 0.0 0.0
19523.91796875 161.77911376953125 131.09832763671875 146.90809631347656 145.3269805908203 139.90908813476562 123.81098175048828 126.1497802734375 141.532958984375 121.40606689453125 119.18446350097656 124.94566345214844 124.79300689697266 155.3311309814453 150.9765167236328 191.6871795654297 253.09596252441406 601.2515258789062 0.0 0.0 0.0 0.0 0.0 0.0 0.0 0.0 0.0 0.0 0.0 0.0 0.0 0.0
19442.60546875 155.64981079101562 131.37689208984375 141.91357421875 137.47557067871094 129.08969116210938 123.92674255371094 123.3565902709961 122.2886734008789 127.68219757080078 124.695068359375 129.1055450439453 114.25236511230469 127.16321563720703 132.71896362304688 164.8023223876953 187.3842315673828 263.9267883300781 603.515380859375 0.0 0.0 0.0 0.0 0.0 0.0 0.0 0.0 0.0 0.0 0.0 0.0 0.0
19229.67578125 156.8860321044922 122.15546417236328 145.5142364501953 146.40708923339844 134.21759033203125 127.22229766845703 127.47562408447266 130.5050506591797 133.6641082763672 130.21046447753906 136.99832153320312 120.22052764892578 128.91949462890625 127.48865509033203 157.30384826660156 154.74818420410156 191.12933349609375 283.5411071777344 598.6729736328125 0.0 0.0 0.0 0.0 0.0 0.0 0.0 0.0 0.0 0.0 0.0 0.0
19121.671875 156.3280792236328 126.62187194824219 139.8509979248047 146.27203369140625 130.52598571777344 130.1208038330078 144.44113159179688 146.46194458007812 129.70654296875 128.4149932861328 126.0276107788086 122.05513763427734 135.84255981445312 124.1275863647461 145.4353485107422 129.6297149658203 154.7908477783203 189.24903869628906 255.46041870117188 599.901611328125 0.0 0.0 0.0 0.0 0.0 0.0 0.0 0.0 0.0 0.0 0.0
19018.5703125 156.53700256347656 130.591552734375 145.11451721191406 143.9449920654297 129.96597290039062 131.87384033203125 129.171630859375 130.101318359375 120.83016204833984 127.27588653564453 129.38302612304688 124.19149017333984 132.99478149414062 122.49361419677734 136.4606170654297 119.14912414550781 132.45468139648438 159.13307189941406 181.40969848632812 262.5121154785156 618.7356567382812 0.0 0.0 0.0 0.0 0.0 0.0 0.0 0.0 0.0 0.0
18943.513671875 162.13429260253906 132.6160888671875 146.09764099121094 141.5774383544922 130.09385681152344 127.16678619384766 129.4962921142578 128.78274536132812 125.93301391601562 127.27610778808594 131.9412841796875 129.4700469970703 133.9729461669922 124.5603256225586 115.70061492919922 115.7172622680664 117.8441162109375 127.2496337890625 146.41458129882812 184.62960815429688 257.6070251464844 603.3275146484375 0.0 0.0 0.0 0.0 0.0 0.0 0.0 0.0 0.0
18789.052734375 161.41433715820312 136.96388244628906 156.13973999023438 147.55213928222656 148.22398376464844 128.20816040039062 124.71459197998047 127.21343231201172 133.64422607421875 135.16934204101562 130.4542236328125 129.0634765625 131.20021057128906 114.03162384033203 119.47090148925781 111.14884185791016 115.77931213378906 116.25736999511719 129.87307739257812 151.0366668701172 184.0208740234375 255.45396423339844 607.0131225585938 0.0 0.0 0.0 0.0 0.0 0.0 0.0 0.0
18662.498046875 163.46282958984375 137.42002868652344 146.67042541503906 141.0491943359375 128.70382690429688 126.45777130126953 122.63578796386719 132.28762817382812 136.14718627929688 136.07913208007812 130.0793914794922 130.64263916015625 132.0934295654297 118.16449737548828 122.3744888305664 117.69837188720703 116.15625762939453 107.63282775878906 120.86389923095703 129.3089599609375 152.2318115234375 186.3062744140625 262.3223571777344 623.756103515625 0.0 0.0 0.0 0.0 0.0 0.0 0.0
18566.251953125 157.9125213623047 133.43833923339844 142.87744140625 137.4324951171875 132.5992889404297 129.58132934570312 126.3198471069336 127.52099609375 131.37596130371094 136.39488220214844 131.49708557128906 132.67897033691406 137.7986602783203 137.3441925048828 119.06340789794922 115.6925277709961 118.13540649414062 113.66107177734375 109.76193237304688 120.72431182861328 128.86514282226562 152.95791625976562 183.18992614746094 255.84158325195312 603.1209716796875 0.0 0.0 0.0 0.0 0.0 0.0
18358.146484375 154.44903564453125 128.7140350341797 141.9488525390625 135.34384155273438 129.99887084960938 132.54039001464844 127.09065246582031 132.22821044921875 131.93849182128906 139.3413543701172 140.45452880859375 139.22952270507812 150.70880126953125 187.34378051757812 121.72412872314453 113.31173706054688 123.51239776611328 114.37733459472656 111.9001235961914 113.0180892944336 116.43220520019531 128.283935546875 149.62713623046875 191.3291778564453 256.1639404296875 612.7815551757812 0.0 0.0 0.0 0.0 0.0
18325.443359375 152.58319091796875 128.90640258789062 135.77749633789062 130.14505004882812 127.7653579711914 136.1024169921875 131.17042541503906 132.6663055419922 127.52870178222656 142.4704132080078 141.62770080566406 140.068603515625 148.7732391357422 137.7271728515625 129.31732177734375 117.04463195800781 123.71175384521484 115.93573760986328 107.67919921875 107.6536865234375 104.92909240722656 113.69620513916016 126.08929443359375 153.53741455078125 182.7130126953125 250.91944885253906 610.0650634765625 0.0 0.0 0.0 0.0
18252.857421875 141.97874450683594 122.42626190185547 134.4882049560547 127.34503936767578 128.31381225585938 134.81443786621094 127.35973358154297 133.16262817382812 129.24908447265625 127.44448852539062 131.70986938476562 139.73716735839844 144.32850646972656 134.92861938476562 141.75328063964844 124.39610290527344 113.61629486083984 117.87825775146484 110.5139389038086 110.35586547851562 110.9138412475586 109.47494506835938 113.85707092285156 123.90795135498047 148.30291748046875 179.68272399902344 254.93121337890625 612.296142578125 0.0 0.0 0.0
18049.052734375 141.5860595703125 130.89691162109375 135.97520446777344 127.05769348144531 129.08200073242188 128.6320037841797 133.03665161132812 132.1014862060547 133.12069702148438 139.92578125 151.11485290527344 133.04527282714844 139.07583618164062 133.43833923339844 173.19979858398438 126.79457092285156 117.33670806884766 131.103759765625 113.56891632080078 106.8458480834961 109.44246673583984 110.15666198730469 109.37578582763672 115.89435577392578 127.38373565673828 145.39047241210938 179.03976440429688 250.06556701660156 629.1427612304688 0.0 0.0
17938.619140625 138.9162139892578 120.45773315429688 134.65866088867188 127.56433868408203 128.84483337402344 129.91470336914062 129.21530151367188 129.5105438232422 135.12686157226562 145.1736602783203 143.4728240966797 131.66615295410156 137.37472534179688 139.0872039794922 185.02330017089844 136.4478302001953 123.68157196044922 157.15138244628906 111.49958038330078 110.01913452148438 104.56717681884766 106.31658172607422 103.31985473632812 106.09783172607422 112.0573959350586 122.54188537597656 148.4618377685547 178.1089630126953 248.05503845214844 619.0167236328125 0.0
17730.431640625 149.35406494140625 130.48265075683594 141.28573608398438 133.0618896484375 130.30654907226562 127.21544647216797 140.7833709716797 142.80438232421875 136.861328125 139.01022338867188 146.05751037597656 133.04678344726562 148.50930786132812 133.2186737060547 146.26104736328125 129.28196716308594 127.31574249267578 149.92530822753906 111.67400360107422 116.99518585205078 113.711669921875 179.41046142578125 123.63847351074219 100.39842224121094 103.94676208496094 110.46843719482422 124.91502380371094 139.55987548828125 170.1356201171875 249.4722442626953 622.5571899414062
