22486.0 0.0 0.0 0.0 0.0 0.0 0.0 0.0 0.0 0.0 0.0 0.0 0.0 0.0 0.0 0.0 0.0 0.0 0.0 0.0 0.0 0.0 0.0 0.0 0.0 0.0 0.0 0.0 0.0 0.0 0.0 0.0
15546.85546875 6936.1376953125 0.0 0.0 0.0 0.0 0.0 0.0 0.0 0.0 0.0 0.0 0.0 0.0 0.0 0.0 0.0 0.0 0.0 0.0 0.0 0.0 0.0 0.0 0.0 0.0 0.0 0.0 0.0 0.0 0.0 0.0
16227.3916015625 444.0942077636719 5811.318359375 0.0 0.0 0.0 0.0 0.0 0.0 0.0 0.0 0.0 0.0 0.0 0.0 0.0 0.0 0.0 0.0 0.0 0.0 0.0 0.0 0.0 0.0 0.0 0.0 0.0 0.0 0.0 0.0 0.0
16035.279296875 160.0855255126953 446.9933776855469 5840.51611328125 0.0 0.0 0.0 0.0 0.0 0.0 0.0 0.0 0.0 0.0 0.0 0.0 0.0 0.0 0.0 0.0 0.0 0.0 0.0 0.0 0.0 0.0 0.0 0.0 0.0 0.0 0.0 0.0
15587.8994140625 118.57354736328125 153.60340881347656 384.7969970703125 6238.388671875 0.0 0.0 0.0 0.0 0.0 0.0 0.0 0.0 0.0 0.0 0.0 0.0 0.0 0.0 0.0 0.0 0.0 0.0 0.0 0.0 0.0 0.0 0.0 0.0 0.0 0.0 0.0
15506.404296875 94.3734130859375 106.341064453125 158.28720092773438 381.9750061035156 6235.6611328125 0.0 0.0 0.0 0.0 0.0 0.0 0.0 0.0 0.0 0.0 0.0 0.0 0.0 0.0 0.0 0.0 0.0 0.0 0.0 0.0 0.0 0.0 0.0 0.0 0.0 0.0
15568.6982421875 71.47347259521484 84.9842529296875 101.5553207397461 153.8417510986328 375.8539123535156 6126.65966796875 0.0 0.0 0.0 0.0 0.0 0.0 0.0 0.0 0.0 0.0 0.0 0.0 0.0 0.0 0.0 0.0 0.0 0.0 0.0 0.0 0.0 0.0 0.0 0.0 0.0
15342.49609375 69.55357360839844 67.9874496459961 85.519287109375 109.4382553100586 154.85362243652344 365.0183410644531 6288.14404296875 0.0 0.0 0.0 0.0 0.0 0.0 0.0 0.0 0.0 0.0 0.0 0.0 0.0 0.0 0.0 0.0 0.0 0.0 0.0 0.0 0.0 0.0 0.0 0.0
15155.0771484375 81.86121368408203 68.43990325927734 69.14706420898438 85.97332763671875 104.78168487548828 142.56961059570312 357.26519775390625 6417.90673828125 0.0 0.0 0.0 0.0 0.0 0.0 0.0 0.0 0.0 0.0 0.0 0.0 0.0 0.0 0.0 0.0 0.0 0.0 0.0 0.0 0.0 0.0 0.0
15098.6435546875 52.463111877441406 60.348182678222656 61.65473556518555 107.65906524658203 84.71814727783203 99.97012329101562 140.1365966796875 358.9483337402344 6418.3837890625 0.0 0.0 0.0 0.0 0.0 0.0 0.0 0.0 0.0 0.0 0.0 0.0 0.0 0.0 0.0 0.0 0.0 0.0 0.0 0.0 0.0 0.0
15103.4970703125 46.842159271240234 48.539493560791016 51.317138671875 64.06449890136719 63.2509651184082 91.2230453491211 102.865234375 137.4468994140625 366.6510925292969 6407.2001953125 0.0 0.0 0.0 0.0 0.0 0.0 0.0 0.0 0.0 0.0 0.0 0.0 0.0 0.0 0.0 0.0 0.0 0.0 0.0 0.0 0.0
15063.4677734375 45.35695266723633 53.653751373291016 48.29985046386719 55.74406433105469 59.63587188720703 62.9012451171875 75.70985412597656 104.81719207763672 135.35617065429688 355.35498046875 6422.7275390625 0.0 0.0 0.0 0.0 0.0 0.0 0.0 0.0 0.0 0.0 0.0 0.0 0.0 0.0 0.0 0.0 0.0 0.0 0.0 0.0
15095.529296875 45.053768157958984 49.64437484741211 51.991905212402344 53.640594482421875 55.1778564453125 59.12783432006836 65.62242889404297 75.74715423583984 96.21977233886719 137.2247314453125 357.5191650390625 6340.5859375 0.0 0.0 0.0 0.0 0.0 0.0 0.0 0.0 0.0 0.0 0.0 0.0 0.0 0.0 0.0 0.0 0.0 0.0 0.0
15124.5859375 50.97294998168945 46.592933654785156 54.180850982666016 51.443111419677734 50.06208419799805 56.077659606933594 58.80135726928711 62.46633529663086 77.95709228515625 92.64778900146484 133.86073303222656 342.15399169921875 6281.17529296875 0.0 0.0 0.0 0.0 0.0 0.0 0.0 0.0 0.0 0.0 0.0 0.0 0.0 0.0 0.0 0.0 0.0 0.0
15015.6630859375 40.28525161743164 48.96048355102539 45.8533821105957 51.9073371887207 48.70838165283203 49.281333923339844 53.6941032409668 65.74243927001953 66.20263671875 72.13082885742188 94.39036560058594 137.8116455078125 356.3117370605469 6335.9423828125 0.0 0.0 0.0 0.0 0.0 0.0 0.0 0.0 0.0 0.0 0.0 0.0 0.0 0.0 0.0 0.0 0.0
15013.849609375 40.86512756347656 43.432254791259766 49.40883255004883 50.47259521484375 47.2506217956543 55.49016189575195 49.93854522705078 55.64051818847656 57.73484802246094 67.78900909423828 76.24275970458984 94.48617553710938 131.42364501953125 335.2432861328125 6313.7529296875 0.0 0.0 0.0 0.0 0.0 0.0 0.0 0.0 0.0 0.0 0.0 0.0 0.0 0.0 0.0 0.0
14995.265625 34.1332893371582 40.20521545410156 48.048858642578125 49.95771789550781 46.198516845703125 47.650665283203125 49.26876449584961 58.335205078125 62.608516693115234 58.87763977050781 79.81194305419922 80.03728485107422 94.2975845336914 145.71080017089844 354.0377502441406 6238.62646484375 0.0 0.0 0.0 0.0 0.0 0.0 0.0 0.0 0.0 0.0 0.0 0.0 0.0 0.0 0.0
14947.525390625 37.575931549072266 36.883934020996094 43.675777435302734 50.30673599243164 48.99972915649414 49.239967346191406 50.96528625488281 47.130104064941406 50.95448684692383 123.98861694335938 59.419673919677734 74.07563018798828 75.79560852050781 89.9741439819336 134.88697814941406 333.31427001953125 6228.22509765625 0.0 0.0 0.0 0.0 0.0 0.0 0.0 0.0 0.0 0.0 0.0 0.0 0.0 0.0
14916.2470703125 36.32322311401367 34.2957878112793 37.103485107421875 47.391719818115234 54.994571685791016 51.45465087890625 52.55347442626953 55.415096282958984 49.310752868652344 53.359344482421875 57.7312126159668 58.67033386230469 77.13787841796875 73.46028900146484 88.75411987304688 135.10618591308594 332.16705322265625 6271.66162109375 0.0 0.0 0.0 0.0 0.0 0.0 0.0 0.0 0.0 0.0 0.0 0.0 0.0
14843.08203125 39.191593170166016 35.50968933105469 37.840660095214844 39.18233871459961 43.489776611328125 58.269195556640625 51.32661437988281 53.8714485168457 49.514041900634766 50.338714599609375 113.38164520263672 52.19718551635742 56.17035675048828 65.67478942871094 76.46918487548828 93.24516296386719 137.01675415039062 331.4570617675781 6255.728515625 0.0 0.0 0.0 0.0 0.0 0.0 0.0 0.0 0.0 0.0 0.0 0.0
14917.51953125 37.282958984375 36.15532302856445 37.07374954223633 40.01919937133789 39.16401290893555 43.48411178588867 45.7108154296875 51.56818771362305 60.00350570678711 45.886878967285156 49.6016731262207 52.313262939453125 58.482025146484375 60.325260162353516 60.7176399230957 76.33180236816406 87.98390197753906 136.77281188964844 322.1559753417969 6224.39453125 0.0 0.0 0.0 0.0 0.0 0.0 0.0 0.0 0.0 0.0 0.0
14782.77734375 34.34580993652344 37.35830307006836 38.24842834472656 45.17595291137695 37.587520599365234 38.20310974121094 45.72312545776367 47.68741989135742 67.2139892578125 68.65274810791016 47.64039611816406 45.37171173095703 69.72016143798828 58.63566207885742 55.423667907714844 63.587825775146484 72.04888916015625 102.40030670166016 131.24156188964844 348.4824523925781 6245.4130859375 0.0 0.0 0.0 0.0 0.0 0.0 0.0 0.0 0.0 0.0
14751.822265625 31.70580291748047 40.33578872680664 40.56240463256836 41.00871658325195 38.390743255615234 37.46403503417969 39.97830581665039 45.548397064208984 50.65877151489258 56.782379150390625 87.31554412841797 47.057289123535156 46.99668884277344 63.482398986816406 54.37505340576172 58.71539306640625 61.19319152832031 71.41012573242188 93.3432846069336 131.64794921875 335.8694763183594 6257.490234375 0.0 0.0 0.0 0.0 0.0 0.0 0.0 0.0 0.0
14698.240234375 28.40640640258789 33.95496368408203 42.77145767211914 41.28096008300781 41.464317321777344 38.45751953125 36.535804748535156 39.554962158203125 42.956642150878906 50.42549133300781 54.45418930053711 46.39329147338867 53.29886245727539 45.299171447753906 51.59543228149414 51.61703872680664 54.892723083496094 63.57069396972656 69.4577865600586 88.89369201660156 131.02252197265625 329.32684326171875 6349.16357421875 0.0 0.0 0.0 0.0 0.0 0.0 0.0 0.0
14688.8505859375 30.39855194091797 35.35166931152344 36.72476577758789 42.00213623046875 43.279842376708984 39.27890396118164 40.00992965698242 37.67033004760742 40.653411865234375 47.35248565673828 53.59731674194336 63.7862663269043 50.200191497802734 50.4458122253418 43.838104248046875 46.285118103027344 48.719871520996094 55.45318603515625 63.13517379760742 74.22792053222656 90.87198638916016 131.77536010742188 338.0018615722656 6290.9619140625 0.0 0.0 0.0 0.0 0.0 0.0 0.0
14696.3623046875 33.981605529785156 34.02872848510742 36.70180130004883 38.48624038696289 39.591373443603516 52.34409713745117 39.44137954711914 40.98258590698242 42.06977844238281 40.803768157958984 44.914981842041016 52.84563446044922 54.7752799987793 49.346866607666016 46.9608268737793 44.63529968261719 42.959476470947266 48.49409484863281 63.01243591308594 62.01594543457031 72.4482650756836 93.7011947631836 131.47805786132812 324.9552001953125 6254.701171875 0.0 0.0 0.0 0.0 0.0 0.0
14716.3369140625 30.1524715423584 34.001625061035156 37.844844818115234 39.38658905029297 36.509971618652344 40.794921875 39.982967376708984 42.8121452331543 42.6951789855957 45.69081497192383 43.6207275390625 53.78955841064453 46.74932098388672 54.922122955322266 45.32750701904297 47.19291305541992 42.96766662597656 43.01085662841797 50.914100646972656 52.25152587890625 60.86503601074219 74.69918823242188 94.08052825927734 141.33091735839844 323.9651184082031 6200.02978515625 0.0 0.0 0.0 0.0 0.0
14621.19921875 28.463665008544922 33.596805572509766 37.99884033203125 37.56996154785156 37.191959381103516 37.10506820678711 39.32515335083008 41.169734954833984 42.01880645751953 44.61024475097656 51.57655715942383 46.356651306152344 44.00930404663086 68.25045776367188 43.85234832763672 46.072086334228516 44.768157958984375 42.316200256347656 45.51993179321289 50.23017883300781 52.18024826049805 59.018558502197266 84.1760025024414 115.22217559814453 127.22571563720703 331.5758361816406 6229.5439453125 0.0 0.0 0.0 0.0
14589.943359375 25.988622665405273 29.932754516601562 36.22473907470703 40.06500244140625 38.057640075683594 41.87300109863281 36.703834533691406 40.87639236450195 44.93387222290039 48.1531982421875 41.23347854614258 45.292747497558594 43.34947204589844 44.70226287841797 45.132240295410156 44.48994064331055 41.5496711730957 43.023033142089844 41.12995147705078 46.460506439208984 47.289241790771484 52.57334518432617 61.03203582763672 74.09320068359375 94.15126037597656 127.30770111083984 321.2264709472656 6295.29150390625 0.0 0.0 0.0
14532.951171875 25.684785842895508 27.273719787597656 33.26926040649414 35.61151123046875 37.911376953125 39.78006362915039 39.1423454284668 38.2477912902832 40.14934539794922 42.32807922363281 48.235599517822266 46.5536994934082 41.520870208740234 43.98025131225586 40.8087272644043 44.09406280517578 46.46554946899414 61.67709732055664 41.55363845825195 44.84613037109375 46.503971099853516 49.901119232177734 56.77615737915039 68.14373016357422 76.54889678955078 94.5401382446289 133.07977294921875 331.69970703125 6272.71240234375 0.0 0.0
14550.630859375 25.715953826904297 26.447277069091797 30.312923431396484 34.398555755615234 36.448299407958984 37.994319915771484 36.49449157714844 38.63714599609375 40.958770751953125 42.9867057800293 74.4451675415039 41.86008071899414 47.15609359741211 42.34108352661133 49.95756530761719 40.21171569824219 40.24687957763672 46.120880126953125 62.916526794433594 42.769287109375 53.44575500488281 44.757625579833984 49.36568069458008 51.802330017089844 67.48234558105469 75.15570068359375 87.39925384521484 132.38490295410156 319.1491394042969 6212.015625 0.0
14525.9912109375 27.528478622436523 28.332271575927734 29.017799377441406 29.978246688842773 36.98169708251953 39.498565673828125 38.15920639038086 38.56965637207031 37.89364242553711 38.879276275634766 42.35065460205078 49.28670120239258 47.64550018310547 55.407474517822266 41.32468032836914 55.1873779296875 36.425376892089844 44.17160415649414 42.4544677734375 84.76781463623047 54.779483795166016 54.084800720214844 44.643768310546875 53.93861770629883 53.772178649902344 67.38184356689453 75.99993896484375 90.41808319091797 130.6988525390625 315.3209533691406 6171.01025390625
