22486.0 0.0 0.0 0.0 0.0 0.0 0.0 0.0 0.0 0.0 0.0 0.0 0.0 0.0 0.0 0.0 0.0 0.0 0.0 0.0 0.0 0.0 0.0 0.0 0.0 0.0 0.0 0.0 0.0 0.0 0.0 0.0
22320.92578125 161.95574951171875 0.0 0.0 0.0 0.0 0.0 0.0 0.0 0.0 0.0 0.0 0.0 0.0 0.0 0.0 0.0 0.0 0.0 0.0 0.0 0.0 0.0 0.0 0.0 0.0 0.0 0.0 0.0 0.0 0.0 0.0
22293.75390625 72.36343383789062 116.86823272705078 0.0 0.0 0.0 0.0 0.0 0.0 0.0 0.0 0.0 0.0 0.0 0.0 0.0 0.0 0.0 0.0 0.0 0.0 0.0 0.0 0.0 0.0 0.0 0.0 0.0 0.0 0.0 0.0 0.0
22241.919921875 62.950233459472656 68.30310821533203 109.72335815429688 0.0 0.0 0.0 0.0 0.0 0.0 0.0 0.0 0.0 0.0 0.0 0.0 0.0 0.0 0.0 0.0 0.0 0.0 0.0 0.0 0.0 0.0 0.0 0.0 0.0 0.0 0.0 0.0
22193.423828125 53.905616760253906 64.0888671875 68.92669677734375 102.59449005126953 0.0 0.0 0.0 0.0 0.0 0.0 0.0 0.0 0.0 0.0 0.0 0.0 0.0 0.0 0.0 0.0 0.0 0.0 0.0 0.0 0.0 0.0 0.0 0.0 0.0 0.0 0.0
22147.37890625 52.84560012817383 64.21308898925781 56.97574996948242 61.659610748291016 99.92855834960938 0.0 0.0 0.0 0.0 0.0 0.0 0.0 0.0 0.0 0.0 0.0 0.0 0.0 0.0 0.0 0.0 0.0 0.0 0.0 0.0 0.0 0.0 0.0 0.0 0.0 0.0
22140.578125 44.957828521728516 52.46116256713867 51.83789825439453 47.49005126953125 55.13872146606445 90.60527801513672 0.0 0.0 0.0 0.0 0.0 0.0 0.0 0.0 0.0 0.0 0.0 0.0 0.0 0.0 0.0 0.0 0.0 0.0 0.0 0.0 0.0 0.0 0.0 0.0 0.0
22100.83203125 47.60041427612305 54.936222076416016 47.97909164428711 45.96522903442383 51.65113830566406 47.96183395385742 86.10767364501953 0.0 0.0 0.0 0.0 0.0 0.0 0.0 0.0 0.0 0.0 0.0 0.0 0.0 0.0 0.0 0.0 0.0 0.0 0.0 0.0 0.0 0.0 0.0 0.0
22002.494140625 53.78187942504883 101.4366226196289 44.74768829345703 47.63963317871094 46.703330993652344 43.400028228759766 48.28078842163086 94.44609069824219 0.0 0.0 0.0 0.0 0.0 0.0 0.0 0.0 0.0 0.0 0.0 0.0 0.0 0.0 0.0 0.0 0.0 0.0 0.0 0.0 0.0 0.0 0.0
22040.74609375 39.72846603393555 54.2708854675293 42.29819107055664 42.418880462646484 45.783790588378906 40.33552551269531 41.32758331298828 47.640377044677734 88.44017028808594 0.0 0.0 0.0 0.0 0.0 0.0 0.0 0.0 0.0 0.0 0.0 0.0 0.0 0.0 0.0 0.0 0.0 0.0 0.0 0.0 0.0 0.0
22024.58203125 40.75252914428711 45.59225845336914 41.75597381591797 41.14994812011719 38.718204498291016 38.27802276611328 37.17425537109375 41.17607498168945 43.830467224121094 90.03258514404297 0.0 0.0 0.0 0.0 0.0 0.0 0.0 0.0 0.0 0.0 0.0 0.0 0.0 0.0 0.0 0.0 0.0 0.0 0.0 0.0 0.0
21988.6953125 39.72280502319336 45.056270599365234 43.69871520996094 40.186649322509766 38.74092483520508 37.079246520996094 34.939300537109375 40.25791931152344 38.75982666015625 43.78738784790039 92.04743957519531 0.0 0.0 0.0 0.0 0.0 0.0 0.0 0.0 0.0 0.0 0.0 0.0 0.0 0.0 0.0 0.0 0.0 0.0 0.0 0.0
21959.955078125 38.365962982177734 44.648841857910156 40.50016784667969 38.610511779785156 36.620574951171875 38.023643493652344 33.46767807006836 37.72056198120117 36.52754592895508 38.30181121826172 52.04568099975586 88.17555236816406 0.0 0.0 0.0 0.0 0.0 0.0 0.0 0.0 0.0 0.0 0.0 0.0 0.0 0.0 0.0 0.0 0.0 0.0 0.0
21956.083984375 35.33099365234375 43.277076721191406 40.23711013793945 38.119873046875 34.4338264465332 35.6566162109375 34.396854400634766 36.72799301147461 32.99379348754883 36.300838470458984 38.908042907714844 42.2962646484375 78.15228271484375 0.0 0.0 0.0 0.0 0.0 0.0 0.0 0.0 0.0 0.0 0.0 0.0 0.0 0.0 0.0 0.0 0.0 0.0
21918.001953125 35.61250686645508 43.46501541137695 39.9073600769043 38.46617889404297 34.1418571472168 34.2164192199707 34.532203674316406 35.63819885253906 32.33457565307617 34.70682907104492 36.810428619384766 40.23416519165039 41.15623092651367 83.77457427978516 0.0 0.0 0.0 0.0 0.0 0.0 0.0 0.0 0.0 0.0 0.0 0.0 0.0 0.0 0.0 0.0 0.0
21891.244140625 35.482547760009766 41.14866256713867 39.183326721191406 36.97034454345703 36.21421813964844 33.07975769042969 35.97745132446289 36.0111198425293 31.862411499023438 32.132503509521484 36.55470275878906 36.240413665771484 38.26191329956055 42.30207443237305 80.36846160888672 0.0 0.0 0.0 0.0 0.0 0.0 0.0 0.0 0.0 0.0 0.0 0.0 0.0 0.0 0.0 0.0
21829.20703125 36.97282791137695 40.43257141113281 42.3807258605957 38.788265228271484 42.707977294921875 35.569732666015625 33.49048614501953 37.69900894165039 33.69172668457031 34.2835578918457 42.701515197753906 35.810760498046875 33.9521598815918 41.09659957885742 41.25216293334961 82.95608520507812 0.0 0.0 0.0 0.0 0.0 0.0 0.0 0.0 0.0 0.0 0.0 0.0 0.0 0.0 0.0
21766.68359375 35.0634765625 43.04217529296875 41.99571228027344 36.266258239746094 36.008766174316406 33.97432327270508 32.79651641845703 33.08175277709961 31.995906829833984 32.06039047241211 100.58731842041016 34.85033416748047 33.800697326660156 35.744876861572266 36.48115158081055 40.07130813598633 78.55658721923828 0.0 0.0 0.0 0.0 0.0 0.0 0.0 0.0 0.0 0.0 0.0 0.0 0.0 0.0
21743.53515625 33.00861358642578 42.045745849609375 42.949485778808594 38.850929260253906 35.89591979980469 33.94974136352539 34.28065490722656 32.118438720703125 32.738712310791016 33.08110427856445 91.95343780517578 33.40970993041992 31.50873565673828 33.75230026245117 34.448707580566406 37.13206481933594 41.14802932739258 77.22576141357422 0.0 0.0 0.0 0.0 0.0 0.0 0.0 0.0 0.0 0.0 0.0 0.0 0.0
21729.044921875 33.367042541503906 42.092552185058594 42.5039176940918 37.91646194458008 40.631099700927734 36.082462310791016 36.317779541015625 34.57770919799805 37.19621276855469 33.06361389160156 45.88821792602539 37.12064743041992 32.758445739746094 33.934242248535156 34.282310485839844 35.17521286010742 39.28125 41.71000289916992 79.9716567993164 0.0 0.0 0.0 0.0 0.0 0.0 0.0 0.0 0.0 0.0 0.0 0.0
21724.900390625 33.33211898803711 43.64154052734375 38.4969482421875 36.84867858886719 38.9233283996582 36.27049255371094 33.98421096801758 33.553688049316406 35.722049713134766 33.090110778808594 40.38616943359375 34.93417739868164 30.271657943725586 33.051815032958984 31.797632217407227 33.28536605834961 35.27809524536133 35.30242919921875 41.67049789428711 78.33912658691406 0.0 0.0 0.0 0.0 0.0 0.0 0.0 0.0 0.0 0.0 0.0
21686.021484375 34.539794921875 45.030967712402344 44.52210998535156 38.0884895324707 37.35349655151367 37.69364547729492 33.58098602294922 33.74213790893555 32.637428283691406 34.54878234863281 35.955467224121094 35.05598831176758 30.0614013671875 34.59647750854492 32.52485656738281 31.391010284423828 33.28678894042969 33.36497116088867 37.06779098510742 40.390872955322266 81.56368255615234 0.0 0.0 0.0 0.0 0.0 0.0 0.0 0.0 0.0 0.0
21640.875 35.1256217956543 45.14567565917969 42.00518035888672 38.274105072021484 38.09156036376953 38.10596466064453 33.53569793701172 34.18144607543945 34.12692642211914 35.21169662475586 46.11743927001953 37.564109802246094 30.86735725402832 33.02333068847656 30.649755477905273 30.413549423217773 32.029541015625 31.993749618530273 36.21548080444336 37.85834503173828 44.67266845703125 76.93467712402344 0.0 0.0 0.0 0.0 0.0 0.0 0.0 0.0 0.0
21616.689453125 33.727928161621094 42.38920974731445 41.3783073425293 38.970619201660156 38.84882354736328 35.63834762573242 35.35910415649414 32.77494430541992 33.44074630737305 34.55613327026367 42.547176361083984 38.76314163208008 31.51085090637207 33.1352424621582 31.20436668395996 33.12282943725586 30.773836135864258 30.2243709564209 33.54578399658203 34.10626220703125 38.195621490478516 39.388832092285156 82.65161895751953 0.0 0.0 0.0 0.0 0.0 0.0 0.0 0.0
21573.92578125 32.568153381347656 45.01715087890625 41.57819366455078 35.90199661254883 35.50233459472656 35.39500427246094 34.42612838745117 34.998722076416016 35.07758712768555 34.66280746459961 44.958187103271484 41.60113525390625 35.16828155517578 34.68356704711914 36.69524383544922 30.092750549316406 32.334415435791016 29.393701553344727 35.654144287109375 31.61865234375 35.40118408203125 36.40454864501953 40.205718994140625 79.76081848144531 0.0 0.0 0.0 0.0 0.0 0.0 0.0
21517.4296875 32.29936218261719 44.3062629699707 41.90952682495117 39.13951873779297 42.33671188354492 37.07867431640625 36.438194274902344 35.4422721862793 33.76317596435547 37.09198760986328 49.09566879272461 38.72639846801758 35.25127410888672 35.32817077636719 36.33281707763672 33.04998779296875 30.33008575439453 30.361370086669922 42.18112564086914 30.725494384765625 34.693336486816406 33.137020111083984 34.61090850830078 43.525421142578125 77.4734878540039 0.0 0.0 0.0 0.0 0.0 0.0
21502.65234375 32.59968185424805 46.144996643066406 38.656700134277344 37.63154602050781 34.42037582397461 34.965118408203125 33.028236389160156 34.271419525146484 33.33854293823242 35.24088668823242 59.87009811401367 43.307281494140625 34.89027786254883 36.903594970703125 33.27960968017578 30.424633026123047 30.711416244506836 29.608062744140625 36.90711212158203 32.05992889404297 30.606416702270508 31.659576416015625 33.9813232421875 38.32900619506836 38.74684524536133 77.69801330566406 0.0 0.0 0.0 0.0 0.0
21455.533203125 31.59811782836914 44.344303131103516 40.40890884399414 39.03969955444336 36.7508430480957 36.24114227294922 35.826133728027344 35.209251403808594 33.67188262939453 33.610809326171875 79.50833892822266 42.82521057128906 35.418663024902344 34.3925895690918 32.07984924316406 30.266443252563477 31.201364517211914 28.89945411682129 40.29835510253906 28.723514556884766 29.723154067993164 29.075809478759766 30.128835678100586 34.60133743286133 35.04735565185547 39.43164825439453 78.17963409423828 0.0 0.0 0.0 0.0
21430.3125 30.384765625 45.20682907104492 41.651832580566406 38.955482482910156 36.864349365234375 38.00374984741211 36.96029281616211 32.07793426513672 36.7537727355957 34.5326042175293 72.70404052734375 37.76551818847656 34.56993103027344 32.83021545410156 33.45682907104492 30.0091609954834 31.737163543701172 28.176420211791992 45.76667404174805 28.213024139404297 31.77415657043457 28.40062713623047 30.145769119262695 32.79209518432617 33.487667083740234 35.929344177246094 38.19601821899414 74.33502960205078 0.0 0.0 0.0
21341.60546875 32.28449630737305 45.46117401123047 42.866947174072266 38.395240783691406 36.117671966552734 38.34552764892578 35.93513870239258 33.758750915527344 36.07605743408203 35.948585510253906 94.88279724121094 36.555755615234375 32.978919982910156 35.741859436035156 34.79469299316406 30.1343994140625 33.29896926879883 29.00032615661621 69.66031646728516 28.870609283447266 31.136926651000977 27.416967391967773 30.111370086669922 33.41107177734375 30.319509506225586 34.143211364746094 33.713863372802734 36.56975173950195 82.45097351074219 0.0 0.0
21388.80078125 31.593801498413086 42.88140869140625 42.30779266357422 37.7118034362793 39.127113342285156 40.13523483276367 36.328948974609375 35.842445373535156 34.68190002441406 35.288536071777344 40.681854248046875 41.05065155029297 32.78525924682617 37.090850830078125 37.451602935791016 33.236270904541016 32.42301559448242 34.058414459228516 33.94880676269531 29.43817710876465 30.66840362548828 27.719749450683594 28.979719161987305 32.32440948486328 31.349143981933594 30.243066787719727 32.04961395263672 32.48999786376953 40.11082077026367 79.14146423339844 0.0
21290.880859375 32.49001693725586 49.242740631103516 41.07185745239258 40.652259826660156 37.88063430786133 37.086769104003906 35.37235641479492 35.46262741088867 35.43669509887695 36.558414459228516 60.78917694091797 41.562191009521484 35.12289810180664 34.807228088378906 36.21132278442383 33.5724983215332 33.3770866394043 37.15460968017578 46.454200744628906 33.930206298828125 33.66653060913086 30.2930850982666 29.241134643554688 29.152727127075195 28.872594833374023 31.5654239654541 33.25237274169922 31.710195541381836 39.06367492675781 47.800201416015625 82.39659881591797
