22486.0 0.0 0.0 0.0 0.0 0.0 0.0 0.0 0.0 0.0 0.0 0.0 0.0 0.0 0.0 0.0 0.0 0.0 0.0 0.0 0.0 0.0 0.0 0.0 0.0 0.0 0.0 0.0 0.0 0.0 0.0 0.0
21779.99609375 702.9269409179688 0.0 0.0 0.0 0.0 0.0 0.0 0.0 0.0 0.0 0.0 0.0 0.0 0.0 0.0 0.0 0.0 0.0 0.0 0.0 0.0 0.0 0.0 0.0 0.0 0.0 0.0 0.0 0.0 0.0 0.0
21748.984375 270.50531005859375 463.44061279296875 0.0 0.0 0.0 0.0 0.0 0.0 0.0 0.0 0.0 0.0 0.0 0.0 0.0 0.0 0.0 0.0 0.0 0.0 0.0 0.0 0.0 0.0 0.0 0.0 0.0 0.0 0.0 0.0 0.0
21580.626953125 208.58824157714844 232.03477478027344 461.8152770996094 0.0 0.0 0.0 0.0 0.0 0.0 0.0 0.0 0.0 0.0 0.0 0.0 0.0 0.0 0.0 0.0 0.0 0.0 0.0 0.0 0.0 0.0 0.0 0.0 0.0 0.0 0.0 0.0
21443.73828125 181.1894073486328 192.3061981201172 203.2516632080078 462.62957763671875 0.0 0.0 0.0 0.0 0.0 0.0 0.0 0.0 0.0 0.0 0.0 0.0 0.0 0.0 0.0 0.0 0.0 0.0 0.0 0.0 0.0 0.0 0.0 0.0 0.0 0.0 0.0
21253.06640625 186.75173950195312 164.85739135742188 166.54534912109375 225.26950073242188 486.5655212402344 0.0 0.0 0.0 0.0 0.0 0.0 0.0 0.0 0.0 0.0 0.0 0.0 0.0 0.0 0.0 0.0 0.0 0.0 0.0 0.0 0.0 0.0 0.0 0.0 0.0 0.0
21237.359375 138.32366943359375 130.0419921875 139.21786499023438 173.68701171875 213.1547393798828 451.3225402832031 0.0 0.0 0.0 0.0 0.0 0.0 0.0 0.0 0.0 0.0 0.0 0.0 0.0 0.0 0.0 0.0 0.0 0.0 0.0 0.0 0.0 0.0 0.0 0.0 0.0
21213.8515625 118.15704345703125 111.51409912109375 114.08479309082031 135.48594665527344 156.90646362304688 194.91806030273438 438.12091064453125 0.0 0.0 0.0 0.0 0.0 0.0 0.0 0.0 0.0 0.0 0.0 0.0 0.0 0.0 0.0 0.0 0.0 0.0 0.0 0.0 0.0 0.0 0.0 0.0
20993.083984375 114.10919952392578 103.3712158203125 102.89488220214844 124.28544616699219 152.06578063964844 161.30075073242188 240.41925048828125 491.5533752441406 0.0 0.0 0.0 0.0 0.0 0.0 0.0 0.0 0.0 0.0 0.0 0.0 0.0 0.0 0.0 0.0 0.0 0.0 0.0 0.0 0.0 0.0 0.0
21019.9765625 112.30194854736328 94.91563415527344 90.31843566894531 101.34451293945312 130.33084106445312 141.4976043701172 158.54794311523438 192.74607849121094 441.0562744140625 0.0 0.0 0.0 0.0 0.0 0.0 0.0 0.0 0.0 0.0 0.0 0.0 0.0 0.0 0.0 0.0 0.0 0.0 0.0 0.0 0.0 0.0
21034.6328125 94.47333526611328 80.50904083251953 81.7703628540039 90.73960876464844 96.02043151855469 105.94222259521484 125.95079803466797 140.0659637451172 193.97467041015625 438.8519592285156 0.0 0.0 0.0 0.0 0.0 0.0 0.0 0.0 0.0 0.0 0.0 0.0 0.0 0.0 0.0 0.0 0.0 0.0 0.0 0.0 0.0
20936.0078125 89.26947784423828 74.87576293945312 76.36585235595703 82.42050170898438 104.55199432373047 103.3798828125 120.88860321044922 126.61890411376953 148.05458068847656 204.08848571777344 416.5307922363281 0.0 0.0 0.0 0.0 0.0 0.0 0.0 0.0 0.0 0.0 0.0 0.0 0.0 0.0 0.0 0.0 0.0 0.0 0.0 0.0
20778.828125 88.0163803100586 70.36959838867188 70.21013641357422 75.76821899414062 94.07299041748047 85.96125793457031 95.13804626464844 113.86885833740234 133.53555297851562 240.0851593017578 190.55938720703125 446.6888122558594 0.0 0.0 0.0 0.0 0.0 0.0 0.0 0.0 0.0 0.0 0.0 0.0 0.0 0.0 0.0 0.0 0.0 0.0 0.0
20873.884765625 80.60639953613281 68.85807037353516 65.08282470703125 68.74126434326172 73.16893005371094 82.2197036743164 86.15323638916016 96.91047668457031 107.57715606689453 124.79922485351562 138.72259521484375 186.70289611816406 429.6204833984375 0.0 0.0 0.0 0.0 0.0 0.0 0.0 0.0 0.0 0.0 0.0 0.0 0.0 0.0 0.0 0.0 0.0 0.0
20623.6015625 76.00249481201172 63.466304779052734 64.09915924072266 65.05391693115234 67.10086822509766 81.20582580566406 83.6943359375 98.27777099609375 105.47077178955078 154.0498504638672 129.236083984375 150.20346069335938 240.2128143310547 481.2066955566406 0.0 0.0 0.0 0.0 0.0 0.0 0.0 0.0 0.0 0.0 0.0 0.0 0.0 0.0 0.0 0.0 0.0
20776.39453125 73.76644134521484 61.525856018066406 62.89661407470703 62.77005386352539 64.91297912597656 69.4736328125 73.1625747680664 75.76078033447266 85.14582061767578 96.7948989868164 114.319580078125 126.11780548095703 134.3541259765625 176.39073181152344 429.21331787109375 0.0 0.0 0.0 0.0 0.0 0.0 0.0 0.0 0.0 0.0 0.0 0.0 0.0 0.0 0.0 0.0
20551.40234375 70.98676300048828 57.02119827270508 62.62491226196289 65.9121322631836 64.02641296386719 72.40775299072266 68.06489562988281 82.25717163085938 124.48516082763672 121.23430633544922 122.68653869628906 124.63910675048828 120.9375 133.3883056640625 199.4969940185547 441.4639587402344 0.0 0.0 0.0 0.0 0.0 0.0 0.0 0.0 0.0 0.0 0.0 0.0 0.0 0.0 0.0
20652.453125 66.1909408569336 53.64666748046875 56.78117370605469 60.81623840332031 60.809364318847656 63.27054214477539 63.752498626708984 68.90789031982422 79.6873550415039 102.25596618652344 87.85407257080078 102.79327392578125 106.0779037475586 114.06661987304688 138.7559814453125 196.00201416015625 408.91949462890625 0.0 0.0 0.0 0.0 0.0 0.0 0.0 0.0 0.0 0.0 0.0 0.0 0.0 0.0
20616.94921875 63.956302642822266 52.79924392700195 53.66849136352539 56.14552307128906 60.52521896362305 60.37760925292969 62.06217956542969 65.05459594726562 69.96427917480469 77.99822235107422 81.89397430419922 83.65369415283203 91.98252868652344 96.66940307617188 119.92186737060547 153.3103485107422 198.46035766601562 417.53662109375 0.0 0.0 0.0 0.0 0.0 0.0 0.0 0.0 0.0 0.0 0.0 0.0 0.0
20454.5546875 67.44148254394531 51.92852783203125 55.622440338134766 52.93684005737305 57.435211181640625 64.77305603027344 62.772342681884766 60.85026168823242 63.37381362915039 68.42160034179688 79.86417388916016 84.19285583496094 84.82196044921875 89.5772933959961 102.33189392089844 178.51504516601562 163.19520568847656 207.789306640625 432.6383972167969 0.0 0.0 0.0 0.0 0.0 0.0 0.0 0.0 0.0 0.0 0.0 0.0
20582.736328125 65.06478118896484 51.29624938964844 50.13850784301758 50.909393310546875 52.79826354980469 55.716827392578125 59.330535888671875 59.74687957763672 62.69384765625 66.12866973876953 67.69123077392578 68.88507080078125 73.27405548095703 77.40736389160156 86.53258514404297 102.29588317871094 116.75672912597656 139.93215942382812 178.43072509765625 415.2591247558594 0.0 0.0 0.0 0.0 0.0 0.0 0.0 0.0 0.0 0.0 0.0
20594.0625 62.55555725097656 52.28554153442383 51.070465087890625 50.74959182739258 49.37266159057617 51.592044830322266 53.64616775512695 56.21825408935547 57.45964813232422 60.88908767700195 66.67256164550781 63.39842224121094 65.21315002441406 69.509033203125 75.98978424072266 86.5580825805664 96.06135559082031 113.26370239257812 132.79554748535156 173.92759704589844 399.6849670410156 0.0 0.0 0.0 0.0 0.0 0.0 0.0 0.0 0.0 0.0
20488.77734375 58.648902893066406 49.953800201416016 51.09366989135742 49.305179595947266 53.624786376953125 51.525028228759766 51.70489501953125 53.002197265625 54.80101013183594 60.69821548461914 64.4086685180664 62.26167297363281 61.550785064697266 68.28490447998047 73.74629974365234 92.8278579711914 89.1632308959961 100.66159057617188 114.77669525146484 137.63526916503906 200.51158142089844 393.937255859375 0.0 0.0 0.0 0.0 0.0 0.0 0.0 0.0 0.0
20540.728515625 57.5355110168457 48.380924224853516 49.988258361816406 52.00733184814453 49.63507080078125 50.715335845947266 49.9886474609375 51.18848419189453 53.52249526977539 56.791473388671875 57.54122543334961 59.761871337890625 58.562721252441406 61.017677307128906 62.358211517333984 70.46852111816406 75.84060668945312 87.15625762939453 89.36217498779297 122.22386169433594 134.61300659179688 165.43109130859375 378.24676513671875 0.0 0.0 0.0 0.0 0.0 0.0 0.0 0.0
20501.822265625 58.72910690307617 48.602256774902344 48.22807312011719 49.43576431274414 49.54985046386719 51.13332748413086 46.03728103637695 50.25208282470703 52.014739990234375 57.1190299987793 54.440982818603516 59.12601089477539 56.078094482421875 56.49907684326172 58.32637405395508 63.304656982421875 68.78056335449219 75.30177307128906 79.23100280761719 108.13717651367188 115.55450439453125 125.54579162597656 170.39906311035156 379.25482177734375 0.0 0.0 0.0 0.0 0.0 0.0 0.0
20408.951171875 55.26887130737305 45.332672119140625 46.40632629394531 46.78360366821289 47.96295928955078 47.972049713134766 47.60642623901367 46.91035842895508 48.40340805053711 50.72296905517578 51.67744064331055 56.872039794921875 54.78288269042969 54.64551544189453 57.79120635986328 59.78104019165039 62.38729476928711 71.63044738769531 76.789794921875 83.92520904541016 103.28787231445312 112.99278259277344 158.9982147216797 178.39625549316406 405.68939208984375 0.0 0.0 0.0 0.0 0.0 0.0
20298.298828125 55.63380432128906 44.27815246582031 43.754478454589844 44.948856353759766 45.493011474609375 46.50114440917969 45.64238739013672 47.16094970703125 47.90202331542969 47.7192268371582 52.693424224853516 52.37846755981445 53.55751037597656 53.96586608886719 55.229732513427734 57.876338958740234 56.014129638671875 62.83973693847656 67.25300598144531 72.84525299072266 87.27569580078125 100.74614715576172 208.4046630859375 141.5903778076172 197.55357360839844 394.58282470703125 0.0 0.0 0.0 0.0 0.0
20412.75390625 52.419898986816406 44.01214599609375 44.21977233886719 44.55963897705078 43.44581604003906 44.695762634277344 45.985198974609375 47.287540435791016 51.72322463989258 47.67393112182617 47.573753356933594 50.2964973449707 51.37138748168945 51.32997131347656 53.361968994140625 53.69347381591797 53.922515869140625 58.448631286621094 60.12037658691406 67.745361328125 79.25005340576172 84.68278503417969 98.45063018798828 110.66685485839844 127.3105697631836 166.8848876953125 388.0997009277344 0.0 0.0 0.0 0.0
20378.892578125 50.450706481933594 40.60579299926758 42.50651931762695 42.697750091552734 42.143428802490234 43.31339645385742 43.61668014526367 44.2479133605957 46.88542938232422 47.561641693115234 47.35490036010742 48.632930755615234 50.08721160888672 49.08078384399414 50.06450653076172 51.72187042236328 52.64994812011719 55.94631576538086 57.01020812988281 62.01124572753906 70.63500213623047 70.12254333496094 82.70753479003906 91.96016693115234 108.75392150878906 128.8800811767578 196.81507873535156 384.7060852050781 0.0 0.0 0.0
20317.421875 46.780582427978516 40.111427307128906 40.87831115722656 41.09965133666992 42.87296676635742 43.406246185302734 41.92168045043945 43.77324295043945 44.09211730957031 46.211490631103516 45.1497917175293 47.53418731689453 44.384254455566406 44.793338775634766 47.88715744018555 47.96495056152344 49.2603645324707 55.907169342041016 51.93278121948242 58.28626251220703 61.85319900512695 65.09903717041016 75.84615325927734 86.80513000488281 106.51519775390625 115.84860229492188 173.65223693847656 178.04541015625 376.53826904296875 0.0 0.0
20300.57421875 47.133609771728516 37.98700714111328 39.17683792114258 39.96360778808594 41.79471969604492 45.70805358886719 42.31585693359375 43.83774948120117 43.75660705566406 43.79341125488281 44.84245300292969 50.380760192871094 46.9379997253418 44.47209167480469 47.03871536254883 47.865230560302734 49.11000061035156 53.39838790893555 52.25507736206055 56.30694580078125 56.03483581542969 57.99082946777344 70.6647720336914 76.63356018066406 85.8742904663086 95.70970153808594 126.29448699951172 147.73492431640625 164.94161987304688 381.50006103515625 0.0
20236.296875 45.78353500366211 36.0816535949707 36.959259033203125 38.27377700805664 39.63811111450195 41.75733184814453 41.54331970214844 44.13045120239258 43.10572052001953 50.2314453125 47.29799270629883 47.55931091308594 46.41361999511719 43.409542083740234 42.91973114013672 51.822479248046875 47.15231704711914 47.72715759277344 48.84928512573242 53.26359939575195 54.99882888793945 53.81986618041992 85.05880737304688 68.99435424804688 79.70169067382812 87.13685607910156 147.132080078125 124.15103912353516 122.48149108886719 166.663818359375 361.6904296875
