22486.0 0.0 0.0 0.0 0.0 0.0 0.0 0.0 0.0 0.0 0.0 0.0 0.0 0.0 0.0 0.0 0.0 0.0 0.0 0.0 0.0 0.0 0.0 0.0 0.0 0.0 0.0 0.0 0.0 0.0 0.0 0.0
22062.45703125 420.4594421386719 0.0 0.0 0.0 0.0 0.0 0.0 0.0 0.0 0.0 0.0 0.0 0.0 0.0 0.0 0.0 0.0 0.0 0.0 0.0 0.0 0.0 0.0 0.0 0.0 0.0 0.0 0.0 0.0 0.0 0.0
22080.3515625 166.75888061523438 235.99063110351562 0.0 0.0 0.0 0.0 0.0 0.0 0.0 0.0 0.0 0.0 0.0 0.0 0.0 0.0 0.0 0.0 0.0 0.0 0.0 0.0 0.0 0.0 0.0 0.0 0.0 0.0 0.0 0.0 0.0
21971.37890625 138.73890686035156 134.05657958984375 238.75584411621094 0.0 0.0 0.0 0.0 0.0 0.0 0.0 0.0 0.0 0.0 0.0 0.0 0.0 0.0 0.0 0.0 0.0 0.0 0.0 0.0 0.0 0.0 0.0 0.0 0.0 0.0 0.0 0.0
21855.998046875 127.1807861328125 121.53296661376953 131.92849731445312 246.2568359375 0.0 0.0 0.0 0.0 0.0 0.0 0.0 0.0 0.0 0.0 0.0 0.0 0.0 0.0 0.0 0.0 0.0 0.0 0.0 0.0 0.0 0.0 0.0 0.0 0.0 0.0 0.0
21773.861328125 104.45323181152344 98.12489318847656 108.51886749267578 132.0965118408203 265.9077453613281 0.0 0.0 0.0 0.0 0.0 0.0 0.0 0.0 0.0 0.0 0.0 0.0 0.0 0.0 0.0 0.0 0.0 0.0 0.0 0.0 0.0 0.0 0.0 0.0 0.0 0.0
21751.748046875 88.38434600830078 85.78950500488281 93.62920379638672 106.72888946533203 135.95175170898438 220.7617645263672 0.0 0.0 0.0 0.0 0.0 0.0 0.0 0.0 0.0 0.0 0.0 0.0 0.0 0.0 0.0 0.0 0.0 0.0 0.0 0.0 0.0 0.0 0.0 0.0 0.0
21688.65625 88.32109069824219 92.40884399414062 78.6645736694336 94.9471206665039 102.54681396484375 125.45723724365234 212.02529907226562 0.0 0.0 0.0 0.0 0.0 0.0 0.0 0.0 0.0 0.0 0.0 0.0 0.0 0.0 0.0 0.0 0.0 0.0 0.0 0.0 0.0 0.0 0.0 0.0
21667.462890625 91.60247039794922 71.49529266357422 71.28933715820312 75.404296875 86.14472961425781 79.70301055908203 116.8208236694336 223.02362060546875 0.0 0.0 0.0 0.0 0.0 0.0 0.0 0.0 0.0 0.0 0.0 0.0 0.0 0.0 0.0 0.0 0.0 0.0 0.0 0.0 0.0 0.0 0.0
21645.2890625 82.77037811279297 68.69554901123047 63.69752502441406 66.25779724121094 73.28606414794922 69.07882690429688 76.85596466064453 123.22486877441406 213.8524627685547 0.0 0.0 0.0 0.0 0.0 0.0 0.0 0.0 0.0 0.0 0.0 0.0 0.0 0.0 0.0 0.0 0.0 0.0 0.0 0.0 0.0 0.0
21602.759765625 81.63915252685547 69.00979614257812 63.563194274902344 61.765785217285156 60.72118377685547 63.5021858215332 66.78131866455078 78.42552947998047 116.42321014404297 218.37014770507812 0.0 0.0 0.0 0.0 0.0 0.0 0.0 0.0 0.0 0.0 0.0 0.0 0.0 0.0 0.0 0.0 0.0 0.0 0.0 0.0 0.0
21543.1015625 73.6305923461914 66.28414916992188 63.39813232421875 64.7453842163086 61.33037185668945 56.17131423950195 64.39342498779297 63.755069732666016 70.34417724609375 133.07476806640625 222.73489379882812 0.0 0.0 0.0 0.0 0.0 0.0 0.0 0.0 0.0 0.0 0.0 0.0 0.0 0.0 0.0 0.0 0.0 0.0 0.0 0.0
21521.61328125 68.29041290283203 62.17450714111328 63.52828598022461 64.5147705078125 60.048255920410156 55.73491668701172 54.7285041809082 58.5633544921875 61.48740005493164 67.9040298461914 133.00015258789062 211.3633270263672 0.0 0.0 0.0 0.0 0.0 0.0 0.0 0.0 0.0 0.0 0.0 0.0 0.0 0.0 0.0 0.0 0.0 0.0 0.0
21527.142578125 67.7821044921875 57.13048553466797 56.70550537109375 58.997005462646484 59.542449951171875 52.27590560913086 51.55833053588867 52.22993087768555 55.972877502441406 57.3804931640625 63.29960632324219 118.6396255493164 204.24339294433594 0.0 0.0 0.0 0.0 0.0 0.0 0.0 0.0 0.0 0.0 0.0 0.0 0.0 0.0 0.0 0.0 0.0 0.0
21483.48046875 66.85946655273438 55.960636138916016 52.384521484375 56.259647369384766 56.1884880065918 54.26318359375 51.48516082763672 52.705387115478516 54.16496658325195 54.86947250366211 55.952674865722656 63.90721893310547 114.98356628417969 209.5399169921875 0.0 0.0 0.0 0.0 0.0 0.0 0.0 0.0 0.0 0.0 0.0 0.0 0.0 0.0 0.0 0.0 0.0
21423.5078125 69.04815673828125 57.764835357666016 54.17994689941406 54.86209487915039 56.68258285522461 54.730655670166016 52.35398864746094 55.5977668762207 51.837467193603516 51.892215728759766 54.089542388916016 56.101009368896484 61.12077331542969 123.42902374267578 205.9014892578125 0.0 0.0 0.0 0.0 0.0 0.0 0.0 0.0 0.0 0.0 0.0 0.0 0.0 0.0 0.0 0.0
21401.388671875 64.69884490966797 56.697845458984375 53.514976501464844 51.59103012084961 50.22085952758789 51.09543228149414 49.654876708984375 52.674652099609375 50.262882232666016 48.275146484375 49.50364685058594 50.74460220336914 50.1346549987793 63.44013595581055 119.74951171875 219.42013549804688 0.0 0.0 0.0 0.0 0.0 0.0 0.0 0.0 0.0 0.0 0.0 0.0 0.0 0.0 0.0
21327.283203125 64.31373596191406 56.42749786376953 55.74016571044922 54.169761657714844 52.25778579711914 49.17277526855469 47.36333465576172 52.15149688720703 52.46831130981445 53.893436431884766 50.870079040527344 48.07906723022461 50.45487976074219 56.503089904785156 61.34069061279297 137.19114685058594 213.31875610351562 0.0 0.0 0.0 0.0 0.0 0.0 0.0 0.0 0.0 0.0 0.0 0.0 0.0 0.0
21327.142578125 62.98466491699219 51.09005355834961 54.150421142578125 54.832603454589844 49.95040512084961 46.293060302734375 45.90406799316406 46.876487731933594 52.13628005981445 51.107208251953125 52.2581672668457 47.86415481567383 47.816219329833984 49.84306335449219 53.201900482177734 62.25312423706055 118.45531463623047 208.72299194335938 0.0 0.0 0.0 0.0 0.0 0.0 0.0 0.0 0.0 0.0 0.0 0.0 0.0
21265.259765625 64.88044738769531 49.2056884765625 50.6686897277832 52.89168930053711 50.816062927246094 47.87590789794922 46.88060760498047 50.934295654296875 51.84099197387695 50.4196891784668 54.81412887573242 50.91658020019531 46.41328048706055 46.66726303100586 47.553226470947266 52.87812423706055 59.2757568359375 122.647705078125 220.25650024414062 0.0 0.0 0.0 0.0 0.0 0.0 0.0 0.0 0.0 0.0 0.0 0.0
21207.556640625 68.97010803222656 53.42966842651367 49.550357818603516 51.93498992919922 51.57740020751953 47.13102722167969 45.70561599731445 49.28715896606445 67.56392669677734 48.30522155761719 48.7724494934082 50.85094451904297 49.53985595703125 46.96404266357422 46.477088928222656 50.432159423828125 51.390159606933594 58.563316345214844 126.3064956665039 212.6606903076172 0.0 0.0 0.0 0.0 0.0 0.0 0.0 0.0 0.0 0.0 0.0
21201.041015625 64.7715072631836 51.9215087890625 48.50254440307617 49.081085205078125 47.854705810546875 43.73057174682617 44.94739532470703 46.68760299682617 58.06464385986328 46.36247634887695 47.44364929199219 48.527217864990234 49.13661575317383 49.8831787109375 45.69498825073242 46.17449951171875 46.26523208618164 50.34652328491211 58.00252914428711 120.0919418334961 218.42076110839844 0.0 0.0 0.0 0.0 0.0 0.0 0.0 0.0 0.0 0.0
21163.638671875 61.05155563354492 49.66437530517578 50.31233596801758 52.723697662353516 44.36392593383789 43.17135238647461 44.54768753051758 45.86026382446289 51.0029296875 45.913352966308594 53.0818977355957 47.50828170776367 45.33366012573242 50.79952621459961 47.19011688232422 49.9872932434082 44.64748001098633 43.830291748046875 49.23914337158203 56.07502365112305 131.18206787109375 211.92376708984375 0.0 0.0 0.0 0.0 0.0 0.0 0.0 0.0 0.0
21139.025390625 56.87481689453125 48.835968017578125 51.27153015136719 50.59530258178711 48.31465148925781 40.54865264892578 43.81025314331055 44.27787780761719 45.8701286315918 48.42213821411133 47.85564422607422 44.907562255859375 44.04412841796875 47.463165283203125 46.17863464355469 47.99546432495117 44.958213806152344 44.29458236694336 45.31492233276367 50.28192901611328 56.2635498046875 115.8447494506836 229.6871337890625 0.0 0.0 0.0 0.0 0.0 0.0 0.0 0.0
21067.396484375 55.40023422241211 44.96189498901367 48.87657928466797 50.02049255371094 48.370540618896484 44.093299865722656 42.22692108154297 44.64563751220703 46.93341064453125 50.495140075683594 49.03940200805664 46.903499603271484 43.33555603027344 47.03828048706055 48.01909637451172 48.372413635253906 44.580196380615234 45.212921142578125 45.41606903076172 48.74266052246094 50.360877990722656 55.90061569213867 140.2654266357422 226.43844604492188 0.0 0.0 0.0 0.0 0.0 0.0 0.0
21067.953125 53.078147888183594 39.826324462890625 44.44239044189453 50.60728454589844 49.76896286010742 48.93598175048828 42.02947998046875 42.53440475463867 45.07624053955078 46.99931335449219 48.57545471191406 47.30703353881836 45.94330978393555 44.246917724609375 45.10708236694336 46.2658805847168 45.05921936035156 46.2504768371582 43.78929901123047 43.635746002197266 45.76683807373047 46.94643020629883 58.32789993286133 129.33177185058594 214.23751831054688 0.0 0.0 0.0 0.0 0.0 0.0
21076.181640625 51.40528106689453 39.6443977355957 38.12555694580078 44.25996780395508 46.893775939941406 40.85353088378906 39.88905715942383 41.341915130615234 40.84087371826172 44.191505432128906 44.77657699584961 46.313358306884766 42.956932067871094 47.50071716308594 40.39183044433594 42.84812927246094 43.696231842041016 40.85361099243164 44.07464599609375 42.95977783203125 41.364601135253906 43.734458923339844 51.20219802856445 54.113990783691406 122.77025604248047 228.7205047607422 0.0 0.0 0.0 0.0 0.0
21057.501953125 56.5538215637207 39.812103271484375 37.939048767089844 38.36613464355469 41.204166412353516 40.153839111328125 40.868614196777344 39.96889114379883 40.36516189575195 41.26810073852539 42.66154861450195 45.44819259643555 43.40980911254883 44.94377517700195 41.54303741455078 41.39414978027344 40.52223587036133 42.58635330200195 42.39970016479492 43.47683334350586 40.430233001708984 41.07752227783203 45.91963195800781 45.60015106201172 55.677459716796875 131.17181396484375 219.8193359375 0.0 0.0 0.0 0.0
21018.0 57.94178009033203 41.87115478515625 38.782955169677734 39.231353759765625 38.53712463378906 38.52902603149414 37.436649322509766 41.33072280883789 44.87031173706055 41.1119270324707 43.451236724853516 42.85367965698242 45.527130126953125 46.4056510925293 43.80722427368164 43.26852035522461 39.8770637512207 41.41024398803711 43.86092758178711 43.60963821411133 41.79154968261719 40.56821823120117 43.81657409667969 44.58134460449219 45.29587936401367 54.44993591308594 128.0982208251953 211.64329528808594 0.0 0.0 0.0
20984.751953125 56.006202697753906 41.559814453125 38.986568450927734 37.44599151611328 35.3633918762207 41.88678741455078 34.99971389770508 38.90757369995117 42.2564811706543 41.270660400390625 38.910621643066406 43.045318603515625 42.96956253051758 46.31044006347656 45.62323760986328 44.27511215209961 42.53192901611328 42.13606262207031 41.38459014892578 42.217506408691406 40.7354621887207 40.232452392578125 52.17826461791992 44.23518371582031 41.94662094116211 44.570762634277344 52.05576705932617 123.62417602539062 219.4998321533203 0.0 0.0
20962.91796875 54.353580474853516 41.937381744384766 42.12599563598633 39.47279739379883 38.41393280029297 36.35451126098633 32.96902084350586 34.53425979614258 38.66794204711914 43.1711540222168 40.412506103515625 41.541404724121094 41.03043746948242 42.28871536254883 45.74873733520508 45.424495697021484 45.33308029174805 39.01624298095703 38.971466064453125 41.24943542480469 40.74925994873047 41.02023696899414 46.759090423583984 43.16209030151367 38.95710372924805 41.86839294433594 43.59389114379883 51.81919860839844 131.58726501464844 216.45005798339844 0.0
20909.162109375 54.35152816772461 41.86845397949219 42.985294342041016 42.268367767333984 45.28052520751953 37.13624572753906 32.76149368286133 34.847572326660156 38.282203674316406 39.57047653198242 40.9982795715332 42.332618713378906 44.07353591918945 42.87369918823242 41.51512145996094 46.70775604248047 42.54182052612305 42.15292739868164 39.46550369262695 39.45885467529297 38.53579330444336 40.41335678100586 45.708194732666016 42.94921112060547 40.84832000732422 41.516902923583984 40.386924743652344 42.87594985961914 50.740787506103516 129.98165893554688 227.46560668945312
