22486.0 0.0 0.0 0.0 0.0 0.0 0.0 0.0 0.0 0.0 0.0 0.0 0.0 0.0 0.0 0.0 0.0 0.0 0.0 0.0 0.0 0.0 0.0 0.0 0.0 0.0 0.0 0.0 0.0 0.0 0.0 0.0
19910.609375 2572.676513671875 0.0 0.0 0.0 0.0 0.0 0.0 0.0 0.0 0.0 0.0 0.0 0.0 0.0 0.0 0.0 0.0 0.0 0.0 0.0 0.0 0.0 0.0 0.0 0.0 0.0 0.0 0.0 0.0 0.0 0.0
20324.439453125 981.3220825195312 1177.0372314453125 0.0 0.0 0.0 0.0 0.0 0.0 0.0 0.0 0.0 0.0 0.0 0.0 0.0 0.0 0.0 0.0 0.0 0.0 0.0 0.0 0.0 0.0 0.0 0.0 0.0 0.0 0.0 0.0 0.0
20147.9921875 228.4895477294922 947.7720336914062 1158.73046875 0.0 0.0 0.0 0.0 0.0 0.0 0.0 0.0 0.0 0.0 0.0 0.0 0.0 0.0 0.0 0.0 0.0 0.0 0.0 0.0 0.0 0.0 0.0 0.0 0.0 0.0 0.0 0.0
19855.51953125 64.6839599609375 241.65821838378906 1082.0205078125 1239.0152587890625 0.0 0.0 0.0 0.0 0.0 0.0 0.0 0.0 0.0 0.0 0.0 0.0 0.0 0.0 0.0 0.0 0.0 0.0 0.0 0.0 0.0 0.0 0.0 0.0 0.0 0.0 0.0
19664.53125 32.552955627441406 82.11182403564453 256.7187805175781 1177.6231689453125 1269.3177490234375 0.0 0.0 0.0 0.0 0.0 0.0 0.0 0.0 0.0 0.0 0.0 0.0 0.0 0.0 0.0 0.0 0.0 0.0 0.0 0.0 0.0 0.0 0.0 0.0 0.0 0.0
19490.453125 28.004344940185547 43.31568145751953 86.99378967285156 293.1361083984375 1268.968017578125 1272.266845703125 0.0 0.0 0.0 0.0 0.0 0.0 0.0 0.0 0.0 0.0 0.0 0.0 0.0 0.0 0.0 0.0 0.0 0.0 0.0 0.0 0.0 0.0 0.0 0.0 0.0
19519.328125 32.15505599975586 36.37828826904297 48.82191848754883 92.06741333007812 292.7816467285156 1185.912109375 1275.59521484375 0.0 0.0 0.0 0.0 0.0 0.0 0.0 0.0 0.0 0.0 0.0 0.0 0.0 0.0 0.0 0.0 0.0 0.0 0.0 0.0 0.0 0.0 0.0 0.0
19452.146484375 34.89530944824219 38.999507904052734 41.62852096557617 54.706443786621094 95.0014419555664 270.9122009277344 1212.0738525390625 1282.6910400390625 0.0 0.0 0.0 0.0 0.0 0.0 0.0 0.0 0.0 0.0 0.0 0.0 0.0 0.0 0.0 0.0 0.0 0.0 0.0 0.0 0.0 0.0 0.0
19365.4375 26.58968734741211 37.24201202392578 39.75408172607422 43.8286247253418 55.770206451416016 95.01802825927734 283.1519775390625 1249.5506591796875 1286.541015625 0.0 0.0 0.0 0.0 0.0 0.0 0.0 0.0 0.0 0.0 0.0 0.0 0.0 0.0 0.0 0.0 0.0 0.0 0.0 0.0 0.0 0.0
19288.05078125 17.603168487548828 27.572349548339844 37.17881393432617 43.08448791503906 45.1246452331543 54.36681365966797 96.97013092041016 284.0597839355469 1261.1470947265625 1327.88720703125 0.0 0.0 0.0 0.0 0.0 0.0 0.0 0.0 0.0 0.0 0.0 0.0 0.0 0.0 0.0 0.0 0.0 0.0 0.0 0.0 0.0
19204.466796875 12.605226516723633 17.567495346069336 26.891767501831055 38.15006637573242 43.44894027709961 44.660423278808594 60.22612380981445 99.85620880126953 291.93505859375 1330.16796875 1313.0545654296875 0.0 0.0 0.0 0.0 0.0 0.0 0.0 0.0 0.0 0.0 0.0 0.0 0.0 0.0 0.0 0.0 0.0 0.0 0.0 0.0
18646.2109375 11.439251899719238 13.653203964233398 18.60107421875 29.396100997924805 40.56143569946289 45.159996032714844 49.0908203125 70.87244415283203 108.109375 356.00732421875 1692.5377197265625 1401.28173828125 0.0 0.0 0.0 0.0 0.0 0.0 0.0 0.0 0.0 0.0 0.0 0.0 0.0 0.0 0.0 0.0 0.0 0.0 0.0
19141.791015625 10.353899002075195 12.051953315734863 14.100879669189453 18.805435180664062 28.15472412109375 38.6919059753418 43.16439437866211 49.39669418334961 57.551177978515625 114.6464614868164 336.7243957519531 1336.7513427734375 1280.7899169921875 0.0 0.0 0.0 0.0 0.0 0.0 0.0 0.0 0.0 0.0 0.0 0.0 0.0 0.0 0.0 0.0 0.0 0.0
19130.15234375 9.204705238342285 11.905908584594727 12.957460403442383 14.148295402526855 18.755760192871094 28.727643966674805 39.66752243041992 46.57167053222656 47.621437072753906 70.2675552368164 119.18004608154297 321.87335205078125 1332.846923828125 1279.110107421875 0.0 0.0 0.0 0.0 0.0 0.0 0.0 0.0 0.0 0.0 0.0 0.0 0.0 0.0 0.0 0.0 0.0
19196.205078125 6.805661201477051 9.890979766845703 12.076878547668457 13.168615341186523 14.29005241394043 18.31739616394043 28.736034393310547 40.99790954589844 44.79106903076172 50.51190948486328 63.829368591308594 104.19405364990234 307.52362060546875 1305.0804443359375 1266.563720703125 0.0 0.0 0.0 0.0 0.0 0.0 0.0 0.0 0.0 0.0 0.0 0.0 0.0 0.0 0.0 0.0
19032.57421875 5.79432487487793 7.2491936683654785 10.128758430480957 12.802992820739746 13.527034759521484 14.589676856994629 19.11674690246582 30.01215171813965 41.468292236328125 48.46869659423828 48.648345947265625 59.90443801879883 106.57292938232422 312.5910949707031 1402.645751953125 1316.8709716796875 0.0 0.0 0.0 0.0 0.0 0.0 0.0 0.0 0.0 0.0 0.0 0.0 0.0 0.0 0.0
19067.322265625 5.77944278717041 5.1868438720703125 7.01138162612915 10.237898826599121 12.733445167541504 13.127881050109863 14.995503425598145 19.18443489074707 28.04500961303711 43.039710998535156 45.96489715576172 46.73336410522461 57.702850341796875 104.35012817382812 306.2583923339844 1416.546142578125 1278.6732177734375 0.0 0.0 0.0 0.0 0.0 0.0 0.0 0.0 0.0 0.0 0.0 0.0 0.0 0.0
18934.951171875 7.863983154296875 5.12900447845459 5.21425724029541 7.23874044418335 10.920933723449707 13.21602725982666 13.708776473999023 14.703548431396484 19.374038696289062 31.09613800048828 41.12672424316406 45.477474212646484 48.165199279785156 59.15235900878906 107.17131042480469 308.7023620605469 1502.0089111328125 1307.7950439453125 0.0 0.0 0.0 0.0 0.0 0.0 0.0 0.0 0.0 0.0 0.0 0.0 0.0
19089.19921875 10.26284408569336 6.76186990737915 5.330017566680908 5.593550682067871 8.26422119140625 11.40446662902832 13.826337814331055 14.020638465881348 15.106409072875977 20.500947952270508 31.162580490112305 39.55321502685547 45.3189811706543 47.81562805175781 59.968017578125 106.63261413574219 329.8843688964844 1348.3228759765625 1274.0185546875 0.0 0.0 0.0 0.0 0.0 0.0 0.0 0.0 0.0 0.0 0.0 0.0
19091.5078125 9.892602920532227 8.939227104187012 6.9203267097473145 5.5966572761535645 6.058596134185791 7.756805896759033 11.130687713623047 13.629705429077148 13.656473159790039 15.108201026916504 19.253597259521484 27.332977294921875 40.05487823486328 44.11572265625 48.34291076660156 57.55360412597656 111.26609802246094 304.5725402832031 1345.76953125 1294.6318359375 0.0 0.0 0.0 0.0 0.0 0.0 0.0 0.0 0.0 0.0 0.0
19075.533203125 6.658088684082031 8.983014106750488 9.017339706420898 7.124290466308594 5.672035217285156 5.749477386474609 8.094430923461914 11.256058692932129 13.155903816223145 14.497413635253906 15.364124298095703 18.783998489379883 28.14845085144043 40.24018096923828 45.970420837402344 47.490692138671875 61.112709045410156 107.80406188964844 321.1643371582031 1356.7742919921875 1274.4522705078125 0.0 0.0 0.0 0.0 0.0 0.0 0.0 0.0 0.0 0.0
19037.86328125 4.0018510818481445 6.3258466720581055 9.342986106872559 9.02148151397705 7.332737445831299 5.850703716278076 6.317359924316406 8.064095497131348 11.397601127624512 13.83389663696289 14.251914024353027 14.216238975524902 19.07110023498535 27.56399917602539 39.70011901855469 44.525909423828125 47.20356369018555 58.885704040527344 108.07551574707031 333.47052001953125 1403.9652099609375 1252.614501953125 0.0 0.0 0.0 0.0 0.0 0.0 0.0 0.0 0.0
19004.63671875 3.0552620887756348 3.792807102203369 6.195477485656738 8.929061889648438 8.77982234954834 6.846346855163574 5.667040824890137 5.770592212677002 8.2084379196167 11.321257591247559 14.603180885314941 13.642773628234863 14.435803413391113 18.751968383789062 27.749279022216797 38.58487319946289 43.61546325683594 53.88188552856445 58.849552154541016 108.77645111083984 359.2127990722656 1395.5792236328125 1262.1278076171875 0.0 0.0 0.0 0.0 0.0 0.0 0.0 0.0
18967.390625 3.6542413234710693 2.78330135345459 4.02423095703125 6.511711597442627 9.045303344726562 9.928723335266113 7.420820713043213 6.401861667633057 6.105982303619385 9.157443046569824 11.788444519042969 13.349967002868652 13.584466934204102 14.156216621398926 18.5296688079834 27.979263305664062 38.57078552246094 44.68485641479492 47.352359771728516 58.763587951660156 110.91405487060547 331.0262756347656 1454.2730712890625 1265.768310546875 0.0 0.0 0.0 0.0 0.0 0.0 0.0
19030.81640625 5.769715785980225 2.943957805633545 2.7988572120666504 3.7533388137817383 6.092593193054199 9.076489448547363 9.24874496459961 7.084205627441406 5.648193836212158 6.038379192352295 7.773833274841309 11.13015365600586 12.898801803588867 13.228669166564941 13.96182632446289 18.3054141998291 27.965232849121094 41.24114990234375 44.02851867675781 48.32307052612305 61.84068298339844 109.48162841796875 317.2355041503906 1379.4754638671875 1285.81640625 0.0 0.0 0.0 0.0 0.0 0.0
19065.84765625 9.066960334777832 4.557300567626953 3.1366891860961914 2.8368921279907227 3.648569107055664 5.950909614562988 8.428385734558105 8.630377769470215 6.867679119110107 5.518346786499023 5.923142433166504 7.602537631988525 11.092208862304688 13.180665016174316 13.126476287841797 14.11411190032959 17.787569046020508 26.69144058227539 38.120059967041016 42.709712982177734 47.97339630126953 58.4433708190918 105.96549987792969 324.8731384277344 1359.174072265625 1270.8658447265625 0.0 0.0 0.0 0.0 0.0
19116.001953125 10.730610847473145 7.0139007568359375 4.644952297210693 3.3946571350097656 2.803495168685913 3.6418323516845703 5.993916034698486 8.43483829498291 8.672237396240234 7.881999492645264 5.79069709777832 5.925155162811279 7.645022392272949 10.552464485168457 12.857213973999023 13.031911849975586 13.964910507202148 18.15386962890625 26.411170959472656 38.40755081176758 44.243167877197266 46.31857681274414 59.10964584350586 104.7105484008789 320.1698913574219 1338.9515380859375 1236.640869140625 0.0 0.0 0.0 0.0
18943.056640625 9.812446594238281 8.539804458618164 7.209657669067383 5.03296422958374 3.123870611190796 2.8231613636016846 3.739564895629883 6.654772758483887 9.134103775024414 9.711994171142578 7.476910591125488 5.707312107086182 5.941162109375 7.905376434326172 11.227441787719727 13.290043830871582 13.562268257141113 13.854506492614746 18.429927825927734 27.819168090820312 39.1036491394043 45.4149169921875 49.612060546875 62.298683166503906 115.0204086303711 386.53692626953125 1383.8843994140625 1266.073486328125 0.0 0.0 0.0
18864.251953125 9.058548927307129 7.7098069190979 8.146485328674316 7.163515090942383 4.6096649169921875 3.078494071960449 2.934352159500122 4.104648590087891 6.018625259399414 9.177803039550781 8.831452369689941 6.631656169891357 5.30015754699707 5.702826499938965 7.875696659088135 11.475210189819336 14.157598495483398 13.260403633117676 13.616559982299805 17.97639274597168 27.7738037109375 38.6742057800293 45.945133209228516 47.11153030395508 58.219566345214844 108.14126586914062 314.4020690917969 1483.6573486328125 1327.1109619140625 0.0 0.0
19020.05859375 10.130263328552246 7.387180805206299 7.506791591644287 8.05481243133545 7.033775329589844 4.621376991271973 3.15295672416687 2.9702887535095215 3.6983041763305664 6.1670331954956055 8.661154747009277 8.633070945739746 6.865361213684082 5.766782283782959 5.942764759063721 7.7115020751953125 10.803420066833496 12.721671104431152 12.988045692443848 13.913383483886719 18.04756736755371 26.476102828979492 38.0716438293457 42.68115997314453 46.49586868286133 59.98725128173828 106.50727081298828 328.2225646972656 1363.7593994140625 1276.9302978515625 0.0
18797.669921875 12.020774841308594 7.904979228973389 6.716782569885254 7.112847805023193 7.99315881729126 6.89438009262085 4.574356555938721 3.184873104095459 2.983214855194092 5.574161529541016 6.094273567199707 8.455365180969238 10.161783218383789 8.171895980834961 5.5287699699401855 5.773297309875488 7.642498016357422 11.289052963256836 12.864465713500977 12.88620376586914 13.808760643005371 17.898818969726562 27.42010498046875 38.907318115234375 45.78281784057617 47.476051330566406 59.31562805175781 107.4029769897461 325.8771667480469 1548.1446533203125 1298.3831787109375
