22486.0 0.0 0.0 0.0 0.0 0.0 0.0 0.0 0.0 0.0 0.0 0.0 0.0 0.0 0.0 0.0 0.0 0.0 0.0 0.0 0.0 0.0 0.0 0.0 0.0 0.0 0.0 0.0 0.0 0.0 0.0 0.0
21869.54296875 613.7113037109375 0.0 0.0 0.0 0.0 0.0 0.0 0.0 0.0 0.0 0.0 0.0 0.0 0.0 0.0 0.0 0.0 0.0 0.0 0.0 0.0 0.0 0.0 0.0 0.0 0.0 0.0 0.0 0.0 0.0 0.0
21816.5859375 269.792724609375 396.4227600097656 0.0 0.0 0.0 0.0 0.0 0.0 0.0 0.0 0.0 0.0 0.0 0.0 0.0 0.0 0.0 0.0 0.0 0.0 0.0 0.0 0.0 0.0 0.0 0.0 0.0 0.0 0.0 0.0 0.0
21664.70703125 154.59625244140625 254.65211486816406 408.9627685546875 0.0 0.0 0.0 0.0 0.0 0.0 0.0 0.0 0.0 0.0 0.0 0.0 0.0 0.0 0.0 0.0 0.0 0.0 0.0 0.0 0.0 0.0 0.0 0.0 0.0 0.0 0.0 0.0
21440.69921875 141.1586456298828 177.8148956298828 290.4621887207031 432.9101867675781 0.0 0.0 0.0 0.0 0.0 0.0 0.0 0.0 0.0 0.0 0.0 0.0 0.0 0.0 0.0 0.0 0.0 0.0 0.0 0.0 0.0 0.0 0.0 0.0 0.0 0.0 0.0
21211.50390625 122.58016204833984 152.7008514404297 175.4563446044922 346.50921630859375 474.1014099121094 0.0 0.0 0.0 0.0 0.0 0.0 0.0 0.0 0.0 0.0 0.0 0.0 0.0 0.0 0.0 0.0 0.0 0.0 0.0 0.0 0.0 0.0 0.0 0.0 0.0 0.0
21033.388671875 118.75082397460938 131.89138793945312 154.4873046875 194.36441040039062 399.0824279785156 451.1159362792969 0.0 0.0 0.0 0.0 0.0 0.0 0.0 0.0 0.0 0.0 0.0 0.0 0.0 0.0 0.0 0.0 0.0 0.0 0.0 0.0 0.0 0.0 0.0 0.0 0.0
20798.4921875 111.38355255126953 108.01447296142578 116.90681457519531 147.0937042236328 192.0806427001953 539.8961791992188 469.0575256347656 0.0 0.0 0.0 0.0 0.0 0.0 0.0 0.0 0.0 0.0 0.0 0.0 0.0 0.0 0.0 0.0 0.0 0.0 0.0 0.0 0.0 0.0 0.0 0.0
20953.76953125 109.45166015625 109.08262634277344 107.92926788330078 123.62755584716797 154.99388122558594 173.5811004638672 311.118408203125 439.450439453125 0.0 0.0 0.0 0.0 0.0 0.0 0.0 0.0 0.0 0.0 0.0 0.0 0.0 0.0 0.0 0.0 0.0 0.0 0.0 0.0 0.0 0.0 0.0
20835.77734375 108.98030853271484 108.93704223632812 102.89078521728516 107.12593078613281 130.05419921875 147.5908203125 181.34335327148438 322.525390625 437.6147766113281 0.0 0.0 0.0 0.0 0.0 0.0 0.0 0.0 0.0 0.0 0.0 0.0 0.0 0.0 0.0 0.0 0.0 0.0 0.0 0.0 0.0 0.0
20758.12109375 102.48014831542969 95.4439697265625 92.3570327758789 97.14678192138672 109.32650756835938 119.14290618896484 141.8577880859375 172.9534149169922 323.61474609375 470.4678955078125 0.0 0.0 0.0 0.0 0.0 0.0 0.0 0.0 0.0 0.0 0.0 0.0 0.0 0.0 0.0 0.0 0.0 0.0 0.0 0.0 0.0
20668.92578125 92.5900650024414 88.08456420898438 87.42655944824219 93.63399505615234 103.78919982910156 105.91658782958984 117.00003814697266 140.92550659179688 170.89051818847656 359.4345703125 454.532958984375 0.0 0.0 0.0 0.0 0.0 0.0 0.0 0.0 0.0 0.0 0.0 0.0 0.0 0.0 0.0 0.0 0.0 0.0 0.0 0.0
20378.02734375 93.6972885131836 83.40479278564453 83.07495880126953 89.75511932373047 99.34830474853516 100.33123016357422 105.93489837646484 117.85444641113281 142.80108642578125 180.60281372070312 454.0482177734375 554.139404296875 0.0 0.0 0.0 0.0 0.0 0.0 0.0 0.0 0.0 0.0 0.0 0.0 0.0 0.0 0.0 0.0 0.0 0.0 0.0
20630.048828125 90.6020278930664 82.52806854248047 77.53279113769531 82.81354522705078 91.51091003417969 90.78024291992188 95.32211303710938 103.8286361694336 117.52047729492188 137.5820770263672 159.25289916992188 310.1941223144531 413.5100402832031 0.0 0.0 0.0 0.0 0.0 0.0 0.0 0.0 0.0 0.0 0.0 0.0 0.0 0.0 0.0 0.0 0.0 0.0
20544.12890625 92.12361145019531 79.81389617919922 73.82797241210938 78.2472915649414 86.83023834228516 90.24714660644531 91.56245422363281 98.01900482177734 100.52059936523438 117.38874053955078 138.7244415283203 162.33297729492188 313.58343505859375 415.71429443359375 0.0 0.0 0.0 0.0 0.0 0.0 0.0 0.0 0.0 0.0 0.0 0.0 0.0 0.0 0.0 0.0 0.0
20393.76171875 92.50563049316406 83.87212371826172 82.3282470703125 76.99989318847656 91.96011352539062 81.51528930664062 90.17359924316406 93.45394897460938 99.06116485595703 108.48819732666016 124.74371337890625 153.63832092285156 155.10716247558594 322.96099853515625 432.3336486816406 0.0 0.0 0.0 0.0 0.0 0.0 0.0 0.0 0.0 0.0 0.0 0.0 0.0 0.0 0.0 0.0
20381.79296875 87.96295928955078 78.08029174804688 77.06016540527344 76.42652893066406 77.47563171386719 78.33533477783203 82.05836486816406 88.45635223388672 92.05387115478516 96.4505844116211 102.57243347167969 121.47209167480469 129.613525390625 161.63938903808594 327.2400207519531 424.31097412109375 0.0 0.0 0.0 0.0 0.0 0.0 0.0 0.0 0.0 0.0 0.0 0.0 0.0 0.0 0.0
20186.384765625 81.537841796875 73.53011322021484 71.86910247802734 76.36074829101562 76.96068572998047 75.26580810546875 76.73096466064453 82.70323181152344 82.62925720214844 91.1661376953125 103.15361785888672 104.90550231933594 108.74564361572266 131.27146911621094 150.3651580810547 433.7737731933594 475.5238342285156 0.0 0.0 0.0 0.0 0.0 0.0 0.0 0.0 0.0 0.0 0.0 0.0 0.0 0.0
20287.947265625 81.9446792602539 73.55551147460938 70.0576400756836 72.873291015625 77.59367370605469 78.2043228149414 75.14046478271484 78.23897552490234 79.34864807128906 84.27262878417969 92.98979187011719 94.02027893066406 95.24070739746094 110.12020874023438 128.84375 153.91867065429688 327.9238586425781 420.8392333984375 0.0 0.0 0.0 0.0 0.0 0.0 0.0 0.0 0.0 0.0 0.0 0.0 0.0
20166.017578125 87.06494903564453 68.98172760009766 67.7357177734375 71.48298645019531 78.9686508178711 77.33979034423828 80.62421417236328 80.57256317138672 78.43058013916016 85.26522827148438 94.5941390991211 99.09915924072266 88.8740005493164 98.09960174560547 108.79784393310547 142.2555389404297 159.29937744140625 319.4959411621094 429.97137451171875 0.0 0.0 0.0 0.0 0.0 0.0 0.0 0.0 0.0 0.0 0.0 0.0
20151.12109375 81.46324157714844 66.98509216308594 64.63475036621094 68.07894134521484 77.27047729492188 75.50936889648438 79.85599517822266 80.87005615234375 77.57177734375 82.80753326416016 87.25210571289062 91.48948669433594 88.93111419677734 94.7464370727539 93.92681121826172 106.23175811767578 126.23124694824219 155.1825408935547 324.2012939453125 408.664306640625 0.0 0.0 0.0 0.0 0.0 0.0 0.0 0.0 0.0 0.0 0.0
20122.951171875 80.50092315673828 67.2278823852539 64.04900360107422 64.40409851074219 68.7134780883789 68.79302978515625 73.83068084716797 76.96598052978516 75.81605529785156 81.50403594970703 81.69083404541016 81.2323226928711 80.33470916748047 91.41671752929688 89.4797134399414 92.35133361816406 103.1886978149414 126.88701629638672 154.69149780273438 319.8653259277344 417.0107727050781 0.0 0.0 0.0 0.0 0.0 0.0 0.0 0.0 0.0 0.0
20116.603515625 75.50128936767578 65.6199951171875 64.27557373046875 63.62997055053711 67.05590057373047 66.49913024902344 69.20152282714844 72.61829376220703 74.703125 76.65216064453125 81.27631378173828 76.54959869384766 72.80709075927734 80.34200286865234 83.33865356445312 90.19285583496094 87.71843719482422 101.80661010742188 121.45819854736328 148.6482696533203 321.6420593261719 404.9433288574219 0.0 0.0 0.0 0.0 0.0 0.0 0.0 0.0 0.0
20008.66796875 74.43767547607422 65.41032409667969 63.8213996887207 63.18279266357422 67.70572662353516 65.32662200927734 65.86741638183594 71.41053009033203 72.18368530273438 79.19434356689453 86.0628433227539 81.80060577392578 71.77535247802734 75.42768096923828 79.97100067138672 85.1971664428711 83.55825805664062 90.9541015625 102.93050384521484 122.78273010253906 147.88426208496094 315.03167724609375 442.4009704589844 0.0 0.0 0.0 0.0 0.0 0.0 0.0 0.0
19956.609375 81.62360382080078 62.05238342285156 60.705162048339844 62.70906066894531 67.82786560058594 64.59729766845703 63.77241134643555 67.24088287353516 68.41474914550781 73.5250244140625 77.30723571777344 74.02644348144531 72.59689331054688 72.3510971069336 74.80359649658203 79.1253890991211 78.0080337524414 82.75877380371094 90.71736907958984 100.80999755859375 119.79962158203125 152.3832244873047 331.0302734375 448.27874755859375 0.0 0.0 0.0 0.0 0.0 0.0 0.0
19960.11328125 79.56948852539062 62.044124603271484 60.76445770263672 65.78827667236328 66.57276916503906 64.13101959228516 63.06228256225586 64.93246459960938 67.0309829711914 73.82061004638672 74.96903991699219 72.84210968017578 72.91474151611328 74.91802978515625 70.39252471923828 76.90242004394531 73.34114837646484 80.04988861083984 83.90422058105469 89.70560455322266 101.88153076171875 120.16255950927734 151.5200653076172 311.9804382324219 398.68084716796875 0.0 0.0 0.0 0.0 0.0 0.0
19865.53515625 85.12660217285156 62.260074615478516 56.04132080078125 57.516536712646484 65.60124969482422 63.09541702270508 64.36083221435547 64.72924041748047 63.280418395996094 67.84403991699219 71.89910125732422 76.81245422363281 73.3078384399414 73.97384643554688 70.95587921142578 72.50517272949219 72.49356842041016 75.2439193725586 80.02991485595703 81.78203582763672 86.93110656738281 101.84441375732422 130.0186767578125 160.8800506591797 320.2149353027344 417.6900329589844 0.0 0.0 0.0 0.0 0.0
19828.189453125 86.95446014404297 64.76618957519531 57.856231689453125 56.459388732910156 63.48436737060547 62.22460174560547 64.25251007080078 64.84711456298828 65.16950988769531 65.15556335449219 67.23243713378906 70.40030670166016 70.123779296875 72.4908447265625 70.42960357666016 67.39921569824219 68.48131561279297 72.29830169677734 74.55352020263672 78.34007263183594 80.0591049194336 84.59547424316406 102.23287963867188 124.22322845458984 147.2477264404297 339.76275634765625 412.67266845703125 0.0 0.0 0.0 0.0
19808.998046875 85.00489807128906 65.18350982666016 59.17329788208008 56.754112243652344 59.6619873046875 59.50802993774414 62.75349426269531 64.16764831542969 65.3178482055664 65.99152374267578 64.89740753173828 67.52852630615234 68.56309509277344 74.13002014160156 71.3794937133789 68.07640075683594 66.49662780761719 71.0565414428711 72.72663879394531 75.61872100830078 79.59095764160156 79.27964782714844 89.30331420898438 105.48959350585938 122.52477264404297 149.76039123535156 300.4990234375 402.65966796875 0.0 0.0 0.0
19673.95703125 85.16542053222656 66.56475830078125 61.26128387451172 59.277957916259766 67.31752014160156 59.152530670166016 61.98177719116211 64.19664764404297 63.462158203125 67.79705810546875 65.24931335449219 65.76270294189453 64.94955444335938 69.3855209350586 72.81629943847656 71.83171081542969 69.03483581542969 68.24150848388672 69.92630767822266 72.1632080078125 74.72395324707031 76.57429504394531 84.58818054199219 93.55973815917969 99.52909088134766 121.57857513427734 149.2716064453125 338.4265441894531 424.17730712890625 0.0 0.0
19615.689453125 79.98357391357422 64.37715148925781 60.6833381652832 60.94741439819336 66.82904052734375 59.69804763793945 59.05188751220703 60.84352493286133 62.045711517333984 65.62328338623047 65.65254211425781 66.49746704101562 64.02448272705078 70.89726257324219 69.94961547851562 75.09175872802734 68.43696594238281 71.04521942138672 68.87919616699219 71.00025939941406 75.45845031738281 75.97021484375 80.38658142089844 84.84394073486328 87.9960708618164 98.31654357910156 122.7030258178711 151.1032257080078 329.21563720703125 428.8367919921875 0.0
19575.986328125 78.91757202148438 61.7066764831543 57.846153259277344 60.857688903808594 82.65554809570312 64.44071197509766 62.13583755493164 61.28234100341797 60.55561828613281 65.941162109375 66.59364318847656 66.34937286376953 63.893524169921875 65.7283706665039 66.20431518554688 73.59475708007812 69.35955810546875 72.48174285888672 70.24405670166016 70.17266082763672 70.13845825195312 70.7469711303711 75.76647186279297 78.94412994384766 81.4569320678711 88.04308319091797 101.15925598144531 123.2593765258789 148.61314392089844 308.3006896972656 418.6477966308594
