22486.0 0.0 0.0 0.0 0.0 0.0 0.0 0.0 0.0 0.0 0.0 0.0 0.0 0.0 0.0 0.0 0.0 0.0 0.0 0.0 0.0 0.0 0.0 0.0 0.0 0.0 0.0 0.0 0.0 0.0 0.0 0.0
22183.501953125 299.69512939453125 0.0 0.0 0.0 0.0 0.0 0.0 0.0 0.0 0.0 0.0 0.0 0.0 0.0 0.0 0.0 0.0 0.0 0.0 0.0 0.0 0.0 0.0 0.0 0.0 0.0 0.0 0.0 0.0 0.0 0.0
21852.8828125 193.6680145263672 436.7137756347656 0.0 0.0 0.0 0.0 0.0 0.0 0.0 0.0 0.0 0.0 0.0 0.0 0.0 0.0 0.0 0.0 0.0 0.0 0.0 0.0 0.0 0.0 0.0 0.0 0.0 0.0 0.0 0.0 0.0
21669.0078125 124.86905670166016 252.30006408691406 436.65960693359375 0.0 0.0 0.0 0.0 0.0 0.0 0.0 0.0 0.0 0.0 0.0 0.0 0.0 0.0 0.0 0.0 0.0 0.0 0.0 0.0 0.0 0.0 0.0 0.0 0.0 0.0 0.0 0.0
21522.744140625 89.89749145507812 184.24600219726562 231.81881713867188 454.2273864746094 0.0 0.0 0.0 0.0 0.0 0.0 0.0 0.0 0.0 0.0 0.0 0.0 0.0 0.0 0.0 0.0 0.0 0.0 0.0 0.0 0.0 0.0 0.0 0.0 0.0 0.0 0.0
21338.814453125 84.72969055175781 143.10595703125 160.81092834472656 278.2171630859375 477.24908447265625 0.0 0.0 0.0 0.0 0.0 0.0 0.0 0.0 0.0 0.0 0.0 0.0 0.0 0.0 0.0 0.0 0.0 0.0 0.0 0.0 0.0 0.0 0.0 0.0 0.0 0.0
21230.138671875 75.70960998535156 129.91024780273438 135.6466064453125 204.03089904785156 266.043212890625 441.4961242675781 0.0 0.0 0.0 0.0 0.0 0.0 0.0 0.0 0.0 0.0 0.0 0.0 0.0 0.0 0.0 0.0 0.0 0.0 0.0 0.0 0.0 0.0 0.0 0.0 0.0
21131.529296875 72.47017669677734 114.85114288330078 113.31893157958984 157.4713897705078 180.08016967773438 237.55673217773438 475.767822265625 0.0 0.0 0.0 0.0 0.0 0.0 0.0 0.0 0.0 0.0 0.0 0.0 0.0 0.0 0.0 0.0 0.0 0.0 0.0 0.0 0.0 0.0 0.0 0.0
21001.6328125 69.21087646484375 104.4227294921875 103.54158782958984 120.30106353759766 157.0927276611328 171.3413543701172 298.53594970703125 456.85723876953125 0.0 0.0 0.0 0.0 0.0 0.0 0.0 0.0 0.0 0.0 0.0 0.0 0.0 0.0 0.0 0.0 0.0 0.0 0.0 0.0 0.0 0.0 0.0
20955.333984375 67.1472396850586 86.47976684570312 90.19961547851562 105.17638397216797 121.3680419921875 137.50503540039062 199.68943786621094 248.38595581054688 471.6519775390625 0.0 0.0 0.0 0.0 0.0 0.0 0.0 0.0 0.0 0.0 0.0 0.0 0.0 0.0 0.0 0.0 0.0 0.0 0.0 0.0 0.0 0.0
20863.998046875 80.80660247802734 81.89952850341797 83.9873046875 93.36264038085938 107.33577728271484 109.73921203613281 147.01953125 165.42063903808594 238.9352264404297 510.58746337890625 0.0 0.0 0.0 0.0 0.0 0.0 0.0 0.0 0.0 0.0 0.0 0.0 0.0 0.0 0.0 0.0 0.0 0.0 0.0 0.0 0.0
20740.5546875 61.69099807739258 74.05640411376953 80.36013793945312 88.40123748779297 97.8965072631836 101.33158874511719 125.73076629638672 131.71823120117188 164.31640625 330.5126647949219 486.38232421875 0.0 0.0 0.0 0.0 0.0 0.0 0.0 0.0 0.0 0.0 0.0 0.0 0.0 0.0 0.0 0.0 0.0 0.0 0.0 0.0
20659.060546875 53.526615142822266 68.16051483154297 73.15262603759766 82.11017608642578 100.02601623535156 96.69884490966797 118.47256469726562 117.1321029663086 136.02047729492188 252.6114959716797 260.222900390625 465.8637390136719 0.0 0.0 0.0 0.0 0.0 0.0 0.0 0.0 0.0 0.0 0.0 0.0 0.0 0.0 0.0 0.0 0.0 0.0 0.0
20663.1328125 48.461769104003906 64.0204086303711 71.20345306396484 77.14128875732422 87.4017333984375 87.8344497680664 106.55943298339844 102.99585723876953 115.46463012695312 163.8826446533203 176.4036102294922 237.1936492919922 481.28411865234375 0.0 0.0 0.0 0.0 0.0 0.0 0.0 0.0 0.0 0.0 0.0 0.0 0.0 0.0 0.0 0.0 0.0 0.0
20553.8671875 47.54892349243164 61.940181732177734 65.2921371459961 73.76139831542969 82.65971374511719 86.10909271240234 93.38749694824219 110.16474151611328 108.74390411376953 148.06796264648438 149.81785583496094 166.3262176513672 254.3416290283203 481.003662109375 0.0 0.0 0.0 0.0 0.0 0.0 0.0 0.0 0.0 0.0 0.0 0.0 0.0 0.0 0.0 0.0 0.0
20573.75 45.62049865722656 58.94723129272461 60.42877197265625 70.9099349975586 72.7535629272461 79.16024017333984 87.44055938720703 89.10071563720703 95.20718383789062 108.57406616210938 121.49517822265625 133.95579528808594 170.33506774902344 237.17205810546875 478.16314697265625 0.0 0.0 0.0 0.0 0.0 0.0 0.0 0.0 0.0 0.0 0.0 0.0 0.0 0.0 0.0 0.0
20412.3828125 48.1054801940918 57.28847122192383 59.18232345581055 67.82002258300781 78.7269287109375 74.93516540527344 87.72815704345703 91.74890899658203 92.27162170410156 161.82147216796875 106.75330352783203 116.64009094238281 138.3473663330078 166.6524200439453 243.93153381347656 478.6654357910156 0.0 0.0 0.0 0.0 0.0 0.0 0.0 0.0 0.0 0.0 0.0 0.0 0.0 0.0 0.0
20381.8515625 45.803489685058594 53.90024185180664 55.62571716308594 68.55775451660156 67.78352355957031 67.88310241699219 82.00892639160156 79.30043029785156 91.42252349853516 129.43902587890625 100.41148376464844 105.60069274902344 119.84366607666016 133.42349243164062 168.60154724121094 245.38990783691406 486.0939025878906 0.0 0.0 0.0 0.0 0.0 0.0 0.0 0.0 0.0 0.0 0.0 0.0 0.0 0.0
20326.74609375 44.21833038330078 52.36159896850586 53.311458587646484 61.44227600097656 72.13123321533203 65.00639343261719 79.56224822998047 74.42285919189453 82.7075424194336 105.67778015136719 93.74279022216797 94.56922149658203 104.56805419921875 115.78870391845703 135.521240234375 171.56243896484375 253.01519775390625 496.675537109375 0.0 0.0 0.0 0.0 0.0 0.0 0.0 0.0 0.0 0.0 0.0 0.0 0.0
20271.091796875 45.829444885253906 52.184295654296875 52.42951583862305 61.83522415161133 64.3812484741211 65.24502563476562 70.13229370117188 70.09214782714844 79.60649108886719 93.56309509277344 91.07613372802734 93.29010009765625 99.27113342285156 101.29411315917969 120.4942626953125 142.6977081298828 174.05572509765625 255.53521728515625 479.00408935546875 0.0 0.0 0.0 0.0 0.0 0.0 0.0 0.0 0.0 0.0 0.0 0.0
20247.75 44.04182815551758 51.08425521850586 52.786685943603516 58.18775177001953 61.533287048339844 62.4676513671875 66.86201477050781 67.15363311767578 75.82283020019531 84.3062515258789 77.14556121826172 82.72682189941406 88.1948013305664 93.43020629882812 101.15167999267578 115.69475555419922 142.82542419433594 174.35818481445312 245.5181884765625 489.8913879394531 0.0 0.0 0.0 0.0 0.0 0.0 0.0 0.0 0.0 0.0 0.0
20182.958984375 41.29470443725586 50.76627731323242 51.43709945678711 53.31887435913086 60.365386962890625 56.65525817871094 66.19502258300781 64.74861145019531 66.01421356201172 100.15203094482422 76.11920928955078 77.16317749023438 82.51139831542969 86.4572525024414 90.90017700195312 102.34711456298828 119.70767974853516 138.39334106445312 180.4003448486328 247.0713348388672 488.1300048828125 0.0 0.0 0.0 0.0 0.0 0.0 0.0 0.0 0.0 0.0
20094.36328125 44.0300407409668 47.78548812866211 49.61181640625 55.13654708862305 59.96721649169922 57.992034912109375 63.243961334228516 63.1747932434082 66.48033142089844 87.23167419433594 74.5752944946289 75.3460464477539 78.4277114868164 86.7340087890625 84.94500732421875 93.11089324951172 100.3120346069336 116.00491333007812 152.63853454589844 186.1888885498047 261.8871765136719 483.7957763671875 0.0 0.0 0.0 0.0 0.0 0.0 0.0 0.0 0.0
20119.91796875 49.88921356201172 47.82159423828125 49.912750244140625 55.904937744140625 59.56866455078125 54.08534240722656 55.937137603759766 58.86573791503906 64.40464782714844 75.08780670166016 64.9654769897461 66.86189270019531 73.87925720214844 76.3170166015625 78.63668823242188 84.8858413696289 88.37250518798828 99.2275619506836 114.43083190917969 140.19512939453125 181.875 251.92552185058594 470.0908508300781 0.0 0.0 0.0 0.0 0.0 0.0 0.0 0.0
20083.580078125 41.12888717651367 49.60328674316406 51.67042541503906 55.39421081542969 54.64767074584961 53.04688262939453 54.9581298828125 57.749629974365234 62.58811950683594 77.7534408569336 66.26049041748047 66.10869598388672 68.6999282836914 72.96983337402344 72.55364227294922 81.5816650390625 83.74617767333984 88.87064361572266 100.61892700195312 120.33270263671875 135.33314514160156 176.75279235839844 241.98727416992188 464.97906494140625 0.0 0.0 0.0 0.0 0.0 0.0 0.0
20028.408203125 37.55455780029297 44.411155700683594 47.10548782348633 52.284542083740234 51.73166275024414 51.35831832885742 53.99415969848633 56.23026657104492 59.35210037231445 70.0998306274414 62.03034973144531 62.91688919067383 63.923118591308594 67.66554260253906 69.50479125976562 77.56503295898438 82.09519958496094 85.48756408691406 90.7552490234375 107.64342498779297 120.68914031982422 145.1508331298828 165.2798614501953 237.58413696289062 491.1976013183594 0.0 0.0 0.0 0.0 0.0 0.0
19975.71875 37.65770721435547 43.36643981933594 43.664371490478516 50.26893615722656 52.24005889892578 51.22614669799805 50.46103286743164 57.20040512084961 57.245296478271484 66.35993194580078 63.29201889038086 62.700836181640625 61.89897918701172 66.99153900146484 67.06956481933594 72.06431579589844 77.98985290527344 79.71748352050781 83.45292663574219 97.87899017333984 108.28788757324219 114.11477661132812 134.38577270507812 171.2354278564453 263.8211669921875 471.6203308105469 0.0 0.0 0.0 0.0 0.0
19972.716796875 36.74802780151367 42.02061080932617 42.27592086791992 46.90745544433594 48.73647689819336 49.95283126831055 50.8924446105957 54.670326232910156 53.50077819824219 67.8486557006836 60.502769470214844 58.54597854614258 62.42805099487305 62.94924545288086 64.49234008789062 66.3708724975586 73.8248062133789 78.46699523925781 78.02842712402344 87.2824478149414 93.46337890625 99.4221420288086 114.26242065429688 135.5867156982422 179.9342498779297 234.36097717285156 465.8506164550781 0.0 0.0 0.0 0.0
19942.580078125 35.80200958251953 40.03297424316406 42.23896408081055 45.59511184692383 47.59169006347656 47.56135177612305 49.86403274536133 52.62726593017578 52.44840621948242 58.35076904296875 67.1570053100586 59.705684661865234 58.52878952026367 57.99312973022461 62.112422943115234 62.88271713256836 65.21212768554688 68.75572967529297 73.73294067382812 78.72636413574219 86.06202697753906 91.93647003173828 95.68949127197266 113.59159088134766 151.70240783691406 161.84121704101562 242.38421630859375 469.2359924316406 0.0 0.0 0.0
19871.5 39.19750213623047 40.90061950683594 42.43821334838867 44.787689208984375 45.692344665527344 46.73117446899414 50.216217041015625 53.62870788574219 55.18511199951172 60.84319305419922 58.80086898803711 56.35371017456055 58.27896499633789 56.35136413574219 61.817752838134766 63.16657257080078 62.038692474365234 64.35692596435547 71.74118041992188 75.38961791992188 80.55007934570312 87.49055480957031 88.2756576538086 101.35247802734375 134.0485076904297 128.5763702392578 169.1681365966797 243.04063415527344 470.1065673828125 0.0 0.0
19890.578125 37.10264587402344 38.73622131347656 41.66274642944336 43.94525909423828 45.52938461303711 46.429054260253906 47.95473861694336 49.249908447265625 51.224403381347656 56.085479736328125 54.14384460449219 53.91823196411133 53.693153381347656 55.46773147583008 58.47237014770508 60.70188903808594 59.2235221862793 65.6960220336914 64.21710968017578 74.1839599609375 74.7596206665039 77.14032745361328 81.72117614746094 87.22014617919922 109.30697631835938 105.67963409423828 129.68191528320312 161.52638244628906 245.33560180664062 461.3986511230469 0.0
19809.63671875 37.28651809692383 39.11852264404297 40.6809196472168 41.81847381591797 44.551151275634766 43.356231689453125 46.522918701171875 51.244667053222656 49.938987731933594 62.789581298828125 53.32704544067383 52.09457778930664 56.90425109863281 53.09819793701172 54.24190139770508 58.53266525268555 58.09386444091797 64.65167999267578 58.843238830566406 78.56169128417969 74.62858581542969 72.0361328125 79.3595962524414 81.11323547363281 107.30252838134766 91.3834228515625 113.11176300048828 132.06524658203125 167.14437866210938 237.15773010253906 471.432861328125
