22486.0 0.0 0.0 0.0 0.0 0.0 0.0 0.0 0.0 0.0 0.0 0.0 0.0 0.0 0.0 0.0 0.0 0.0 0.0 0.0 0.0 0.0 0.0 0.0 0.0 0.0 0.0 0.0 0.0 0.0 0.0 0.0
21503.197265625 979.1846313476562 0.0 0.0 0.0 0.0 0.0 0.0 0.0 0.0 0.0 0.0 0.0 0.0 0.0 0.0 0.0 0.0 0.0 0.0 0.0 0.0 0.0 0.0 0.0 0.0 0.0 0.0 0.0 0.0 0.0 0.0
20124.068359375 1352.0025634765625 1006.9072265625 0.0 0.0 0.0 0.0 0.0 0.0 0.0 0.0 0.0 0.0 0.0 0.0 0.0 0.0 0.0 0.0 0.0 0.0 0.0 0.0 0.0 0.0 0.0 0.0 0.0 0.0 0.0 0.0 0.0
19131.6328125 733.1771850585938 1556.7623291015625 1061.2225341796875 0.0 0.0 0.0 0.0 0.0 0.0 0.0 0.0 0.0 0.0 0.0 0.0 0.0 0.0 0.0 0.0 0.0 0.0 0.0 0.0 0.0 0.0 0.0 0.0 0.0 0.0 0.0 0.0
18592.923828125 408.754150390625 874.0069580078125 1500.333251953125 1106.978759765625 0.0 0.0 0.0 0.0 0.0 0.0 0.0 0.0 0.0 0.0 0.0 0.0 0.0 0.0 0.0 0.0 0.0 0.0 0.0 0.0 0.0 0.0 0.0 0.0 0.0 0.0 0.0
18001.173828125 283.3454284667969 527.4468383789062 928.3170776367188 1647.9508056640625 1094.8287353515625 0.0 0.0 0.0 0.0 0.0 0.0 0.0 0.0 0.0 0.0 0.0 0.0 0.0 0.0 0.0 0.0 0.0 0.0 0.0 0.0 0.0 0.0 0.0 0.0 0.0 0.0
17691.119140625 224.35748291015625 339.6020812988281 530.8502197265625 985.1138916015625 1616.06396484375 1095.9892578125 0.0 0.0 0.0 0.0 0.0 0.0 0.0 0.0 0.0 0.0 0.0 0.0 0.0 0.0 0.0 0.0 0.0 0.0 0.0 0.0 0.0 0.0 0.0 0.0 0.0
17349.244140625 191.96670532226562 272.6746520996094 418.4073791503906 629.427978515625 998.2750244140625 1585.6947021484375 1037.3345947265625 0.0 0.0 0.0 0.0 0.0 0.0 0.0 0.0 0.0 0.0 0.0 0.0 0.0 0.0 0.0 0.0 0.0 0.0 0.0 0.0 0.0 0.0 0.0 0.0
16965.048828125 160.37417602539062 225.2276153564453 328.9704895019531 449.6868591308594 663.6696166992188 968.3121337890625 1655.347412109375 1066.392578125 0.0 0.0 0.0 0.0 0.0 0.0 0.0 0.0 0.0 0.0 0.0 0.0 0.0 0.0 0.0 0.0 0.0 0.0 0.0 0.0 0.0 0.0 0.0
16836.359375 118.63685607910156 186.50843811035156 252.76060485839844 319.1651611328125 450.050048828125 625.1978149414062 1013.299560546875 1631.8743896484375 1049.189208984375 0.0 0.0 0.0 0.0 0.0 0.0 0.0 0.0 0.0 0.0 0.0 0.0 0.0 0.0 0.0 0.0 0.0 0.0 0.0 0.0 0.0 0.0
16768.580078125 82.65530395507812 142.51837158203125 208.67274475097656 263.7339172363281 369.7935791015625 437.6593933105469 621.5536499023438 946.3004760742188 1580.841064453125 1060.622802734375 0.0 0.0 0.0 0.0 0.0 0.0 0.0 0.0 0.0 0.0 0.0 0.0 0.0 0.0 0.0 0.0 0.0 0.0 0.0 0.0 0.0
16372.861328125 68.71620178222656 107.8984375 165.52447509765625 220.0719451904297 302.516845703125 333.4591369628906 454.07940673828125 630.6282958984375 1016.0760498046875 1738.665771484375 1072.532470703125 0.0 0.0 0.0 0.0 0.0 0.0 0.0 0.0 0.0 0.0 0.0 0.0 0.0 0.0 0.0 0.0 0.0 0.0 0.0 0.0
16269.138671875 66.69459533691406 85.68069458007812 125.09925079345703 172.55308532714844 233.9601593017578 280.3796081542969 346.2139587402344 437.9239807128906 630.5499267578125 1073.7322998046875 1693.9298095703125 1067.23974609375 0.0 0.0 0.0 0.0 0.0 0.0 0.0 0.0 0.0 0.0 0.0 0.0 0.0 0.0 0.0 0.0 0.0 0.0 0.0
16134.68359375 70.20882415771484 77.0431137084961 100.36549377441406 126.9427261352539 174.6097412109375 223.884521484375 281.51251220703125 347.3587951660156 442.01513671875 676.482177734375 1021.081787109375 1726.6812744140625 1079.982666015625 0.0 0.0 0.0 0.0 0.0 0.0 0.0 0.0 0.0 0.0 0.0 0.0 0.0 0.0 0.0 0.0 0.0 0.0
16119.3896484375 71.45034790039062 77.72343444824219 93.0063705444336 106.0149154663086 138.69703674316406 179.8844451904297 221.59500122070312 279.6995544433594 338.7444763183594 461.3158264160156 638.9981079101562 1036.17138671875 1659.342041015625 1060.966064453125 0.0 0.0 0.0 0.0 0.0 0.0 0.0 0.0 0.0 0.0 0.0 0.0 0.0 0.0 0.0 0.0 0.0
16037.7998046875 65.25175476074219 76.1830062866211 88.66158294677734 95.700927734375 112.5771255493164 135.08055114746094 171.02822875976562 229.92465209960938 271.5306701660156 345.94024658203125 439.7880554199219 614.744873046875 1001.098876953125 1714.682861328125 1083.034912109375 0.0 0.0 0.0 0.0 0.0 0.0 0.0 0.0 0.0 0.0 0.0 0.0 0.0 0.0 0.0 0.0
16119.45703125 52.13127899169922 68.19110107421875 84.640625 92.97030639648438 98.70293426513672 115.39481353759766 135.80972290039062 178.16152954101562 218.96127319335938 275.4330139160156 326.7438049316406 420.9285888671875 605.4691772460938 981.439208984375 1662.339599609375 1046.2474365234375 0.0 0.0 0.0 0.0 0.0 0.0 0.0 0.0 0.0 0.0 0.0 0.0 0.0 0.0 0.0
15955.244140625 43.223941802978516 58.44429016113281 76.36372375488281 88.9622802734375 94.2364273071289 100.12919616699219 111.45040893554688 139.2589569091797 176.583740234375 227.3700408935547 275.8191833496094 328.3658447265625 424.9434509277344 610.3181762695312 989.013427734375 1725.2513427734375 1058.17333984375 0.0 0.0 0.0 0.0 0.0 0.0 0.0 0.0 0.0 0.0 0.0 0.0 0.0 0.0
15812.611328125 40.774261474609375 49.970489501953125 67.23124694824219 81.21903991699219 95.00621795654297 101.89253234863281 97.45794677734375 115.44596862792969 149.31365966796875 213.97523498535156 240.23828125 269.7338562011719 330.55291748046875 438.86883544921875 631.750244140625 1023.8757934570312 1651.972412109375 1071.1396484375 0.0 0.0 0.0 0.0 0.0 0.0 0.0 0.0 0.0 0.0 0.0 0.0 0.0
15700.185546875 40.389888763427734 46.61722183227539 56.22346496582031 68.08509063720703 82.3129653930664 94.85868072509766 91.80908966064453 110.8997802734375 118.01888275146484 149.5899200439453 180.8052978515625 226.21356201171875 279.1347351074219 332.1727294921875 428.39208984375 678.353271484375 1058.6226806640625 1679.338623046875 1060.9600830078125 0.0 0.0 0.0 0.0 0.0 0.0 0.0 0.0 0.0 0.0 0.0 0.0
15716.2119140625 43.87208557128906 46.79166030883789 51.704429626464844 58.250728607177734 68.96150970458984 79.50109100341797 91.59126281738281 97.818603515625 99.30183410644531 119.99291229248047 141.3988037109375 173.6283416748047 222.0757293701172 267.37615966796875 333.0089111328125 429.5080871582031 631.69482421875 1011.0928955078125 1712.1959228515625 1087.0556640625 0.0 0.0 0.0 0.0 0.0 0.0 0.0 0.0 0.0 0.0 0.0
15595.7744140625 41.60365295410156 47.066123962402344 50.31319046020508 53.661128997802734 57.22956085205078 67.95513153076172 81.03251647949219 92.42538452148438 96.55904388427734 109.59798431396484 119.57342529296875 135.12608337402344 178.3768768310547 224.47650146484375 269.3477783203125 338.9000244140625 440.0500183105469 640.3566284179688 1034.7681884765625 1751.5555419921875 1057.4249267578125 0.0 0.0 0.0 0.0 0.0 0.0 0.0 0.0 0.0 0.0
15538.2294921875 39.66310119628906 46.95751190185547 52.662052154541016 51.06425476074219 52.58891296386719 59.257022857666016 69.63165283203125 81.54838562011719 97.21768188476562 123.33889770507812 103.5525131225586 107.23746490478516 149.06198120117188 179.47018432617188 213.99037170410156 264.5 323.10968017578125 431.39599609375 624.2717895507812 1045.10791015625 1754.8280029296875 1074.30029296875 0.0 0.0 0.0 0.0 0.0 0.0 0.0 0.0 0.0
15393.2587890625 37.80659484863281 43.256282806396484 46.95627212524414 48.64250946044922 50.4103889465332 52.5232048034668 58.47292709350586 65.8559341430664 78.95268249511719 97.94612121582031 96.71403503417969 98.10273742675781 147.7875518798828 151.56875610351562 170.89889526367188 218.02490234375 279.3871154785156 319.0739440917969 426.57269287109375 635.87109375 1083.4873046875 1841.427978515625 1039.9498291015625 0.0 0.0 0.0 0.0 0.0 0.0 0.0 0.0
15575.1162109375 38.52826690673828 39.887733459472656 43.418663024902344 47.18539047241211 47.929283142089844 49.41920471191406 50.42786407470703 56.13806915283203 64.263916015625 81.60157012939453 86.69144439697266 89.04007720947266 99.44701385498047 110.50275421142578 126.56401062011719 166.3895721435547 211.21510314941406 265.70318603515625 336.1343078613281 431.7919921875 655.90673828125 1032.7052001953125 1729.0736083984375 1048.06201171875 0.0 0.0 0.0 0.0 0.0 0.0 0.0
15606.400390625 41.53235626220703 41.32086181640625 42.45331573486328 47.17531967163086 44.58096694946289 48.800045013427734 50.855770111083984 53.53937530517578 53.73601150512695 63.31117630004883 73.16575622558594 82.13328552246094 90.7028579711914 96.47874450683594 107.19071197509766 128.91819763183594 167.23623657226562 213.7329864501953 267.4300231933594 332.8052062988281 445.52294921875 634.0353393554688 987.1187133789062 1702.353515625 1059.4554443359375 0.0 0.0 0.0 0.0 0.0 0.0
15623.0986328125 39.293495178222656 44.38297653198242 44.126277923583984 42.831729888916016 41.92936325073242 43.17539978027344 47.79372787475586 49.39755630493164 49.464927673339844 57.77460479736328 64.9069595336914 76.86395263671875 86.44680786132812 91.8258285522461 94.51234436035156 106.2773666381836 129.1640625 171.86041259765625 214.72998046875 265.7210388183594 326.16925048828125 435.4290771484375 633.6381225585938 1009.1993408203125 1640.5069580078125 1051.4400634765625 0.0 0.0 0.0 0.0 0.0
15601.087890625 31.90689468383789 41.91343688964844 44.97678756713867 41.92273712158203 40.34112548828125 40.846351623535156 43.73324203491211 45.66250991821289 47.23387908935547 51.34446334838867 56.25287628173828 64.53636169433594 75.08155822753906 86.31790924072266 84.60739135742188 93.31710815429688 106.95429992675781 131.66648864746094 171.66763305664062 216.71800231933594 267.0430908203125 335.0614318847656 445.05596923828125 634.50244140625 1004.1014404296875 1640.2568359375 1037.87890625 0.0 0.0 0.0 0.0
15531.1220703125 24.979969024658203 35.19155502319336 44.248958587646484 46.318199157714844 41.83218002319336 39.546539306640625 39.986053466796875 44.532005310058594 46.50699234008789 49.047149658203125 50.32039260864258 53.63388442993164 60.00863265991211 74.47404479980469 79.81027221679688 86.73625946044922 93.63445281982422 104.3040542602539 124.66717529296875 165.48794555664062 212.7441864013672 263.11334228515625 332.8263854980469 433.93231201171875 627.1088256835938 1021.0346069335938 1702.7000732421875 1052.1380615234375 0.0 0.0 0.0
15579.8486328125 19.39160919189453 28.647871017456055 38.2446403503418 45.97146987915039 45.730613708496094 41.796546936035156 39.340763092041016 41.06014633178711 40.86614990234375 44.696258544921875 46.74308776855469 49.19181823730469 53.4842643737793 64.25995635986328 70.98406219482422 76.86402893066406 84.96350860595703 89.99433135986328 102.83415222167969 128.59423828125 168.906982421875 212.51901245117188 265.2650451660156 339.2599182128906 438.5491027832031 613.4535522460938 986.7378540039062 1676.0150146484375 1047.8409423828125 0.0 0.0
15397.3984375 18.45551872253418 22.192882537841797 28.139114379882812 37.7236328125 44.84508514404297 44.60676193237305 42.35869598388672 38.845340728759766 37.79856872558594 41.505374908447266 43.50507354736328 48.17173385620117 51.132991790771484 55.55763244628906 60.918724060058594 67.0278091430664 77.88546752929688 85.91276550292969 90.89275360107422 107.7939682006836 128.90106201171875 165.37533569335938 211.461669921875 271.46624755859375 342.74505615234375 458.0351257324219 645.9993896484375 1104.1173095703125 1675.169921875 1036.1173095703125 0.0
15564.744140625 19.271102905273438 20.574979782104492 22.107709884643555 29.059734344482422 39.48054504394531 44.19517517089844 45.1879768371582 40.334224700927734 37.4232063293457 38.5127067565918 40.6555290222168 45.162681579589844 46.16538619995117 50.45225143432617 50.96896743774414 54.37792205810547 66.63068389892578 77.58019256591797 82.92835235595703 90.11830139160156 102.46379852294922 123.58171081542969 164.81166076660156 211.57545471191406 262.6845397949219 331.04962158203125 426.5653076171875 631.2901611328125 1007.3048095703125 1669.883056640625 1044.90283203125
