22486.0 0.0 0.0 0.0 0.0 0.0 0.0 0.0 0.0 0.0 0.0 0.0 0.0 0.0 0.0 0.0 0.0 0.0 0.0 0.0 0.0 0.0 0.0 0.0 0.0 0.0 0.0 0.0 0.0 0.0 0.0 0.0
21619.171875 864.2811279296875 0.0 0.0 0.0 0.0 0.0 0.0 0.0 0.0 0.0 0.0 0.0 0.0 0.0 0.0 0.0 0.0 0.0 0.0 0.0 0.0 0.0 0.0 0.0 0.0 0.0 0.0 0.0 0.0 0.0 0.0
21280.92578125 952.7283935546875 249.30511474609375 0.0 0.0 0.0 0.0 0.0 0.0 0.0 0.0 0.0 0.0 0.0 0.0 0.0 0.0 0.0 0.0 0.0 0.0 0.0 0.0 0.0 0.0 0.0 0.0 0.0 0.0 0.0 0.0 0.0
20875.7578125 896.4439697265625 481.6484069824219 229.1418914794922 0.0 0.0 0.0 0.0 0.0 0.0 0.0 0.0 0.0 0.0 0.0 0.0 0.0 0.0 0.0 0.0 0.0 0.0 0.0 0.0 0.0 0.0 0.0 0.0 0.0 0.0 0.0 0.0
20420.478515625 781.5350341796875 582.6163330078125 481.7057189941406 216.68125915527344 0.0 0.0 0.0 0.0 0.0 0.0 0.0 0.0 0.0 0.0 0.0 0.0 0.0 0.0 0.0 0.0 0.0 0.0 0.0 0.0 0.0 0.0 0.0 0.0 0.0 0.0 0.0
20025.48828125 678.440673828125 537.4486083984375 557.4103393554688 476.158447265625 207.99722290039062 0.0 0.0 0.0 0.0 0.0 0.0 0.0 0.0 0.0 0.0 0.0 0.0 0.0 0.0 0.0 0.0 0.0 0.0 0.0 0.0 0.0 0.0 0.0 0.0 0.0 0.0
19647.47265625 617.6920776367188 465.0381164550781 528.7996215820312 559.6140747070312 468.5243225097656 195.7727813720703 0.0 0.0 0.0 0.0 0.0 0.0 0.0 0.0 0.0 0.0 0.0 0.0 0.0 0.0 0.0 0.0 0.0 0.0 0.0 0.0 0.0 0.0 0.0 0.0 0.0
19274.45703125 574.8973388671875 423.71240234375 481.9691162109375 536.9219970703125 547.301513671875 456.681884765625 187.26834106445312 0.0 0.0 0.0 0.0 0.0 0.0 0.0 0.0 0.0 0.0 0.0 0.0 0.0 0.0 0.0 0.0 0.0 0.0 0.0 0.0 0.0 0.0 0.0 0.0
19055.064453125 532.973388671875 387.3787536621094 417.5279846191406 462.5588073730469 497.87896728515625 517.784423828125 435.48223876953125 176.4497528076172 0.0 0.0 0.0 0.0 0.0 0.0 0.0 0.0 0.0 0.0 0.0 0.0 0.0 0.0 0.0 0.0 0.0 0.0 0.0 0.0 0.0 0.0 0.0
18820.1953125 478.4980163574219 376.764892578125 389.6444396972656 401.5870056152344 438.9087219238281 491.15716552734375 506.3156433105469 410.5982666015625 169.21499633789062 0.0 0.0 0.0 0.0 0.0 0.0 0.0 0.0 0.0 0.0 0.0 0.0 0.0 0.0 0.0 0.0 0.0 0.0 0.0 0.0 0.0 0.0
18593.76953125 432.4343566894531 353.15972900390625 375.13238525390625 378.867431640625 395.0621337890625 430.4412536621094 472.6221008300781 487.87774658203125 401.0003662109375 162.53929138183594 0.0 0.0 0.0 0.0 0.0 0.0 0.0 0.0 0.0 0.0 0.0 0.0 0.0 0.0 0.0 0.0 0.0 0.0 0.0 0.0 0.0
18312.09765625 405.9161376953125 321.6603698730469 355.7403564453125 365.008544921875 371.4626159667969 399.44610595703125 439.9360046386719 466.2989501953125 485.1119689941406 399.2655944824219 160.96356201171875 0.0 0.0 0.0 0.0 0.0 0.0 0.0 0.0 0.0 0.0 0.0 0.0 0.0 0.0 0.0 0.0 0.0 0.0 0.0 0.0
18099.39453125 385.8134460449219 280.17816162109375 328.7176208496094 351.1784973144531 355.6964416503906 366.2830505371094 391.50604248046875 425.9905700683594 462.5947265625 473.61663818359375 406.3322448730469 155.69839477539062 0.0 0.0 0.0 0.0 0.0 0.0 0.0 0.0 0.0 0.0 0.0 0.0 0.0 0.0 0.0 0.0 0.0 0.0 0.0
17908.90234375 368.9800720214844 253.0724334716797 289.4306640625 317.6784973144531 333.3774719238281 346.0702209472656 365.8459167480469 387.2153015136719 419.4557189941406 487.28594970703125 473.2801513671875 382.44482421875 150.03575134277344 0.0 0.0 0.0 0.0 0.0 0.0 0.0 0.0 0.0 0.0 0.0 0.0 0.0 0.0 0.0 0.0 0.0 0.0
17700.453125 358.74627685546875 247.58114624023438 273.9560546875 290.2832946777344 306.8166809082031 339.0546569824219 353.41162109375 360.4474792480469 375.1133117675781 457.83203125 443.5990295410156 461.9306335449219 366.9741516113281 146.64373779296875 0.0 0.0 0.0 0.0 0.0 0.0 0.0 0.0 0.0 0.0 0.0 0.0 0.0 0.0 0.0 0.0 0.0
17503.458984375 335.3973083496094 245.3737335205078 262.91107177734375 271.046875 285.6165771484375 307.71337890625 335.88116455078125 346.20782470703125 365.2928771972656 405.7589416503906 403.37982177734375 458.441650390625 459.7639465332031 355.1697082519531 141.59292602539062 0.0 0.0 0.0 0.0 0.0 0.0 0.0 0.0 0.0 0.0 0.0 0.0 0.0 0.0 0.0 0.0
17372.43359375 309.4402770996094 238.3613739013672 256.4087219238281 262.2650451660156 267.47412109375 285.6377258300781 319.3385009765625 337.7764892578125 346.1829833984375 350.3326416015625 369.36187744140625 410.85784912109375 431.6626281738281 435.3841247558594 347.9165344238281 142.20602416992188 0.0 0.0 0.0 0.0 0.0 0.0 0.0 0.0 0.0 0.0 0.0 0.0 0.0 0.0 0.0
17181.91796875 294.4221496582031 222.3323211669922 244.3231658935547 256.10736083984375 258.93890380859375 266.0599670410156 292.23681640625 314.84503173828125 336.6571350097656 335.13201904296875 354.2352600097656 370.3828125 410.3552551269531 430.25506591796875 429.7181396484375 347.1038513183594 137.88534545898438 0.0 0.0 0.0 0.0 0.0 0.0 0.0 0.0 0.0 0.0 0.0 0.0 0.0 0.0
17002.62109375 280.1910705566406 207.6236572265625 232.85316467285156 247.800048828125 250.371337890625 255.35166931152344 282.7223205566406 296.92755126953125 318.30706787109375 320.85137939453125 338.39337158203125 355.8381652832031 378.7429504394531 397.4605407714844 423.5333557128906 419.048828125 337.2742614746094 136.98939514160156 0.0 0.0 0.0 0.0 0.0 0.0 0.0 0.0 0.0 0.0 0.0 0.0 0.0
16922.453125 277.7454833984375 194.84872436523438 216.48326110839844 228.57061767578125 246.28302001953125 254.474365234375 264.92626953125 274.769287109375 288.4036865234375 304.001220703125 322.8224792480469 333.1072998046875 345.9418640136719 355.01678466796875 374.8722229003906 401.9677429199219 408.3916320800781 331.8489074707031 136.06759643554688 0.0 0.0 0.0 0.0 0.0 0.0 0.0 0.0 0.0 0.0 0.0 0.0
16679.923828125 267.1441955566406 189.1995849609375 209.2217559814453 219.78521728515625 235.5565185546875 243.900390625 260.4108581542969 268.317626953125 284.0880126953125 288.81829833984375 306.8943176269531 322.71759033203125 326.55645751953125 336.9477844238281 366.7849426269531 383.5889892578125 404.89013671875 413.14239501953125 340.061767578125 135.06394958496094 0.0 0.0 0.0 0.0 0.0 0.0 0.0 0.0 0.0 0.0 0.0
16559.86328125 251.4322967529297 185.43748474121094 200.95071411132812 207.75978088378906 223.68301391601562 230.8199462890625 248.17332458496094 259.3984680175781 269.4566345214844 278.02813720703125 286.774658203125 309.3650207519531 318.86212158203125 318.88470458984375 329.7940979003906 348.4734802246094 391.3478698730469 409.4798278808594 397.7514953613281 326.6986083984375 130.635498046875 0.0 0.0 0.0 0.0 0.0 0.0 0.0 0.0 0.0 0.0
16377.59375 237.39332580566406 183.7421875 200.08230590820312 203.23931884765625 211.40982055664062 221.90184020996094 235.29896545410156 251.8905792236328 258.08123779296875 276.3195495605469 270.7706298828125 295.6942138671875 316.8890686035156 313.5868835449219 325.5852355957031 336.7873840332031 361.98040771484375 382.28668212890625 389.8963317871094 394.3663635253906 310.7593994140625 127.41218566894531 0.0 0.0 0.0 0.0 0.0 0.0 0.0 0.0 0.0
16258.240234375 221.63037109375 168.72727966308594 193.22543334960938 202.4899139404297 206.6309051513672 214.3831787109375 223.7973175048828 240.4270477294922 251.13243103027344 259.6559143066406 264.9762878417969 278.3005676269531 301.36376953125 298.88995361328125 320.1009826660156 322.2253723144531 324.2998962402344 355.9609375 366.9512634277344 379.4729919433594 389.4551696777344 310.53192138671875 130.25303649902344 0.0 0.0 0.0 0.0 0.0 0.0 0.0 0.0
16144.966796875 227.5633087158203 165.0662841796875 186.9339141845703 199.0615234375 202.92698669433594 208.9029998779297 213.59230041503906 226.6368408203125 239.30567932128906 251.864990234375 267.3931579589844 268.0013122558594 285.3961181640625 278.0060119628906 297.2764892578125 307.45794677734375 311.82916259765625 330.3369140625 337.1349182128906 352.5921936035156 370.7462158203125 373.3769836425781 308.78662109375 127.80796813964844 0.0 0.0 0.0 0.0 0.0 0.0 0.0
16024.587890625 244.89064025878906 159.0802459716797 174.14080810546875 193.31640625 195.07208251953125 200.92022705078125 205.71995544433594 216.50155639648438 228.4318389892578 238.31690979003906 257.5639343261719 261.62921142578125 274.00054931640625 260.53076171875 280.0863037109375 288.87652587890625 299.3081970214844 314.5433044433594 315.4869384765625 330.3324279785156 350.85577392578125 366.3775329589844 372.600830078125 303.2174072265625 125.70336151123047 0.0 0.0 0.0 0.0 0.0 0.0
15986.20703125 222.56552124023438 155.63833618164062 163.50108337402344 170.95013427734375 180.42938232421875 193.52085876464844 201.96392822265625 208.7333221435547 216.142333984375 223.8306884765625 238.889404296875 252.86105346679688 260.6435546875 254.7757110595703 264.4255065917969 272.5923767089844 289.74896240234375 302.377197265625 305.80462646484375 308.8914794921875 324.52935791015625 341.7379455566406 360.1309814453125 358.4622802734375 298.9744567871094 123.77651977539062 0.0 0.0 0.0 0.0 0.0
15897.8359375 212.9578857421875 160.6480712890625 165.3386688232422 162.53648376464844 166.44000244140625 179.45712280273438 197.44155883789062 203.6457977294922 207.57046508789062 212.7902069091797 226.54891967773438 237.5821075439453 256.0895080566406 252.5211639404297 257.6430969238281 258.407958984375 267.86578369140625 291.4718017578125 288.37841796875 294.2240295410156 299.61383056640625 319.66912841796875 336.0487365722656 353.70855712890625 360.57745361328125 293.2341613769531 121.92762756347656 0.0 0.0 0.0 0.0
15665.841796875 201.14285278320312 156.9059295654297 166.43939208984375 164.8516082763672 162.05715942382812 168.17437744140625 182.88182067871094 200.3726348876953 208.4916534423828 217.11083984375 221.6148223876953 239.2533721923828 248.27700805664062 244.42868041992188 249.7422332763672 256.8061218261719 263.56982421875 278.14385986328125 286.9284362792969 292.310546875 291.53936767578125 301.23333740234375 318.66754150390625 345.42535400390625 368.70489501953125 363.00042724609375 295.2661437988281 122.76560974121094 0.0 0.0 0.0
15556.78125 187.23245239257812 146.57688903808594 166.1122589111328 168.73330688476562 163.17491149902344 162.9761199951172 169.4835205078125 185.11607360839844 199.99903869628906 212.52487182617188 217.7780303955078 227.47337341308594 243.6578826904297 235.9063262939453 239.30833435058594 253.68936157226562 256.7618103027344 263.73663330078125 273.5924377441406 280.1322021484375 282.5552978515625 287.2098083496094 295.4522399902344 317.4510498046875 342.40509033203125 363.840087890625 369.2947082519531 292.6189880371094 120.52893829345703 0.0 0.0
15435.556640625 183.4440460205078 133.44190979003906 161.04861450195312 174.4232635498047 169.23959350585938 166.87393188476562 164.0130157470703 176.6414794921875 190.90321350097656 203.52479553222656 212.41575622558594 220.25770568847656 227.73324584960938 224.51829528808594 231.0735626220703 240.13848876953125 247.9366912841797 250.23028564453125 251.5971221923828 264.32232666015625 273.1184387207031 287.240478515625 284.0084533691406 306.0240478515625 329.26873779296875 353.48797607421875 349.4551696777344 362.38214111328125 287.51043701171875 120.2963638305664 0.0
15323.654296875 185.73419189453125 122.44974517822266 145.34109497070312 161.92135620117188 172.3660430908203 184.74392700195312 165.46786499023438 170.16941833496094 178.9801025390625 190.21092224121094 205.26470947265625 217.45474243164062 215.1223907470703 217.49855041503906 229.35133361816406 239.4029541015625 241.26280212402344 247.4009552001953 246.89805603027344 252.87139892578125 259.2568054199219 278.21588134765625 274.970458984375 290.5530090332031 295.17620849609375 320.6025695800781 339.0729675292969 350.57586669921875 344.0985412597656 290.6761779785156 125.19097900390625
