22486.0 0.0 0.0 0.0 0.0 0.0 0.0 0.0 0.0 0.0 0.0 0.0 0.0 0.0 0.0 0.0 0.0 0.0 0.0 0.0 0.0 0.0 0.0 0.0 0.0 0.0 0.0 0.0 0.0 0.0 0.0 0.0
22071.85546875 411.2033996582031 0.0 0.0 0.0 0.0 0.0 0.0 0.0 0.0 0.0 0.0 0.0 0.0 0.0 0.0 0.0 0.0 0.0 0.0 0.0 0.0 0.0 0.0 0.0 0.0 0.0 0.0 0.0 0.0 0.0 0.0
21895.822265625 464.7567138671875 122.49103546142578 0.0 0.0 0.0 0.0 0.0 0.0 0.0 0.0 0.0 0.0 0.0 0.0 0.0 0.0 0.0 0.0 0.0 0.0 0.0 0.0 0.0 0.0 0.0 0.0 0.0 0.0 0.0 0.0 0.0
21468.556640625 573.3929443359375 316.9507751464844 123.9679946899414 0.0 0.0 0.0 0.0 0.0 0.0 0.0 0.0 0.0 0.0 0.0 0.0 0.0 0.0 0.0 0.0 0.0 0.0 0.0 0.0 0.0 0.0 0.0 0.0 0.0 0.0 0.0 0.0
20989.7734375 584.1151123046875 493.36376953125 292.42608642578125 123.2143325805664 0.0 0.0 0.0 0.0 0.0 0.0 0.0 0.0 0.0 0.0 0.0 0.0 0.0 0.0 0.0 0.0 0.0 0.0 0.0 0.0 0.0 0.0 0.0 0.0 0.0 0.0 0.0
20542.0234375 536.4771118164062 537.45947265625 456.1554870605469 288.4768981933594 122.42102813720703 0.0 0.0 0.0 0.0 0.0 0.0 0.0 0.0 0.0 0.0 0.0 0.0 0.0 0.0 0.0 0.0 0.0 0.0 0.0 0.0 0.0 0.0 0.0 0.0 0.0 0.0
20187.96484375 491.02557373046875 503.3227233886719 486.2680969238281 420.18402099609375 272.90399169921875 121.28524017333984 0.0 0.0 0.0 0.0 0.0 0.0 0.0 0.0 0.0 0.0 0.0 0.0 0.0 0.0 0.0 0.0 0.0 0.0 0.0 0.0 0.0 0.0 0.0 0.0 0.0
19820.546875 445.673095703125 496.4158020019531 474.1005554199219 469.11981201171875 410.2175598144531 248.35000610351562 118.65306854248047 0.0 0.0 0.0 0.0 0.0 0.0 0.0 0.0 0.0 0.0 0.0 0.0 0.0 0.0 0.0 0.0 0.0 0.0 0.0 0.0 0.0 0.0 0.0 0.0
19490.58203125 422.72698974609375 464.3934020996094 473.9875183105469 457.1388244628906 444.4627990722656 365.7509765625 246.19207763671875 117.83932495117188 0.0 0.0 0.0 0.0 0.0 0.0 0.0 0.0 0.0 0.0 0.0 0.0 0.0 0.0 0.0 0.0 0.0 0.0 0.0 0.0 0.0 0.0 0.0
19260.6484375 366.9376220703125 391.45941162109375 406.0751953125 425.40240478515625 435.5322570800781 427.10491943359375 405.5998229980469 249.01345825195312 115.20077514648438 0.0 0.0 0.0 0.0 0.0 0.0 0.0 0.0 0.0 0.0 0.0 0.0 0.0 0.0 0.0 0.0 0.0 0.0 0.0 0.0 0.0 0.0
19037.646484375 317.5203552246094 367.06341552734375 387.7559509277344 382.08538818359375 402.6292724609375 427.0256042480469 434.66937255859375 372.5013122558594 240.44529724121094 113.72602081298828 0.0 0.0 0.0 0.0 0.0 0.0 0.0 0.0 0.0 0.0 0.0 0.0 0.0 0.0 0.0 0.0 0.0 0.0 0.0 0.0 0.0
18891.5625 285.8332214355469 335.5786437988281 367.0911560058594 374.3006591796875 360.8463439941406 370.40185546875 403.29156494140625 395.9230651855469 354.2691345214844 233.05540466308594 110.83331298828125 0.0 0.0 0.0 0.0 0.0 0.0 0.0 0.0 0.0 0.0 0.0 0.0 0.0 0.0 0.0 0.0 0.0 0.0 0.0 0.0
18543.595703125 271.9698486328125 311.5239562988281 346.93511962890625 341.0556945800781 349.9896240234375 353.4190673828125 414.0195007324219 435.0173645019531 415.778076171875 343.8746337890625 246.9910430908203 108.8326187133789 0.0 0.0 0.0 0.0 0.0 0.0 0.0 0.0 0.0 0.0 0.0 0.0 0.0 0.0 0.0 0.0 0.0 0.0 0.0
18386.99609375 245.34771728515625 277.9508361816406 308.79144287109375 319.37872314453125 329.883056640625 338.2790222167969 369.25921630859375 399.5506591796875 399.6629943847656 407.92205810546875 359.0082702636719 231.05381774902344 110.04401397705078 0.0 0.0 0.0 0.0 0.0 0.0 0.0 0.0 0.0 0.0 0.0 0.0 0.0 0.0 0.0 0.0 0.0 0.0
18191.306640625 231.24124145507812 262.0266418457031 280.21661376953125 299.0664978027344 305.94598388671875 319.56658935546875 346.980712890625 360.5267028808594 373.6879577636719 408.5486145019531 416.5451965332031 350.01654052734375 232.57894897460938 104.88292694091797 0.0 0.0 0.0 0.0 0.0 0.0 0.0 0.0 0.0 0.0 0.0 0.0 0.0 0.0 0.0 0.0 0.0
18019.9609375 212.3336639404297 244.2989959716797 261.296875 277.2246398925781 278.9481506347656 297.49609375 316.4536437988281 336.8535461425781 354.08953857421875 375.17559814453125 402.27471923828125 382.1819763183594 381.58197021484375 233.35682678222656 109.50977325439453 0.0 0.0 0.0 0.0 0.0 0.0 0.0 0.0 0.0 0.0 0.0 0.0 0.0 0.0 0.0 0.0
17835.80078125 200.96482849121094 236.3919677734375 254.22166442871094 256.9258728027344 260.67120361328125 274.1920166015625 311.5849609375 331.2727966308594 338.3114929199219 359.3851318359375 382.9247741699219 387.7826843261719 391.53033447265625 332.69549560546875 223.1962890625 105.07362365722656 0.0 0.0 0.0 0.0 0.0 0.0 0.0 0.0 0.0 0.0 0.0 0.0 0.0 0.0 0.0
17457.154296875 189.3994140625 213.74807739257812 241.730712890625 256.5797424316406 253.08883666992188 269.1159362792969 291.9150085449219 310.4521789550781 337.94488525390625 351.3803405761719 362.4293518066406 385.99639892578125 456.2888488769531 400.7561340332031 369.1305847167969 232.04444885253906 103.80534362792969 0.0 0.0 0.0 0.0 0.0 0.0 0.0 0.0 0.0 0.0 0.0 0.0 0.0 0.0
17372.90625 183.24508666992188 196.93809509277344 227.52574157714844 250.55526733398438 240.0087432861328 257.1226806640625 272.24951171875 293.5238037109375 319.3185119628906 338.8385925292969 345.8378601074219 358.52532958984375 394.7596740722656 393.3298645019531 395.5707092285156 332.68035888671875 208.89585876464844 101.27881622314453 0.0 0.0 0.0 0.0 0.0 0.0 0.0 0.0 0.0 0.0 0.0 0.0 0.0
17197.205078125 182.95082092285156 188.85842895507812 211.20639038085938 232.18438720703125 234.29519653320312 241.3003692626953 252.86810302734375 263.8106384277344 292.87615966796875 314.37841796875 337.844482421875 333.3371276855469 375.437744140625 382.8629455566406 406.3490295410156 384.99530029296875 329.79278564453125 219.5281982421875 100.94646453857422 0.0 0.0 0.0 0.0 0.0 0.0 0.0 0.0 0.0 0.0 0.0 0.0
16939.158203125 185.94776916503906 191.18614196777344 199.20822143554688 211.99237060546875 225.1264190673828 237.96963500976562 245.4404754638672 255.23635864257812 272.5692138671875 294.0187683105469 315.83251953125 325.6777648925781 344.71697998046875 356.3943176269531 380.5237731933594 403.89581298828125 373.97998046875 382.283447265625 243.2017364501953 98.65311431884766 0.0 0.0 0.0 0.0 0.0 0.0 0.0 0.0 0.0 0.0 0.0
16881.275390625 174.72695922851562 189.3719940185547 191.82156372070312 194.95277404785156 207.2535400390625 216.7970733642578 222.9270782470703 236.2453155517578 252.9653778076172 268.30615234375 284.7052307128906 293.4381408691406 329.3297119140625 345.3348693847656 385.4565124511719 374.56195068359375 381.78619384765625 394.8721923828125 342.22406005859375 215.3461456298828 99.1782455444336 0.0 0.0 0.0 0.0 0.0 0.0 0.0 0.0 0.0 0.0
16817.927734375 165.48580932617188 190.16114807128906 198.07528686523438 199.4297637939453 196.02938842773438 203.31716918945312 209.4296875 226.871826171875 241.47682189941406 254.34584045410156 277.3805236816406 272.7161865234375 296.6624450683594 316.6471862792969 351.2212829589844 338.82421875 358.46734619140625 367.6932678222656 372.7996520996094 319.3367004394531 211.7025909423828 96.97726440429688 0.0 0.0 0.0 0.0 0.0 0.0 0.0 0.0 0.0
16719.427734375 151.9105987548828 179.74560546875 196.12391662597656 196.2115936279297 196.5559844970703 190.18431091308594 193.3853759765625 213.16175842285156 225.36526489257812 245.43772888183594 252.8797149658203 255.85792541503906 279.07855224609375 299.2589111328125 319.5905456542969 318.7696533203125 334.8687744140625 353.4041748046875 375.9251708984375 356.9586181640625 319.0010681152344 210.1753692626953 99.62094116210938 0.0 0.0 0.0 0.0 0.0 0.0 0.0 0.0
16570.634765625 155.0994873046875 168.2105255126953 188.5873565673828 199.1591796875 199.8147430419922 187.62754821777344 186.71856689453125 204.26756286621094 217.83399963378906 231.41259765625 246.91065979003906 246.02194213867188 267.8265380859375 279.82757568359375 287.4556884765625 298.9505615234375 309.7159423828125 328.4721984863281 361.12640380859375 365.05328369140625 355.2199401855469 316.5007019042969 214.87350463867188 95.72732543945312 0.0 0.0 0.0 0.0 0.0 0.0 0.0
16412.3046875 165.67945861816406 156.15467834472656 173.36029052734375 197.27581787109375 194.82997131347656 199.4893798828125 182.954833984375 197.93954467773438 214.5631866455078 214.0211639404297 234.58204650878906 234.4034423828125 243.65115356445312 258.8515625 274.3789367675781 284.43902587890625 294.009521484375 315.9549255371094 346.34918212890625 338.83160400390625 358.71551513671875 356.2319641113281 325.15423583984375 209.73011779785156 98.00318908691406 0.0 0.0 0.0 0.0 0.0 0.0
16221.5830078125 155.17819213867188 150.3687744140625 159.93606567382812 175.06045532226562 189.86387634277344 214.2914581298828 202.74794006347656 207.4577178955078 215.8414764404297 209.1776580810547 218.49398803710938 219.19155883789062 230.07736206054688 247.2053985595703 256.48602294921875 279.9673156738281 285.51904296875 302.5722351074219 341.2935791015625 324.10888671875 342.81201171875 365.5957946777344 352.78643798828125 317.2510070800781 204.43856811523438 92.67205810546875 0.0 0.0 0.0 0.0 0.0
16185.064453125 145.83450317382812 152.20297241210938 158.4535369873047 159.4354705810547 168.7495574951172 177.0998992919922 181.7882080078125 184.4974822998047 184.7312469482422 193.84413146972656 207.572998046875 211.91995239257812 229.94398498535156 234.3777313232422 240.83206176757812 255.08697509765625 266.1933898925781 283.0682373046875 295.0733642578125 303.87939453125 318.0052490234375 344.39923095703125 369.5761413574219 363.1118469238281 356.143310546875 217.04183959960938 94.04464721679688 0.0 0.0 0.0 0.0
16033.4404296875 139.00827026367188 151.24600219726562 156.9674530029297 157.52853393554688 160.0907440185547 166.33103942871094 170.97854614257812 181.80714416503906 187.7625732421875 195.79861450195312 199.4190673828125 201.65423583984375 215.24264526367188 224.61419677734375 244.38571166992188 238.4779815673828 248.63192749023438 279.0267333984375 295.4589538574219 295.18115234375 303.11273193359375 317.16497802734375 345.9277038574219 364.0787048339844 399.4556884765625 319.2039794921875 197.848388671875 92.15289306640625 0.0 0.0 0.0
15989.515625 133.9142608642578 146.8150177001953 158.10484313964844 158.6273193359375 154.27012634277344 156.9369659423828 164.79681396484375 174.1326904296875 183.46942138671875 192.87867736816406 201.94662475585938 192.2515411376953 207.04176330566406 215.99349975585938 239.29188537597656 225.6649627685547 233.27268981933594 251.5266876220703 271.17718505859375 270.2978515625 287.3908996582031 297.86248779296875 322.5004577636719 341.57391357421875 379.0423889160156 343.9251708984375 302.2156677246094 193.44805908203125 92.11221313476562 0.0 0.0
15884.17578125 128.08316040039062 138.27516174316406 156.52096557617188 159.67218017578125 153.8979034423828 148.41513061523438 155.56080627441406 166.81222534179688 178.4707489013672 183.85714721679688 192.60394287109375 185.57579040527344 190.7469024658203 202.70277404785156 221.91197204589844 219.569580078125 226.6195831298828 238.4435577392578 253.67189025878906 251.94642639160156 270.83038330078125 283.437744140625 300.0745544433594 318.8925476074219 357.3974609375 360.12457275390625 342.0047607421875 317.696533203125 201.72064208984375 92.20160675048828 0.0
15887.4697265625 129.88819885253906 131.1502227783203 147.8769073486328 152.50791931152344 160.65464782714844 151.20790100097656 155.94393920898438 163.47352600097656 170.51893615722656 177.16307067871094 184.0234832763672 183.00094604492188 191.36825561523438 192.59510803222656 202.1636962890625 212.8538055419922 215.02037048339844 223.9840545654297 231.00350952148438 234.93756103515625 248.71334838867188 262.5527038574219 279.5636291503906 299.0679931640625 304.5760192871094 332.0735778808594 340.3358154296875 342.2107238769531 291.42059326171875 191.7471466064453 90.90760803222656
