22486.0 0.0 0.0 0.0 0.0 0.0 0.0 0.0 0.0 0.0 0.0 0.0 0.0 0.0 0.0 0.0 0.0 0.0 0.0 0.0 0.0 0.0 0.0 0.0 0.0 0.0 0.0 0.0 0.0 0.0 0.0 0.0
22195.607421875 287.9690246582031 0.0 0.0 0.0 0.0 0.0 0.0 0.0 0.0 0.0 0.0 0.0 0.0 0.0 0.0 0.0 0.0 0.0 0.0 0.0 0.0 0.0 0.0 0.0 0.0 0.0 0.0 0.0 0.0 0.0 0.0
22020.58203125 151.13162231445312 311.2779846191406 0.0 0.0 0.0 0.0 0.0 0.0 0.0 0.0 0.0 0.0 0.0 0.0 0.0 0.0 0.0 0.0 0.0 0.0 0.0 0.0 0.0 0.0 0.0 0.0 0.0 0.0 0.0 0.0 0.0
21793.8359375 152.99017333984375 226.71954345703125 309.49566650390625 0.0 0.0 0.0 0.0 0.0 0.0 0.0 0.0 0.0 0.0 0.0 0.0 0.0 0.0 0.0 0.0 0.0 0.0 0.0 0.0 0.0 0.0 0.0 0.0 0.0 0.0 0.0 0.0
21593.162109375 144.89337158203125 239.8417205810547 219.05308532714844 286.1036376953125 0.0 0.0 0.0 0.0 0.0 0.0 0.0 0.0 0.0 0.0 0.0 0.0 0.0 0.0 0.0 0.0 0.0 0.0 0.0 0.0 0.0 0.0 0.0 0.0 0.0 0.0 0.0
21436.353515625 156.04454040527344 216.37109375 186.8289794921875 177.1569366455078 310.2140808105469 0.0 0.0 0.0 0.0 0.0 0.0 0.0 0.0 0.0 0.0 0.0 0.0 0.0 0.0 0.0 0.0 0.0 0.0 0.0 0.0 0.0 0.0 0.0 0.0 0.0 0.0
21373.60546875 129.79566955566406 190.4205322265625 173.86105346679688 146.61720275878906 173.1100616455078 295.6229553222656 0.0 0.0 0.0 0.0 0.0 0.0 0.0 0.0 0.0 0.0 0.0 0.0 0.0 0.0 0.0 0.0 0.0 0.0 0.0 0.0 0.0 0.0 0.0 0.0 0.0
21251.720703125 158.00955200195312 175.2744903564453 156.28819274902344 137.4946746826172 151.6444549560547 163.88470458984375 288.7940673828125 0.0 0.0 0.0 0.0 0.0 0.0 0.0 0.0 0.0 0.0 0.0 0.0 0.0 0.0 0.0 0.0 0.0 0.0 0.0 0.0 0.0 0.0 0.0 0.0
21166.341796875 129.78286743164062 173.39749145507812 156.3235626220703 134.8866729736328 143.60374450683594 142.35166931152344 164.19720458984375 272.1753845214844 0.0 0.0 0.0 0.0 0.0 0.0 0.0 0.0 0.0 0.0 0.0 0.0 0.0 0.0 0.0 0.0 0.0 0.0 0.0 0.0 0.0 0.0 0.0
21111.0234375 119.8453369140625 167.24954223632812 140.24600219726562 119.1318588256836 131.4156951904297 133.37591552734375 138.2207489013672 147.45933532714844 274.9410095214844 0.0 0.0 0.0 0.0 0.0 0.0 0.0 0.0 0.0 0.0 0.0 0.0 0.0 0.0 0.0 0.0 0.0 0.0 0.0 0.0 0.0 0.0
21039.26953125 107.32620239257812 168.71371459960938 129.14181518554688 111.88307189941406 113.37710571289062 126.38455200195312 133.08543395996094 127.1735610961914 149.4400634765625 277.1839294433594 0.0 0.0 0.0 0.0 0.0 0.0 0.0 0.0 0.0 0.0 0.0 0.0 0.0 0.0 0.0 0.0 0.0 0.0 0.0 0.0 0.0
20964.5625 110.28817749023438 153.77601623535156 128.5819549560547 111.79692840576172 115.20481872558594 115.78388977050781 121.05663299560547 117.60954284667969 124.93508911132812 144.41839599609375 274.8425598144531 0.0 0.0 0.0 0.0 0.0 0.0 0.0 0.0 0.0 0.0 0.0 0.0 0.0 0.0 0.0 0.0 0.0 0.0 0.0 0.0
20848.193359375 129.67916870117188 152.38156127929688 126.83428955078125 109.59929656982422 107.72250366210938 111.8110580444336 113.60903930664062 111.46916198730469 115.2788314819336 124.41801452636719 149.94969177246094 282.1336364746094 0.0 0.0 0.0 0.0 0.0 0.0 0.0 0.0 0.0 0.0 0.0 0.0 0.0 0.0 0.0 0.0 0.0 0.0 0.0
20834.498046875 98.43553924560547 146.72605895996094 127.82130432128906 104.799560546875 104.51528930664062 104.43150329589844 103.26750946044922 101.9957046508789 107.0422592163086 114.24117279052734 124.37786865234375 139.19142150878906 271.6903381347656 0.0 0.0 0.0 0.0 0.0 0.0 0.0 0.0 0.0 0.0 0.0 0.0 0.0 0.0 0.0 0.0 0.0 0.0
20703.546875 103.02129364013672 151.6697235107422 126.42124938964844 102.63467407226562 101.38421630859375 106.29696655273438 108.09715270996094 100.54130554199219 102.0654525756836 108.66861724853516 117.71965789794922 126.57013702392578 154.47821044921875 269.849365234375 0.0 0.0 0.0 0.0 0.0 0.0 0.0 0.0 0.0 0.0 0.0 0.0 0.0 0.0 0.0 0.0 0.0
20645.84765625 99.47930145263672 150.36940002441406 119.16160583496094 101.49605560302734 99.62873077392578 98.03158569335938 107.71073150634766 96.35044860839844 97.65278625488281 100.80531311035156 107.18672943115234 116.63379669189453 127.38384246826172 139.40963745117188 275.8092346191406 0.0 0.0 0.0 0.0 0.0 0.0 0.0 0.0 0.0 0.0 0.0 0.0 0.0 0.0 0.0 0.0
20502.626953125 102.96232604980469 145.1301727294922 121.47782135009766 100.6049575805664 102.51164245605469 99.06336212158203 104.43357849121094 98.98259735107422 99.79766082763672 103.94071960449219 101.74486541748047 106.03370666503906 121.2789535522461 131.58497619628906 149.0153350830078 291.77764892578125 0.0 0.0 0.0 0.0 0.0 0.0 0.0 0.0 0.0 0.0 0.0 0.0 0.0 0.0 0.0
20457.41015625 97.61378479003906 157.68675231933594 117.39505767822266 98.8923110961914 105.1132583618164 100.27991485595703 99.1214599609375 95.22552490234375 94.19734954833984 96.41825866699219 98.96490478515625 97.7729263305664 111.45783996582031 115.74324035644531 125.69546508789062 145.9313201904297 268.11639404296875 0.0 0.0 0.0 0.0 0.0 0.0 0.0 0.0 0.0 0.0 0.0 0.0 0.0 0.0
20347.00390625 96.39195251464844 165.98486328125 123.09221649169922 99.86029052734375 103.13417053222656 101.47197723388672 98.71940612792969 90.28966522216797 96.76531982421875 94.38017272949219 99.24422454833984 96.74027252197266 102.02781677246094 104.79194641113281 116.5193099975586 127.98817443847656 143.74754333496094 274.847900390625 0.0 0.0 0.0 0.0 0.0 0.0 0.0 0.0 0.0 0.0 0.0 0.0 0.0
20110.98046875 93.49801635742188 154.37474060058594 122.12065124511719 101.70214080810547 99.21550750732422 99.482421875 193.40234375 92.33786010742188 98.29153442382812 93.46100616455078 104.29533386230469 97.13078308105469 109.85203552246094 99.44058990478516 119.76554107666016 115.1330795288086 159.585693359375 147.83676147460938 271.1404113769531 0.0 0.0 0.0 0.0 0.0 0.0 0.0 0.0 0.0 0.0 0.0 0.0
20161.798828125 96.41878509521484 170.47225952148438 118.41020965576172 101.2503890991211 97.96295166015625 98.7039794921875 97.7986068725586 90.50420379638672 96.48804473876953 98.40380096435547 99.88897705078125 91.912109375 103.2833480834961 97.63700866699219 99.18557739257812 107.12926483154297 112.25520324707031 126.07579040527344 146.82142639160156 270.59600830078125 0.0 0.0 0.0 0.0 0.0 0.0 0.0 0.0 0.0 0.0 0.0
20045.771484375 95.39846801757812 169.5687713623047 154.25540161132812 103.26276397705078 100.28368377685547 98.25716400146484 95.830078125 92.04512786865234 96.69147491455078 101.6856460571289 97.5606918334961 93.00923156738281 98.0147476196289 96.37294006347656 98.3440170288086 97.01387023925781 102.07206726074219 111.31925201416016 126.41547393798828 141.07562255859375 268.6810607910156 0.0 0.0 0.0 0.0 0.0 0.0 0.0 0.0 0.0 0.0
19963.150390625 95.8735580444336 153.36659240722656 123.362060546875 100.42721557617188 98.30400848388672 95.28005981445312 107.08909606933594 89.47369384765625 96.57060241699219 92.9488525390625 107.66200256347656 96.95841217041016 124.5506820678711 93.00808715820312 97.23663330078125 95.29573822021484 94.7278823852539 101.71639251708984 117.44021606445312 122.61724853515625 143.20382690429688 272.7406311035156 0.0 0.0 0.0 0.0 0.0 0.0 0.0 0.0 0.0
19932.365234375 93.65357971191406 149.98300170898438 115.78330993652344 96.20955657958984 98.4739990234375 93.44793701171875 98.20610046386719 90.45462799072266 94.83219909667969 96.58446502685547 99.57814025878906 99.1920394897461 107.9959716796875 89.01506805419922 91.58737182617188 94.31388854980469 88.94139099121094 97.2456283569336 101.98835754394531 111.38397216796875 122.2861557006836 140.43478393554688 279.0422668457031 0.0 0.0 0.0 0.0 0.0 0.0 0.0 0.0
19782.328125 97.33429718017578 162.6859588623047 119.91586303710938 98.09522247314453 95.91753387451172 97.3506088256836 110.97883605957031 91.75370788574219 96.83589172363281 91.93232727050781 100.53642272949219 96.45584106445312 114.22484588623047 91.91996002197266 99.08352661132812 89.09086608886719 90.51361846923828 92.3851318359375 97.81461334228516 101.76947021484375 115.65254974365234 119.64495086669922 146.75909423828125 282.1853332519531 0.0 0.0 0.0 0.0 0.0 0.0 0.0
19625.1015625 92.90191650390625 158.83255004882812 121.45109558105469 99.30025482177734 98.226318359375 92.50907897949219 230.45529174804688 87.78730773925781 94.09210205078125 98.06000518798828 90.38690948486328 90.26200866699219 108.55318450927734 92.51763153076172 92.29171752929688 89.99935913085938 98.48128509521484 92.41338348388672 93.61505126953125 94.24545288085938 103.49942779541016 109.9988784790039 121.28831481933594 142.03012084960938 263.804931640625 0.0 0.0 0.0 0.0 0.0 0.0
19646.31640625 92.16944885253906 156.75328063964844 116.45762634277344 97.4421615600586 94.43873596191406 95.04158782958984 103.91162109375 89.20702362060547 92.40287780761719 93.47431945800781 106.64551544189453 99.58210754394531 119.96477508544922 91.72306823730469 91.99547576904297 88.82637023925781 90.83820343017578 90.21540832519531 90.23312377929688 89.1385498046875 95.40980529785156 100.05518341064453 113.21929168701172 128.40118408203125 138.9273223876953 269.1744079589844 0.0 0.0 0.0 0.0 0.0
19615.984375 89.82431030273438 152.7123565673828 112.91162109375 98.20698547363281 96.82394409179688 99.219482421875 95.03687286376953 89.34004211425781 93.24205017089844 89.62229919433594 101.4189453125 91.00843048095703 110.19732666015625 89.43013763427734 86.61817932128906 86.83716583251953 83.45376586914062 91.30963897705078 81.07716369628906 84.04036712646484 88.93145751953125 95.67321014404297 99.17074584960938 121.73924255371094 118.21174621582031 141.36532592773438 278.59613037109375 0.0 0.0 0.0 0.0
19562.095703125 90.27572631835938 151.23619079589844 116.72552490234375 98.16736602783203 96.09959411621094 97.98387145996094 100.97776794433594 91.34060668945312 92.98219299316406 87.5611343383789 95.59185791015625 92.48143768310547 99.06318664550781 87.30745697021484 91.12774658203125 87.83102416992188 83.69772338867188 86.07503509521484 85.13237762451172 84.00862884521484 87.91499328613281 88.8035888671875 96.36956024169922 98.64476013183594 108.05455780029297 117.28800964355469 141.83470153808594 265.3920593261719 0.0 0.0 0.0
19460.39453125 90.83853912353516 161.49107360839844 115.53805541992188 94.66813659667969 93.46356964111328 98.93518829345703 91.70529174804688 90.87982940673828 92.59086608886719 90.43377685546875 96.57137298583984 89.87802124023438 99.89738464355469 93.09374237060547 100.97113037109375 84.75050354003906 83.96910858154297 85.89598846435547 87.57135772705078 80.85160064697266 87.8328628540039 81.08070373535156 89.29070281982422 101.66285705566406 97.0396499633789 108.34471130371094 122.68392181396484 139.83401489257812 269.83819580078125 0.0 0.0
19348.029296875 90.20840454101562 149.23797607421875 123.44139099121094 96.34916687011719 101.90694427490234 100.11566162109375 123.14380645751953 88.66080474853516 86.74894714355469 95.44637298583984 93.50511169433594 89.29255676269531 94.09208679199219 91.61595916748047 95.43891143798828 92.47164916992188 109.40109252929688 91.64209747314453 81.19429779052734 81.71127319335938 85.97598266601562 86.21705627441406 86.27983856201172 90.63285064697266 92.96888732910156 98.36676025390625 107.64986419677734 116.9430160522461 131.79481506347656 261.6767272949219 0.0
19197.361328125 96.74640655517578 168.17837524414062 118.78353881835938 97.04805755615234 110.1336898803711 99.07349395751953 110.04560089111328 89.60330200195312 89.78561401367188 94.64623260498047 96.04527282714844 90.0637435913086 102.288330078125 88.51109313964844 101.3880844116211 90.60501861572266 118.13250732421875 90.66697692871094 82.04814147949219 81.1584243774414 89.31079864501953 83.35789489746094 83.70602416992188 91.4088363647461 87.46562957763672 96.13033294677734 107.72898864746094 110.8851089477539 115.57649993896484 132.744384765625 271.4684753417969
