22486.0 0.0 0.0 0.0 0.0 0.0 0.0 0.0 0.0 0.0 0.0 0.0 0.0 0.0 0.0 0.0 0.0 0.0 0.0 0.0 0.0 0.0 0.0 0.0 0.0 0.0 0.0 0.0 0.0 0.0 0.0 0.0
21927.271484375 555.924560546875 0.0 0.0 0.0 0.0 0.0 0.0 0.0 0.0 0.0 0.0 0.0 0.0 0.0 0.0 0.0 0.0 0.0 0.0 0.0 0.0 0.0 0.0 0.0 0.0 0.0 0.0 0.0 0.0 0.0 0.0
21272.822265625 583.1263427734375 626.77294921875 0.0 0.0 0.0 0.0 0.0 0.0 0.0 0.0 0.0 0.0 0.0 0.0 0.0 0.0 0.0 0.0 0.0 0.0 0.0 0.0 0.0 0.0 0.0 0.0 0.0 0.0 0.0 0.0 0.0
20592.46875 467.412353515625 738.016845703125 685.172119140625 0.0 0.0 0.0 0.0 0.0 0.0 0.0 0.0 0.0 0.0 0.0 0.0 0.0 0.0 0.0 0.0 0.0 0.0 0.0 0.0 0.0 0.0 0.0 0.0 0.0 0.0 0.0 0.0
19936.31640625 401.7112731933594 602.8373413085938 820.0823364257812 722.0966796875 0.0 0.0 0.0 0.0 0.0 0.0 0.0 0.0 0.0 0.0 0.0 0.0 0.0 0.0 0.0 0.0 0.0 0.0 0.0 0.0 0.0 0.0 0.0 0.0 0.0 0.0 0.0
19590.966796875 355.95989990234375 475.1312561035156 611.982177734375 729.5770263671875 719.2599487304688 0.0 0.0 0.0 0.0 0.0 0.0 0.0 0.0 0.0 0.0 0.0 0.0 0.0 0.0 0.0 0.0 0.0 0.0 0.0 0.0 0.0 0.0 0.0 0.0 0.0 0.0
19193.03515625 315.4775695800781 412.5747375488281 504.0687561035156 574.7669677734375 736.7725219726562 746.2378540039062 0.0 0.0 0.0 0.0 0.0 0.0 0.0 0.0 0.0 0.0 0.0 0.0 0.0 0.0 0.0 0.0 0.0 0.0 0.0 0.0 0.0 0.0 0.0 0.0 0.0
18799.810546875 305.68682861328125 382.1021728515625 445.46533203125 455.39190673828125 571.8984985351562 732.7581176757812 789.786865234375 0.0 0.0 0.0 0.0 0.0 0.0 0.0 0.0 0.0 0.0 0.0 0.0 0.0 0.0 0.0 0.0 0.0 0.0 0.0 0.0 0.0 0.0 0.0 0.0
18434.375 298.5353698730469 355.1625671386719 398.1261901855469 420.5789794921875 479.73492431640625 556.4555053710938 747.7489624023438 792.39697265625 0.0 0.0 0.0 0.0 0.0 0.0 0.0 0.0 0.0 0.0 0.0 0.0 0.0 0.0 0.0 0.0 0.0 0.0 0.0 0.0 0.0 0.0 0.0
18115.154296875 273.3658447265625 355.36517333984375 366.60333251953125 372.5888671875 396.8220520019531 455.7126159667969 552.6729736328125 782.3080444335938 812.427001953125 0.0 0.0 0.0 0.0 0.0 0.0 0.0 0.0 0.0 0.0 0.0 0.0 0.0 0.0 0.0 0.0 0.0 0.0 0.0 0.0 0.0 0.0
17986.076171875 234.45989990234375 294.8456726074219 336.805419921875 339.27777099609375 352.4439697265625 383.8690490722656 439.1121826171875 555.7955322265625 734.5400390625 825.6566162109375 0.0 0.0 0.0 0.0 0.0 0.0 0.0 0.0 0.0 0.0 0.0 0.0 0.0 0.0 0.0 0.0 0.0 0.0 0.0 0.0 0.0
17612.7109375 276.4134826660156 281.0986022949219 328.75872802734375 323.0992736816406 326.46563720703125 351.34576416015625 383.44451904296875 451.7776794433594 535.32275390625 748.2840576171875 864.2533569335938 0.0 0.0 0.0 0.0 0.0 0.0 0.0 0.0 0.0 0.0 0.0 0.0 0.0 0.0 0.0 0.0 0.0 0.0 0.0 0.0
17300.20703125 232.91677856445312 264.2304992675781 310.85858154296875 303.2390441894531 308.667236328125 334.594970703125 355.713623046875 449.1593017578125 430.25982666015625 559.47021484375 775.4374389648438 858.300048828125 0.0 0.0 0.0 0.0 0.0 0.0 0.0 0.0 0.0 0.0 0.0 0.0 0.0 0.0 0.0 0.0 0.0 0.0 0.0
17144.712890625 196.211669921875 251.9573516845703 280.514892578125 277.11932373046875 291.6974792480469 305.2279052734375 326.9854431152344 352.4999694824219 380.8729248046875 449.0914001464844 585.7736206054688 761.3727416992188 878.9412841796875 0.0 0.0 0.0 0.0 0.0 0.0 0.0 0.0 0.0 0.0 0.0 0.0 0.0 0.0 0.0 0.0 0.0 0.0
16818.638671875 189.26040649414062 235.37094116210938 270.7437438964844 273.1720275878906 284.4629211425781 293.64434814453125 308.8420104980469 334.5704345703125 355.13897705078125 409.72296142578125 477.76275634765625 558.6396484375 823.75634765625 849.30419921875 0.0 0.0 0.0 0.0 0.0 0.0 0.0 0.0 0.0 0.0 0.0 0.0 0.0 0.0 0.0 0.0 0.0
16715.677734375 174.03074645996094 225.42068481445312 259.2357177734375 261.6302185058594 262.30194091796875 278.4913024902344 294.73785400390625 305.43853759765625 323.21954345703125 351.9266357421875 409.7898864746094 447.50848388671875 553.678466796875 757.0103759765625 862.9365234375 0.0 0.0 0.0 0.0 0.0 0.0 0.0 0.0 0.0 0.0 0.0 0.0 0.0 0.0 0.0 0.0
16450.576171875 168.89273071289062 209.99598693847656 247.56939697265625 257.95367431640625 258.2221374511719 263.06573486328125 281.5479431152344 301.42816162109375 313.0733947753906 346.7047424316406 363.11126708984375 385.50628662109375 469.1108093261719 543.3233032226562 755.840576171875 867.049072265625 0.0 0.0 0.0 0.0 0.0 0.0 0.0 0.0 0.0 0.0 0.0 0.0 0.0 0.0 0.0
16332.5126953125 161.89620971679688 195.2963104248047 238.82931518554688 235.6432342529297 244.59107971191406 249.30868530273438 264.3488464355469 278.5201110839844 286.1539306640625 313.58935546875 330.8837890625 353.1340637207031 390.9136962890625 432.751708984375 545.227783203125 745.1427001953125 884.46923828125 0.0 0.0 0.0 0.0 0.0 0.0 0.0 0.0 0.0 0.0 0.0 0.0 0.0 0.0
16132.43359375 156.9117431640625 189.45657348632812 228.20704650878906 224.05384826660156 233.4945831298828 240.052001953125 257.8390808105469 256.6588439941406 270.60284423828125 301.89215087890625 311.69158935546875 319.0619201660156 346.9122009277344 374.5701904296875 443.6671142578125 544.0003662109375 770.5921020507812 880.8137817382812 0.0 0.0 0.0 0.0 0.0 0.0 0.0 0.0 0.0 0.0 0.0 0.0 0.0
15723.85546875 158.88677978515625 179.18215942382812 218.49740600585938 218.71185302734375 225.14205932617188 233.45513916015625 248.56802368164062 256.7503356933594 271.399169921875 302.6532287597656 307.7198486328125 321.39373779296875 337.64593505859375 344.3695983886719 401.81475830078125 444.48779296875 583.0693969726562 789.0679931640625 916.2455444335938 0.0 0.0 0.0 0.0 0.0 0.0 0.0 0.0 0.0 0.0 0.0 0.0
15645.9462890625 159.13861083984375 184.89552307128906 208.28778076171875 211.85353088378906 214.49002075195312 227.17791748046875 246.15908813476562 257.5278015136719 255.34156799316406 280.7468566894531 291.5259704589844 291.44195556640625 320.5345458984375 327.7130126953125 358.8413391113281 374.2396240234375 478.57769775390625 556.2424926757812 723.9970703125 868.4952392578125 0.0 0.0 0.0 0.0 0.0 0.0 0.0 0.0 0.0 0.0 0.0
15500.7802734375 150.25173950195312 186.30323791503906 206.21238708496094 206.3617401123047 207.38511657714844 221.0614776611328 230.01223754882812 239.0726776123047 245.37576293945312 263.7695617675781 274.1520690917969 279.6243896484375 302.0083923339844 314.1686096191406 326.63232421875 333.3356628417969 405.37115478515625 451.47833251953125 534.9547729492188 737.0701904296875 867.6760864257812 0.0 0.0 0.0 0.0 0.0 0.0 0.0 0.0 0.0 0.0
15298.4345703125 147.41647338867188 184.09417724609375 215.38185119628906 200.56443786621094 204.95726013183594 202.0288848876953 216.59149169921875 229.70013427734375 238.7300567626953 260.8946838378906 277.26171875 281.2021484375 323.837646484375 302.1637268066406 302.9860534667969 313.7562561035156 355.0278015136719 379.12982177734375 431.1011962890625 522.4703369140625 720.8387451171875 874.4492797851562 0.0 0.0 0.0 0.0 0.0 0.0 0.0 0.0 0.0
15126.18359375 141.82183837890625 181.11700439453125 203.1549835205078 198.2781219482422 209.13546752929688 197.94972229003906 200.14686584472656 221.54446411132812 232.71641540527344 252.93736267089844 266.90545654296875 269.0948181152344 315.3854675292969 282.0021667480469 290.4528503417969 297.5273132324219 332.2917175292969 341.49749755859375 380.47161865234375 414.1379089355469 516.9151611328125 733.9539794921875 877.4979858398438 0.0 0.0 0.0 0.0 0.0 0.0 0.0 0.0
15106.2763671875 135.4898681640625 168.5889892578125 195.02960205078125 190.92306518554688 195.29991149902344 191.24757385253906 197.16305541992188 224.5418243408203 221.55824279785156 243.89859008789062 252.92822265625 257.7557067871094 290.0105895996094 262.9024658203125 277.0870666503906 281.2961730957031 299.6182861328125 306.89337158203125 330.7445373535156 354.7327880859375 415.6860656738281 512.5518188476562 699.8306274414062 870.9889526367188 0.0 0.0 0.0 0.0 0.0 0.0 0.0
14940.0888671875 133.58876037597656 161.51272583007812 187.9101104736328 190.5502166748047 192.88961791992188 189.0856170654297 197.1227569580078 209.74452209472656 213.38966369628906 220.77259826660156 238.22576904296875 254.72705078125 268.32196044921875 263.9814147949219 265.5215148925781 271.2867736816406 281.16400146484375 318.43731689453125 324.34735107421875 317.69097900390625 349.86541748046875 411.0672607421875 494.83294677734375 708.2405395507812 877.67236328125 0.0 0.0 0.0 0.0 0.0 0.0
14762.96875 131.16729736328125 153.2735595703125 182.52188110351562 181.27877807617188 181.14752197265625 187.23410034179688 192.34414672851562 210.7235107421875 205.22628784179688 224.21604919433594 224.94232177734375 246.1090087890625 285.6479187011719 262.4551696777344 257.54656982421875 258.02105712890625 294.2965087890625 306.2082824707031 284.5588684082031 295.8066711425781 314.3235168457031 351.5624694824219 408.8823547363281 519.4095458984375 713.2719116210938 846.828857421875 0.0 0.0 0.0 0.0 0.0
14769.716796875 128.17355346679688 148.6912384033203 173.21371459960938 168.61805725097656 169.8865509033203 183.47621154785156 182.07437133789062 198.65524291992188 196.0577392578125 214.3070068359375 225.18533325195312 230.0811767578125 258.67010498046875 241.2652587890625 258.8195495605469 242.77139282226562 297.53466796875 283.845703125 264.23895263671875 274.9242248535156 286.6219787597656 311.5233459472656 343.71954345703125 397.11175537109375 501.29840087890625 681.1248168945312 850.4342651367188 0.0 0.0 0.0 0.0
14622.64453125 123.50748443603516 148.86526489257812 169.69381713867188 168.1651611328125 168.22186279296875 176.4654083251953 177.84754943847656 188.86854553222656 197.8909149169922 211.00807189941406 211.89866638183594 221.41677856445312 231.19534301757812 236.87496948242188 244.83477783203125 239.58847045898438 262.26837158203125 295.8665466308594 275.4754943847656 264.3763122558594 271.99676513671875 293.2421569824219 304.0948791503906 345.4073486328125 401.9000549316406 489.5248718261719 693.431640625 845.4066162109375 0.0 0.0 0.0
14486.67578125 123.70124816894531 149.12171936035156 164.74270629882812 160.53184509277344 161.0281524658203 168.51144409179688 176.15890502929688 181.52069091796875 189.68719482421875 207.00326538085938 214.19204711914062 213.72628784179688 219.76800537109375 221.24026489257812 240.77197265625 232.4349365234375 239.7169952392578 292.6913757324219 264.25537109375 249.70167541503906 257.7760009765625 276.98504638671875 288.6608581542969 305.91326904296875 355.5206604003906 390.49072265625 488.9273681640625 692.9205322265625 867.5984497070312 0.0 0.0
14327.3212890625 122.86042022705078 137.43553161621094 157.92855834960938 154.75926208496094 161.10276794433594 167.03179931640625 173.85009765625 179.50576782226562 186.39852905273438 209.59336853027344 216.0967254638672 211.9957275390625 214.75205993652344 215.59539794921875 240.8856201171875 232.0040283203125 241.75193786621094 343.8763732910156 237.33448791503906 241.39920043945312 241.39169311523438 254.61241149902344 270.8172912597656 282.27618408203125 302.73126220703125 330.21954345703125 397.23504638671875 485.6678771972656 694.9025268554688 848.722900390625 0.0
14237.2001953125 127.68696594238281 140.87001037597656 153.93507385253906 152.090576171875 159.87022399902344 161.55120849609375 172.15968322753906 176.49559020996094 183.21646118164062 202.29034423828125 207.220458984375 208.052490234375 251.43563842773438 215.25421142578125 212.84738159179688 213.84283447265625 247.77279663085938 302.690673828125 224.16798400878906 225.48387145996094 227.9562225341797 255.22872924804688 260.6142578125 263.50537109375 286.37811279296875 298.598388671875 329.6962585449219 379.8278503417969 479.0472717285156 667.5159912109375 857.5755615234375
