22486.0 0.0 0.0 0.0 0.0 0.0 0.0 0.0 0.0 0.0 0.0 0.0 0.0 0.0 0.0 0.0 0.0 0.0 0.0 0.0 0.0 0.0 0.0 0.0 0.0 0.0 0.0 0.0 0.0 0.0 0.0 0.0
20463.0234375 2020.3232421875 0.0 0.0 0.0 0.0 0.0 0.0 0.0 0.0 0.0 0.0 0.0 0.0 0.0 0.0 0.0 0.0 0.0 0.0 0.0 0.0 0.0 0.0 0.0 0.0 0.0 0.0 0.0 0.0 0.0 0.0
16641.56640625 4845.43896484375 996.0640869140625 0.0 0.0 0.0 0.0 0.0 0.0 0.0 0.0 0.0 0.0 0.0 0.0 0.0 0.0 0.0 0.0 0.0 0.0 0.0 0.0 0.0 0.0 0.0 0.0 0.0 0.0 0.0 0.0 0.0
15538.3740234375 719.8594360351562 4630.38818359375 1594.3486328125 0.0 0.0 0.0 0.0 0.0 0.0 0.0 0.0 0.0 0.0 0.0 0.0 0.0 0.0 0.0 0.0 0.0 0.0 0.0 0.0 0.0 0.0 0.0 0.0 0.0 0.0 0.0 0.0
15109.7548828125 173.7244110107422 557.5855712890625 4804.06396484375 1837.8128662109375 0.0 0.0 0.0 0.0 0.0 0.0 0.0 0.0 0.0 0.0 0.0 0.0 0.0 0.0 0.0 0.0 0.0 0.0 0.0 0.0 0.0 0.0 0.0 0.0 0.0 0.0 0.0
14823.9970703125 141.93084716796875 156.07965087890625 614.487548828125 4976.478515625 1770.198486328125 0.0 0.0 0.0 0.0 0.0 0.0 0.0 0.0 0.0 0.0 0.0 0.0 0.0 0.0 0.0 0.0 0.0 0.0 0.0 0.0 0.0 0.0 0.0 0.0 0.0 0.0
14256.2666015625 184.9739990234375 106.69405364990234 165.230224609375 602.9830322265625 5222.509765625 1944.3494873046875 0.0 0.0 0.0 0.0 0.0 0.0 0.0 0.0 0.0 0.0 0.0 0.0 0.0 0.0 0.0 0.0 0.0 0.0 0.0 0.0 0.0 0.0 0.0 0.0 0.0
14465.130859375 198.31817626953125 111.21598052978516 121.38703918457031 165.81068420410156 651.6243896484375 5094.6142578125 1674.8612060546875 0.0 0.0 0.0 0.0 0.0 0.0 0.0 0.0 0.0 0.0 0.0 0.0 0.0 0.0 0.0 0.0 0.0 0.0 0.0 0.0 0.0 0.0 0.0 0.0
14574.3740234375 255.10841369628906 149.50538635253906 141.60877990722656 130.54269409179688 179.5845184326172 575.9973754882812 4778.95654296875 1697.466064453125 0.0 0.0 0.0 0.0 0.0 0.0 0.0 0.0 0.0 0.0 0.0 0.0 0.0 0.0 0.0 0.0 0.0 0.0 0.0 0.0 0.0 0.0 0.0
13939.14453125 202.47415161132812 191.22222900390625 172.02194213867188 129.38563537597656 131.2628173828125 160.42190551757812 559.9449462890625 5225.37255859375 1771.8583984375 0.0 0.0 0.0 0.0 0.0 0.0 0.0 0.0 0.0 0.0 0.0 0.0 0.0 0.0 0.0 0.0 0.0 0.0 0.0 0.0 0.0 0.0
14197.33203125 142.98001098632812 161.6341552734375 201.4031219482422 171.23692321777344 142.9025421142578 144.13026428222656 161.5133056640625 560.4758911132812 4900.56884765625 1698.845703125 0.0 0.0 0.0 0.0 0.0 0.0 0.0 0.0 0.0 0.0 0.0 0.0 0.0 0.0 0.0 0.0 0.0 0.0 0.0 0.0 0.0
13835.1318359375 111.10791015625 111.0404281616211 174.03704833984375 204.46180725097656 172.86166381835938 152.83612060546875 133.3190155029297 167.49957275390625 543.04150390625 5128.4521484375 1749.14306640625 0.0 0.0 0.0 0.0 0.0 0.0 0.0 0.0 0.0 0.0 0.0 0.0 0.0 0.0 0.0 0.0 0.0 0.0 0.0 0.0
13234.65625 107.03485870361328 89.13926696777344 117.76416015625 175.36447143554688 205.41021728515625 162.55184936523438 121.3966293334961 125.9133529663086 146.22593688964844 558.6566772460938 5561.9404296875 1876.9150390625 0.0 0.0 0.0 0.0 0.0 0.0 0.0 0.0 0.0 0.0 0.0 0.0 0.0 0.0 0.0 0.0 0.0 0.0 0.0
13542.625 112.05073547363281 90.42074584960938 100.48851776123047 121.62859344482422 176.1035919189453 225.32215881347656 159.13449096679688 130.847412109375 117.43696594238281 147.66383361816406 518.0169677734375 5300.55126953125 1740.7293701171875 0.0 0.0 0.0 0.0 0.0 0.0 0.0 0.0 0.0 0.0 0.0 0.0 0.0 0.0 0.0 0.0 0.0 0.0
12970.123046875 134.21188354492188 103.12006378173828 105.0002670288086 108.17169189453125 168.73419189453125 207.0428466796875 211.42135620117188 195.16348266601562 130.64878845214844 121.17146301269531 154.47360229492188 550.0833129882812 5462.67041015625 1860.8232421875 0.0 0.0 0.0 0.0 0.0 0.0 0.0 0.0 0.0 0.0 0.0 0.0 0.0 0.0 0.0 0.0 0.0
13286.89453125 106.89257049560547 108.30327606201172 115.8399887084961 103.73603820800781 109.25537109375 134.93634033203125 175.05917358398438 219.48904418945312 157.63124084472656 125.30589294433594 113.60914611816406 148.85922241210938 545.2792358398438 5219.80810546875 1812.1038818359375 0.0 0.0 0.0 0.0 0.0 0.0 0.0 0.0 0.0 0.0 0.0 0.0 0.0 0.0 0.0 0.0
12575.9658203125 78.74761962890625 92.37873077392578 121.18563079833984 119.63982391357422 105.62599182128906 112.6967544555664 125.6155776977539 183.24021911621094 201.1811065673828 161.05311584472656 125.4513931274414 115.05634307861328 151.18899536132812 556.9016723632812 5807.42724609375 1849.6243896484375 0.0 0.0 0.0 0.0 0.0 0.0 0.0 0.0 0.0 0.0 0.0 0.0 0.0 0.0 0.0
13149.5625 63.8471794128418 72.2496337890625 101.96456146240234 129.82659912109375 122.93586730957031 117.2522964477539 102.81334686279297 131.5058135986328 170.04446411132812 214.37576293945312 164.33938598632812 123.62957763671875 114.94060516357422 154.3990478515625 560.39306640625 5232.75341796875 1756.20458984375 0.0 0.0 0.0 0.0 0.0 0.0 0.0 0.0 0.0 0.0 0.0 0.0 0.0 0.0
12810.486328125 67.18445587158203 63.54148483276367 84.08197784423828 110.98723602294922 138.3972625732422 145.26699829101562 106.74714660644531 115.06944274902344 124.23007202148438 185.45216369628906 214.5635223388672 167.8948516845703 127.01809692382812 131.10923767089844 155.7829132080078 564.74365234375 5267.923828125 1902.5703125 0.0 0.0 0.0 0.0 0.0 0.0 0.0 0.0 0.0 0.0 0.0 0.0 0.0
12776.1494140625 87.60472869873047 63.596771240234375 76.23123931884766 91.71702575683594 124.9347152709961 142.76161193847656 141.55982971191406 119.70704650878906 116.7825927734375 139.27984619140625 196.32623291015625 207.16128540039062 163.747802734375 133.98121643066406 123.3972396850586 154.116943359375 567.7500610351562 5280.39794921875 1775.7666015625 0.0 0.0 0.0 0.0 0.0 0.0 0.0 0.0 0.0 0.0 0.0 0.0
12700.6220703125 85.1340103149414 69.33770751953125 74.35173797607422 76.17500305175781 93.04662322998047 125.79324340820312 130.63980102539062 128.66896057128906 118.00091552734375 111.7207260131836 133.02981567382812 175.84799194335938 207.2117462158203 180.90684509277344 127.59562683105469 119.01984405517578 150.11427307128906 569.0426025390625 5264.20263671875 1842.5120849609375 0.0 0.0 0.0 0.0 0.0 0.0 0.0 0.0 0.0 0.0 0.0
12273.8203125 72.3524169921875 74.37918090820312 75.18785858154297 76.45832824707031 78.82334899902344 88.32225036621094 110.5392837524414 137.23475646972656 130.22491455078125 115.43260192871094 112.96824645996094 127.7239761352539 172.07736206054688 225.26458740234375 163.27833557128906 127.70983123779297 116.04641723632812 168.2808380126953 559.2123413085938 5643.6982421875 1834.004638671875 0.0 0.0 0.0 0.0 0.0 0.0 0.0 0.0 0.0 0.0
12237.091796875 58.017303466796875 63.8695068359375 80.6738052368164 82.66879272460938 96.13450622558594 80.7774429321289 88.38694763183594 119.36906433105469 135.11412048339844 134.13975524902344 145.60333251953125 110.40145874023438 132.7313232421875 193.2957305908203 208.2545166015625 167.30960083007812 128.98416137695312 125.68190002441406 162.32313537597656 597.4999389648438 5433.10400390625 1901.6064453125 0.0 0.0 0.0 0.0 0.0 0.0 0.0 0.0 0.0
12138.421875 53.3902473449707 53.409515380859375 68.83362579345703 84.32611083984375 87.815673828125 83.79072570800781 77.65040588378906 90.17153930664062 115.73857879638672 140.3087158203125 130.19363403320312 111.77812957763672 106.4403305053711 136.0272216796875 185.8229217529297 209.3814697265625 159.18075561523438 134.5663299560547 125.76404571533203 159.8925018310547 569.19677734375 5611.080078125 1849.8221435546875 0.0 0.0 0.0 0.0 0.0 0.0 0.0 0.0
12019.6318359375 60.875186920166016 47.99756622314453 57.757240295410156 76.0722427368164 88.57243347167969 87.16924285888672 78.50732421875 81.42789459228516 91.01271057128906 125.42733764648438 153.30691528320312 126.3096923828125 114.20135498046875 116.63603973388672 134.16250610351562 204.0947265625 212.45677185058594 175.18252563476562 135.6477508544922 124.20272064208984 163.79493713378906 574.6234130859375 5645.2529296875 1788.5897216796875 0.0 0.0 0.0 0.0 0.0 0.0 0.0
12305.5908203125 60.83723831176758 44.97696304321289 51.489864349365234 60.23098373413086 75.989501953125 85.7630844116211 81.05461883544922 78.76824951171875 75.43546295166016 92.36360931396484 120.8310775756836 130.96749877929688 122.04627990722656 125.25403594970703 111.57508087158203 133.5596160888672 178.9825439453125 216.50869750976562 185.06085205078125 132.12049865722656 124.809814453125 172.61941528320312 626.8448486328125 5242.36572265625 1845.9337158203125 0.0 0.0 0.0 0.0 0.0 0.0
11873.6787109375 69.33280181884766 50.773006439208984 50.4410514831543 56.62358093261719 64.31639862060547 75.30235290527344 85.47320556640625 84.81954956054688 74.5022964477539 82.09931945800781 95.14856719970703 113.81876373291016 132.3006591796875 132.824462890625 109.10433959960938 119.52995300292969 127.83138275146484 189.7952117919922 216.76478576660156 168.18295288085938 128.4137420654297 124.12313079833984 160.00244140625 603.9852294921875 5561.68896484375 1931.146484375 0.0 0.0 0.0 0.0 0.0
11911.5185546875 59.35971450805664 56.617919921875 56.684852600097656 54.959251403808594 60.76567840576172 64.74775695800781 73.33479309082031 88.95687103271484 81.8901138305664 79.46378326416016 86.17578887939453 91.00914764404297 114.99124908447266 149.05191040039062 123.81008911132812 115.4174575805664 109.32968139648438 140.32003784179688 186.55453491210938 226.36155700683594 171.588623046875 148.00929260253906 127.8240737915039 176.43826293945312 643.8590087890625 5363.6435546875 1919.399169921875 0.0 0.0 0.0 0.0
11778.3759765625 42.975101470947266 49.91380310058594 61.35139465332031 60.206993103027344 58.145660400390625 60.040863037109375 60.59402847290039 78.32028198242188 87.92223358154297 89.28986358642578 78.60858917236328 79.03778839111328 91.28634643554688 132.807373046875 141.21054077148438 129.5022430419922 111.86248016357422 120.20401763916016 154.23910522460938 194.63340759277344 218.29693603515625 188.32252502441406 140.46331787109375 127.97542572021484 165.66152954101562 596.3651733398438 5455.51513671875 1928.7838134765625 0.0 0.0 0.0
11692.4482421875 39.438228607177734 38.680908203125 55.4048957824707 66.18183135986328 64.22032928466797 64.94091033935547 56.24660110473633 64.48703002929688 73.82489776611328 92.67562866210938 84.58164978027344 81.32698059082031 82.66171264648438 99.84012603759766 120.16572570800781 143.14883422851562 127.355712890625 120.60352325439453 135.72906494140625 137.5430450439453 189.0345458984375 230.9308319091797 182.0208282470703 135.63697814941406 140.3548583984375 162.01683044433594 582.4383544921875 5541.71435546875 1876.3424072265625 0.0 0.0
12011.017578125 37.036163330078125 34.88813781738281 43.10659408569336 58.77733612060547 69.99308013916016 63.134132385253906 56.349361419677734 59.45842361450195 62.30098342895508 80.59302520751953 89.44718170166016 85.9955825805664 79.34770965576172 91.57549285888672 93.35740661621094 120.16596984863281 135.7418670654297 131.7713165283203 119.52013397216797 118.43025207519531 142.4008331298828 201.2384490966797 227.01919555664062 178.4944305419922 136.24530029296875 124.9788818359375 172.3317413330078 572.40234375 5310.74658203125 1774.0672607421875 0.0
11610.7880859375 41.756473541259766 33.3905143737793 37.57423400878906 48.45060729980469 99.51502227783203 70.52677917480469 60.68220520019531 61.34477233886719 58.20127868652344 68.59828186035156 79.61226654052734 90.9707260131836 90.20032501220703 83.7186508178711 83.54981231689453 98.78594970703125 118.91895294189453 148.5710906982422 135.9173126220703 117.07211303710938 120.24906921386719 142.85614013671875 199.68060302734375 228.70135498046875 176.89598083496094 146.4566192626953 131.1998748779297 171.54898071289062 586.1407470703125 5522.17431640625 1817.9521484375
