22486.0 0.0 0.0 0.0 0.0 0.0 0.0 0.0 0.0 0.0 0.0 0.0 0.0 0.0 0.0 0.0 0.0 0.0 0.0 0.0 0.0 0.0 0.0 0.0 0.0 0.0 0.0 0.0 0.0 0.0 0.0 0.0
22019.79296875 463.624267578125 0.0 0.0 0.0 0.0 0.0 0.0 0.0 0.0 0.0 0.0 0.0 0.0 0.0 0.0 0.0 0.0 0.0 0.0 0.0 0.0 0.0 0.0 0.0 0.0 0.0 0.0 0.0 0.0 0.0 0.0
21470.880859375 387.9973449707031 624.2915649414062 0.0 0.0 0.0 0.0 0.0 0.0 0.0 0.0 0.0 0.0 0.0 0.0 0.0 0.0 0.0 0.0 0.0 0.0 0.0 0.0 0.0 0.0 0.0 0.0 0.0 0.0 0.0 0.0 0.0
20954.63671875 400.7157287597656 472.1221008300781 655.5602416992188 0.0 0.0 0.0 0.0 0.0 0.0 0.0 0.0 0.0 0.0 0.0 0.0 0.0 0.0 0.0 0.0 0.0 0.0 0.0 0.0 0.0 0.0 0.0 0.0 0.0 0.0 0.0 0.0
20370.16015625 415.0873718261719 512.818359375 508.3712158203125 676.472412109375 0.0 0.0 0.0 0.0 0.0 0.0 0.0 0.0 0.0 0.0 0.0 0.0 0.0 0.0 0.0 0.0 0.0 0.0 0.0 0.0 0.0 0.0 0.0 0.0 0.0 0.0 0.0
19842.66015625 367.3208923339844 482.3671875 550.4533081054688 535.7603759765625 704.4788818359375 0.0 0.0 0.0 0.0 0.0 0.0 0.0 0.0 0.0 0.0 0.0 0.0 0.0 0.0 0.0 0.0 0.0 0.0 0.0 0.0 0.0 0.0 0.0 0.0 0.0 0.0
19278.318359375 348.68231201171875 508.70147705078125 543.0053100585938 537.41552734375 569.7355346679688 697.0792236328125 0.0 0.0 0.0 0.0 0.0 0.0 0.0 0.0 0.0 0.0 0.0 0.0 0.0 0.0 0.0 0.0 0.0 0.0 0.0 0.0 0.0 0.0 0.0 0.0 0.0
18820.080078125 322.5759582519531 469.9448547363281 530.2025146484375 543.447021484375 548.3739624023438 551.2135620117188 697.0914306640625 0.0 0.0 0.0 0.0 0.0 0.0 0.0 0.0 0.0 0.0 0.0 0.0 0.0 0.0 0.0 0.0 0.0 0.0 0.0 0.0 0.0 0.0 0.0 0.0
18401.814453125 291.1048583984375 461.1540832519531 513.0634155273438 496.2642822265625 554.5314331054688 526.9041748046875 543.9601440429688 694.20458984375 0.0 0.0 0.0 0.0 0.0 0.0 0.0 0.0 0.0 0.0 0.0 0.0 0.0 0.0 0.0 0.0 0.0 0.0 0.0 0.0 0.0 0.0 0.0
18026.751953125 288.8965148925781 409.927001953125 455.32183837890625 474.59356689453125 524.5132446289062 519.2124633789062 521.3052368164062 550.0947875976562 712.3878784179688 0.0 0.0 0.0 0.0 0.0 0.0 0.0 0.0 0.0 0.0 0.0 0.0 0.0 0.0 0.0 0.0 0.0 0.0 0.0 0.0 0.0 0.0
17656.91015625 270.1371154785156 393.9466247558594 451.4892578125 430.8676452636719 478.8934631347656 496.90130615234375 498.14459228515625 514.1199951171875 562.58203125 728.8933715820312 0.0 0.0 0.0 0.0 0.0 0.0 0.0 0.0 0.0 0.0 0.0 0.0 0.0 0.0 0.0 0.0 0.0 0.0 0.0 0.0 0.0
17384.1640625 240.60118103027344 368.86688232421875 444.56134033203125 398.6556701660156 444.49774169921875 437.1394348144531 474.78045654296875 512.8472900390625 499.4828186035156 551.0039672851562 726.400390625 0.0 0.0 0.0 0.0 0.0 0.0 0.0 0.0 0.0 0.0 0.0 0.0 0.0 0.0 0.0 0.0 0.0 0.0 0.0 0.0
17105.884765625 226.45864868164062 344.26556396484375 402.5426330566406 386.14501953125 394.46856689453125 407.5688171386719 435.5672607421875 463.89520263671875 506.4763488769531 525.9248657226562 562.57763671875 721.2337036132812 0.0 0.0 0.0 0.0 0.0 0.0 0.0 0.0 0.0 0.0 0.0 0.0 0.0 0.0 0.0 0.0 0.0 0.0 0.0
16822.52734375 214.78358459472656 339.8406677246094 391.59454345703125 363.3972473144531 372.18878173828125 378.807861328125 414.9957580566406 453.8311462402344 448.1092529296875 522.1499633789062 506.90936279296875 547.6851196289062 706.246826171875 0.0 0.0 0.0 0.0 0.0 0.0 0.0 0.0 0.0 0.0 0.0 0.0 0.0 0.0 0.0 0.0 0.0 0.0
16506.705078125 206.36502075195312 311.4733581542969 365.26312255859375 345.17291259765625 360.49444580078125 351.4677734375 395.2938232421875 415.71368408203125 418.4742431640625 510.81121826171875 504.51922607421875 528.3985595703125 551.848876953125 710.9192504882812 0.0 0.0 0.0 0.0 0.0 0.0 0.0 0.0 0.0 0.0 0.0 0.0 0.0 0.0 0.0 0.0 0.0
16365.017578125 208.45335388183594 312.38275146484375 353.0956726074219 328.6752624511719 339.93792724609375 337.3125915527344 347.9029541015625 365.7887268066406 396.0907897949219 450.6665954589844 462.40283203125 477.6274108886719 551.3408203125 513.7245483398438 672.7032470703125 0.0 0.0 0.0 0.0 0.0 0.0 0.0 0.0 0.0 0.0 0.0 0.0 0.0 0.0 0.0 0.0
16155.17578125 194.6564483642578 302.9370422363281 331.64202880859375 320.36505126953125 324.26409912109375 322.82958984375 339.86688232421875 359.0197448730469 362.4730224609375 399.3431396484375 446.5422058105469 458.7920837402344 463.3768005371094 503.853515625 514.5899658203125 683.2323608398438 0.0 0.0 0.0 0.0 0.0 0.0 0.0 0.0 0.0 0.0 0.0 0.0 0.0 0.0 0.0
15982.345703125 184.7698516845703 289.10125732421875 324.8044128417969 313.240966796875 314.559326171875 308.4988708496094 328.1588134765625 360.6526794433594 347.5407409667969 367.68994140625 396.0407409667969 417.0070495605469 477.79736328125 457.1983947753906 457.27545166015625 504.5743408203125 651.705810546875 0.0 0.0 0.0 0.0 0.0 0.0 0.0 0.0 0.0 0.0 0.0 0.0 0.0 0.0
15820.8583984375 171.92926025390625 274.81072998046875 330.5279846191406 318.4756164550781 309.9501037597656 305.5142517089844 313.5564880371094 326.5726623535156 346.494873046875 355.8524475097656 360.71270751953125 377.6484069824219 414.88275146484375 431.33746337890625 440.8720703125 456.1797790527344 480.1831359863281 646.687744140625 0.0 0.0 0.0 0.0 0.0 0.0 0.0 0.0 0.0 0.0 0.0 0.0 0.0
15660.05078125 164.4296417236328 259.7207336425781 314.03851318359375 298.43878173828125 303.39349365234375 293.2183532714844 305.8100891113281 309.2247009277344 315.8347473144531 338.9497985839844 367.2305603027344 349.4122009277344 373.2376403808594 402.5697937011719 427.7427673339844 433.3331298828125 446.5277099609375 474.77606201171875 645.0957641601562 0.0 0.0 0.0 0.0 0.0 0.0 0.0 0.0 0.0 0.0 0.0 0.0
15526.0322265625 162.19113159179688 245.71881103515625 287.7317810058594 282.9166564941406 287.688232421875 284.981201171875 301.79876708984375 307.00823974609375 311.18798828125 321.2221374511719 326.9385986328125 330.268798828125 357.9455871582031 367.18994140625 387.9447021484375 422.28887939453125 423.9204406738281 447.1766052246094 463.4732360839844 637.4112548828125 0.0 0.0 0.0 0.0 0.0 0.0 0.0 0.0 0.0 0.0 0.0
15362.9013671875 163.81661987304688 237.59622192382812 271.91302490234375 262.6717529296875 277.77960205078125 273.3629455566406 284.9131774902344 292.05902099609375 292.8668518066406 316.084228515625 310.946044921875 314.25048828125 387.4223327636719 337.6053161621094 368.7769775390625 383.0136413574219 415.1488342285156 425.1553649902344 427.6551818847656 464.7086486816406 612.3984375 0.0 0.0 0.0 0.0 0.0 0.0 0.0 0.0 0.0 0.0
15186.4921875 154.74314880371094 236.6692352294922 283.5593566894531 248.34979248046875 269.2450866699219 264.27203369140625 274.0071716308594 289.2440490722656 287.8218994140625 316.3851623535156 327.616455078125 305.6908264160156 337.0282897949219 342.35882568359375 333.8478088378906 349.04736328125 377.0729064941406 405.3045349121094 420.8148193359375 419.6085205078125 448.2398681640625 605.6954956054688 0.0 0.0 0.0 0.0 0.0 0.0 0.0 0.0 0.0
15062.21875 144.07835388183594 229.47329711914062 271.26702880859375 245.29888916015625 243.72193908691406 249.34063720703125 268.6764831542969 287.3056335449219 286.7200927734375 311.7601318359375 325.5245361328125 296.8269958496094 319.8885803222656 315.38494873046875 323.9023742675781 321.2085266113281 361.1117248535156 376.9029846191406 399.8264465332031 400.1377868652344 412.49139404296875 444.3076477050781 585.62158203125 0.0 0.0 0.0 0.0 0.0 0.0 0.0 0.0
15176.0126953125 136.14540100097656 218.37289428710938 245.17825317382812 239.84115600585938 239.68182373046875 232.63375854492188 244.07835388183594 265.6606140136719 277.05975341796875 286.2388000488281 289.6523132324219 278.8273010253906 285.21795654296875 292.2411193847656 291.8916015625 298.4040222167969 306.7324523925781 327.6947937011719 372.0880432128906 383.1026611328125 391.4658203125 402.2940368652344 424.1448669433594 578.4505004882812 0.0 0.0 0.0 0.0 0.0 0.0 0.0
15024.4130859375 135.0332794189453 207.1990509033203 235.9096221923828 238.5089874267578 234.8258819580078 223.087646484375 232.35523986816406 237.92922973632812 262.2543029785156 276.845458984375 290.6112060546875 281.84014892578125 279.09674072265625 284.6656799316406 293.66510009765625 291.42816162109375 289.9019775390625 308.2190246582031 353.0981750488281 358.3427734375 372.2361755371094 384.6753845214844 392.2785949707031 418.9471130371094 574.676513671875 0.0 0.0 0.0 0.0 0.0 0.0
14938.125 132.45973205566406 195.71449279785156 224.1009063720703 234.74203491210938 232.95465087890625 226.0204620361328 230.76222229003906 235.84918212890625 266.2244873046875 255.9312286376953 268.0781555175781 273.7889709472656 276.64996337890625 276.2275085449219 264.9432067871094 285.5944519042969 281.2210693359375 285.17108154296875 309.2433166503906 325.5198669433594 345.95379638671875 360.06451416015625 373.7461242675781 390.172119140625 416.0452575683594 576.7109375 0.0 0.0 0.0 0.0 0.0
14653.146484375 128.7989044189453 193.99038696289062 213.79595947265625 218.8702392578125 227.90609741210938 226.09518432617188 228.61843872070312 242.92958068847656 245.7639617919922 261.1457214355469 263.2243347167969 284.8709411621094 277.8175964355469 286.6954345703125 275.3106689453125 284.1893005371094 289.3851318359375 325.715576171875 285.13751220703125 304.8076477050781 314.3059997558594 340.2779541015625 364.16912841796875 388.2236633300781 382.3789978027344 412.03826904296875 562.450927734375 0.0 0.0 0.0 0.0
14524.3291015625 131.1796112060547 193.24456787109375 211.43565368652344 210.0452423095703 217.10205078125 219.7415313720703 226.65194702148438 223.0570526123047 239.6929473876953 264.5418701171875 257.7646789550781 272.5672607421875 276.6582336425781 273.6416320800781 284.9895324707031 272.6724853515625 272.84881591796875 287.83782958984375 302.78424072265625 282.4080810546875 287.88543701171875 311.25262451171875 339.80999755859375 381.27593994140625 369.55389404296875 383.6671447753906 416.9140319824219 546.4295043945312 0.0 0.0 0.0
14461.4560546875 126.26165771484375 193.6349334716797 214.89466857910156 199.245361328125 203.63619995117188 204.93629455566406 221.2168426513672 222.7396240234375 224.02455139160156 253.31385803222656 242.6714630126953 250.2783203125 256.9991149902344 257.43798828125 277.0091552734375 266.047119140625 283.87408447265625 276.05731201171875 289.0788879394531 276.2887878417969 271.82794189453125 301.1974792480469 318.1587829589844 344.6969299316406 356.65350341796875 370.6197509765625 388.1999816894531 390.4987487792969 539.0288696289062 0.0 0.0
14447.662109375 119.44294738769531 194.52297973632812 209.29962158203125 198.97389221191406 194.9649200439453 198.5616912841797 215.55758666992188 219.8697967529297 220.9188690185547 234.61253356933594 252.27796936035156 230.9099884033203 230.73019409179688 240.4489288330078 291.7551574707031 255.06854248046875 275.556396484375 260.07379150390625 275.9753723144531 257.8424377441406 260.06927490234375 303.8408203125 307.7541198730469 298.4185485839844 325.76300048828125 342.924560546875 351.4370422363281 354.5671081542969 384.0933532714844 528.1536254882812 0.0
14331.23046875 112.18598937988281 188.20745849609375 209.0889892578125 203.4498748779297 205.01724243164062 201.34857177734375 206.93710327148438 227.60076904296875 223.28878784179688 257.3548889160156 235.27023315429688 229.27154541015625 226.53724670410156 236.6249237060547 265.04620361328125 257.34051513671875 261.0728759765625 262.31072998046875 261.13714599609375 252.5237579345703 249.0235137939453 261.8066711425781 269.4098815917969 286.1816101074219 297.18218994140625 328.879638671875 348.77947998046875 344.406494140625 352.0834045410156 369.6334533691406 521.7738647460938
