22486.0 0.0 0.0 0.0 0.0 0.0 0.0 0.0 0.0 0.0 0.0 0.0 0.0 0.0 0.0 0.0 0.0 0.0 0.0 0.0 0.0 0.0 0.0 0.0 0.0 0.0 0.0 0.0 0.0 0.0 0.0 0.0
21732.791015625 750.5245361328125 0.0 0.0 0.0 0.0 0.0 0.0 0.0 0.0 0.0 0.0 0.0 0.0 0.0 0.0 0.0 0.0 0.0 0.0 0.0 0.0 0.0 0.0 0.0 0.0 0.0 0.0 0.0 0.0 0.0 0.0
21017.04296875 479.8650817871094 986.1640014648438 0.0 0.0 0.0 0.0 0.0 0.0 0.0 0.0 0.0 0.0 0.0 0.0 0.0 0.0 0.0 0.0 0.0 0.0 0.0 0.0 0.0 0.0 0.0 0.0 0.0 0.0 0.0 0.0 0.0
20734.58984375 243.42013549804688 622.4411010742188 882.4080200195312 0.0 0.0 0.0 0.0 0.0 0.0 0.0 0.0 0.0 0.0 0.0 0.0 0.0 0.0 0.0 0.0 0.0 0.0 0.0 0.0 0.0 0.0 0.0 0.0 0.0 0.0 0.0 0.0
20384.765625 162.1024627685547 354.8049621582031 604.8226318359375 976.6128540039062 0.0 0.0 0.0 0.0 0.0 0.0 0.0 0.0 0.0 0.0 0.0 0.0 0.0 0.0 0.0 0.0 0.0 0.0 0.0 0.0 0.0 0.0 0.0 0.0 0.0 0.0 0.0
20090.052734375 118.65910339355469 233.7062530517578 348.8464050292969 635.4962158203125 1056.2100830078125 0.0 0.0 0.0 0.0 0.0 0.0 0.0 0.0 0.0 0.0 0.0 0.0 0.0 0.0 0.0 0.0 0.0 0.0 0.0 0.0 0.0 0.0 0.0 0.0 0.0 0.0
19863.75 88.85897827148438 167.54576110839844 266.9409484863281 398.6107482910156 679.3251953125 1018.0090942382812 0.0 0.0 0.0 0.0 0.0 0.0 0.0 0.0 0.0 0.0 0.0 0.0 0.0 0.0 0.0 0.0 0.0 0.0 0.0 0.0 0.0 0.0 0.0 0.0 0.0
19596.93359375 79.6912612915039 144.0824432373047 213.2238006591797 372.7198181152344 410.71759033203125 640.6506958007812 1024.855224609375 0.0 0.0 0.0 0.0 0.0 0.0 0.0 0.0 0.0 0.0 0.0 0.0 0.0 0.0 0.0 0.0 0.0 0.0 0.0 0.0 0.0 0.0 0.0 0.0
19519.361328125 70.18951416015625 111.52444458007812 158.64968872070312 232.4705810546875 318.588623046875 403.2724304199219 632.5210571289062 1036.594970703125 0.0 0.0 0.0 0.0 0.0 0.0 0.0 0.0 0.0 0.0 0.0 0.0 0.0 0.0 0.0 0.0 0.0 0.0 0.0 0.0 0.0 0.0 0.0
19359.591796875 57.30510711669922 89.18541717529297 124.81353759765625 178.71035766601562 233.2884979248047 315.37640380859375 445.3924560546875 649.6943969726562 1029.6409912109375 0.0 0.0 0.0 0.0 0.0 0.0 0.0 0.0 0.0 0.0 0.0 0.0 0.0 0.0 0.0 0.0 0.0 0.0 0.0 0.0 0.0 0.0
19257.517578125 46.208248138427734 74.1806869506836 105.68914031982422 153.6273651123047 189.02835083007812 246.6073760986328 336.19659423828125 419.0927734375 624.7653198242188 1030.142333984375 0.0 0.0 0.0 0.0 0.0 0.0 0.0 0.0 0.0 0.0 0.0 0.0 0.0 0.0 0.0 0.0 0.0 0.0 0.0 0.0 0.0
19016.60546875 38.313602447509766 61.42774200439453 87.00948333740234 125.13555908203125 156.21957397460938 194.94320678710938 253.3382110595703 344.5638732910156 418.4637451171875 750.4013671875 1036.6275634765625 0.0 0.0 0.0 0.0 0.0 0.0 0.0 0.0 0.0 0.0 0.0 0.0 0.0 0.0 0.0 0.0 0.0 0.0 0.0 0.0
19038.927734375 35.35218048095703 52.67298126220703 72.2983627319336 103.4179916381836 127.5082778930664 156.9449920654297 195.5606689453125 269.10589599609375 324.7101135253906 427.249755859375 671.6519165039062 1007.7095336914062 0.0 0.0 0.0 0.0 0.0 0.0 0.0 0.0 0.0 0.0 0.0 0.0 0.0 0.0 0.0 0.0 0.0 0.0 0.0
18816.841796875 32.999542236328125 47.48886489868164 63.92082595825195 86.75841522216797 102.86260986328125 130.69595336914062 167.04750061035156 214.54547119140625 316.18701171875 391.4111328125 445.925048828125 635.0772705078125 1031.347900390625 0.0 0.0 0.0 0.0 0.0 0.0 0.0 0.0 0.0 0.0 0.0 0.0 0.0 0.0 0.0 0.0 0.0 0.0
18601.5546875 30.49173355102539 42.105220794677734 57.75382614135742 77.80340576171875 92.20659637451172 107.5868148803711 138.79666137695312 184.541748046875 218.29600524902344 316.0435791015625 381.8205871582031 429.78973388671875 726.4777221679688 1077.74169921875 0.0 0.0 0.0 0.0 0.0 0.0 0.0 0.0 0.0 0.0 0.0 0.0 0.0 0.0 0.0 0.0 0.0
18597.322265625 26.646657943725586 34.84675979614258 46.705562591552734 65.18681335449219 80.26688385009766 98.75712585449219 112.58843231201172 165.95947265625 184.8974151611328 272.1726989746094 277.125 339.91876220703125 441.1953430175781 675.7695922851562 1063.65966796875 0.0 0.0 0.0 0.0 0.0 0.0 0.0 0.0 0.0 0.0 0.0 0.0 0.0 0.0 0.0 0.0
18694.43359375 24.95071029663086 28.801170349121094 41.66487121582031 56.5625 66.66484069824219 80.76530456542969 95.5113296508789 119.8093032836914 140.72080993652344 168.13739013671875 208.00277709960938 257.8523254394531 324.69769287109375 425.9603271484375 671.3258056640625 1077.2462158203125 0.0 0.0 0.0 0.0 0.0 0.0 0.0 0.0 0.0 0.0 0.0 0.0 0.0 0.0 0.0
18598.271484375 23.640790939331055 26.68894386291504 34.63309097290039 50.71898651123047 60.55005645751953 69.81954193115234 82.57357788085938 99.05010223388672 115.84642791748047 143.1717987060547 177.48207092285156 207.00245666503906 260.7899169921875 332.63311767578125 440.54376220703125 700.8552856445312 1058.6370849609375 0.0 0.0 0.0 0.0 0.0 0.0 0.0 0.0 0.0 0.0 0.0 0.0 0.0 0.0
18302.4140625 23.799530029296875 25.462249755859375 31.093463897705078 43.04254150390625 56.637969970703125 61.85386657714844 72.09508514404297 81.85208129882812 100.99483489990234 136.64988708496094 169.9080047607422 173.11288452148438 217.25425720214844 312.08404541015625 378.5877685546875 474.15472412109375 715.1619262695312 1106.806396484375 0.0 0.0 0.0 0.0 0.0 0.0 0.0 0.0 0.0 0.0 0.0 0.0 0.0
18195.845703125 22.077192306518555 26.143878936767578 31.727956771850586 37.23826217651367 46.03131103515625 52.65726089477539 62.05267333984375 77.30827331542969 87.03628540039062 109.84249877929688 123.08203887939453 139.04457092285156 174.6887969970703 214.6373291015625 265.9172668457031 352.98577880859375 559.3536376953125 691.2476196289062 1214.1558837890625 0.0 0.0 0.0 0.0 0.0 0.0 0.0 0.0 0.0 0.0 0.0 0.0
18432.1328125 18.234699249267578 24.165420532226562 29.759872436523438 36.23173522949219 40.727012634277344 42.79465103149414 51.76487731933594 61.7948112487793 72.98193359375 84.70307159423828 100.27772521972656 111.98619079589844 141.85122680664062 172.01669311523438 211.6334686279297 258.80560302734375 336.9645080566406 441.712646484375 701.236083984375 1111.412841796875 0.0 0.0 0.0 0.0 0.0 0.0 0.0 0.0 0.0 0.0 0.0
18277.1640625 15.554691314697266 19.95960235595703 28.28274154663086 37.139705657958984 37.61769104003906 43.64640426635742 57.093666076660156 64.37068176269531 65.70279693603516 82.04703521728516 82.0783920288086 94.09587860107422 122.66608428955078 141.26193237304688 168.2352752685547 212.5240936279297 274.445068359375 349.03668212890625 464.47772216796875 748.2307739257812 1097.39404296875 0.0 0.0 0.0 0.0 0.0 0.0 0.0 0.0 0.0 0.0
18108.009765625 13.918355941772461 17.250465393066406 24.237634658813477 29.078828811645508 34.31223678588867 44.47483444213867 74.6832275390625 56.37213897705078 55.74982833862305 85.27465057373047 79.82299041748047 78.12860107421875 101.69950866699219 128.3737030029297 138.13731384277344 163.2140350341797 216.900634765625 261.95855712890625 365.0567321777344 470.4333190917969 753.2479248046875 1182.6463623046875 0.0 0.0 0.0 0.0 0.0 0.0 0.0 0.0 0.0
18161.19140625 12.84480094909668 14.0960693359375 18.98463249206543 24.510351181030273 29.234397888183594 34.28840637207031 36.248748779296875 41.31723403930664 49.0682373046875 82.0975341796875 75.95639038085938 73.96453094482422 81.2895278930664 90.68659210205078 121.2355728149414 141.38885498046875 203.5570068359375 204.8070526123047 315.577392578125 361.1107482910156 449.17669677734375 760.5116577148438 1099.763671875 0.0 0.0 0.0 0.0 0.0 0.0 0.0 0.0
18261.072265625 16.520708084106445 13.790263175964355 16.823820114135742 22.048137664794922 26.134170532226562 31.304962158203125 35.02458953857422 40.171905517578125 39.99441146850586 45.46913528442383 52.899295806884766 61.02389144897461 65.74468231201172 77.80532836914062 91.30416107177734 111.90616607666016 138.4340362548828 164.05992126464844 207.98419189453125 259.759765625 354.9170837402344 457.1895446777344 719.6478271484375 1172.033935546875 0.0 0.0 0.0 0.0 0.0 0.0 0.0
18151.998046875 18.28721809387207 14.538331031799316 15.008559226989746 17.807498931884766 20.89011573791504 26.548036575317383 32.849708557128906 35.69914627075195 37.560401916503906 44.23527526855469 44.88394546508789 49.466636657714844 60.92535400390625 68.20742797851562 78.12577056884766 95.00052642822266 115.09461212158203 136.46327209472656 169.81863403320312 208.53265380859375 271.2231750488281 378.8188171386719 458.3033142089844 812.278564453125 1119.427978515625 0.0 0.0 0.0 0.0 0.0 0.0
18287.62109375 19.07047462463379 15.402565956115723 17.250049591064453 17.33949851989746 18.37921714782715 19.888362884521484 26.000822067260742 32.76487350463867 34.889015197753906 40.08534240722656 40.53493881225586 45.18683624267578 50.542076110839844 60.297088623046875 69.1336441040039 80.51957702636719 95.7047348022461 112.23423767089844 142.1357421875 165.43678283691406 205.34542846679688 262.8912048339844 350.0755920410156 434.2261047363281 716.3658447265625 1122.7816162109375 0.0 0.0 0.0 0.0 0.0
18117.49609375 17.201236724853516 15.921101570129395 17.117462158203125 16.74501609802246 15.847417831420898 17.661888122558594 20.79615020751953 26.624393463134766 29.711669921875 36.49305725097656 37.79366683959961 40.68837356567383 44.51323699951172 49.642112731933594 58.11136245727539 71.72076416015625 79.44789123535156 92.52984619140625 117.00300598144531 136.8319091796875 173.99658203125 210.7945098876953 268.5726318359375 348.6473693847656 452.74114990234375 853.18115234375 1114.212158203125 0.0 0.0 0.0 0.0
18143.58203125 16.588802337646484 15.77316951751709 18.33494758605957 19.239362716674805 17.885713577270508 17.297258377075195 19.92194938659668 23.81648826599121 25.313976287841797 29.56412696838379 34.02410888671875 34.842960357666016 36.556060791015625 43.56956100463867 50.99635696411133 60.357139587402344 68.46276092529297 76.0364990234375 98.8692855834961 118.9673843383789 143.9945068359375 170.99484252929688 222.37384033203125 267.2283935546875 384.17535400390625 470.5455017089844 741.7693481445312 1110.9090576171875 0.0 0.0 0.0
18156.44921875 17.215307235717773 15.03958511352539 18.197507858276367 19.771766662597656 20.876413345336914 17.87738037109375 18.385517120361328 19.047592163085938 20.494733810424805 25.785476684570312 29.700551986694336 30.794818878173828 33.80292892456055 38.60036849975586 43.222599029541016 47.54570388793945 59.794166564941406 67.13410186767578 78.51483154296875 94.92223358154297 116.00184631347656 135.4178009033203 176.550048828125 207.760009765625 268.29541015625 342.11328125 438.65057373046875 739.5032958984375 1184.5220947265625 0.0 0.0
18095.998046875 18.063753128051758 14.239282608032227 15.601086616516113 17.68374252319336 19.29840087890625 19.24645233154297 18.485504150390625 18.319883346557617 18.499263763427734 22.39269256591797 25.685039520263672 30.44643783569336 35.3590202331543 35.304351806640625 38.90494155883789 44.6652717590332 50.44918441772461 61.83594512939453 65.25579833984375 78.81990051269531 92.12076568603516 121.50930786132812 140.06338500976562 162.88470458984375 241.2749786376953 269.8973693847656 354.9801330566406 444.4267272949219 754.2540283203125 1156.1419677734375 0.0
18073.841796875 17.754911422729492 14.588777542114258 15.023674011230469 17.055908203125 19.265430450439453 23.374677658081055 21.046768188476562 17.7996826171875 17.23182487487793 21.537389755249023 20.945709228515625 24.021507263183594 31.38369369506836 39.7791748046875 36.64406204223633 38.338321685791016 43.91495132446289 54.75669479370117 56.34089660644531 67.14830780029297 81.70167541503906 94.10609436035156 114.99638366699219 135.30845642089844 175.6959991455078 210.18804931640625 261.58380126953125 344.2842102050781 450.5789794921875 773.675048828125 1168.219970703125
