1.0 0.0 0.0 0.0 0.0 0.0 0.0 0.0 0.0 0.0 0.0 0.0 0.0 0.0 0.0 0.0 0.0 0.0 0.0 0.0 0.0 0.0 0.0 0.0 0.0 0.0 0.0 0.0 0.0 0.0 0.0 0.0
0.9842936396598816 0.01554818730801344 0.0 0.0 0.0 0.0 0.0 0.0 0.0 0.0 0.0 0.0 0.0 0.0 0.0 0.0 0.0 0.0 0.0 0.0 0.0 0.0 0.0 0.0 0.0 0.0 0.0 0.0 0.0 0.0 0.0 0.0
0.9674567580223083 0.02667994238436222 0.0057280161418020725 0.0 0.0 0.0 0.0 0.0 0.0 0.0 0.0 0.0 0.0 0.0 0.0 0.0 0.0 0.0 0.0 0.0 0.0 0.0 0.0 0.0 0.0 0.0 0.0 0.0 0.0 0.0 0.0 0.0
0.9432612061500549 0.030296901240944862 0.020322635769844055 0.005990162957459688 0.0 0.0 0.0 0.0 0.0 0.0 0.0 0.0 0.0 0.0 0.0 0.0 0.0 0.0 0.0 0.0 0.0 0.0 0.0 0.0 0.0 0.0 0.0 0.0 0.0 0.0 0.0 0.0
0.9163024425506592 0.029448792338371277 0.028888555243611336 0.01904650591313839 0.006179136224091053 0.0 0.0 0.0 0.0 0.0 0.0 0.0 0.0 0.0 0.0 0.0 0.0 0.0 0.0 0.0 0.0 0.0 0.0 0.0 0.0 0.0 0.0 0.0 0.0 0.0 0.0 0.0
0.8925518989562988 0.027120379731059074 0.029912006109952927 0.0266359094530344 0.017634626477956772 0.006009032018482685 0.0 0.0 0.0 0.0 0.0 0.0 0.0 0.0 0.0 0.0 0.0 0.0 0.0 0.0 0.0 0.0 0.0 0.0 0.0 0.0 0.0 0.0 0.0 0.0 0.0 0.0
0.8680788278579712 0.02587137185037136 0.029248008504509926 0.029458098113536835 0.024945558980107307 0.016644485294818878 0.005626981612294912 0.0 0.0 0.0 0.0 0.0 0.0 0.0 0.0 0.0 0.0 0.0 0.0 0.0 0.0 0.0 0.0 0.0 0.0 0.0 0.0 0.0 0.0 0.0 0.0 0.0
0.847388744354248 0.024210354313254356 0.02747109904885292 0.028802616521716118 0.02782588265836239 0.023687319830060005 0.015259635634720325 0.0052210320718586445 0.0 0.0 0.0 0.0 0.0 0.0 0.0 0.0 0.0 0.0 0.0 0.0 0.0 0.0 0.0 0.0 0.0 0.0 0.0 0.0 0.0 0.0 0.0 0.0
0.8349512219429016 0.02269914746284485 0.025340039283037186 0.02610091306269169 0.0257691890001297 0.025133658200502396 0.020777937024831772 0.014050931669771671 0.0050363498739898205 0.0 0.0 0.0 0.0 0.0 0.0 0.0 0.0 0.0 0.0 0.0 0.0 0.0 0.0 0.0 0.0 0.0 0.0 0.0 0.0 0.0 0.0 0.0
0.8200309872627258 0.021197745576500893 0.02435077168047428 0.024278195574879646 0.023936856538057327 0.024339592084288597 0.023024892434477806 0.02012331597507 0.013482066802680492 0.0050988225266337395 0.0 0.0 0.0 0.0 0.0 0.0 0.0 0.0 0.0 0.0 0.0 0.0 0.0 0.0 0.0 0.0 0.0 0.0 0.0 0.0 0.0 0.0
0.806839644908905 0.020273037254810333 0.0236893929541111 0.023593464866280556 0.022414620965719223 0.022672409191727638 0.02233978547155857 0.022090554237365723 0.01841694302856922 0.012796938419342041 0.004737758543342352 0.0 0.0 0.0 0.0 0.0 0.0 0.0 0.0 0.0 0.0 0.0 0.0 0.0 0.0 0.0 0.0 0.0 0.0 0.0 0.0 0.0
0.7926186323165894 0.019292423501610756 0.023112837225198746 0.023540223017334938 0.022049730643630028 0.02114562876522541 0.020780237391591072 0.02211775816977024 0.020707227289676666 0.017781510949134827 0.012148948386311531 0.004568449687212706 0.0 0.0 0.0 0.0 0.0 0.0 0.0 0.0 0.0 0.0 0.0 0.0 0.0 0.0 0.0 0.0 0.0 0.0 0.0 0.0
0.7771962881088257 0.018778078258037567 0.022091340273618698 0.02296903356909752 0.0221153125166893 0.020551254972815514 0.01986113004386425 0.02068270742893219 0.021094225347042084 0.020910954102873802 0.01708637923002243 0.01180348265916109 0.004726547747850418 0.0 0.0 0.0 0.0 0.0 0.0 0.0 0.0 0.0 0.0 0.0 0.0 0.0 0.0 0.0 0.0 0.0 0.0 0.0
0.7677792906761169 0.017076121643185616 0.02028481289744377 0.02171080932021141 0.021228237077593803 0.020268846303224564 0.019214892759919167 0.019805414602160454 0.020974157378077507 0.020300284028053284 0.019177746027708054 0.016587980091571808 0.011118140071630478 0.004335226956754923 0.0 0.0 0.0 0.0 0.0 0.0 0.0 0.0 0.0 0.0 0.0 0.0 0.0 0.0 0.0 0.0 0.0 0.0
0.7599223852157593 0.016360851004719734 0.019221503287553787 0.02012130431830883 0.019961269572377205 0.01940053515136242 0.018853697925806046 0.019336510449647903 0.018870824947953224 0.019006842747330666 0.01926451548933983 0.018965015187859535 0.01556310337036848 0.010753977112472057 0.004264627583324909 0.0 0.0 0.0 0.0 0.0 0.0 0.0 0.0 0.0 0.0 0.0 0.0 0.0 0.0 0.0 0.0 0.0
0.7457636594772339 0.015471587888896465 0.01868385821580887 0.019775770604610443 0.019028102979063988 0.019046850502490997 0.019238179549574852 0.018990978598594666 0.018336547538638115 0.01831963285803795 0.01881980150938034 0.019441895186901093 0.018381666392087936 0.01576746627688408 0.010600175708532333 0.004198127891868353 0.0 0.0 0.0 0.0 0.0 0.0 0.0 0.0 0.0 0.0 0.0 0.0 0.0 0.0 0.0 0.0
0.7380290031433105 0.01489610318094492 0.01771479658782482 0.018441006541252136 0.017941702157258987 0.01787419058382511 0.017923638224601746 0.018777702003717422 0.01850927621126175 0.018171485513448715 0.01747390627861023 0.01824517920613289 0.018495015799999237 0.017735248431563377 0.015077732503414154 0.010416255332529545 0.004147153347730637 0.0 0.0 0.0 0.0 0.0 0.0 0.0 0.0 0.0 0.0 0.0 0.0 0.0 0.0 0.0
0.725816547870636 0.014440305531024933 0.016729701310396194 0.01804049126803875 0.017589576542377472 0.016949841752648354 0.01721222698688507 0.017934676259756088 0.018238551914691925 0.017817150801420212 0.017157897353172302 0.018064120784401894 0.017980117350816727 0.019065480679273605 0.017428196966648102 0.015031233429908752 0.010313584469258785 0.004059855360537767 0.0 0.0 0.0 0.0 0.0 0.0 0.0 0.0 0.0 0.0 0.0 0.0 0.0 0.0
0.7224069833755493 0.014081924222409725 0.015753384679555893 0.016991738229990005 0.01696496643126011 0.016437513753771782 0.015910403802990913 0.016637079417705536 0.017468806356191635 0.0173761248588562 0.016880149021744728 0.017243189737200737 0.016869941726326942 0.017465010285377502 0.01745481602847576 0.01658565178513527 0.013955039903521538 0.00951986014842987 0.0038646748289465904 0.0 0.0 0.0 0.0 0.0 0.0 0.0 0.0 0.0 0.0 0.0 0.0 0.0
0.7129504084587097 0.014267811551690102 0.015324810519814491 0.016435548663139343 0.016476890072226524 0.01599019765853882 0.015606607310473919 0.0160374753177166 0.01592175103724003 0.01687518320977688 0.017066823318600655 0.017122654244303703 0.016545938327908516 0.016539353877305984 0.01675582118332386 0.016894226893782616 0.016008492559194565 0.013523573987185955 0.009562310762703419 0.003960485570132732 0.0 0.0 0.0 0.0 0.0 0.0 0.0 0.0 0.0 0.0 0.0 0.0
0.7022199034690857 0.014147547073662281 0.015047207474708557 0.01572127267718315 0.01567911170423031 0.01549740694463253 0.01522670779377222 0.01566803641617298 0.01585979014635086 0.016010312363505363 0.01642293483018875 0.016792509704828262 0.01646055467426777 0.01683315634727478 0.016434142366051674 0.01651865988969803 0.016549136489629745 0.015661606565117836 0.013840817846357822 0.009453371167182922 0.0038229268975555897 0.0 0.0 0.0 0.0 0.0 0.0 0.0 0.0 0.0 0.0 0.0
0.6931387782096863 0.013460091315209866 0.015135341323912144 0.015502233058214188 0.014925895258784294 0.015072299167513847 0.014776384457945824 0.01541661936789751 0.015629149973392487 0.015313071198761463 0.01563059166073799 0.01634332165122032 0.01646854542195797 0.01720411330461502 0.01625712402164936 0.016101302579045296 0.016049033030867577 0.016255298629403114 0.015514276921749115 0.013038153760135174 0.008954660035669804 0.0036794040352106094 0.0 0.0 0.0 0.0 0.0 0.0 0.0 0.0 0.0 0.0
0.6861706972122192 0.012640456669032574 0.015109344385564327 0.015931185334920883 0.015034103766083717 0.0146253677085042 0.014212527312338352 0.014567011035978794 0.014757503755390644 0.014920724555850029 0.01521722786128521 0.015779167413711548 0.016144247725605965 0.016080105677247047 0.015948211774230003 0.01579911634325981 0.015508393757045269 0.01596418395638466 0.015865733847022057 0.014737440273165703 0.012499529868364334 0.00871688686311245 0.0036411075852811337 0.0 0.0 0.0 0.0 0.0 0.0 0.0 0.0 0.0
0.6795097589492798 0.012032969854772091 0.014454254880547523 0.015520809218287468 0.014926556497812271 0.014247491024434566 0.013768190518021584 0.014013946056365967 0.014525179751217365 0.014634193852543831 0.014697182923555374 0.015046880580484867 0.015181026421487331 0.015776894986629486 0.016126912087202072 0.015750702470541 0.0151806166395545 0.015176166780292988 0.015211095102131367 0.015268177725374699 0.014308499172329903 0.0122086051851511 0.008610900491476059 0.00368857616558671 0.0 0.0 0.0 0.0 0.0 0.0 0.0 0.0
0.6694037914276123 0.012519150041043758 0.014015931636095047 0.015261516906321049 0.014913166873157024 0.014364601112902164 0.013500799424946308 0.01366153359413147 0.01420475821942091 0.014280026778578758 0.014422877691686153 0.014789048582315445 0.014281348325312138 0.01618069037795067 0.016277730464935303 0.015502998605370522 0.015161741524934769 0.014901821501553059 0.014878794550895691 0.014879480004310608 0.014715691097080708 0.013834052719175816 0.011847938410937786 0.00849204696714878 0.0035745229106396437 0.0 0.0 0.0 0.0 0.0 0.0 0.0
0.6614190340042114 0.012524313293397427 0.013447397388517857 0.014431142248213291 0.014688084833323956 0.014333408325910568 0.013662122189998627 0.013533594086766243 0.013634038157761097 0.013950810767710209 0.014304926618933678 0.014648118987679482 0.014313735067844391 0.015181375667452812 0.015112347900867462 0.015244618989527225 0.015165652148425579 0.01486696396023035 0.014752372168004513 0.014411794021725655 0.01441449485719204 0.014239623211324215 0.013507676310837269 0.01178186945617199 0.008619271218776703 0.003627021564170718 0.0 0.0 0.0 0.0 0.0 0.0
0.6595521569252014 0.012151358649134636 0.01299009658396244 0.013336217030882835 0.013730030506849289 0.01367840077728033 0.013628306798636913 0.013393049128353596 0.013381133787333965 0.013622959144413471 0.013672465458512306 0.014006808400154114 0.01404654886573553 0.01406284049153328 0.014307956211268902 0.014384487643837929 0.01476821955293417 0.01468847319483757 0.014603168703615665 0.014135302044451237 0.013746589422225952 0.013921700417995453 0.013845088891685009 0.01309925690293312 0.01146707683801651 0.008120663464069366 0.0034815617837011814 0.0 0.0 0.0 0.0 0.0
0.6497035026550293 0.01156473159790039 0.013046851381659508 0.01338549330830574 0.013083940371870995 0.01302693597972393 0.013247199356555939 0.013652410358190536 0.013581695966422558 0.013277003541588783 0.013194852508604527 0.01373526081442833 0.013909753412008286 0.01400689221918583 0.013904298655688763 0.014025827869772911 0.014322304166853428 0.014604086056351662 0.015157392248511314 0.014314966276288033 0.013821503147482872 0.013495029881596565 0.013650731183588505 0.013688421808183193 0.013065515086054802 0.01181514747440815 0.008053814060986042 0.0034891385585069656 0.0 0.0 0.0 0.0
0.6445578336715698 0.01093230303376913 0.012893739156425 0.013140784576535225 0.012748466804623604 0.012557843700051308 0.012633265927433968 0.012903178110718727 0.013315835036337376 0.013392048887908459 0.013228661380708218 0.013310173526406288 0.013510189950466156 0.014006707817316055 0.013892058283090591 0.013843191787600517 0.013833648525178432 0.013879681006073952 0.014743326231837273 0.01422534417361021 0.013928336091339588 0.013397063128650188 0.013218848034739494 0.01330711878836155 0.013440991751849651 0.01273950096219778 0.010929545387625694 0.007853168994188309 0.003459623083472252 0.0 0.0 0.0
0.639394223690033 0.010141191072762012 0.012310562655329704 0.013201025314629078 0.012639124877750874 0.012211940251290798 0.012087044306099415 0.012562613934278488 0.01325146947056055 0.013267231173813343 0.013181298971176147 0.013289113529026508 0.013086388818919659 0.013548009097576141 0.013369530439376831 0.013525391928851604 0.013327413238584995 0.01351956371217966 0.013942500576376915 0.014061824418604374 0.01350324135273695 0.013429001905024052 0.01316518522799015 0.013102046214044094 0.01337373349815607 0.013251914642751217 0.012262916192412376 0.010725745931267738 0.007652211468666792 0.0034379390999674797 0.0 0.0
0.6354840993881226 0.00979616679251194 0.011458133347332478 0.01272178441286087 0.012510892935097218 0.011992520652711391 0.011631827801465988 0.01212786789983511 0.012608139775693417 0.012986485846340656 0.012880498543381691 0.013187170028686523 0.012979073449969292 0.013075235299766064 0.012971932999789715 0.013247131370007992 0.013018461875617504 0.013155901804566383 0.013281584717333317 0.0135845597833395 0.013211713172495365 0.013185327872633934 0.013177052140235901 0.01288810558617115 0.012723210267722607 0.013145293109118938 0.012806038372218609 0.012208795174956322 0.010670321062207222 0.007704792078584433 0.0034064962528645992 0.0
0.6273463368415833 0.009957574307918549 0.010878883302211761 0.012053591199219227 0.012361548840999603 0.012543766759335995 0.011747854761779308 0.01200904417783022 0.012350911274552345 0.012917405925691128 0.012782523408532143 0.01313631609082222 0.013082539662718773 0.012872668914496899 0.012894216924905777 0.012929542921483517 0.013002334162592888 0.012915533035993576 0.013296605087816715 0.013049627654254436 0.01281849853694439 0.013070506975054741 0.013106743805110455 0.012967141345143318 0.012757093645632267 0.01255869958549738 0.012641079723834991 0.012663700617849827 0.011973614804446697 0.010277071967720985 0.007487406022846699 0.0033701008651405573
