1.0 0.0 0.0 0.0 0.0 0.0 0.0 0.0 0.0 0.0 0.0 0.0 0.0 0.0 0.0 0.0 0.0 0.0 0.0 0.0 0.0 0.0 0.0 0.0 0.0 0.0 0.0 0.0 0.0 0.0 0.0 0.0
0.9783874154090881 0.021514730527997017 0.0 0.0 0.0 0.0 0.0 0.0 0.0 0.0 0.0 0.0 0.0 0.0 0.0 0.0 0.0 0.0 0.0 0.0 0.0 0.0 0.0 0.0 0.0 0.0 0.0 0.0 0.0 0.0 0.0 0.0
0.960716962814331 0.016750559210777283 0.022402336820960045 0.0 0.0 0.0 0.0 0.0 0.0 0.0 0.0 0.0 0.0 0.0 0.0 0.0 0.0 0.0 0.0 0.0 0.0 0.0 0.0 0.0 0.0 0.0 0.0 0.0 0.0 0.0 0.0 0.0
0.9481002688407898 0.015087082982063293 0.014803157187998295 0.02187877707183361 0.0 0.0 0.0 0.0 0.0 0.0 0.0 0.0 0.0 0.0 0.0 0.0 0.0 0.0 0.0 0.0 0.0 0.0 0.0 0.0 0.0 0.0 0.0 0.0 0.0 0.0 0.0 0.0
0.9400104880332947 0.01378603931516409 0.012322256341576576 0.013770910911262035 0.01998027227818966 0.0 0.0 0.0 0.0 0.0 0.0 0.0 0.0 0.0 0.0 0.0 0.0 0.0 0.0 0.0 0.0 0.0 0.0 0.0 0.0 0.0 0.0 0.0 0.0 0.0 0.0 0.0
0.9341074228286743 0.012860276736319065 0.01030151080340147 0.010463809594511986 0.012728026136755943 0.01941169798374176 0.0 0.0 0.0 0.0 0.0 0.0 0.0 0.0 0.0 0.0 0.0 0.0 0.0 0.0 0.0 0.0 0.0 0.0 0.0 0.0 0.0 0.0 0.0 0.0 0.0 0.0
0.9324867129325867 0.011003777384757996 0.008213438093662262 0.008482717908918858 0.009771347045898438 0.012582778930664062 0.017318041995167732 0.0 0.0 0.0 0.0 0.0 0.0 0.0 0.0 0.0 0.0 0.0 0.0 0.0 0.0 0.0 0.0 0.0 0.0 0.0 0.0 0.0 0.0 0.0 0.0 0.0
0.9289007186889648 0.009806331247091293 0.007372125051915646 0.007807706482708454 0.008577587082982063 0.009529346600174904 0.011252395808696747 0.016621800139546394 0.0 0.0 0.0 0.0 0.0 0.0 0.0 0.0 0.0 0.0 0.0 0.0 0.0 0.0 0.0 0.0 0.0 0.0 0.0 0.0 0.0 0.0 0.0 0.0
0.9287169575691223 0.00905613973736763 0.006865533534437418 0.006312916986644268 0.0068684834986925125 0.007542164530605078 0.008231835439801216 0.010661466978490353 0.01560705155134201 0.0 0.0 0.0 0.0 0.0 0.0 0.0 0.0 0.0 0.0 0.0 0.0 0.0 0.0 0.0 0.0 0.0 0.0 0.0 0.0 0.0 0.0 0.0
0.9272435903549194 0.009152436628937721 0.006221788004040718 0.0056989723816514015 0.005696828942745924 0.006258439272642136 0.006843024864792824 0.007840393111109734 0.009948392398655415 0.01496745366603136 0.0 0.0 0.0 0.0 0.0 0.0 0.0 0.0 0.0 0.0 0.0 0.0 0.0 0.0 0.0 0.0 0.0 0.0 0.0 0.0 0.0 0.0
0.9263439178466797 0.008158477023243904 0.005571695975959301 0.005155287683010101 0.0051041594706475735 0.005289648659527302 0.005754013080149889 0.0066796704195439816 0.007210856303572655 0.009346777573227882 0.015250565484166145 0.0 0.0 0.0 0.0 0.0 0.0 0.0 0.0 0.0 0.0 0.0 0.0 0.0 0.0 0.0 0.0 0.0 0.0 0.0 0.0 0.0
0.9259132742881775 0.007012238260358572 0.005059737712144852 0.005043093115091324 0.00497458316385746 0.005040703807026148 0.005243818275630474 0.005580419674515724 0.005810839589685202 0.0070918831042945385 0.009340483695268631 0.013758586719632149 0.0 0.0 0.0 0.0 0.0 0.0 0.0 0.0 0.0 0.0 0.0 0.0 0.0 0.0 0.0 0.0 0.0 0.0 0.0 0.0
0.9237971901893616 0.006868066731840372 0.004798088688403368 0.004722649697214365 0.004577741492539644 0.004711020737886429 0.004723791033029556 0.004870631266385317 0.005136081948876381 0.006192474160343409 0.007240304257720709 0.008831512182950974 0.013401026837527752 0.0 0.0 0.0 0.0 0.0 0.0 0.0 0.0 0.0 0.0 0.0 0.0 0.0 0.0 0.0 0.0 0.0 0.0 0.0
0.9239394068717957 0.005823745392262936 0.004345610737800598 0.00405493238940835 0.0040135676972568035 0.00420297821983695 0.0043364111334085464 0.004418006632477045 0.004519469104707241 0.004911682102829218 0.0059187570586800575 0.006762003526091576 0.00831576343625784 0.014302839525043964 0.0 0.0 0.0 0.0 0.0 0.0 0.0 0.0 0.0 0.0 0.0 0.0 0.0 0.0 0.0 0.0 0.0 0.0
0.9209822416305542 0.0058015794493258 0.004194395616650581 0.004031935706734657 0.003783324034884572 0.0038352657575160265 0.004170771222561598 0.004145682789385319 0.004358062986284494 0.00459360983222723 0.004998926073312759 0.005572249181568623 0.006589336320757866 0.009566375985741615 0.013238280080258846 0.0 0.0 0.0 0.0 0.0 0.0 0.0 0.0 0.0 0.0 0.0 0.0 0.0 0.0 0.0 0.0 0.0
0.9205909371376038 0.005481886211782694 0.003973271232098341 0.003629204584285617 0.003528512781485915 0.0035305607598274946 0.003726691473275423 0.004680406767874956 0.004479156341403723 0.004251447040587664 0.0042533669620752335 0.0045435018837451935 0.005418176297098398 0.006688989233225584 0.008170278742909431 0.012917917221784592 0.0 0.0 0.0 0.0 0.0 0.0 0.0 0.0 0.0 0.0 0.0 0.0 0.0 0.0 0.0 0.0
0.9185240268707275 0.00526075204834342 0.0038018180057406425 0.0035803637001663446 0.003527193795889616 0.003487193025648594 0.0034923269413411617 0.0037583548109978437 0.003972729668021202 0.0038022929802536964 0.004008384421467781 0.004161209333688021 0.0046104369685053825 0.006139155011624098 0.006392025854438543 0.00840446725487709 0.012941136956214905 0.0 0.0 0.0 0.0 0.0 0.0 0.0 0.0 0.0 0.0 0.0 0.0 0.0 0.0 0.0
0.9187387824058533 0.004915839992463589 0.003644626121968031 0.0035027789417654276 0.003315434092655778 0.0033066337928175926 0.0032178275287151337 0.003320486517623067 0.003593452274799347 0.0035170698538422585 0.003748286748304963 0.0038349363021552563 0.004056768026202917 0.004971915390342474 0.005169702228158712 0.006419253069907427 0.007803092245012522 0.012787671759724617 0.0 0.0 0.0 0.0 0.0 0.0 0.0 0.0 0.0 0.0 0.0 0.0 0.0 0.0
0.9174655675888062 0.004710504785180092 0.0035551199689507484 0.00340983085334301 0.00326714850962162 0.003178148763254285 0.0031195450574159622 0.003190044779330492 0.0031935686711221933 0.003324435791000724 0.003476405283436179 0.0036451134365051985 0.0036555698607116938 0.004103114362806082 0.004534001462161541 0.005231245420873165 0.006246411241590977 0.008352902717888355 0.012208985164761543 0.0 0.0 0.0 0.0 0.0 0.0 0.0 0.0 0.0 0.0 0.0 0.0 0.0
0.9172638058662415 0.004902402870357037 0.0032343780621886253 0.003200155682861805 0.0030898016411811113 0.0031214694026857615 0.0031399556901305914 0.003152207238599658 0.0029962537810206413 0.0033257934264838696 0.003256196156144142 0.003311718115583062 0.0034968294203281403 0.003580935299396515 0.0038721400778740644 0.00439771031960845 0.004995495080947876 0.005804126150906086 0.007909014821052551 0.01181794609874487 0.0 0.0 0.0 0.0 0.0 0.0 0.0 0.0 0.0 0.0 0.0 0.0
0.9171834588050842 0.004438616801053286 0.0031165110412985086 0.003092213300988078 0.00302936602383852 0.0029783130157738924 0.0029890332370996475 0.003022293094545603 0.002940297592431307 0.0032563956920057535 0.0031112576834857464 0.0030882940627634525 0.00313559896312654 0.0034926612861454487 0.00347679341211915 0.003862857585772872 0.004155649337917566 0.0049750590696930885 0.00598935829475522 0.007181336637586355 0.011352026835083961 0.0 0.0 0.0 0.0 0.0 0.0 0.0 0.0 0.0 0.0 0.0
0.9161714315414429 0.004376848693937063 0.0031190896406769753 0.003017005743458867 0.0029180319979786873 0.0028971116989851 0.0029129560571163893 0.0028790307696908712 0.002797230612486601 0.002840680070221424 0.0028673966880887747 0.0029226336628198624 0.0030800686217844486 0.0032530634198337793 0.003415266517549753 0.0035925188567489386 0.003854644251987338 0.004142587538808584 0.004736903123557568 0.005738564766943455 0.006959405727684498 0.011379106901586056 0.0 0.0 0.0 0.0 0.0 0.0 0.0 0.0 0.0 0.0
0.9137915968894958 0.00428475858643651 0.003217051038518548 0.003145350841805339 0.0029614041559398174 0.002843219554051757 0.0027865415904670954 0.0027447391767054796 0.0027847299352288246 0.002793262479826808 0.0028027724474668503 0.0028798107523471117 0.0030114254914224148 0.003133447840809822 0.003112900536507368 0.0032009396236389875 0.003535386873409152 0.003714893478900194 0.004171461332589388 0.004741468466818333 0.005437159910798073 0.007270681206136942 0.01150269340723753 0.0 0.0 0.0 0.0 0.0 0.0 0.0 0.0 0.0
0.9141189455986023 0.004385150037705898 0.003247299697250128 0.0030394739005714655 0.00279869488440454 0.0028092595748603344 0.0027707782573997974 0.0026645592879503965 0.0026291562244296074 0.0026459326036274433 0.0027020499110221863 0.0027108623180538416 0.0027260472998023033 0.0029629329219460487 0.002843216061592102 0.002961078193038702 0.0031026615761220455 0.003173576667904854 0.0034883623011410236 0.003831639187410474 0.004451586399227381 0.005493189673870802 0.007108108606189489 0.01119986455887556 0.0 0.0 0.0 0.0 0.0 0.0 0.0 0.0
0.9120838642120361 0.004736743401736021 0.003061144147068262 0.0028938467148691416 0.002701096935197711 0.002620625775307417 0.0026089875027537346 0.0025973464362323284 0.002558076288551092 0.0026777838356792927 0.002695038914680481 0.00271041807718575 0.0026497587095946074 0.00299103488214314 0.002607806585729122 0.00291193719021976 0.0029438745696097612 0.003033432411029935 0.0031934052240103483 0.003398633562028408 0.0038790127728134394 0.0047363643534481525 0.005562242586165667 0.006994225550442934 0.0110224150121212 0.0 0.0 0.0 0.0 0.0 0.0 0.0
0.9118022322654724 0.004083439242094755 0.0029014688916504383 0.002724654972553253 0.002611784730106592 0.0025897666346281767 0.0025070859119296074 0.0025747749023139477 0.002455322304740548 0.002469804836437106 0.0025421935133635998 0.0025523947551846504 0.002555043902248144 0.002585431793704629 0.00253210193477571 0.002637590514495969 0.0027314438484609127 0.0029052002355456352 0.0031305234879255295 0.0032093364279717207 0.0034713062923401594 0.004006314091384411 0.004600951913744211 0.005324985831975937 0.0070190029218792915 0.011294880881905556 0.0 0.0 0.0 0.0 0.0 0.0
0.9101167321205139 0.004088034387677908 0.002912132767960429 0.0027308680582791567 0.0025559328496456146 0.002538001863285899 0.00251719425432384 0.0024476724211126566 0.0023506113793700933 0.0023177277762442827 0.0023776788730174303 0.0026396247558295727 0.0025339219719171524 0.0026593811344355345 0.002537685679271817 0.002550409873947501 0.002515197731554508 0.002663244493305683 0.0027707922272384167 0.002908835420385003 0.003051528474316001 0.0034259690437465906 0.003633331973105669 0.004319573286920786 0.0054683564230799675 0.008027374744415283 0.011162340641021729 0.0 0.0 0.0 0.0 0.0
0.9097578525543213 0.003905882127583027 0.002899104030802846 0.002729450585320592 0.002592228353023529 0.002460952615365386 0.002503778785467148 0.0023560822010040283 0.0023956280201673508 0.002307983348146081 0.0023888577707111835 0.0024045633617788553 0.002488048281520605 0.0026345078367739916 0.0024163085035979748 0.0024039195850491524 0.002363078761845827 0.002466103294864297 0.002683783182874322 0.002668695757165551 0.0029815819580107927 0.003032052656635642 0.003189791925251484 0.0036057564429938793 0.004395387135446072 0.006191324442625046 0.0069641428999602795 0.010639757849276066 0.0 0.0 0.0 0.0
0.908957302570343 0.003767754416912794 0.002839837223291397 0.0027142795734107494 0.002521493239328265 0.0024116490967571735 0.002369262045249343 0.0023287199437618256 0.0022963164374232292 0.002307838760316372 0.0023085246793925762 0.002339024795219302 0.0023783196229487658 0.002461363561451435 0.002387547865509987 0.0023783978540450335 0.0023402601946145296 0.002453144174069166 0.002485092496499419 0.0026116222143173218 0.002763985190540552 0.003067384008318186 0.003015057183802128 0.0032372858840972185 0.003822596976533532 0.004511748440563679 0.005524616222828627 0.006791412364691496 0.010427380912005901 0.0 0.0 0.0
0.9072529673576355 0.003614189103245735 0.002814686857163906 0.002770462539047003 0.002504019532352686 0.0024101135786622763 0.002347731962800026 0.0022821601014584303 0.002279276493936777 0.0022169288713485003 0.002262662397697568 0.002432417357340455 0.002248744945973158 0.002675144001841545 0.0022856853902339935 0.002374225528910756 0.0022769495844841003 0.002311809454113245 0.002333367243409157 0.002500873291864991 0.002476606285199523 0.002743833465501666 0.0027765536215156317 0.002897095400840044 0.003283989615738392 0.003938751295208931 0.004705972503870726 0.005345715209841728 0.007116496097296476 0.010344190523028374 0.0 0.0
0.9081020951271057 0.003428895492106676 0.0026289953384548426 0.0026352705899626017 0.00241774320602417 0.00241080392152071 0.0023556582164019346 0.0023114068899303675 0.002193416701629758 0.002172683598473668 0.002179475501179695 0.0022007813677191734 0.0022144983522593975 0.002194509608671069 0.0023072268813848495 0.0023570568300783634 0.0022956617176532745 0.0022719872649759054 0.002468869322910905 0.002380414865911007 0.002394657349213958 0.0024955596309155226 0.002602699212729931 0.002709826920181513 0.002942719729617238 0.0034029765520244837 0.003870419692248106 0.004485019948333502 0.005024383310228586 0.006300606299191713 0.010064247064292431 0.0
0.9052283763885498 0.003536498872563243 0.002627677982673049 0.0025773104280233383 0.002386158797889948 0.0024069880601018667 0.002528195735067129 0.002337594283744693 0.002187599427998066 0.0021595079451799393 0.002201568800956011 0.0021891307551413774 0.0021162438206374645 0.0023037465289235115 0.0022489947732537985 0.0022705411538481712 0.0022241519764065742 0.002349243266507983 0.002981526078656316 0.0022089763078838587 0.002200966700911522 0.002357329474762082 0.0024722679518163204 0.0025808338541537523 0.0027949444483965635 0.003362728049978614 0.0033551037777215242 0.0038040129002183676 0.004369667265564203 0.004859350621700287 0.006381363142281771 0.01021631807088852
