1.0 0.0 0.0 0.0 0.0 0.0 0.0 0.0 0.0 0.0 0.0 0.0 0.0 0.0 0.0 0.0 0.0 0.0 0.0 0.0 0.0 0.0 0.0 0.0 0.0 0.0 0.0 0.0 0.0 0.0 0.0 0.0
0.9214215278625488 0.07845062762498856 0.0 0.0 0.0 0.0 0.0 0.0 0.0 0.0 0.0 0.0 0.0 0.0 0.0 0.0 0.0 0.0 0.0 0.0 0.0 0.0 0.0 0.0 0.0 0.0 0.0 0.0 0.0 0.0 0.0 0.0
0.9033588171005249 0.02464553527534008 0.07186967134475708 0.0 0.0 0.0 0.0 0.0 0.0 0.0 0.0 0.0 0.0 0.0 0.0 0.0 0.0 0.0 0.0 0.0 0.0 0.0 0.0 0.0 0.0 0.0 0.0 0.0 0.0 0.0 0.0 0.0
0.8760662078857422 0.013557477854192257 0.027470692992210388 0.08277402073144913 0.0 0.0 0.0 0.0 0.0 0.0 0.0 0.0 0.0 0.0 0.0 0.0 0.0 0.0 0.0 0.0 0.0 0.0 0.0 0.0 0.0 0.0 0.0 0.0 0.0 0.0 0.0 0.0
0.8591050505638123 0.009254757314920425 0.014854079112410545 0.03005044162273407 0.08660522848367691 0.0 0.0 0.0 0.0 0.0 0.0 0.0 0.0 0.0 0.0 0.0 0.0 0.0 0.0 0.0 0.0 0.0 0.0 0.0 0.0 0.0 0.0 0.0 0.0 0.0 0.0 0.0
0.8420829772949219 0.007407907396554947 0.010084477253258228 0.016031604260206223 0.0319792740046978 0.09228166937828064 0.0 0.0 0.0 0.0 0.0 0.0 0.0 0.0 0.0 0.0 0.0 0.0 0.0 0.0 0.0 0.0 0.0 0.0 0.0 0.0 0.0 0.0 0.0 0.0 0.0 0.0
0.837215006351471 0.00647270493209362 0.007678292226046324 0.010366213507950306 0.016464650630950928 0.03110249526798725 0.09056511521339417 0.0 0.0 0.0 0.0 0.0 0.0 0.0 0.0 0.0 0.0 0.0 0.0 0.0 0.0 0.0 0.0 0.0 0.0 0.0 0.0 0.0 0.0 0.0 0.0 0.0
0.8248623609542847 0.005517666228115559 0.006838374771177769 0.008315537124872208 0.012235789559781551 0.017920928075909615 0.03272427245974541 0.09144975990056992 0.0 0.0 0.0 0.0 0.0 0.0 0.0 0.0 0.0 0.0 0.0 0.0 0.0 0.0 0.0 0.0 0.0 0.0 0.0 0.0 0.0 0.0 0.0 0.0
0.8175691962242126 0.004616560880094767 0.006028059870004654 0.007358138915151358 0.008879994042217731 0.012843655422329903 0.017698222771286964 0.032128479331731796 0.09274701029062271 0.0 0.0 0.0 0.0 0.0 0.0 0.0 0.0 0.0 0.0 0.0 0.0 0.0 0.0 0.0 0.0 0.0 0.0 0.0 0.0 0.0 0.0 0.0
0.8139199614524841 0.004021811299026012 0.005487977061420679 0.006233323365449905 0.007233093027025461 0.008780528791248798 0.011189449578523636 0.01704617589712143 0.03283808007836342 0.09312416613101959 0.0 0.0 0.0 0.0 0.0 0.0 0.0 0.0 0.0 0.0 0.0 0.0 0.0 0.0 0.0 0.0 0.0 0.0 0.0 0.0 0.0 0.0
0.8072935342788696 0.003511817427352071 0.00444764131680131 0.0053724185563623905 0.006444041151553392 0.007662583142518997 0.008761168457567692 0.011482451111078262 0.017324401065707207 0.03190506994724274 0.09566126018762589 0.0 0.0 0.0 0.0 0.0 0.0 0.0 0.0 0.0 0.0 0.0 0.0 0.0 0.0 0.0 0.0 0.0 0.0 0.0 0.0 0.0
0.801541268825531 0.0034047209192067385 0.0038250319194048643 0.0045667788945138454 0.005441691726446152 0.006748436018824577 0.007301766891032457 0.008825918659567833 0.011709947139024734 0.017888693138957024 0.03321735933423042 0.09539786726236343 0.0 0.0 0.0 0.0 0.0 0.0 0.0 0.0 0.0 0.0 0.0 0.0 0.0 0.0 0.0 0.0 0.0 0.0 0.0 0.0
0.8011271953582764 0.0035774423740804195 0.003568303305655718 0.004016765858978033 0.004696827847510576 0.005663581192493439 0.006549954880028963 0.007479568012058735 0.00902505498379469 0.011794224381446838 0.017779497429728508 0.03196875378489494 0.09262043237686157 0.0 0.0 0.0 0.0 0.0 0.0 0.0 0.0 0.0 0.0 0.0 0.0 0.0 0.0 0.0 0.0 0.0 0.0 0.0
0.7913907766342163 0.003657659748569131 0.0036378097720444202 0.0038027458358556032 0.004314106423407793 0.004978951998054981 0.005773223005235195 0.006598581559956074 0.007574927527457476 0.009219230152666569 0.012250840663909912 0.017749695107340813 0.033509254455566406 0.09541251510381699 0.0 0.0 0.0 0.0 0.0 0.0 0.0 0.0 0.0 0.0 0.0 0.0 0.0 0.0 0.0 0.0 0.0 0.0
0.7807759046554565 0.00341378734447062 0.003591520944610238 0.0037253713235259056 0.004023646004498005 0.004406909924000502 0.004924491047859192 0.005859930068254471 0.006863991264253855 0.008121594786643982 0.009885170497000217 0.012651587836444378 0.0191595871001482 0.034884221851825714 0.09757100045681 0.0 0.0 0.0 0.0 0.0 0.0 0.0 0.0 0.0 0.0 0.0 0.0 0.0 0.0 0.0 0.0 0.0
0.7798622250556946 0.0028650015592575073 0.0033061611466109753 0.0036506711039692163 0.003937629517167807 0.00421859510242939 0.0044292244128882885 0.005057210102677345 0.005919603165239096 0.007058207876980305 0.008776322938501835 0.009767059236764908 0.012526409700512886 0.017740072682499886 0.032493624836206436 0.09826240688562393 0.0 0.0 0.0 0.0 0.0 0.0 0.0 0.0 0.0 0.0 0.0 0.0 0.0 0.0 0.0 0.0
0.775054931640625 0.0024795476347208023 0.0029124640859663486 0.0033317694906145334 0.0037976130843162537 0.0038566067814826965 0.003966507036238909 0.004501318093389273 0.005000496283173561 0.006283718626946211 0.008008712902665138 0.008113274350762367 0.010875464417040348 0.012823968194425106 0.018594281747937202 0.03249358385801315 0.09776866436004639 0.0 0.0 0.0 0.0 0.0 0.0 0.0 0.0 0.0 0.0 0.0 0.0 0.0 0.0 0.0
0.7760123610496521 0.002204022603109479 0.0025715427473187447 0.0029302374459803104 0.0034016319550573826 0.0036602516192942858 0.003878661897033453 0.003990670200437307 0.0043469686061143875 0.004978339187800884 0.006147107575088739 0.006808832753449678 0.007973344065248966 0.009121954441070557 0.012083963491022587 0.01754220947623253 0.03299804776906967 0.09922034293413162 0.0 0.0 0.0 0.0 0.0 0.0 0.0 0.0 0.0 0.0 0.0 0.0 0.0 0.0
0.7670866847038269 0.002231321996077895 0.0024266259279102087 0.002683863043785095 0.003025513608008623 0.0033608260564506054 0.003662418806925416 0.0038259942084550858 0.00407609436661005 0.004357107914984226 0.00539160193875432 0.005917172413319349 0.007377255242317915 0.008077624253928661 0.009651493281126022 0.012229419313371181 0.01957208476960659 0.03486889973282814 0.10004760324954987 0.0 0.0 0.0 0.0 0.0 0.0 0.0 0.0 0.0 0.0 0.0 0.0 0.0
0.7664018869400024 0.0023461375385522842 0.002449820749461651 0.002559337764978409 0.0027205089572817087 0.003043904434889555 0.0033915031235665083 0.003718883730471134 0.0037956044543534517 0.003973833285272121 0.004619460087269545 0.005215594545006752 0.005917566362768412 0.0068257516250014305 0.008116495795547962 0.0094160046428442 0.012532683089375496 0.019917385652661324 0.034578461199998856 0.09832695871591568 0.0 0.0 0.0 0.0 0.0 0.0 0.0 0.0 0.0 0.0 0.0 0.0
0.7687379717826843 0.002483691554516554 0.0025282094720751047 0.0025746149476617575 0.002584905829280615 0.0027751056477427483 0.0030326079577207565 0.003398667322471738 0.0036818815860897303 0.0038359484169632196 0.004279251676052809 0.004521792754530907 0.00486497487872839 0.005729314871132374 0.006727671250700951 0.007652954664081335 0.00911602471023798 0.012081778608262539 0.01797010563313961 0.03232754394412041 0.09896238148212433 0.0 0.0 0.0 0.0 0.0 0.0 0.0 0.0 0.0 0.0 0.0
0.7591858506202698 0.0025054486468434334 0.0025349745992571115 0.002619449282065034 0.002616200363263488 0.0026960226241499186 0.0027679139748215675 0.0030788842123001814 0.0033606665674597025 0.0038040345534682274 0.0041589695028960705 0.004206547513604164 0.004386155866086483 0.005134287755936384 0.0062963166274130344 0.006644402630627155 0.00802677497267723 0.009503173641860485 0.012494740076363087 0.018942810595035553 0.035255469381809235 0.09964168816804886 0.0 0.0 0.0 0.0 0.0 0.0 0.0 0.0 0.0 0.0
0.7541840076446533 0.0024499644059687853 0.0024506100453436375 0.002537973690778017 0.0025770359206944704 0.0026119512040168047 0.0026184599846601486 0.0027647449169307947 0.003045371500775218 0.0036083264276385307 0.003941494505852461 0.004344490356743336 0.00407044030725956 0.004369314294308424 0.005379721987992525 0.005608981475234032 0.007012094836682081 0.008113243617117405 0.009327429346740246 0.013699225150048733 0.020738812163472176 0.033227406442165375 0.10118871927261353 0.0 0.0 0.0 0.0 0.0 0.0 0.0 0.0 0.0
0.7560636401176453 0.0023882545065134764 0.0023153419606387615 0.0023539045359939337 0.0024740672670304775 0.002555986400693655 0.002547566080465913 0.002601318061351776 0.002711971988901496 0.0030530979856848717 0.0037397299893200397 0.0036834680940955877 0.0037838888820260763 0.003978307358920574 0.004410953260958195 0.005027490667998791 0.005829790607094765 0.007146590389311314 0.008636314421892166 0.009474293328821659 0.013072739355266094 0.018182087689638138 0.032862670719623566 0.10097642242908478 0.0 0.0 0.0 0.0 0.0 0.0 0.0 0.0
0.7566670179367065 0.0024038369301706553 0.0022893561981618404 0.002287556417286396 0.002349118236452341 0.0024970462545752525 0.0025578138884156942 0.0025741925928741693 0.0026247610803693533 0.0026944021228700876 0.0032629172783344984 0.0034296188969165087 0.0037320451810956 0.003645528107881546 0.003922917414456606 0.004234212450683117 0.00480490829795599 0.005683837924152613 0.006719631142914295 0.007859621196985245 0.010960855521261692 0.01187004055827856 0.017690384760499 0.032624147832393646 0.10047878324985504 0.0 0.0 0.0 0.0 0.0 0.0 0.0
0.7525347471237183 0.0022435192950069904 0.0023106031585484743 0.0022678584791719913 0.0023414595052599907 0.0023214693646878004 0.0024735545739531517 0.00258086365647614 0.0025728463660925627 0.0026280467864125967 0.002934336196631193 0.00303341425023973 0.0034078736789524555 0.003556325566023588 0.0037875163834542036 0.003825624706223607 0.004246985074132681 0.00482176523655653 0.005840887315571308 0.007079343311488628 0.008353730663657188 0.009324957616627216 0.012173243798315525 0.01782449148595333 0.03342864662408829 0.10190987586975098 0.0 0.0 0.0 0.0 0.0 0.0
0.7538918256759644 0.0018771311733871698 0.002214315114542842 0.002275005215778947 0.0022906360682100058 0.0022129621356725693 0.00227612117305398 0.0023963379207998514 0.0025350272189825773 0.0025773020461201668 0.002871462143957615 0.0027956333942711353 0.0031653016339987516 0.0032571821939200163 0.003536756383255124 0.003638249123468995 0.003944960422813892 0.004327752627432346 0.004843773785978556 0.005808195564895868 0.007288947701454163 0.007603929843753576 0.009031401947140694 0.011881699785590172 0.017562411725521088 0.0335305817425251 0.1001877710223198 0.0 0.0 0.0 0.0 0.0
0.74974524974823 0.0015712433960288763 0.0019915129523724318 0.0022291268687695265 0.002283766632899642 0.002215731656178832 0.0022286083549261093 0.002343592932447791 0.0024108546786010265 0.002577749080955982 0.002791015896946192 0.002656441880390048 0.00281800446100533 0.002927540335804224 0.0032440582290291786 0.003502070903778076 0.003668938996270299 0.0038850337732583284 0.004341775551438332 0.004795045591890812 0.0058853658847510815 0.0066267699003219604 0.007685237564146519 0.008983016014099121 0.011901124380528927 0.017838800325989723 0.033042069524526596 0.10363268107175827 0.0 0.0 0.0 0.0
0.7516399025917053 0.0014019102090969682 0.0015891676302999258 0.0019123078091070056 0.002188118640333414 0.002249895129352808 0.0022357837297022343 0.002216474851593375 0.002252871636301279 0.002370102796703577 0.0026686207856982946 0.002616471378132701 0.002644958207383752 0.0026821319479495287 0.002977116499096155 0.0031864852644503117 0.003450535936281085 0.0036773562896996737 0.0039292904548347 0.004195299930870533 0.004771462641656399 0.005645678844302893 0.006512374151498079 0.007624062243849039 0.009120799601078033 0.011735783889889717 0.018241042271256447 0.0329679474234581 0.1011185422539711 0.0 0.0 0.0
0.7508152723312378 0.0014481600373983383 0.0013844413915649056 0.001556118601001799 0.0018696687184274197 0.002125719329342246 0.0022282302379608154 0.0021923582535237074 0.002178267575800419 0.00218753470107913 0.0024145666975528 0.0025318770203739405 0.0025933438446372747 0.0025725155137479305 0.0027361272368580103 0.0029155544470995665 0.003196926321834326 0.0034286766313016415 0.003720944980159402 0.0038323020562529564 0.004228868056088686 0.004824263509362936 0.005439185071736574 0.006464194040745497 0.007579001132398844 0.00918543990701437 0.011944792233407497 0.01825154945254326 0.03229476138949394 0.10168065875768661 0.0 0.0
0.7466989755630493 0.0017204881878569722 0.0014633162645623088 0.0013965304242447019 0.0015683036763221025 0.0018570531392470002 0.00213831290602684 0.002212866907939315 0.0021938716527074575 0.002241326030343771 0.002485682489350438 0.0024461974389851093 0.002561436500400305 0.0025931866839528084 0.0026010489091277122 0.0027028003241866827 0.0029611727222800255 0.003237710567191243 0.0035742109175771475 0.003660395974293351 0.003872088622301817 0.004361570812761784 0.004685922991484404 0.005486315581947565 0.00663416413590312 0.007497941143810749 0.009116291999816895 0.012540231458842754 0.018122581765055656 0.034381113946437836 0.1008073091506958 0.0
0.7411385774612427 0.002034667180851102 0.0016181232640519738 0.0013716152170673013 0.0013401340693235397 0.0015838734107092023 0.0018604800570756197 0.0021278918720781803 0.0021925822366029024 0.0021438435651361942 0.002276241546496749 0.0022782774176448584 0.0025268683675676584 0.00247854832559824 0.0025940206833183765 0.0025916327722370625 0.002717643976211548 0.0029029168654233217 0.0032959943637251854 0.003537182928994298 0.004098699893802404 0.003770757932215929 0.0041472408920526505 0.004725057631731033 0.005706122610718012 0.006738136522471905 0.008044387213885784 0.010339648462831974 0.013339832425117493 0.01823653280735016 0.0331142395734787 0.10295060276985168
