1.0 0.0 0.0 0.0 0.0 0.0 0.0 0.0 0.0 0.0 0.0 0.0 0.0 0.0 0.0 0.0 0.0 0.0 0.0 0.0 0.0 0.0 0.0 0.0 0.0 0.0 0.0 0.0 0.0 0.0 0.0 0.0
0.775540828704834 0.224318727850914 0.0 0.0 0.0 0.0 0.0 0.0 0.0 0.0 0.0 0.0 0.0 0.0 0.0 0.0 0.0 0.0 0.0 0.0 0.0 0.0 0.0 0.0 0.0 0.0 0.0 0.0 0.0 0.0 0.0 0.0
0.7894895076751709 0.07795188575983047 0.13242363929748535 0.0 0.0 0.0 0.0 0.0 0.0 0.0 0.0 0.0 0.0 0.0 0.0 0.0 0.0 0.0 0.0 0.0 0.0 0.0 0.0 0.0 0.0 0.0 0.0 0.0 0.0 0.0 0.0 0.0
0.7368545532226562 0.05286465212702751 0.06896212697029114 0.14118653535842896 0.0 0.0 0.0 0.0 0.0 0.0 0.0 0.0 0.0 0.0 0.0 0.0 0.0 0.0 0.0 0.0 0.0 0.0 0.0 0.0 0.0 0.0 0.0 0.0 0.0 0.0 0.0 0.0
0.6888463497161865 0.040046919137239456 0.04766583442687988 0.06786810606718063 0.15544477105140686 0.0 0.0 0.0 0.0 0.0 0.0 0.0 0.0 0.0 0.0 0.0 0.0 0.0 0.0 0.0 0.0 0.0 0.0 0.0 0.0 0.0 0.0 0.0 0.0 0.0 0.0 0.0
0.6639688014984131 0.029141688719391823 0.03272270783782005 0.04678262397646904 0.06819383800029755 0.15905673801898956 0.0 0.0 0.0 0.0 0.0 0.0 0.0 0.0 0.0 0.0 0.0 0.0 0.0 0.0 0.0 0.0 0.0 0.0 0.0 0.0 0.0 0.0 0.0 0.0 0.0 0.0
0.6434373259544373 0.024503353983163834 0.02540203556418419 0.03360439091920853 0.04677433520555496 0.06299431622028351 0.16315346956253052 0.0 0.0 0.0 0.0 0.0 0.0 0.0 0.0 0.0 0.0 0.0 0.0 0.0 0.0 0.0 0.0 0.0 0.0 0.0 0.0 0.0 0.0 0.0 0.0 0.0
0.6376383304595947 0.020424632355570793 0.02115105465054512 0.025848226621747017 0.032517898827791214 0.04181446507573128 0.06112007051706314 0.15934619307518005 0.0 0.0 0.0 0.0 0.0 0.0 0.0 0.0 0.0 0.0 0.0 0.0 0.0 0.0 0.0 0.0 0.0 0.0 0.0 0.0 0.0 0.0 0.0 0.0
0.6266975998878479 0.01784500665962696 0.01798374019563198 0.021196244284510612 0.02414681203663349 0.029848899692296982 0.0387614443898201 0.058437153697013855 0.1649472862482071 0.0 0.0 0.0 0.0 0.0 0.0 0.0 0.0 0.0 0.0 0.0 0.0 0.0 0.0 0.0 0.0 0.0 0.0 0.0 0.0 0.0 0.0 0.0
0.6122360229492188 0.017124434933066368 0.016760649159550667 0.018941476941108704 0.021660875529050827 0.02287020906805992 0.028269564732909203 0.037218376994132996 0.05715763568878174 0.1676296889781952 0.0 0.0 0.0 0.0 0.0 0.0 0.0 0.0 0.0 0.0 0.0 0.0 0.0 0.0 0.0 0.0 0.0 0.0 0.0 0.0 0.0 0.0
0.6058269739151001 0.01570151001214981 0.015611132606863976 0.017175249755382538 0.018516579642891884 0.019082872197031975 0.02172745205461979 0.026981767266988754 0.037091054022312164 0.05734999477863312 0.16480499505996704 0.0 0.0 0.0 0.0 0.0 0.0 0.0 0.0 0.0 0.0 0.0 0.0 0.0 0.0 0.0 0.0 0.0 0.0 0.0 0.0 0.0
0.601047158241272 0.01369717251509428 0.014664302580058575 0.015325753949582577 0.016440104693174362 0.01717521995306015 0.017979677766561508 0.02104792557656765 0.026219263672828674 0.03484272584319115 0.05461877956986427 0.1668061912059784 0.0 0.0 0.0 0.0 0.0 0.0 0.0 0.0 0.0 0.0 0.0 0.0 0.0 0.0 0.0 0.0 0.0 0.0 0.0 0.0
0.5931589007377625 0.011193523183465004 0.013690038584172726 0.014129068702459335 0.015203304588794708 0.015529707074165344 0.01651049219071865 0.018129540607333183 0.020678581669926643 0.0255812406539917 0.03397326171398163 0.05446640029549599 0.16762608289718628 0.0 0.0 0.0 0.0 0.0 0.0 0.0 0.0 0.0 0.0 0.0 0.0 0.0 0.0 0.0 0.0 0.0 0.0 0.0
0.5904859304428101 0.010293259285390377 0.012540330179035664 0.013659310527145863 0.014665224589407444 0.014406181871891022 0.015040921978652477 0.016296053305268288 0.01735336147248745 0.020183321088552475 0.02475593611598015 0.03402642160654068 0.05333052948117256 0.1628306359052658 0.0 0.0 0.0 0.0 0.0 0.0 0.0 0.0 0.0 0.0 0.0 0.0 0.0 0.0 0.0 0.0 0.0 0.0
0.5834575891494751 0.008336645551025867 0.010495857335627079 0.012463115155696869 0.013158651068806648 0.012883620336651802 0.01320949848741293 0.01437412854284048 0.016053123399615288 0.017254836857318878 0.01919005811214447 0.025063546374440193 0.0326751209795475 0.05273893103003502 0.16850346326828003 0.0 0.0 0.0 0.0 0.0 0.0 0.0 0.0 0.0 0.0 0.0 0.0 0.0 0.0 0.0 0.0 0.0
0.5742561221122742 0.008614283055067062 0.009168291464447975 0.011350344866514206 0.01268985215574503 0.012920018285512924 0.012858673930168152 0.013126895762979984 0.013765349052846432 0.015715057030320168 0.01697041653096676 0.01970166526734829 0.024264328181743622 0.033281005918979645 0.05234375596046448 0.16883881390094757 0.0 0.0 0.0 0.0 0.0 0.0 0.0 0.0 0.0 0.0 0.0 0.0 0.0 0.0 0.0 0.0
0.5723703503608704 0.008518019691109657 0.007824976928532124 0.009740433655679226 0.01147113461047411 0.012006780132651329 0.012265888042747974 0.012423323467373848 0.013166619464755058 0.014499260112643242 0.015056213364005089 0.01711364835500717 0.019172709435224533 0.023007681593298912 0.031792521476745605 0.05074639618396759 0.16868767142295837 0.0 0.0 0.0 0.0 0.0 0.0 0.0 0.0 0.0 0.0 0.0 0.0 0.0 0.0 0.0
0.5719450116157532 0.008462713100016117 0.0075675249099731445 0.00853063352406025 0.010260387323796749 0.011297469027340412 0.011574199423193932 0.012080829590559006 0.012078396044671535 0.013030646368861198 0.013710438273847103 0.015153996646404266 0.016504812985658646 0.01852266490459442 0.02248135581612587 0.030489778146147728 0.04992813616991043 0.16624994575977325 0.0 0.0 0.0 0.0 0.0 0.0 0.0 0.0 0.0 0.0 0.0 0.0 0.0 0.0
0.5664133429527283 0.007531281094998121 0.007683841045945883 0.007863550446927547 0.009018217213451862 0.009887970983982086 0.010653838515281677 0.011661911383271217 0.012780786491930485 0.012293549254536629 0.012177602387964725 0.013560119085013866 0.014806222170591354 0.016258420422673225 0.01817152462899685 0.02230120822787285 0.02989891543984413 0.04924599081277847 0.16765473783016205 0.0 0.0 0.0 0.0 0.0 0.0 0.0 0.0 0.0 0.0 0.0 0.0 0.0
0.5598701238632202 0.0066148932091891766 0.00819515809416771 0.008034680970013142 0.008204375393688679 0.008524195291101933 0.009443000890314579 0.010643765330314636 0.01142975315451622 0.011831575073301792 0.011482656002044678 0.012576691806316376 0.013049831613898277 0.014291059225797653 0.015709953382611275 0.017619483172893524 0.02152124047279358 0.02912612073123455 0.04788641631603241 0.17380878329277039 0.0 0.0 0.0 0.0 0.0 0.0 0.0 0.0 0.0 0.0 0.0 0.0
0.5615140199661255 0.005992903374135494 0.007858983241021633 0.008378244005143642 0.007966895587742329 0.007694280240684748 0.008161239326000214 0.009334763512015343 0.010675797238945961 0.011207159608602524 0.011011503636837006 0.011438827030360699 0.011632530950009823 0.012691047042608261 0.014025211334228516 0.015257040038704872 0.01698399893939495 0.02090339921414852 0.028626950457692146 0.04779302328824997 0.17071878910064697 0.0 0.0 0.0 0.0 0.0 0.0 0.0 0.0 0.0 0.0 0.0
0.5566792488098145 0.006078428588807583 0.007419183384627104 0.008438940159976482 0.008575618267059326 0.0077132596634328365 0.007474053651094437 0.008249341510236263 0.009403562173247337 0.011220882646739483 0.011106928810477257 0.011263166554272175 0.010962869971990585 0.011719661764800549 0.012505065649747849 0.013822853565216064 0.015108824707567692 0.01653619483113289 0.020845549181103706 0.02820564992725849 0.04778134077787399 0.16875657439231873 0.0 0.0 0.0 0.0 0.0 0.0 0.0 0.0 0.0 0.0
0.5490142703056335 0.006468798033893108 0.006883664056658745 0.008106430061161518 0.008682887069880962 0.00815870426595211 0.007496590260416269 0.0075289588421583176 0.008131667040288448 0.0093976566568017 0.010326594114303589 0.011507833376526833 0.011690933257341385 0.011202344670891762 0.011468441225588322 0.012368112802505493 0.013718567788600922 0.01482898835092783 0.0165678933262825 0.020327361300587654 0.0277552530169487 0.04809197410941124 0.17014774680137634 0.0 0.0 0.0 0.0 0.0 0.0 0.0 0.0 0.0
0.5455575585365295 0.007074438966810703 0.006612480152398348 0.007461281958967447 0.007944808341562748 0.008003251627087593 0.007827171124517918 0.007547771092504263 0.007456704042851925 0.007976772263646126 0.008985294960439205 0.010717474855482578 0.011191685684025288 0.010857651010155678 0.010616653598845005 0.011055843904614449 0.012237949296832085 0.013499666005373001 0.014669588766992092 0.01650148443877697 0.020075354725122452 0.027690188959240913 0.04772629588842392 0.1705760955810547 0.0 0.0 0.0 0.0 0.0 0.0 0.0 0.0
0.5382094383239746 0.007433164399117231 0.0068967039696872234 0.007052652072161436 0.00756812235340476 0.007867097854614258 0.007961523719131947 0.008334677666425705 0.007517615798860788 0.0075864349491894245 0.008039887994527817 0.009440063498914242 0.010748907923698425 0.010811948217451572 0.010938622057437897 0.010538109578192234 0.01101734023541212 0.012048249132931232 0.013117955066263676 0.01449097041040659 0.01580680161714554 0.019402971491217613 0.026714490726590157 0.046273551881313324 0.17404338717460632 0.0 0.0 0.0 0.0 0.0 0.0 0.0
0.5370957255363464 0.0074298144318163395 0.00752373319119215 0.007389339152723551 0.007031791843473911 0.0072041889652609825 0.007577711716294289 0.008226851932704449 0.007899177260696888 0.00780619727447629 0.007527479901909828 0.007921873591840267 0.009448633529245853 0.011041193269193172 0.010632699355483055 0.010429210029542446 0.010284566320478916 0.010881860740482807 0.011732996441423893 0.01313473004847765 0.014438480138778687 0.015761075541377068 0.019067807123064995 0.02627953514456749 0.045789677649736404 0.1702653467655182 0.0 0.0 0.0 0.0 0.0 0.0
0.5365361571311951 0.005544124636799097 0.00707479240372777 0.007547472137957811 0.007061545271426439 0.006541132461279631 0.006690172012895346 0.00734881404787302 0.007939080707728863 0.00797557644546032 0.00737389549612999 0.007157974876463413 0.00787778478115797 0.008889648132026196 0.009973753243684769 0.010504712350666523 0.010320411995053291 0.010346714407205582 0.010476208291947842 0.011548149399459362 0.012961412779986858 0.013993481174111366 0.015534546226263046 0.0184699185192585 0.02613011561334133 0.044716570526361465 0.17329540848731995 0.0 0.0 0.0 0.0 0.0
0.530051589012146 0.004854888655245304 0.006383961532264948 0.007717863190919161 0.007484378293156624 0.006728658452630043 0.006262056063860655 0.006695391144603491 0.007188057992607355 0.008007122203707695 0.0077941324561834335 0.007620023097842932 0.007557097356766462 0.008080982603132725 0.00939163938164711 0.010616814717650414 0.010523508302867413 0.010395116172730923 0.01007403526455164 0.01084261853247881 0.011259307153522968 0.012604177929461002 0.01376850251108408 0.015129251405596733 0.01901869662106037 0.02572612278163433 0.0453423447906971 0.1727001816034317 0.0 0.0 0.0 0.0
0.5324726104736328 0.004769288934767246 0.005685676354914904 0.006981738843023777 0.0075871325097978115 0.00715470127761364 0.006680320482701063 0.006252896972000599 0.006680782418698072 0.007433969061821699 0.007839891128242016 0.007780794985592365 0.007414109539240599 0.007275961339473724 0.007931903935968876 0.008915592916309834 0.009784710593521595 0.010068759322166443 0.010142954997718334 0.009718856774270535 0.010231333784759045 0.011037163436412811 0.012437449768185616 0.013458767905831337 0.014681825414299965 0.018328726291656494 0.025833500549197197 0.04446757584810257 0.17076708376407623 0.0 0.0 0.0
0.5255137085914612 0.005015699192881584 0.005265867803245783 0.006259613670408726 0.0069735245779156685 0.007463676389306784 0.007080091163516045 0.006598943844437599 0.0062884376384317875 0.006770463194698095 0.007354604545980692 0.007892325520515442 0.007635701913386583 0.007404825184494257 0.00707337586209178 0.007835112512111664 0.008942418731749058 0.009719370864331722 0.010348239913582802 0.0099626574665308 0.009674387983977795 0.010035315528512001 0.01112397015094757 0.012237426824867725 0.013527333736419678 0.01511209923774004 0.018491744995117188 0.02545313909649849 0.04511125758290291 0.1716546267271042 0.0 0.0
0.5234540700912476 0.005188660696148872 0.005479820538312197 0.0058563281781971455 0.006194885354489088 0.006812517996877432 0.007253794465214014 0.006997151765972376 0.006354757118970156 0.0066221063025295734 0.006760687101632357 0.007772266864776611 0.007785365916788578 0.008135106414556503 0.007104404736310244 0.007339280564337969 0.007700114510953426 0.008552257902920246 0.009564168751239777 0.010366726666688919 0.009695001877844334 0.009770258329808712 0.009935081005096436 0.010841879062354565 0.012301965616643429 0.013350648805499077 0.014738486148416996 0.01800396852195263 0.024781744927167892 0.04394536092877388 0.17116785049438477 0.0
0.5207598209381104 0.005042597651481628 0.006020482629537582 0.005690411664545536 0.005477249156683683 0.006168726831674576 0.00681977067142725 0.007403497118502855 0.0071637434884905815 0.006765576545149088 0.0061743129044771194 0.006874470505863428 0.007453402038663626 0.00809180736541748 0.007840711623430252 0.007331394124776125 0.007323623169213533 0.00753508135676384 0.00849242229014635 0.009615588933229446 0.00943211279809475 0.00938660278916359 0.009738040156662464 0.009647711180150509 0.010844317264854908 0.01176958903670311 0.013203450478613377 0.014289199374616146 0.017253736034035683 0.02399788610637188 0.04328049346804619 0.17293600738048553
