1.0 0.0 0.0 0.0 0.0 0.0 0.0 0.0 0.0 0.0 0.0 0.0 0.0 0.0 0.0 0.0 0.0 0.0 0.0 0.0 0.0 0.0 0.0 0.0 0.0 0.0 0.0 0.0 0.0 0.0 0.0 0.0
0.7431805729866028 0.25668200850486755 0.0 0.0 0.0 0.0 0.0 0.0 0.0 0.0 0.0 0.0 0.0 0.0 0.0 0.0 0.0 0.0 0.0 0.0 0.0 0.0 0.0 0.0 0.0 0.0 0.0 0.0 0.0 0.0 0.0 0.0
0.7045009136199951 0.11011825501918793 0.18524888157844543 0.0 0.0 0.0 0.0 0.0 0.0 0.0 0.0 0.0 0.0 0.0 0.0 0.0 0.0 0.0 0.0 0.0 0.0 0.0 0.0 0.0 0.0 0.0 0.0 0.0 0.0 0.0 0.0 0.0
0.6539498567581177 0.06064016744494438 0.09716201573610306 0.1881152093410492 0.0 0.0 0.0 0.0 0.0 0.0 0.0 0.0 0.0 0.0 0.0 0.0 0.0 0.0 0.0 0.0 0.0 0.0 0.0 0.0 0.0 0.0 0.0 0.0 0.0 0.0 0.0 0.0
0.6290116310119629 0.03891194984316826 0.05277140066027641 0.09494568407535553 0.18422704935073853 0.0 0.0 0.0 0.0 0.0 0.0 0.0 0.0 0.0 0.0 0.0 0.0 0.0 0.0 0.0 0.0 0.0 0.0 0.0 0.0 0.0 0.0 0.0 0.0 0.0 0.0 0.0
0.6125232577323914 0.027416402474045753 0.03137919306755066 0.05238747224211693 0.09369008988142014 0.18247069418430328 0.0 0.0 0.0 0.0 0.0 0.0 0.0 0.0 0.0 0.0 0.0 0.0 0.0 0.0 0.0 0.0 0.0 0.0 0.0 0.0 0.0 0.0 0.0 0.0 0.0 0.0
0.5949582457542419 0.021677425131201744 0.021546553820371628 0.03379477560520172 0.055701106786727905 0.09494943171739578 0.17724032700061798 0.0 0.0 0.0 0.0 0.0 0.0 0.0 0.0 0.0 0.0 0.0 0.0 0.0 0.0 0.0 0.0 0.0 0.0 0.0 0.0 0.0 0.0 0.0 0.0 0.0
0.5848042368888855 0.018723687157034874 0.017289621755480766 0.024032607674598694 0.03513867035508156 0.05536326766014099 0.09026884287595749 0.17425084114074707 0.0 0.0 0.0 0.0 0.0 0.0 0.0 0.0 0.0 0.0 0.0 0.0 0.0 0.0 0.0 0.0 0.0 0.0 0.0 0.0 0.0 0.0 0.0 0.0
0.5727993845939636 0.017042027786374092 0.015049339272081852 0.01832726038992405 0.025085272267460823 0.03560127690434456 0.053034812211990356 0.08937594294548035 0.17355096340179443 0.0 0.0 0.0 0.0 0.0 0.0 0.0 0.0 0.0 0.0 0.0 0.0 0.0 0.0 0.0 0.0 0.0 0.0 0.0 0.0 0.0 0.0 0.0
0.5625861883163452 0.015780434012413025 0.013779805973172188 0.015944501385092735 0.018688982352614403 0.024748284369707108 0.03511132299900055 0.05196414142847061 0.09002893418073654 0.17122837901115417 0.0 0.0 0.0 0.0 0.0 0.0 0.0 0.0 0.0 0.0 0.0 0.0 0.0 0.0 0.0 0.0 0.0 0.0 0.0 0.0 0.0 0.0
0.5506277680397034 0.014038527384400368 0.012036397121846676 0.013832070864737034 0.015165312215685844 0.01857198402285576 0.025026516988873482 0.03436017036437988 0.051625579595565796 0.08893197774887085 0.17565205693244934 0.0 0.0 0.0 0.0 0.0 0.0 0.0 0.0 0.0 0.0 0.0 0.0 0.0 0.0 0.0 0.0 0.0 0.0 0.0 0.0 0.0
0.5447284579277039 0.01310550794005394 0.010622836649417877 0.012572129257023335 0.013570338487625122 0.015308304689824581 0.01817930117249489 0.023694366216659546 0.03378164395689964 0.05184761434793472 0.08997394889593124 0.17247861623764038 0.0 0.0 0.0 0.0 0.0 0.0 0.0 0.0 0.0 0.0 0.0 0.0 0.0 0.0 0.0 0.0 0.0 0.0 0.0 0.0
0.5334873199462891 0.013141822069883347 0.009866378270089626 0.011111312545835972 0.01234149094671011 0.013595344498753548 0.015298600308597088 0.018337320536375046 0.024814672768115997 0.03430851176381111 0.054632000625133514 0.08776313811540604 0.17116469144821167 0.0 0.0 0.0 0.0 0.0 0.0 0.0 0.0 0.0 0.0 0.0 0.0 0.0 0.0 0.0 0.0 0.0 0.0 0.0
0.5316534042358398 0.013598017394542694 0.009560678154230118 0.009860299527645111 0.010725782252848148 0.012029019184410572 0.01336102094501257 0.014880150556564331 0.01796087808907032 0.023578356951475143 0.034963060170412064 0.051340602338314056 0.0859973281621933 0.17036063969135284 0.0 0.0 0.0 0.0 0.0 0.0 0.0 0.0 0.0 0.0 0.0 0.0 0.0 0.0 0.0 0.0 0.0 0.0
0.5265262126922607 0.01340984832495451 0.009332790039479733 0.009185101836919785 0.009508217684924603 0.01052058394998312 0.011980402283370495 0.013035887852311134 0.01486458070576191 0.01829618401825428 0.02458890527486801 0.03465263545513153 0.05163060501217842 0.08552070707082748 0.16681347787380219 0.0 0.0 0.0 0.0 0.0 0.0 0.0 0.0 0.0 0.0 0.0 0.0 0.0 0.0 0.0 0.0 0.0
0.5209947824478149 0.012957626953721046 0.00919992197304964 0.009019069373607635 0.00930140819400549 0.009425685741007328 0.010680770501494408 0.011868886649608612 0.013307901099324226 0.015214849263429642 0.01822292059659958 0.023775069043040276 0.03408069908618927 0.04957908019423485 0.08269244432449341 0.16954511404037476 0.0 0.0 0.0 0.0 0.0 0.0 0.0 0.0 0.0 0.0 0.0 0.0 0.0 0.0 0.0 0.0
0.5174625515937805 0.011204248294234276 0.008744744583964348 0.008910956792533398 0.009054732508957386 0.00890077743679285 0.00953520368784666 0.010642060078680515 0.012052464298903942 0.013297448866069317 0.016004053875803947 0.01739332638680935 0.024124808609485626 0.033213239163160324 0.049202825874090195 0.08365961909294128 0.16646209359169006 0.0 0.0 0.0 0.0 0.0 0.0 0.0 0.0 0.0 0.0 0.0 0.0 0.0 0.0 0.0
0.5147427916526794 0.009524177759885788 0.00797182135283947 0.008629684336483479 0.008768073283135891 0.00856038834899664 0.008714885450899601 0.009471532888710499 0.010422496125102043 0.01192403957247734 0.01436795387417078 0.014751223847270012 0.017891384661197662 0.02308592014014721 0.031760770827531815 0.04936549440026283 0.08334764838218689 0.16656899452209473 0.0 0.0 0.0 0.0 0.0 0.0 0.0 0.0 0.0 0.0 0.0 0.0 0.0 0.0
0.509243905544281 0.008004773408174515 0.006937575526535511 0.008012363687157631 0.0081860963255167 0.008366286754608154 0.00865384005010128 0.008919700980186462 0.009324849583208561 0.010884951800107956 0.013505619019269943 0.012972217053174973 0.014689833857119083 0.017339691519737244 0.02259642258286476 0.03309769555926323 0.04900359734892845 0.08225171267986298 0.16787342727184296 0.0 0.0 0.0 0.0 0.0 0.0 0.0 0.0 0.0 0.0 0.0 0.0 0.0
0.5060352683067322 0.0068392627872526646 0.006109112408012152 0.007259090896695852 0.007792062126100063 0.00799692701548338 0.008338797837495804 0.0083533376455307 0.008629840798676014 0.009639022871851921 0.011186148039996624 0.01250668428838253 0.01302335225045681 0.014281202107667923 0.017336830496788025 0.02331763692200184 0.032223526388406754 0.04923444241285324 0.0839402973651886 0.16581936180591583 0.0 0.0 0.0 0.0 0.0 0.0 0.0 0.0 0.0 0.0 0.0 0.0
0.5067926645278931 0.006066584028303623 0.005691055208444595 0.006748405285179615 0.007060052361339331 0.007532968185842037 0.00787429604679346 0.00833200290799141 0.008407524786889553 0.008823971264064312 0.01019938662648201 0.010533927008509636 0.011523510329425335 0.012601697817444801 0.01398860476911068 0.01758546009659767 0.022121364250779152 0.032335154712200165 0.04921329766511917 0.08084596693515778 0.16558751463890076 0.0 0.0 0.0 0.0 0.0 0.0 0.0 0.0 0.0 0.0 0.0
0.503862738609314 0.005647142417728901 0.005438033025711775 0.00614936463534832 0.006449267268180847 0.006864865310490131 0.0072348518297076225 0.007753560785204172 0.007931876927614212 0.008119377307593822 0.009069991298019886 0.009534824639558792 0.01002124696969986 0.01128382608294487 0.012493172660470009 0.014381295070052147 0.01653493009507656 0.022280050441622734 0.03274834528565407 0.0481165274977684 0.08318478614091873 0.16476722061634064 0.0 0.0 0.0 0.0 0.0 0.0 0.0 0.0 0.0 0.0
0.5044323205947876 0.005570812616497278 0.005188298877328634 0.0058591715060174465 0.00601615197956562 0.006357451900839806 0.006590936332941055 0.00714684184640646 0.0075172302313148975 0.007813744246959686 0.008291192352771759 0.0090830372646451 0.009056088514626026 0.009916850365698338 0.01118709146976471 0.011905509047210217 0.013499053195118904 0.0162662286311388 0.022116538137197495 0.03183351457118988 0.04936417192220688 0.0809822827577591 0.16387100517749786 0.0 0.0 0.0 0.0 0.0 0.0 0.0 0.0 0.0
0.49756455421447754 0.005720482207834721 0.004997364245355129 0.005490390583872795 0.0057351007126271725 0.005981693509966135 0.006167870946228504 0.006485798861831427 0.006926635280251503 0.007484670728445053 0.008257013745605946 0.008345491252839565 0.008602496236562729 0.008968429639935493 0.009701612405478954 0.010826004669070244 0.011749825440347195 0.01386270858347416 0.01695537194609642 0.022443123161792755 0.0323699451982975 0.04763827845454216 0.08041363954544067 0.16717806458473206 0.0 0.0 0.0 0.0 0.0 0.0 0.0 0.0
0.4968715310096741 0.006728357169777155 0.004946921952068806 0.00533232931047678 0.0054407427087426186 0.00554695725440979 0.005997977685183287 0.00635683536529541 0.006546530872583389 0.007082513067871332 0.008787273429334164 0.007908658124506474 0.008240905590355396 0.008320010267198086 0.008736096322536469 0.00930702593177557 0.01041680108755827 0.011772925034165382 0.013597278855741024 0.0168897807598114 0.022002581506967545 0.031336136162281036 0.04713132977485657 0.07945124059915543 0.1651214212179184 0.0 0.0 0.0 0.0 0.0 0.0 0.0
0.49745431542396545 0.006959396414458752 0.005016001407057047 0.005104670766741037 0.0052689542062580585 0.005361984483897686 0.005399922840297222 0.005649922881275415 0.006073051132261753 0.006353727541863918 0.006843874230980873 0.007303276564925909 0.0074677313677966595 0.007730022072792053 0.008694912306964397 0.008567927405238152 0.009427385404706001 0.010156192816793919 0.01174561120569706 0.01395042147487402 0.016460562124848366 0.02190680243074894 0.031365059316158295 0.04698130115866661 0.07895485311746597 0.16361884772777557 0.0 0.0 0.0 0.0 0.0 0.0
0.49277523159980774 0.006242560688406229 0.005049456842243671 0.0052314805798232555 0.005078097339719534 0.0050187925808131695 0.005109746474772692 0.005288273096084595 0.006043223664164543 0.006133503746241331 0.006978554185479879 0.00674021802842617 0.007619507610797882 0.00798364169895649 0.008659361861646175 0.00807051919400692 0.008577084168791771 0.00942518375813961 0.01125616766512394 0.01186665054410696 0.013154820539057255 0.01614946871995926 0.02161351963877678 0.030980737879872322 0.04746850207448006 0.07896305620670319 0.1623440980911255 0.0 0.0 0.0 0.0 0.0
0.493082731962204 0.005348177161067724 0.004895087797194719 0.005291298031806946 0.004975343123078346 0.004809608682990074 0.004874146543443203 0.004876757971942425 0.005374348722398281 0.005607962142676115 0.008406785316765308 0.007244465406984091 0.007080940529704094 0.007543225772678852 0.008263301104307175 0.007656798232346773 0.007679259870201349 0.008580384775996208 0.009602576494216919 0.010556002147495747 0.011227625422179699 0.01302129402756691 0.01614721678197384 0.021403787657618523 0.030524244531989098 0.04668091610074043 0.07743415236473083 0.16163480281829834 0.0 0.0 0.0 0.0
0.4910193681716919 0.004446859937161207 0.0044084833934903145 0.005192123353481293 0.00512336753308773 0.004920982755720615 0.004799172282218933 0.004641578532755375 0.005018997006118298 0.005325241945683956 0.0059232525527477264 0.006002003792673349 0.006463922560214996 0.006791502702981234 0.007969898171722889 0.007188652642071247 0.007370293140411377 0.007652929984033108 0.008647137321531773 0.009470752440392971 0.010058531537652016 0.011289907619357109 0.013154562562704086 0.01604570262134075 0.02139607071876526 0.03127485141158104 0.04704921320080757 0.07904651761054993 0.16213151812553406 0.0 0.0 0.0
0.4863164722919464 0.004274803213775158 0.00407300004735589 0.004819919820874929 0.00504289660602808 0.005073284264653921 0.004915338009595871 0.004766564350575209 0.004816840402781963 0.005012725945562124 0.005874905735254288 0.005877919495105743 0.006186333484947681 0.0064317150972783566 0.006606827490031719 0.00741579057648778 0.007044042926281691 0.007174974773079157 0.008034486323595047 0.008448041044175625 0.009142589755356312 0.01021418534219265 0.011460443027317524 0.013376116752624512 0.0161269623786211 0.02236543409526348 0.030846526846289635 0.04712725803256035 0.07831231504678726 0.1626463681459427 0.0 0.0
0.4864977300167084 0.004652424715459347 0.003726138034835458 0.0043607233092188835 0.004546113312244415 0.005046294070780277 0.005120426416397095 0.004912061616778374 0.0047629945911467075 0.0046944888308644295 0.005135561805218458 0.005690174642950296 0.005708869080990553 0.006062841042876244 0.006335976533591747 0.006962168961763382 0.006634876597672701 0.006790837738662958 0.008272673934698105 0.008076788857579231 0.008118539117276669 0.009043592028319836 0.009934907779097557 0.011316834017634392 0.01281474158167839 0.016200970858335495 0.0217974204570055 0.030586959794163704 0.046660613268613815 0.07821935415267944 0.16113248467445374 0.0
0.48652395606040955 0.005588635802268982 0.003710157237946987 0.004070651717483997 0.004205751698464155 0.004687055945396423 0.004981321282684803 0.00512083200737834 0.005245125852525234 0.004731742665171623 0.004889802075922489 0.005113831255584955 0.005310457199811935 0.0057468353770673275 0.005979035049676895 0.006181437987834215 0.0061944033950567245 0.006396685726940632 0.008684324100613594 0.007188128773123026 0.007408930454403162 0.007951094768941402 0.00905970111489296 0.010525709018111229 0.010959944687783718 0.012858479283750057 0.016027236357331276 0.0210961252450943 0.030458495020866394 0.045270271599292755 0.07646650075912476 0.16118977963924408
