1.0 0.0 0.0 0.0 0.0 0.0 0.0 0.0 0.0 0.0 0.0 0.0 0.0 0.0 0.0 0.0 0.0 0.0 0.0 0.0 0.0 0.0 0.0 0.0 0.0 0.0 0.0 0.0 0.0 0.0 0.0 0.0
0.5912227034568787 0.4086284637451172 0.0 0.0 0.0 0.0 0.0 0.0 0.0 0.0 0.0 0.0 0.0 0.0 0.0 0.0 0.0 0.0 0.0 0.0 0.0 0.0 0.0 0.0 0.0 0.0 0.0 0.0 0.0 0.0 0.0 0.0
0.5982320308685303 0.1003810241818428 0.30126243829727173 0.0 0.0 0.0 0.0 0.0 0.0 0.0 0.0 0.0 0.0 0.0 0.0 0.0 0.0 0.0 0.0 0.0 0.0 0.0 0.0 0.0 0.0 0.0 0.0 0.0 0.0 0.0 0.0 0.0
0.565329372882843 0.027365267276763916 0.11148541420698166 0.295693039894104 0.0 0.0 0.0 0.0 0.0 0.0 0.0 0.0 0.0 0.0 0.0 0.0 0.0 0.0 0.0 0.0 0.0 0.0 0.0 0.0 0.0 0.0 0.0 0.0 0.0 0.0 0.0 0.0
0.5446793437004089 0.011315673589706421 0.027642326429486275 0.11246278136968613 0.30376169085502625 0.0 0.0 0.0 0.0 0.0 0.0 0.0 0.0 0.0 0.0 0.0 0.0 0.0 0.0 0.0 0.0 0.0 0.0 0.0 0.0 0.0 0.0 0.0 0.0 0.0 0.0 0.0
0.5280401706695557 0.00862957164645195 0.010346093215048313 0.02944117784500122 0.12174102663993835 0.30166947841644287 0.0 0.0 0.0 0.0 0.0 0.0 0.0 0.0 0.0 0.0 0.0 0.0 0.0 0.0 0.0 0.0 0.0 0.0 0.0 0.0 0.0 0.0 0.0 0.0 0.0 0.0
0.5137340426445007 0.00869838148355484 0.006904967594891787 0.010749008506536484 0.031919222325086594 0.12128011882305145 0.3065827786922455 0.0 0.0 0.0 0.0 0.0 0.0 0.0 0.0 0.0 0.0 0.0 0.0 0.0 0.0 0.0 0.0 0.0 0.0 0.0 0.0 0.0 0.0 0.0 0.0 0.0
0.5132206678390503 0.008272241801023483 0.0069219875149428844 0.0076383561827242374 0.011727413162589073 0.03466567024588585 0.12141237407922745 0.296010285615921 0.0 0.0 0.0 0.0 0.0 0.0 0.0 0.0 0.0 0.0 0.0 0.0 0.0 0.0 0.0 0.0 0.0 0.0 0.0 0.0 0.0 0.0 0.0 0.0
0.5024130344390869 0.005927183665335178 0.00643139285966754 0.007303084712475538 0.007772688288241625 0.013304597698152065 0.03205498680472374 0.12199082225561142 0.3026629686355591 0.0 0.0 0.0 0.0 0.0 0.0 0.0 0.0 0.0 0.0 0.0 0.0 0.0 0.0 0.0 0.0 0.0 0.0 0.0 0.0 0.0 0.0 0.0
0.4976251721382141 0.004089664202183485 0.004654401447623968 0.006230090279132128 0.00709467101842165 0.008400114253163338 0.012262914329767227 0.03345328941941261 0.1271151453256607 0.29893994331359863 0.0 0.0 0.0 0.0 0.0 0.0 0.0 0.0 0.0 0.0 0.0 0.0 0.0 0.0 0.0 0.0 0.0 0.0 0.0 0.0 0.0 0.0
0.5031986236572266 0.0033361499663442373 0.0029024891555309296 0.004387754015624523 0.006221054121851921 0.007839814759790897 0.008087209425866604 0.013004087843000889 0.03299836814403534 0.12219661474227905 0.29569530487060547 0.0 0.0 0.0 0.0 0.0 0.0 0.0 0.0 0.0 0.0 0.0 0.0 0.0 0.0 0.0 0.0 0.0 0.0 0.0 0.0 0.0
0.5000278353691101 0.00411234050989151 0.0022615918423980474 0.002827757503837347 0.004462963901460171 0.0069557419046759605 0.007374666631221771 0.008616335690021515 0.013638614676892757 0.03368872031569481 0.12436418980360031 0.2915426790714264 0.0 0.0 0.0 0.0 0.0 0.0 0.0 0.0 0.0 0.0 0.0 0.0 0.0 0.0 0.0 0.0 0.0 0.0 0.0 0.0
0.489417165517807 0.005243950989097357 0.002459381939843297 0.0020814768504351377 0.00272043002769351 0.004561520181596279 0.006401204038411379 0.007732208352535963 0.008696743287146091 0.013476123102009296 0.03464493900537491 0.1248246505856514 0.29760685563087463 0.0 0.0 0.0 0.0 0.0 0.0 0.0 0.0 0.0 0.0 0.0 0.0 0.0 0.0 0.0 0.0 0.0 0.0 0.0
0.4923059344291687 0.005183353554457426 0.0031358993146568537 0.0022457456216216087 0.002070597605779767 0.0028405634220689535 0.004404086619615555 0.006703078746795654 0.007832382805645466 0.008747460320591927 0.013573414646089077 0.03498481586575508 0.12551763653755188 0.2903178930282593 0.0 0.0 0.0 0.0 0.0 0.0 0.0 0.0 0.0 0.0 0.0 0.0 0.0 0.0 0.0 0.0 0.0 0.0
0.4878210127353668 0.003101176815107465 0.0031682562548667192 0.0027790190652012825 0.0021808750461786985 0.002192581305280328 0.0028008308727294207 0.004547507036477327 0.006816949229687452 0.0077095781452953815 0.008974069729447365 0.013889763504266739 0.03549422696232796 0.12770792841911316 0.2906813621520996 0.0 0.0 0.0 0.0 0.0 0.0 0.0 0.0 0.0 0.0 0.0 0.0 0.0 0.0 0.0 0.0 0.0
0.48479723930358887 0.00160722597502172 0.00211827433668077 0.0028068351093679667 0.0026927203871309757 0.0022695346269756556 0.0021980744786560535 0.0028587160632014275 0.004715424962341785 0.006849152501672506 0.008167963474988937 0.009001122787594795 0.013445883989334106 0.03470757231116295 0.12637507915496826 0.29525279998779297 0.0 0.0 0.0 0.0 0.0 0.0 0.0 0.0 0.0 0.0 0.0 0.0 0.0 0.0 0.0 0.0
0.4869507849216461 0.001121234497986734 0.0012141308980062604 0.0019051028648391366 0.002667898079380393 0.002747077727690339 0.0022681248374283314 0.00218288809992373 0.0029789863619953394 0.004613563884049654 0.0067682331427931786 0.007955129258334637 0.008688862435519695 0.013284801505506039 0.035202547907829285 0.12714722752571106 0.2921690046787262 0.0 0.0 0.0 0.0 0.0 0.0 0.0 0.0 0.0 0.0 0.0 0.0 0.0 0.0 0.0
0.48079976439476013 0.0012530279345810413 0.000812422193121165 0.001080247457139194 0.001827390631660819 0.0027287835255265236 0.00282860966399312 0.0023554079234600067 0.0022211829200387 0.0028551886789500713 0.004678021650761366 0.0068388464860618114 0.008017407730221748 0.008748798631131649 0.013444517739117146 0.036231111735105515 0.1338643878698349 0.2892822325229645 0.0 0.0 0.0 0.0 0.0 0.0 0.0 0.0 0.0 0.0 0.0 0.0 0.0 0.0
0.48219674825668335 0.0019320491701364517 0.0008702399209141731 0.000761327741201967 0.0010414788266643882 0.001884439610876143 0.0027010557241737843 0.002776381094008684 0.00235856999643147 0.002096424577757716 0.0028558445628732443 0.004596156999468803 0.006665434222668409 0.007898882031440735 0.008926402777433395 0.013883017003536224 0.035536251962184906 0.12712712585926056 0.29376116394996643 0.0 0.0 0.0 0.0 0.0 0.0 0.0 0.0 0.0 0.0 0.0 0.0 0.0
0.47705042362213135 0.0025927298702299595 0.0012351784389466047 0.0008078317041508853 0.0007353884284384549 0.0011343586957082152 0.0018431813223287463 0.002710830420255661 0.0028329375199973583 0.0022438799496740103 0.0022056931629776955 0.002795769600197673 0.004471900872886181 0.006639239378273487 0.007921066135168076 0.008857404813170433 0.013699986040592194 0.03642001003026962 0.13028208911418915 0.29338353872299194 0.0 0.0 0.0 0.0 0.0 0.0 0.0 0.0 0.0 0.0 0.0 0.0
0.4805024564266205 0.0022200862877070904 0.0017187418416142464 0.0011656455462798476 0.0007855019066482782 0.0007660645060241222 0.0010395483113825321 0.0018178242025896907 0.0026940065436065197 0.002756980014964938 0.0022947306279093027 0.002141183940693736 0.0027911996003240347 0.004428158048540354 0.006672531366348267 0.00789907481521368 0.008900572545826435 0.013785174116492271 0.03555452078580856 0.126510351896286 0.2934161424636841 0.0 0.0 0.0 0.0 0.0 0.0 0.0 0.0 0.0 0.0 0.0
0.48155707120895386 0.001276880968362093 0.0015258900821208954 0.0015685666585341096 0.0011290590045973659 0.0008484356803819537 0.0007201622938737273 0.0010272670770063996 0.001786816050298512 0.0026393686421215534 0.0028012979310005903 0.002302544191479683 0.002124976832419634 0.0027050357311964035 0.004396526142954826 0.006602363660931587 0.007905584760010242 0.008980492129921913 0.013820333406329155 0.0357353501021862 0.12837065756320953 0.29004016518592834 0.0 0.0 0.0 0.0 0.0 0.0 0.0 0.0 0.0 0.0
0.47353866696357727 0.0008287421078421175 0.0009557769517414272 0.0015001854626461864 0.0015907584456726909 0.0012206597020849586 0.0008202268509194255 0.000766320270486176 0.0011189030483365059 0.0017999816918745637 0.002814444713294506 0.0029495966155081987 0.0023864968679845333 0.0020633793901652098 0.002804866060614586 0.0045059616677463055 0.006743778008967638 0.00811817403882742 0.009096748195588589 0.014256373979151249 0.037044305354356766 0.1307605355978012 0.2921846807003021 0.0 0.0 0.0 0.0 0.0 0.0 0.0 0.0 0.0
0.4734216034412384 0.000802928872872144 0.0005864908453077078 0.0008947355672717094 0.001395834842696786 0.001581696211360395 0.0011469401651993394 0.0007977731875143945 0.0007518074125982821 0.0010381932370364666 0.0018642772920429707 0.002757517620921135 0.0027531771920621395 0.0022236427757889032 0.002088980283588171 0.0028051682747900486 0.004451983142644167 0.006617079023271799 0.008055131882429123 0.009259527549147606 0.014264204539358616 0.036714572459459305 0.13178065419197083 0.29181843996047974 0.0 0.0 0.0 0.0 0.0 0.0 0.0 0.0
0.47179263830184937 0.0012159071629866958 0.0005713532445952296 0.0005455167847685516 0.0008596855914220214 0.0014133062213659286 0.001535204821266234 0.0011421403614804149 0.0008133294759318233 0.0007524083484895527 0.0010876402957364917 0.0019030850380659103 0.002670836402103305 0.0027521660085767508 0.0023006622213870287 0.002109264023602009 0.002766014076769352 0.004474508110433817 0.006871811114251614 0.008517445996403694 0.009516624733805656 0.014614065177738667 0.03656219318509102 0.13053710758686066 0.29253971576690674 0.0 0.0 0.0 0.0 0.0 0.0 0.0
0.4679493308067322 0.0017038756050169468 0.0008132059592753649 0.0004973426111973822 0.0005185904446989298 0.0008716218289919198 0.0014125562738627195 0.0014717801241204143 0.001128643867559731 0.0007838386227376759 0.0007532177260145545 0.0009994648862630129 0.0017324978252872825 0.002612077398225665 0.002728742780163884 0.0022411439567804337 0.002079487545415759 0.002682408783584833 0.004422626458108425 0.007267791777849197 0.008303822949528694 0.009497259743511677 0.01443493366241455 0.03651602193713188 0.1292390078306198 0.29716333746910095 0.0 0.0 0.0 0.0 0.0 0.0
0.46775493025779724 0.001571605447679758 0.0012207902036607265 0.0006945669301785529 0.0004718756827060133 0.0005138951237313449 0.0008056741207838058 0.0012851558858528733 0.001482132589444518 0.0011039187666028738 0.0008026604191400111 0.000730611034668982 0.0009840402053669095 0.0016980186337605119 0.002601145999506116 0.0027050708886235952 0.0022357716225087643 0.002045633038505912 0.00273517076857388 0.004727432504296303 0.006770190317183733 0.008326619863510132 0.009414276108145714 0.014616025611758232 0.0370887853205204 0.13204127550125122 0.2933979034423828 0.0 0.0 0.0 0.0 0.0
0.46776083111763 0.0009572480339556932 0.0012691215379163623 0.0010713827796280384 0.0006804187432862818 0.0005016014911234379 0.0005159039283171296 0.0007985709817148745 0.0013563291868194938 0.0015170989790931344 0.0011621316662058234 0.0008349185227416456 0.0007025174563750625 0.0009907317580655217 0.0018045431934297085 0.002616048324853182 0.002757993759587407 0.002218603389337659 0.002090182388201356 0.0028410095255821943 0.004564986564218998 0.006790085230022669 0.008305449970066547 0.009471295401453972 0.01485246978700161 0.03772714361548424 0.13463665544986725 0.2890251576900482 0.0 0.0 0.0 0.0
0.46583133935928345 0.000533456273842603 0.0007867664098739624 0.0011189008364453912 0.0010106295812875032 0.0006687457207590342 0.00046518296585418284 0.0004833383427467197 0.0007970459992066026 0.001304598175920546 0.0015331725589931011 0.001160157029516995 0.0007819898892194033 0.0007455679005943239 0.0011172823142260313 0.0017536988016217947 0.002643088810145855 0.0027002913411706686 0.0022256290540099144 0.0021542415488511324 0.002759442897513509 0.004449637606739998 0.006758185103535652 0.008308039046823978 0.009406556375324726 0.014584270305931568 0.03792335093021393 0.1291426122188568 0.29667866230010986 0.0 0.0 0.0
0.46230363845825195 0.0004785866185557097 0.0004286060284357518 0.0007282897713594139 0.0010554357431828976 0.0009949923260137439 0.000635112461168319 0.0004396273288875818 0.000476309796795249 0.0007552183815278113 0.0012865995522588491 0.0014674824196845293 0.0010975620243698359 0.0007967399433255196 0.000759679009206593 0.0009937501745298505 0.001708739553578198 0.0025774016976356506 0.0027324557304382324 0.0022927362006157637 0.0021322760730981827 0.0027153710834681988 0.004426182713359594 0.006743151228874922 0.00830698013305664 0.009419823065400124 0.014791700057685375 0.037019409239292145 0.13404278457164764 0.296217143535614 0.0 0.0
0.4627784490585327 0.000758690177462995 0.00034812584635801613 0.0004072741430718452 0.0007015425944700837 0.0010590804740786552 0.0009542653569951653 0.0006332328775897622 0.00045347344712354243 0.0004576419887598604 0.0007614973583258688 0.0012617720058187842 0.0014224782353267074 0.0011184692848473787 0.000831521290820092 0.0007468655239790678 0.000983689446002245 0.0017014354234561324 0.0026168094482272863 0.002823518356308341 0.0022483617067337036 0.002072117989882827 0.002715954091399908 0.004481171723455191 0.006885587237775326 0.008424445986747742 0.009862626902759075 0.014940149150788784 0.03848020359873772 0.13270924985408783 0.29417821764945984 0.0
0.46319273114204407 0.0013562056701630354 0.000468887243187055 0.00032234686659649014 0.0003924984484910965 0.0006984740030020475 0.0009970739483833313 0.0009220485808327794 0.0006045536720193923 0.00041772564873099327 0.0004500129434745759 0.0007296548574231565 0.0012024666648358107 0.0013891342096030712 0.0011375764152035117 0.0007881682831794024 0.0007032462162896991 0.000954669900238514 0.0016989597352221608 0.0025547435507178307 0.0026437202468514442 0.0021589475218206644 0.0020211266819387674 0.002686880063265562 0.004434344358742237 0.006694299168884754 0.00845513865351677 0.009642919525504112 0.01624157279729843 0.0389404296875 0.13545405864715576 0.28947123885154724
