1.0 0.0 0.0 0.0 0.0 0.0 0.0 0.0 0.0 0.0 0.0 0.0 0.0 0.0 0.0 0.0 0.0 0.0 0.0 0.0 0.0 0.0 0.0 0.0 0.0 0.0 0.0 0.0 0.0 0.0 0.0 0.0
0.9767511487007141 0.02312454767525196 0.0 0.0 0.0 0.0 0.0 0.0 0.0 0.0 0.0 0.0 0.0 0.0 0.0 0.0 0.0 0.0 0.0 0.0 0.0 0.0 0.0 0.0 0.0 0.0 0.0 0.0 0.0 0.0 0.0 0.0
0.9196678996086121 0.055850349366664886 0.02434760332107544 0.0 0.0 0.0 0.0 0.0 0.0 0.0 0.0 0.0 0.0 0.0 0.0 0.0 0.0 0.0 0.0 0.0 0.0 0.0 0.0 0.0 0.0 0.0 0.0 0.0 0.0 0.0 0.0 0.0
0.8850306272506714 0.06118124723434448 0.026658281683921814 0.02699376828968525 0.0 0.0 0.0 0.0 0.0 0.0 0.0 0.0 0.0 0.0 0.0 0.0 0.0 0.0 0.0 0.0 0.0 0.0 0.0 0.0 0.0 0.0 0.0 0.0 0.0 0.0 0.0 0.0
0.8600674271583557 0.05854484811425209 0.028778808191418648 0.02573733776807785 0.02673960290849209 0.0 0.0 0.0 0.0 0.0 0.0 0.0 0.0 0.0 0.0 0.0 0.0 0.0 0.0 0.0 0.0 0.0 0.0 0.0 0.0 0.0 0.0 0.0 0.0 0.0 0.0 0.0
0.8427770137786865 0.05244240164756775 0.025960396975278854 0.02673129178583622 0.02550298348069191 0.026456227526068687 0.0 0.0 0.0 0.0 0.0 0.0 0.0 0.0 0.0 0.0 0.0 0.0 0.0 0.0 0.0 0.0 0.0 0.0 0.0 0.0 0.0 0.0 0.0 0.0 0.0 0.0
0.8306540846824646 0.046584781259298325 0.02094154618680477 0.024383576586842537 0.026243845000863075 0.025471605360507965 0.0255899615585804 0.0 0.0 0.0 0.0 0.0 0.0 0.0 0.0 0.0 0.0 0.0 0.0 0.0 0.0 0.0 0.0 0.0 0.0 0.0 0.0 0.0 0.0 0.0 0.0 0.0
0.819874107837677 0.04289749637246132 0.01791326515376568 0.020517311990261078 0.024253901094198227 0.02663116715848446 0.02384791150689125 0.02392851933836937 0.0 0.0 0.0 0.0 0.0 0.0 0.0 0.0 0.0 0.0 0.0 0.0 0.0 0.0 0.0 0.0 0.0 0.0 0.0 0.0 0.0 0.0 0.0 0.0
0.8116296529769897 0.0395858958363533 0.016169114038348198 0.017655450850725174 0.020745711401104927 0.024183882400393486 0.02368753030896187 0.02292410284280777 0.023282086476683617 0.0 0.0 0.0 0.0 0.0 0.0 0.0 0.0 0.0 0.0 0.0 0.0 0.0 0.0 0.0 0.0 0.0 0.0 0.0 0.0 0.0 0.0 0.0
0.8014943599700928 0.035922545939683914 0.01669810339808464 0.015564887784421444 0.018339626491069794 0.021821921691298485 0.022805985063314438 0.023115091025829315 0.02195984683930874 0.022145573049783707 0.0 0.0 0.0 0.0 0.0 0.0 0.0 0.0 0.0 0.0 0.0 0.0 0.0 0.0 0.0 0.0 0.0 0.0 0.0 0.0 0.0 0.0
0.7957867980003357 0.03219696506857872 0.014952952042222023 0.01478657592087984 0.015952659770846367 0.018002595752477646 0.020276695489883423 0.021986322477459908 0.022431042045354843 0.021145230159163475 0.02234468422830105 0.0 0.0 0.0 0.0 0.0 0.0 0.0 0.0 0.0 0.0 0.0 0.0 0.0 0.0 0.0 0.0 0.0 0.0 0.0 0.0 0.0
0.7848015427589417 0.030615873634815216 0.013806609436869621 0.014401771128177643 0.014987615868449211 0.01662362553179264 0.01797064207494259 0.02007102593779564 0.021426573395729065 0.02194315195083618 0.02127075381577015 0.021948188543319702 0.0 0.0 0.0 0.0 0.0 0.0 0.0 0.0 0.0 0.0 0.0 0.0 0.0 0.0 0.0 0.0 0.0 0.0 0.0 0.0
0.7781410217285156 0.02896743267774582 0.01246140617877245 0.013404612429440022 0.014313741587102413 0.01524753775447607 0.015972871333360672 0.01733248680830002 0.019562378525733948 0.02123696729540825 0.021487059071660042 0.0200033038854599 0.021732784807682037 0.0 0.0 0.0 0.0 0.0 0.0 0.0 0.0 0.0 0.0 0.0 0.0 0.0 0.0 0.0 0.0 0.0 0.0 0.0
0.7730270028114319 0.027319535613059998 0.011199434287846088 0.011967102065682411 0.01329037919640541 0.013950683176517487 0.014619618654251099 0.015285544097423553 0.016992373391985893 0.01879946142435074 0.020792437717318535 0.02129977196455002 0.020059073343873024 0.021259255707263947 0.0 0.0 0.0 0.0 0.0 0.0 0.0 0.0 0.0 0.0 0.0 0.0 0.0 0.0 0.0 0.0 0.0 0.0
0.7714826464653015 0.02548779919743538 0.010485445149242878 0.01075460109859705 0.011858301237225533 0.012807991355657578 0.013897664844989777 0.014585684053599834 0.014914242550730705 0.016436323523521423 0.018419167026877403 0.019612537696957588 0.019864270463585854 0.01851392164826393 0.020743027329444885 0.0 0.0 0.0 0.0 0.0 0.0 0.0 0.0 0.0 0.0 0.0 0.0 0.0 0.0 0.0 0.0 0.0
0.7679392695426941 0.02301189675927162 0.010419805534183979 0.010211776942014694 0.011090167798101902 0.011898080818355083 0.012882675044238567 0.013266313821077347 0.013725156895816326 0.014836452901363373 0.016385536640882492 0.017475496977567673 0.018945153802633286 0.019145602360367775 0.01824657991528511 0.020389065146446228 0.0 0.0 0.0 0.0 0.0 0.0 0.0 0.0 0.0 0.0 0.0 0.0 0.0 0.0 0.0 0.0
0.7602484822273254 0.020439255982637405 0.010198674164712429 0.010095248930156231 0.010583603754639626 0.011358082294464111 0.01233776193112135 0.013035430572926998 0.013801529072225094 0.014263690449297428 0.014621292240917683 0.015969587489962578 0.01726788841187954 0.018343234434723854 0.018982036039233208 0.01797468401491642 0.020343054085969925 0.0 0.0 0.0 0.0 0.0 0.0 0.0 0.0 0.0 0.0 0.0 0.0 0.0 0.0 0.0
0.7584889531135559 0.018004167824983597 0.009432091377675533 0.009840591810643673 0.010252313688397408 0.010188139043748379 0.010882820934057236 0.011693981476128101 0.01275067962706089 0.013286675326526165 0.013927727937698364 0.014132402837276459 0.015530647709965706 0.016854338347911835 0.018184196203947067 0.018555575981736183 0.018014639616012573 0.019843200221657753 0.0 0.0 0.0 0.0 0.0 0.0 0.0 0.0 0.0 0.0 0.0 0.0 0.0 0.0
0.7567971348762512 0.017060691490769386 0.008628138341009617 0.009215855970978737 0.009940864518284798 0.010023720562458038 0.010680611245334148 0.010522411204874516 0.01162349246442318 0.012652128003537655 0.013189690187573433 0.0130990631878376 0.013868275098502636 0.014354724436998367 0.01610228419303894 0.01759582757949829 0.017901092767715454 0.016844606027007103 0.019769102334976196 0.0 0.0 0.0 0.0 0.0 0.0 0.0 0.0 0.0 0.0 0.0 0.0 0.0
0.7540027499198914 0.01704447716474533 0.008082485757768154 0.00837711151689291 0.009369098581373692 0.009709220379590988 0.010204089805483818 0.009960473515093327 0.010635974816977978 0.011306948959827423 0.012153316289186478 0.012239811010658741 0.012681997381150723 0.012893017381429672 0.014075135812163353 0.015760846436023712 0.01757705584168434 0.016794687137007713 0.017254039645195007 0.019739627838134766 0.0 0.0 0.0 0.0 0.0 0.0 0.0 0.0 0.0 0.0 0.0 0.0
0.74769526720047 0.016925109550356865 0.008070454001426697 0.007959378883242607 0.008733686059713364 0.009193832986056805 0.009996284730732441 0.009847486391663551 0.01017855666577816 0.010909699834883213 0.011182818561792374 0.011447076685726643 0.01177394948899746 0.011950121261179447 0.012844367884099483 0.01419502217322588 0.015825338661670685 0.016073642298579216 0.017375899478793144 0.01767554134130478 0.020012792199850082 0.0 0.0 0.0 0.0 0.0 0.0 0.0 0.0 0.0 0.0 0.0
0.7476258873939514 0.01597241871058941 0.008178647607564926 0.007697451859712601 0.008152997121214867 0.00849268026649952 0.009266842156648636 0.009319756180047989 0.009415277279913425 0.009837644174695015 0.01012149453163147 0.010482294484972954 0.01109492126852274 0.011358271352946758 0.01190100982785225 0.012716082856059074 0.013898112811148167 0.014769409783184528 0.016285382211208344 0.017272762954235077 0.016824381425976753 0.01918230764567852 0.0 0.0 0.0 0.0 0.0 0.0 0.0 0.0 0.0 0.0
0.7463101148605347 0.015196309424936771 0.008046401664614677 0.00827831495553255 0.008192986249923706 0.008231725543737411 0.008601547218859196 0.00870458036661148 0.00902768224477768 0.009093447588384151 0.009790011681616306 0.00979667343199253 0.01052145380526781 0.010611078701913357 0.011199678294360638 0.011534820310771465 0.01218410860747099 0.01262722723186016 0.01426762342453003 0.015883587300777435 0.016131358221173286 0.016520654782652855 0.019115734845399857 0.0 0.0 0.0 0.0 0.0 0.0 0.0 0.0 0.0
0.7445924878120422 0.014281519688665867 0.007239676546305418 0.007520144339650869 0.008159111253917217 0.008153253234922886 0.008949752897024155 0.008340737782418728 0.008438726887106895 0.008785925805568695 0.009470397606492043 0.009007217362523079 0.009241461753845215 0.010130624286830425 0.010515437461435795 0.011056550778448582 0.011208688840270042 0.011318582110106945 0.012557796202600002 0.014584933407604694 0.015616466291248798 0.01586499623954296 0.016082605347037315 0.01875084824860096 0.0 0.0 0.0 0.0 0.0 0.0 0.0 0.0
0.7394156455993652 0.014694326557219028 0.006692179944366217 0.007285093888640404 0.008116708137094975 0.008204413577914238 0.008577014319598675 0.008003159426152706 0.008147547021508217 0.008382630534470081 0.008980396203696728 0.008713989518582821 0.00880900863558054 0.010046681389212608 0.010127163492143154 0.010239221155643463 0.010839475318789482 0.010565588250756264 0.011102638207376003 0.012555962428450584 0.013993953354656696 0.015196993947029114 0.015708358958363533 0.016447879374027252 0.019027981907129288 0.0 0.0 0.0 0.0 0.0 0.0 0.0
0.7398844361305237 0.015239482745528221 0.006047803908586502 0.006302769295871258 0.0075797224417328835 0.007826389744877815 0.008068556897342205 0.007658699993044138 0.007498698774725199 0.008145390078425407 0.008543970994651318 0.008334352634847164 0.008563565090298653 0.008500751107931137 0.009086471982300282 0.00946026761084795 0.010161974467337132 0.01016543060541153 0.0104754026979208 0.011392403393983841 0.012143494561314583 0.013508155941963196 0.014922142028808594 0.015574521385133266 0.016362324357032776 0.018372315913438797 0.0 0.0 0.0 0.0 0.0 0.0
0.7318978309631348 0.016230950132012367 0.006252739578485489 0.005937064066529274 0.0070741749368608 0.007525123190134764 0.00808888953179121 0.007709769066423178 0.007966099306941032 0.0077614556066691875 0.00824323482811451 0.008017105981707573 0.00830605998635292 0.008202431723475456 0.008540612645447254 0.008946572430431843 0.009780490770936012 0.009715517982840538 0.010081994347274303 0.010714955627918243 0.010965046472847462 0.012026994489133358 0.013461096212267876 0.014945044182240963 0.016440600156784058 0.0165790393948555 0.01840955950319767 0.0 0.0 0.0 0.0 0.0
0.7326916456222534 0.015065749175846577 0.0067105041816830635 0.0059193517081439495 0.006496796850115061 0.0067227547988295555 0.00715302862226963 0.007285918574780226 0.007316861301660538 0.007286766078323126 0.007290444802492857 0.007445582188665867 0.007826119661331177 0.007882803678512573 0.008147025480866432 0.008231914602220058 0.00874257180839777 0.008947248570621014 0.0096516078338027 0.010130667127668858 0.010384663008153439 0.01067427173256874 0.011952224187552929 0.013490166515111923 0.015191198326647282 0.015581319108605385 0.01687171496450901 0.01872912235558033 0.0 0.0 0.0 0.0
0.7249687910079956 0.013813151977956295 0.0072015877813100815 0.006369719281792641 0.006473623216152191 0.006499466020613909 0.007147883530706167 0.0071105556562542915 0.0076613337732851505 0.007684408687055111 0.007979054935276508 0.007275394629687071 0.007522441912442446 0.007596579845994711 0.007965241558849812 0.008005592040717602 0.008220832794904709 0.008250256069004536 0.0090164914727211 0.01034870371222496 0.009908304549753666 0.010057174600660801 0.010785229504108429 0.012059224769473076 0.013550028204917908 0.015240063890814781 0.016716795042157173 0.0161270909011364 0.018267948180437088 0.0 0.0 0.0
0.7312849760055542 0.01114625297486782 0.006574761588126421 0.006432428024709225 0.006582128349691629 0.006190690211951733 0.006299691274762154 0.006419880781322718 0.007069314830005169 0.007162533700466156 0.007267265114933252 0.006847638636827469 0.007027766201645136 0.007103325799107552 0.007427327334880829 0.007576008327305317 0.007811019197106361 0.007765165530145168 0.008195890113711357 0.009039044380187988 0.009294887073338032 0.009667000733315945 0.01015622727572918 0.010557369329035282 0.01171352993696928 0.01345068123191595 0.015113458037376404 0.015335122123360634 0.01541269849985838 0.017895208671689034 0.0 0.0
0.7279024124145508 0.009739250876009464 0.005702517926692963 0.006334888748824596 0.00715619558468461 0.006579769309610128 0.0064989784732460976 0.006023863796144724 0.006399860139936209 0.006876497063785791 0.0072191497310996056 0.006926927715539932 0.0070442198775708675 0.006962475832551718 0.007262253202497959 0.0075888787396252155 0.007533762138336897 0.007383245509117842 0.0077941156923770905 0.00844530574977398 0.008752021007239819 0.009328643791377544 0.009857657365500927 0.009962145239114761 0.010492386296391487 0.01147197000682354 0.013337071985006332 0.014492299407720566 0.015207581222057343 0.015525386668741703 0.018021663650870323 0.0
0.7253499627113342 0.01010475866496563 0.004960698075592518 0.005599897354841232 0.006844806019216776 0.007215182296931744 0.007046636659651995 0.0065038432367146015 0.006424291990697384 0.00691022677347064 0.006952006835490465 0.006839842069894075 0.007251325063407421 0.006940880790352821 0.006927111651748419 0.00692777382209897 0.007095894776284695 0.007073576096445322 0.007509725168347359 0.007841156795620918 0.008023316971957684 0.008654696866869926 0.008847651071846485 0.009488126263022423 0.010016582906246185 0.01015597116202116 0.011525915004312992 0.012735401280224323 0.014384749345481396 0.01489664800465107 0.015302205458283424 0.01747323013842106
