1.0 0.0 0.0 0.0 0.0 0.0 0.0 0.0 0.0 0.0 0.0 0.0 0.0 0.0 0.0 0.0 0.0 0.0 0.0 0.0 0.0 0.0 0.0 0.0 0.0 0.0 0.0 0.0 0.0 0.0 0.0 0.0
0.9743746519088745 0.02553105726838112 0.0 0.0 0.0 0.0 0.0 0.0 0.0 0.0 0.0 0.0 0.0 0.0 0.0 0.0 0.0 0.0 0.0 0.0 0.0 0.0 0.0 0.0 0.0 0.0 0.0 0.0 0.0 0.0 0.0 0.0
0.9548481106758118 0.017921101301908493 0.02709007076919079 0.0 0.0 0.0 0.0 0.0 0.0 0.0 0.0 0.0 0.0 0.0 0.0 0.0 0.0 0.0 0.0 0.0 0.0 0.0 0.0 0.0 0.0 0.0 0.0 0.0 0.0 0.0 0.0 0.0
0.9356260299682617 0.022942937910556793 0.016773488372564316 0.024524586275219917 0.0 0.0 0.0 0.0 0.0 0.0 0.0 0.0 0.0 0.0 0.0 0.0 0.0 0.0 0.0 0.0 0.0 0.0 0.0 0.0 0.0 0.0 0.0 0.0 0.0 0.0 0.0 0.0
0.9087393879890442 0.026402579620480537 0.025912191718816757 0.015781046822667122 0.023034842684864998 0.0 0.0 0.0 0.0 0.0 0.0 0.0 0.0 0.0 0.0 0.0 0.0 0.0 0.0 0.0 0.0 0.0 0.0 0.0 0.0 0.0 0.0 0.0 0.0 0.0 0.0 0.0
0.8850086331367493 0.025121571496129036 0.030058709904551506 0.02239787019789219 0.014551526866853237 0.022727113217115402 0.0 0.0 0.0 0.0 0.0 0.0 0.0 0.0 0.0 0.0 0.0 0.0 0.0 0.0 0.0 0.0 0.0 0.0 0.0 0.0 0.0 0.0 0.0 0.0 0.0 0.0
0.862125813961029 0.023621927946805954 0.03111785650253296 0.027346163988113403 0.020462073385715485 0.013877599500119686 0.021321170032024384 0.0 0.0 0.0 0.0 0.0 0.0 0.0 0.0 0.0 0.0 0.0 0.0 0.0 0.0 0.0 0.0 0.0 0.0 0.0 0.0 0.0 0.0 0.0 0.0 0.0
0.8420827984809875 0.02349400706589222 0.02803686261177063 0.028628747910261154 0.02512260153889656 0.018776141107082367 0.012844265438616276 0.02087550237774849 0.0 0.0 0.0 0.0 0.0 0.0 0.0 0.0 0.0 0.0 0.0 0.0 0.0 0.0 0.0 0.0 0.0 0.0 0.0 0.0 0.0 0.0 0.0 0.0
0.8291051387786865 0.021017365157604218 0.02564593218266964 0.026336682960391045 0.02615738846361637 0.023372599855065346 0.016431761905550957 0.01214621588587761 0.019651668146252632 0.0 0.0 0.0 0.0 0.0 0.0 0.0 0.0 0.0 0.0 0.0 0.0 0.0 0.0 0.0 0.0 0.0 0.0 0.0 0.0 0.0 0.0 0.0
0.8113188743591309 0.020527154207229614 0.025603273883461952 0.024519439786672592 0.025462767109274864 0.0248678270727396 0.02065560780465603 0.015481585636734962 0.011693727225065231 0.019742649048566818 0.0 0.0 0.0 0.0 0.0 0.0 0.0 0.0 0.0 0.0 0.0 0.0 0.0 0.0 0.0 0.0 0.0 0.0 0.0 0.0 0.0 0.0
0.7935184240341187 0.02028515376150608 0.0259068813174963 0.024240728467702866 0.02425442263484001 0.023285631090402603 0.022735262289643288 0.01953662559390068 0.014855905435979366 0.011386930011212826 0.019858069717884064 0.0 0.0 0.0 0.0 0.0 0.0 0.0 0.0 0.0 0.0 0.0 0.0 0.0 0.0 0.0 0.0 0.0 0.0 0.0 0.0 0.0
0.7809191346168518 0.01934759132564068 0.024668574333190918 0.024266613647341728 0.023130133748054504 0.022096896544098854 0.020813724026083946 0.02088690735399723 0.018867062404751778 0.014383390545845032 0.011136595159769058 0.019354363903403282 0.0 0.0 0.0 0.0 0.0 0.0 0.0 0.0 0.0 0.0 0.0 0.0 0.0 0.0 0.0 0.0 0.0 0.0 0.0 0.0
0.7633211612701416 0.019369926303625107 0.02300102263689041 0.02461748756468296 0.023166045546531677 0.02122730389237404 0.019849034026265144 0.020298196002840996 0.021205784752964973 0.019213451072573662 0.014519971795380116 0.011012831702828407 0.019057830795645714 0.0 0.0 0.0 0.0 0.0 0.0 0.0 0.0 0.0 0.0 0.0 0.0 0.0 0.0 0.0 0.0 0.0 0.0 0.0
0.7502486109733582 0.018418261781334877 0.022707656025886536 0.023161744698882103 0.022407565265893936 0.020969416946172714 0.019799668341875076 0.01953369751572609 0.02130451239645481 0.01977577805519104 0.017827946692705154 0.014216683804988861 0.010581625625491142 0.018912391737103462 0.0 0.0 0.0 0.0 0.0 0.0 0.0 0.0 0.0 0.0 0.0 0.0 0.0 0.0 0.0 0.0 0.0 0.0
0.7421776652336121 0.016686907038092613 0.020618801936507225 0.021573811769485474 0.022078881040215492 0.021151628345251083 0.019604956731200218 0.0193623099476099 0.019208334386348724 0.018916504457592964 0.01901642419397831 0.017312821000814438 0.013075051829218864 0.010431559756398201 0.018653616309165955 0.0 0.0 0.0 0.0 0.0 0.0 0.0 0.0 0.0 0.0 0.0 0.0 0.0 0.0 0.0 0.0 0.0
0.7286304831504822 0.015716727823019028 0.020451068878173828 0.02057926543056965 0.02141672372817993 0.02068965695798397 0.020839225500822067 0.0193500816822052 0.018064910545945168 0.018367525190114975 0.019099609926342964 0.019212178885936737 0.016382278874516487 0.013335815630853176 0.010119844228029251 0.017608242109417915 0.0 0.0 0.0 0.0 0.0 0.0 0.0 0.0 0.0 0.0 0.0 0.0 0.0 0.0 0.0 0.0
0.7177186608314514 0.014765482395887375 0.01995788887143135 0.020346814766526222 0.019657690078020096 0.019567294046282768 0.019461996853351593 0.018994919955730438 0.01873084530234337 0.017663499340415 0.018099762499332428 0.0193575918674469 0.018218914046883583 0.01676343008875847 0.012841482646763325 0.009878367185592651 0.01784522645175457 0.0 0.0 0.0 0.0 0.0 0.0 0.0 0.0 0.0 0.0 0.0 0.0 0.0 0.0 0.0
0.7053811550140381 0.01392396166920662 0.018852129578590393 0.019516553729772568 0.01914198510348797 0.018534600734710693 0.018595868721604347 0.018996087834239006 0.01985836587846279 0.018162501975893974 0.01805051974952221 0.017991309985518456 0.018686601892113686 0.01878073625266552 0.015552948229014874 0.012212068773806095 0.009839088656008244 0.017788177356123924 0.0 0.0 0.0 0.0 0.0 0.0 0.0 0.0 0.0 0.0 0.0 0.0 0.0 0.0
0.6974865794181824 0.01334911398589611 0.017559435218572617 0.019169557839632034 0.01924220286309719 0.018380790948867798 0.017470568418502808 0.017902137711644173 0.018420657142996788 0.018113981932401657 0.01865675114095211 0.017746591940522194 0.0172229316085577 0.017851879820227623 0.016997061669826508 0.014959481544792652 0.011654987931251526 0.009228573180735111 0.018453212454915047 0.0 0.0 0.0 0.0 0.0 0.0 0.0 0.0 0.0 0.0 0.0 0.0 0.0
0.690987229347229 0.013637569732964039 0.016529787331819534 0.01816028170287609 0.018661202862858772 0.01801902987062931 0.017264164984226227 0.017159515991806984 0.016993679106235504 0.01789921149611473 0.01821875013411045 0.018585965037345886 0.016937993466854095 0.01660470850765705 0.016962509602308273 0.016070881858468056 0.014552057720720768 0.011074192821979523 0.009147575125098228 0.016398891806602478 0.0 0.0 0.0 0.0 0.0 0.0 0.0 0.0 0.0 0.0 0.0 0.0
0.6806612014770508 0.013756251893937588 0.016265081241726875 0.016898488625884056 0.018335232511162758 0.01769540086388588 0.01734062470495701 0.016600143164396286 0.016467096284031868 0.0172867514193058 0.01779968850314617 0.01777067966759205 0.01726236194372177 0.016731105744838715 0.016631806269288063 0.016009943559765816 0.015982331708073616 0.013696580193936825 0.011377949267625809 0.008736345916986465 0.01655462756752968 0.0 0.0 0.0 0.0 0.0 0.0 0.0 0.0 0.0 0.0 0.0
0.6683864593505859 0.013646433129906654 0.017014460638165474 0.01696743071079254 0.017718978226184845 0.01718955487012863 0.01688024401664734 0.0167605672031641 0.016410622745752335 0.01667662337422371 0.017082877457141876 0.017535526305437088 0.0171890277415514 0.01763354055583477 0.01617024838924408 0.01623762771487236 0.016004296019673347 0.01518980786204338 0.0140169532969594 0.01046172808855772 0.008624300360679626 0.016068199649453163 0.0 0.0 0.0 0.0 0.0 0.0 0.0 0.0 0.0 0.0
0.6600441336631775 0.012942240573465824 0.01716792583465576 0.01807810179889202 0.01727285608649254 0.016985878348350525 0.015552552416920662 0.01619047299027443 0.016062308102846146 0.01585550047457218 0.016620732843875885 0.01713750883936882 0.017634110525250435 0.017220018431544304 0.01667501963675022 0.015911005437374115 0.015568272210657597 0.015019076876342297 0.014924823306500912 0.01279057003557682 0.010038644075393677 0.008500619791448116 0.015668734908103943 0.0 0.0 0.0 0.0 0.0 0.0 0.0 0.0 0.0
0.6541599631309509 0.012211671099066734 0.01641617901623249 0.017747674137353897 0.016388552263379097 0.01596653275191784 0.014990532770752907 0.015639886260032654 0.015775730833411217 0.015603027306497097 0.01624816656112671 0.016268201172351837 0.016764720901846886 0.01739039644598961 0.016458377242088318 0.016135619953274727 0.015568075701594353 0.01486874558031559 0.015255087986588478 0.014163103885948658 0.012114000506699085 0.009874708019196987 0.008237810805439949 0.01562238298356533 0.0 0.0 0.0 0.0 0.0 0.0 0.0 0.0
0.6465098857879639 0.01251206360757351 0.015535210259258747 0.017183704301714897 0.016698211431503296 0.01618179678916931 0.014741005375981331 0.014777114614844322 0.01537479367107153 0.015794051811099052 0.016026286408305168 0.015748068690299988 0.01541937980800867 0.018026836216449738 0.016385186463594437 0.01566026546061039 0.015502884984016418 0.014614635147154331 0.014673708006739616 0.014411117881536484 0.01350840087980032 0.011716020293533802 0.009521880187094212 0.00799412652850151 0.01535146962851286 0.0 0.0 0.0 0.0 0.0 0.0 0.0
0.6385813355445862 0.012287857942283154 0.015106874518096447 0.01646360196173191 0.016233740374445915 0.015787271782755852 0.014813187532126904 0.014130273833870888 0.014972923323512077 0.015207171440124512 0.01566670648753643 0.016110416501760483 0.015410439111292362 0.01615225523710251 0.015830738469958305 0.0156569741666317 0.01562563329935074 0.015051980502903461 0.014902371913194656 0.014417496509850025 0.013754119165241718 0.013201301917433739 0.011508406139910221 0.009466036222875118 0.008016937412321568 0.0154623007401824 0.0 0.0 0.0 0.0 0.0 0.0
0.6363821625709534 0.012839714996516705 0.014202958904206753 0.015014355070888996 0.015648849308490753 0.015502781607210636 0.014821899123489857 0.014467923901975155 0.014285501092672348 0.014518609270453453 0.015080898068845272 0.015367613174021244 0.015089168213307858 0.015131641179323196 0.014978168532252312 0.014624159783124924 0.015552816912531853 0.015084106475114822 0.014770504087209702 0.013933880254626274 0.013544049113988876 0.013181804679334164 0.012783410027623177 0.011261718347668648 0.00927962176501751 0.007874291390180588 0.014604019932448864 0.0 0.0 0.0 0.0 0.0
0.6227593421936035 0.012758728116750717 0.014742202125489712 0.014586977660655975 0.01441450696438551 0.014854894950985909 0.014743559993803501 0.014399043284356594 0.014018991962075233 0.013871531002223492 0.014646252617239952 0.015274353325366974 0.015446875244379044 0.016120491549372673 0.01609649695456028 0.014687675051391125 0.01537864189594984 0.015220873057842255 0.015544144436717033 0.014486805535852909 0.01360174361616373 0.013277360238134861 0.013064957223832607 0.012682788074016571 0.011814864352345467 0.008960573934018612 0.0076516433618962765 0.014714865945279598 0.0 0.0 0.0 0.0
0.6179824471473694 0.011892197653651237 0.015205117873847485 0.014754177071154118 0.014078902080655098 0.01396067626774311 0.014253700152039528 0.01416107639670372 0.014508235268294811 0.014324634335935116 0.014593955129384995 0.014603352174162865 0.014668487012386322 0.015371495857834816 0.015095507726073265 0.014989304356276989 0.014272657223045826 0.014209533110260963 0.015552151948213577 0.01448030024766922 0.013835994526743889 0.013184512965381145 0.012930112890899181 0.012732102535665035 0.012272953987121582 0.011105827055871487 0.008852096274495125 0.0076205553486943245 0.014328531920909882 0.0 0.0 0.0
0.6085379123687744 0.010815916582942009 0.01457518246024847 0.015185234136879444 0.014229685999453068 0.013697859831154346 0.013436462730169296 0.013970725238323212 0.014683344401419163 0.014659407548606396 0.014335811138153076 0.014773399569094181 0.014235235750675201 0.015966350212693214 0.015186008997261524 0.014693772420287132 0.014337186701595783 0.014241516590118408 0.014765367843210697 0.014781305566430092 0.013861340470612049 0.013263064436614513 0.013130608014762402 0.012800815515220165 0.012710119597613811 0.012121133506298065 0.01052046101540327 0.008557097986340523 0.0072536407969892025 0.014496293850243092 0.0 0.0
0.6052786111831665 0.009822910651564598 0.013464567251503468 0.01484293956309557 0.014765867963433266 0.013392429798841476 0.012666747905313969 0.01322956569492817 0.01394557487219572 0.01482421439141035 0.014613185077905655 0.01476063672453165 0.013751985505223274 0.014143796637654305 0.014446878805756569 0.014535686001181602 0.014448866248130798 0.013890184462070465 0.01392422430217266 0.014052009209990501 0.014008886180818081 0.013820476830005646 0.013224473223090172 0.012903887778520584 0.01249085832387209 0.012272968888282776 0.011892933398485184 0.010335525497794151 0.008429770357906818 0.007334332447499037 0.014310965314507484 0.0
0.5980912446975708 0.010418112389743328 0.01250797975808382 0.014294506050646305 0.014896550215780735 0.014160707592964172 0.012862239964306355 0.012783938087522984 0.013537534512579441 0.014320177026093006 0.014568370766937733 0.01454936619848013 0.01401341613382101 0.014455793425440788 0.014191588386893272 0.013990309089422226 0.014145463705062866 0.01432187668979168 0.01425248570740223 0.013507197611033916 0.013154583983123302 0.01325507927685976 0.013343430124223232 0.012660153210163116 0.01253561582416296 0.011942030861973763 0.011897128075361252 0.011458389461040497 0.010051649995148182 0.008237739093601704 0.007172935642302036 0.014246809296309948
