1.0 0.0 0.0 0.0 0.0 0.0 0.0 0.0 0.0 0.0 0.0 0.0 0.0 0.0 0.0 0.0 0.0 0.0 0.0 0.0 0.0 0.0 0.0 0.0 0.0 0.0 0.0 0.0 0.0 0.0 0.0 0.0
0.9590124487876892 0.04083046317100525 0.0 0.0 0.0 0.0 0.0 0.0 0.0 0.0 0.0 0.0 0.0 0.0 0.0 0.0 0.0 0.0 0.0 0.0 0.0 0.0 0.0 0.0 0.0 0.0 0.0 0.0 0.0 0.0 0.0 0.0
0.9264069199562073 0.03278407081961632 0.04067627713084221 0.0 0.0 0.0 0.0 0.0 0.0 0.0 0.0 0.0 0.0 0.0 0.0 0.0 0.0 0.0 0.0 0.0 0.0 0.0 0.0 0.0 0.0 0.0 0.0 0.0 0.0 0.0 0.0 0.0
0.900664210319519 0.023553140461444855 0.035138603299856186 0.0405101403594017 0.0 0.0 0.0 0.0 0.0 0.0 0.0 0.0 0.0 0.0 0.0 0.0 0.0 0.0 0.0 0.0 0.0 0.0 0.0 0.0 0.0 0.0 0.0 0.0 0.0 0.0 0.0 0.0
0.8767426609992981 0.019440840929746628 0.025514667853713036 0.036364953964948654 0.041799429804086685 0.0 0.0 0.0 0.0 0.0 0.0 0.0 0.0 0.0 0.0 0.0 0.0 0.0 0.0 0.0 0.0 0.0 0.0 0.0 0.0 0.0 0.0 0.0 0.0 0.0 0.0 0.0
0.861664891242981 0.018020177260041237 0.020118525251746178 0.023899082094430923 0.03543239086866379 0.04073237627744675 0.0 0.0 0.0 0.0 0.0 0.0 0.0 0.0 0.0 0.0 0.0 0.0 0.0 0.0 0.0 0.0 0.0 0.0 0.0 0.0 0.0 0.0 0.0 0.0 0.0 0.0
0.8507795333862305 0.018045037984848022 0.017130358144640923 0.01944659650325775 0.022748472169041634 0.033949341624975204 0.03777199611067772 0.0 0.0 0.0 0.0 0.0 0.0 0.0 0.0 0.0 0.0 0.0 0.0 0.0 0.0 0.0 0.0 0.0 0.0 0.0 0.0 0.0 0.0 0.0 0.0 0.0
0.8399887084960938 0.015153417363762856 0.015925193205475807 0.015870079398155212 0.018892038613557816 0.02255844883620739 0.03117794170975685 0.040302976965904236 0.0 0.0 0.0 0.0 0.0 0.0 0.0 0.0 0.0 0.0 0.0 0.0 0.0 0.0 0.0 0.0 0.0 0.0 0.0 0.0 0.0 0.0 0.0 0.0
0.832617998123169 0.012198885902762413 0.014432697556912899 0.014585668221116066 0.016079891473054886 0.016854753717780113 0.021599164232611656 0.03466620296239853 0.03683670237660408 0.0 0.0 0.0 0.0 0.0 0.0 0.0 0.0 0.0 0.0 0.0 0.0 0.0 0.0 0.0 0.0 0.0 0.0 0.0 0.0 0.0 0.0 0.0
0.8264992237091064 0.011276586912572384 0.012332349084317684 0.012532438151538372 0.012654558755457401 0.013439993374049664 0.016114624217152596 0.021742675453424454 0.0338112972676754 0.03946129232645035 0.0 0.0 0.0 0.0 0.0 0.0 0.0 0.0 0.0 0.0 0.0 0.0 0.0 0.0 0.0 0.0 0.0 0.0 0.0 0.0 0.0 0.0
0.8286927342414856 0.008531631901860237 0.011914587579667568 0.011178575456142426 0.010719097219407558 0.01093144528567791 0.012002739124000072 0.01641925610601902 0.022614244371652603 0.03059692494571209 0.036263350397348404 0.0 0.0 0.0 0.0 0.0 0.0 0.0 0.0 0.0 0.0 0.0 0.0 0.0 0.0 0.0 0.0 0.0 0.0 0.0 0.0 0.0
0.818748414516449 0.008883384987711906 0.010631045326590538 0.011349029839038849 0.009931961074471474 0.010229101404547691 0.011050233617424965 0.014621519483625889 0.01713654212653637 0.02008238434791565 0.030467091128230095 0.036734964698553085 0.0 0.0 0.0 0.0 0.0 0.0 0.0 0.0 0.0 0.0 0.0 0.0 0.0 0.0 0.0 0.0 0.0 0.0 0.0 0.0
0.7995222806930542 0.010870546102523804 0.010894497856497765 0.010505872778594494 0.00944789033383131 0.009997596964240074 0.010201833210885525 0.014011510647833347 0.01466420292854309 0.014812082052230835 0.020806849002838135 0.03483882173895836 0.039295218884944916 0.0 0.0 0.0 0.0 0.0 0.0 0.0 0.0 0.0 0.0 0.0 0.0 0.0 0.0 0.0 0.0 0.0 0.0 0.0
0.8163971900939941 0.006457979325205088 0.009774145670235157 0.009684739634394646 0.008312604390084743 0.008815335109829903 0.009015453048050404 0.009850111790001392 0.010339267551898956 0.011721157468855381 0.014510992914438248 0.020087912678718567 0.02876318246126175 0.03614035248756409 0.0 0.0 0.0 0.0 0.0 0.0 0.0 0.0 0.0 0.0 0.0 0.0 0.0 0.0 0.0 0.0 0.0 0.0
0.8082916736602783 0.006067030597478151 0.008963435888290405 0.009053021669387817 0.008361147716641426 0.008046579547226429 0.00915097538381815 0.009161616675555706 0.009470168501138687 0.010362857952713966 0.012390688061714172 0.015331280417740345 0.01956235058605671 0.030492674559354782 0.03516104444861412 0.0 0.0 0.0 0.0 0.0 0.0 0.0 0.0 0.0 0.0 0.0 0.0 0.0 0.0 0.0 0.0 0.0
0.8032673597335815 0.0061282748356461525 0.00810651108622551 0.008063467219471931 0.007474890444427729 0.00808294489979744 0.007826623506844044 0.01005444023758173 0.009193703532218933 0.0090760113671422 0.009932550601661205 0.011809424497187138 0.015021121129393578 0.01943092793226242 0.02814691700041294 0.03825651481747627 0.0 0.0 0.0 0.0 0.0 0.0 0.0 0.0 0.0 0.0 0.0 0.0 0.0 0.0 0.0 0.0
0.7918220162391663 0.005582103971391916 0.007616673596203327 0.007733482401818037 0.007427945267409086 0.008226684294641018 0.00768314441666007 0.009338431991636753 0.008526504971086979 0.008895297534763813 0.011555129662156105 0.010872460901737213 0.012190505862236023 0.015628188848495483 0.02000194974243641 0.031117163598537445 0.03564578294754028 0.0 0.0 0.0 0.0 0.0 0.0 0.0 0.0 0.0 0.0 0.0 0.0 0.0 0.0 0.0
0.7920845150947571 0.005421222187578678 0.007614574860781431 0.00767912995070219 0.007054348010569811 0.008067232556641102 0.0073030730709433556 0.008154792711138725 0.0076858364045619965 0.007888124324381351 0.009545472450554371 0.011371149681508541 0.009597912430763245 0.012306487187743187 0.014129959046840668 0.020183589309453964 0.02954336628317833 0.0342358835041523 0.0 0.0 0.0 0.0 0.0 0.0 0.0 0.0 0.0 0.0 0.0 0.0 0.0 0.0
0.7894555330276489 0.005184539593756199 0.007287605199962854 0.007664156146347523 0.00683025224134326 0.007146397605538368 0.006558539345860481 0.007871550507843494 0.007061340846121311 0.007512282580137253 0.008636641316115856 0.011309356428682804 0.008518320508301258 0.00971194077283144 0.011372635141015053 0.016344886273145676 0.018824856728315353 0.02794705703854561 0.03462936356663704 0.0 0.0 0.0 0.0 0.0 0.0 0.0 0.0 0.0 0.0 0.0 0.0 0.0
0.7816737294197083 0.005031638778746128 0.006852043326944113 0.007005629129707813 0.006470433436334133 0.007056967355310917 0.0068232351914048195 0.012077935971319675 0.006920920219272375 0.007344492245465517 0.008298464119434357 0.0086751040071249 0.008417245000600815 0.008921854197978973 0.009603554382920265 0.012213796377182007 0.01377905160188675 0.018832704052329063 0.02981177344918251 0.034053340554237366 0.0 0.0 0.0 0.0 0.0 0.0 0.0 0.0 0.0 0.0 0.0 0.0
0.784663736820221 0.005073701962828636 0.007361731957644224 0.006769753992557526 0.006423978600651026 0.006786725949496031 0.006517801899462938 0.006578824948519468 0.006667115725576878 0.007040777709335089 0.007683153729885817 0.008303037844598293 0.007530739065259695 0.008627747185528278 0.008493860252201557 0.010059925727546215 0.010831968858838081 0.013785951770842075 0.019097497686743736 0.02774667739868164 0.0338158905506134 0.0 0.0 0.0 0.0 0.0 0.0 0.0 0.0 0.0 0.0 0.0
0.7798454761505127 0.004840099718421698 0.00738715473562479 0.007682689465582371 0.00638423440977931 0.006316003855317831 0.0063013178296387196 0.006384554784744978 0.006331410724669695 0.006621785927563906 0.007585746236145496 0.007860159501433372 0.007175754755735397 0.008045395836234093 0.008476622402668 0.009131006896495819 0.008936682716012001 0.01137095969170332 0.014127468690276146 0.018346667289733887 0.02690339833498001 0.033811818808317184 0.0 0.0 0.0 0.0 0.0 0.0 0.0 0.0 0.0 0.0
0.7754908800125122 0.004473512526601553 0.0066700768657028675 0.007471569813787937 0.006199555937200785 0.006066381931304932 0.006247791461646557 0.006622752640396357 0.0063825189135968685 0.006543080788105726 0.007581884972751141 0.007564243860542774 0.0072615365497767925 0.008176899515092373 0.008672952651977539 0.008030802011489868 0.008220486342906952 0.009218382649123669 0.01081409864127636 0.013783954083919525 0.018050024285912514 0.026235071942210197 0.034088049083948135 0.0 0.0 0.0 0.0 0.0 0.0 0.0 0.0 0.0
0.7729441523551941 0.004248461686074734 0.006340725347399712 0.006545898970216513 0.006228497717529535 0.0064798519015312195 0.005686118733137846 0.006322815548628569 0.005810089409351349 0.006380548235028982 0.007612376939505339 0.007351864594966173 0.006751818582415581 0.00814867950975895 0.007697293069213629 0.007322930730879307 0.0075378092005848885 0.008477981202304363 0.009025917388498783 0.01074428204447031 0.01319621130824089 0.017753612250089645 0.027164140716195107 0.03409596160054207 0.0 0.0 0.0 0.0 0.0 0.0 0.0 0.0
0.7619267106056213 0.004578541964292526 0.007442173548042774 0.006819581612944603 0.0059285941533744335 0.005704803392291069 0.006183568853884935 0.006087213754653931 0.00604895269498229 0.0063851685263216496 0.007728166878223419 0.00793362408876419 0.006916197948157787 0.008772899396717548 0.006983243394643068 0.0073293643072247505 0.007204254623502493 0.008548841811716557 0.008010468445718288 0.009353241883218288 0.010434674099087715 0.01329366397112608 0.018294550478458405 0.027148189023137093 0.03481020778417587 0.0 0.0 0.0 0.0 0.0 0.0 0.0
0.7640451192855835 0.004276605322957039 0.006126814987510443 0.006024064961820841 0.005625298712402582 0.006014818325638771 0.005726950243115425 0.00883670337498188 0.006190290208905935 0.005968259647488594 0.007064228877425194 0.006315390579402447 0.006181944627314806 0.00755413668230176 0.006876692175865173 0.0068955388851463795 0.0068547665141522884 0.007514376658946276 0.00833769328892231 0.007957199588418007 0.008846293203532696 0.010542779229581356 0.013789502903819084 0.017729811370372772 0.026417642831802368 0.0321059376001358 0.0 0.0 0.0 0.0 0.0 0.0
0.7573106288909912 0.004063782747834921 0.006102817133069038 0.00595003692433238 0.0054079387336969376 0.0052717747166752815 0.006345290224999189 0.00614275224506855 0.006151561159640551 0.005920921918004751 0.0066537088714540005 0.007683172821998596 0.006704936269670725 0.00796862505376339 0.007458657957613468 0.006768654566258192 0.006425854284316301 0.007051256485283375 0.007456837687641382 0.007429072633385658 0.0076970867812633514 0.008711126632988453 0.010906882584095001 0.013761848211288452 0.01897384040057659 0.026135437190532684 0.03336850181221962 0.0 0.0 0.0 0.0 0.0
0.7558044195175171 0.00386231136508286 0.006454674061387777 0.005688854027539492 0.005319942720234394 0.005279131233692169 0.005585492588579655 0.00553938141092658 0.0055749183520674706 0.005612613167613745 0.006152553483843803 0.00820554792881012 0.006389766000211239 0.007252234499901533 0.006602872628718615 0.006842772476375103 0.00630180723965168 0.006490733474493027 0.007409590296447277 0.0072471387684345245 0.00690205255523324 0.008045695722103119 0.009112921543419361 0.011444616131484509 0.01348068192601204 0.018936438485980034 0.0258045457303524 0.032476138323545456 0.0 0.0 0.0 0.0
0.7528548240661621 0.0035435317549854517 0.005871872417628765 0.005674845073372126 0.005117028020322323 0.005526117980480194 0.005010001827031374 0.005342116113752127 0.0055883280001580715 0.005665818694978952 0.005731343757361174 0.0071292235516011715 0.005926140118390322 0.006945687346160412 0.006475530564785004 0.006968140602111816 0.006023826077580452 0.006541843991726637 0.008037788793444633 0.007100206334143877 0.006725580897182226 0.00739904772490263 0.008611636236310005 0.010914936661720276 0.010036498308181763 0.012765264138579369 0.017472276464104652 0.026522044092416763 0.032297533005476 0.0 0.0 0.0
0.7486175298690796 0.0037206404376775026 0.006290127523243427 0.005783307831734419 0.005201008636504412 0.0051238639280200005 0.005150824785232544 0.004951072856783867 0.0050768619403243065 0.005671374965459108 0.0063775163143873215 0.007599216420203447 0.005743625108152628 0.0062414188869297504 0.0064587718807160854 0.007943128235638142 0.005993453785777092 0.0060938638634979725 0.006397551856935024 0.006747186183929443 0.006529389414936304 0.006912596989423037 0.007974911481142044 0.008623034693300724 0.008885299786925316 0.011050590313971043 0.01283852756023407 0.017135828733444214 0.025527458637952805 0.033167168498039246 0.0 0.0
0.7494632005691528 0.003537419019266963 0.00573885440826416 0.00549340108409524 0.005186417140066624 0.005245394539088011 0.00495918607339263 0.005624762270599604 0.005186876282095909 0.005085594020783901 0.005883353762328625 0.005902103614062071 0.00575322424992919 0.005713821854442358 0.005936861969530582 0.0066172052174806595 0.005741884000599384 0.006549011915922165 0.00957150012254715 0.005822593346238136 0.005944360978901386 0.0062599219381809235 0.0077390000224113464 0.007781356107443571 0.0073455204255878925 0.008724450133740902 0.009829653427004814 0.012606894597411156 0.01685485616326332 0.025116493925452232 0.03260335698723793 0.0
0.7400681376457214 0.004110437352210283 0.005879363510757685 0.0055504851043224335 0.005149797070771456 0.004926648922264576 0.004833568353205919 0.005787156522274017 0.005371944513171911 0.005159378983080387 0.006266224198043346 0.006168953608721495 0.005761534441262484 0.006509499624371529 0.005534473340958357 0.006019521038979292 0.005600805394351482 0.006209278013557196 0.008475851267576218 0.006118696182966232 0.0057015689089894295 0.00609320355579257 0.007842259481549263 0.008562994189560413 0.007010220550000668 0.0078072273172438145 0.008255128748714924 0.009841879829764366 0.013237593695521355 0.016546430066227913 0.02620679885149002 0.033213138580322266
