1.0 0.0 0.0 0.0 0.0 0.0 0.0 0.0 0.0 0.0 0.0 0.0 0.0 0.0 0.0 0.0 0.0 0.0 0.0 0.0 0.0 0.0 0.0 0.0 0.0 0.0 0.0 0.0 0.0 0.0 0.0 0.0
0.9650760293006897 0.03475497290492058 0.0 0.0 0.0 0.0 0.0 0.0 0.0 0.0 0.0 0.0 0.0 0.0 0.0 0.0 0.0 0.0 0.0 0.0 0.0 0.0 0.0 0.0 0.0 0.0 0.0 0.0 0.0 0.0 0.0 0.0
0.9619693756103516 0.021597566083073616 0.016296545043587685 0.0 0.0 0.0 0.0 0.0 0.0 0.0 0.0 0.0 0.0 0.0 0.0 0.0 0.0 0.0 0.0 0.0 0.0 0.0 0.0 0.0 0.0 0.0 0.0 0.0 0.0 0.0 0.0 0.0
0.9505822062492371 0.021278882399201393 0.012822267599403858 0.015183016657829285 0.0 0.0 0.0 0.0 0.0 0.0 0.0 0.0 0.0 0.0 0.0 0.0 0.0 0.0 0.0 0.0 0.0 0.0 0.0 0.0 0.0 0.0 0.0 0.0 0.0 0.0 0.0 0.0
0.9367270469665527 0.022363346070051193 0.012700921855866909 0.012537716887891293 0.015540140680968761 0.0 0.0 0.0 0.0 0.0 0.0 0.0 0.0 0.0 0.0 0.0 0.0 0.0 0.0 0.0 0.0 0.0 0.0 0.0 0.0 0.0 0.0 0.0 0.0 0.0 0.0 0.0
0.922198474407196 0.02311341091990471 0.013653979636728764 0.01262703537940979 0.012133286334574223 0.01614399626851082 0.0 0.0 0.0 0.0 0.0 0.0 0.0 0.0 0.0 0.0 0.0 0.0 0.0 0.0 0.0 0.0 0.0 0.0 0.0 0.0 0.0 0.0 0.0 0.0 0.0 0.0
0.9151308536529541 0.020902151241898537 0.01239735260605812 0.012321327812969685 0.011291919276118279 0.011830948293209076 0.015987953171133995 0.0 0.0 0.0 0.0 0.0 0.0 0.0 0.0 0.0 0.0 0.0 0.0 0.0 0.0 0.0 0.0 0.0 0.0 0.0 0.0 0.0 0.0 0.0 0.0 0.0
0.9041658043861389 0.020482609048485756 0.01179772149771452 0.012294834479689598 0.011471842415630817 0.011522413231432438 0.011217789724469185 0.01690579019486904 0.0 0.0 0.0 0.0 0.0 0.0 0.0 0.0 0.0 0.0 0.0 0.0 0.0 0.0 0.0 0.0 0.0 0.0 0.0 0.0 0.0 0.0 0.0 0.0
0.8940739631652832 0.01963440701365471 0.011034371331334114 0.011416803114116192 0.011908254586160183 0.012231552973389626 0.010686684399843216 0.011940324679017067 0.016936514526605606 0.0 0.0 0.0 0.0 0.0 0.0 0.0 0.0 0.0 0.0 0.0 0.0 0.0 0.0 0.0 0.0 0.0 0.0 0.0 0.0 0.0 0.0 0.0
0.8849926590919495 0.01946847140789032 0.011057721450924873 0.010588038712739944 0.011336961761116982 0.01198035478591919 0.010378449223935604 0.010881938971579075 0.011741505935788155 0.017437582835555077 0.0 0.0 0.0 0.0 0.0 0.0 0.0 0.0 0.0 0.0 0.0 0.0 0.0 0.0 0.0 0.0 0.0 0.0 0.0 0.0 0.0 0.0
0.8794044852256775 0.01923859864473343 0.011060213670134544 0.010137058794498444 0.009872467257082462 0.010331030003726482 0.010185159742832184 0.010364255867898464 0.010894831269979477 0.011332232505083084 0.01704939268529415 0.0 0.0 0.0 0.0 0.0 0.0 0.0 0.0 0.0 0.0 0.0 0.0 0.0 0.0 0.0 0.0 0.0 0.0 0.0 0.0 0.0
0.8683975338935852 0.018658289685845375 0.011643447913229465 0.010694977827370167 0.009727058932185173 0.01101693231612444 0.009622185491025448 0.01040071900933981 0.010582629591226578 0.010317389853298664 0.011513742618262768 0.017298012971878052 0.0 0.0 0.0 0.0 0.0 0.0 0.0 0.0 0.0 0.0 0.0 0.0 0.0 0.0 0.0 0.0 0.0 0.0 0.0 0.0
0.8576023578643799 0.018805144354701042 0.012552979402244091 0.010770571418106556 0.00975430104881525 0.010846484452486038 0.009135291911661625 0.009774498641490936 0.010768339969217777 0.010028304532170296 0.01040161494165659 0.011688200756907463 0.017739156261086464 0.0 0.0 0.0 0.0 0.0 0.0 0.0 0.0 0.0 0.0 0.0 0.0 0.0 0.0 0.0 0.0 0.0 0.0 0.0
0.8563426733016968 0.017366275191307068 0.010334947146475315 0.010308163240551949 0.009782370179891586 0.009780025109648705 0.008740043267607689 0.008868065662682056 0.009362979792058468 0.009776568971574306 0.010082540102303028 0.010298716835677624 0.011142810806632042 0.017682183533906937 0.0 0.0 0.0 0.0 0.0 0.0 0.0 0.0 0.0 0.0 0.0 0.0 0.0 0.0 0.0 0.0 0.0 0.0
0.8449830412864685 0.016711365431547165 0.009238088503479958 0.009814156219363213 0.009852662682533264 0.01004086434841156 0.009008942171931267 0.009083226323127747 0.009245676919817924 0.010037152096629143 0.010507273487746716 0.010515307076275349 0.010608543641865253 0.012588593177497387 0.017631269991397858 0.0 0.0 0.0 0.0 0.0 0.0 0.0 0.0 0.0 0.0 0.0 0.0 0.0 0.0 0.0 0.0 0.0
0.8412013053894043 0.01633286103606224 0.009191000834107399 0.009117210283875465 0.00957898236811161 0.009396259672939777 0.00911656767129898 0.009143272414803505 0.008924057707190514 0.009036440402269363 0.009123464114964008 0.010113980621099472 0.010310609824955463 0.01029781810939312 0.011227266862988472 0.017755042761564255 0.0 0.0 0.0 0.0 0.0 0.0 0.0 0.0 0.0 0.0 0.0 0.0 0.0 0.0 0.0 0.0
0.8323342204093933 0.015955595299601555 0.009271546266973019 0.009006636217236519 0.009237159974873066 0.009179553017020226 0.009105459786951542 0.009006510488688946 0.008950573392212391 0.009505365043878555 0.009459790773689747 0.009109633974730968 0.009718797169625759 0.010341156274080276 0.010234661400318146 0.01147522684186697 0.017980247735977173 0.0 0.0 0.0 0.0 0.0 0.0 0.0 0.0 0.0 0.0 0.0 0.0 0.0 0.0 0.0
0.826433002948761 0.015272586606442928 0.008968101814389229 0.00915377214550972 0.008961746469140053 0.008872415870428085 0.008803347125649452 0.008992349728941917 0.009082306176424026 0.008911480195820332 0.008718960918486118 0.00870358757674694 0.00903262384235859 0.009901807643473148 0.009933858178555965 0.01015185285359621 0.011319984681904316 0.018657168373465538 0.0 0.0 0.0 0.0 0.0 0.0 0.0 0.0 0.0 0.0 0.0 0.0 0.0 0.0
0.8208837509155273 0.014699871651828289 0.008661984466016293 0.009198405779898167 0.008891613222658634 0.008591175079345703 0.008297149091959 0.00862788874655962 0.00863637961447239 0.009072583168745041 0.008789674378931522 0.008402789942920208 0.008309843949973583 0.008881798014044762 0.009511994197964668 0.010018203407526016 0.010449672117829323 0.011869915761053562 0.018072811886668205 0.0 0.0 0.0 0.0 0.0 0.0 0.0 0.0 0.0 0.0 0.0 0.0 0.0
0.8118093609809875 0.014366521500051022 0.008104638196527958 0.009098144248127937 0.009025917388498783 0.00868871808052063 0.008199891075491905 0.00843053124845028 0.008412614464759827 0.009040693752467632 0.009033819660544395 0.008900879882276058 0.0083945756778121 0.008557594381272793 0.008969662711024284 0.010046981275081635 0.010117837227880955 0.01077129878103733 0.01190373208373785 0.01799784041941166 0.0 0.0 0.0 0.0 0.0 0.0 0.0 0.0 0.0 0.0 0.0 0.0
0.805707573890686 0.014164496213197708 0.008087933994829655 0.008580919355154037 0.008784372359514236 0.008854851126670837 0.008446305990219116 0.008481168188154697 0.00832174252718687 0.00877431035041809 0.009187731891870499 0.00880528800189495 0.008398179896175861 0.008507483638823032 0.00848492980003357 0.009131643921136856 0.009550225920975208 0.010267884470522404 0.01017590519040823 0.011124208569526672 0.018026936799287796 0.0 0.0 0.0 0.0 0.0 0.0 0.0 0.0 0.0 0.0 0.0
0.7988773584365845 0.013664407655596733 0.008021780289709568 0.00828944705426693 0.008466738276183605 0.008699469268321991 0.008338665589690208 0.008553588762879372 0.008521398529410362 0.008339088410139084 0.008443365804851055 0.008994629606604576 0.008540697395801544 0.008819829672574997 0.008475028909742832 0.008721076883375645 0.008804217912256718 0.00946718268096447 0.010036103427410126 0.010255741886794567 0.01129991002380848 0.01823517680168152 0.0 0.0 0.0 0.0 0.0 0.0 0.0 0.0 0.0 0.0
0.7905600666999817 0.013429349288344383 0.008642684668302536 0.008253536187112331 0.008198981173336506 0.008461114019155502 0.008062480948865414 0.00852235034108162 0.00894816592335701 0.008638430386781693 0.008571125566959381 0.008851824328303337 0.009049835614860058 0.00931270606815815 0.008698711171746254 0.008303034119307995 0.008207645267248154 0.008765995502471924 0.009547249414026737 0.009691325016319752 0.010076218284666538 0.011060010641813278 0.018015556037425995 0.0 0.0 0.0 0.0 0.0 0.0 0.0 0.0 0.0
0.7832608819007874 0.013012719340622425 0.008408181369304657 0.008392523042857647 0.00819426216185093 0.00893140397965908 0.00805535539984703 0.008125928230583668 0.008461222052574158 0.008717883378267288 0.008758271113038063 0.008294235914945602 0.008419079706072807 0.009279397316277027 0.008784889243543148 0.008337226696312428 0.008137321099638939 0.008481327444314957 0.008949210867285728 0.009429438039660454 0.009771483950316906 0.010209890082478523 0.011297014541924 0.018160076811909676 0.0 0.0 0.0 0.0 0.0 0.0 0.0 0.0
0.7785977125167847 0.012957590632140636 0.007872624322772026 0.008585902862250805 0.008085370063781738 0.008067113347351551 0.00752759026363492 0.0075849080458283424 0.008291712962090969 0.008502892218530178 0.009053448215126991 0.008550823666155338 0.008442227728664875 0.00913719180971384 0.008505619131028652 0.008469226770102978 0.008169092237949371 0.008116647601127625 0.008195231668651104 0.008618095889687538 0.009043960832059383 0.009953408502042294 0.010408985428512096 0.010956733487546444 0.01816459558904171 0.0 0.0 0.0 0.0 0.0 0.0 0.0
0.7753600478172302 0.012407752685248852 0.007435036823153496 0.008048991672694683 0.008093828335404396 0.008024237118661404 0.007507752627134323 0.007492512464523315 0.007908327504992485 0.008113328367471695 0.008553938008844852 0.008578537963330746 0.008360609412193298 0.00888957642018795 0.008643274195492268 0.00842282921075821 0.008251852355897427 0.007980492897331715 0.008012440986931324 0.007881611585617065 0.008520860224962234 0.009239749051630497 0.009631246328353882 0.009737081825733185 0.01080730464309454 0.01792326383292675 0.0 0.0 0.0 0.0 0.0 0.0
0.7674115896224976 0.01238629873842001 0.006997639313340187 0.007706951349973679 0.008044498972594738 0.008041966706514359 0.007613773457705975 0.007550905924290419 0.007778208237141371 0.007843193598091602 0.008748350664973259 0.008483963087201118 0.00877115223556757 0.008988549001514912 0.008313624188303947 0.00817396491765976 0.00839077029377222 0.008585313335061073 0.008167756721377373 0.007740501314401627 0.00793237891048193 0.008472307585179806 0.009127886034548283 0.009523097425699234 0.009958973154425621 0.010934373363852501 0.018130144104361534 0.0 0.0 0.0 0.0 0.0
0.7632915377616882 0.012106380425393581 0.0071743507869541645 0.007413032464683056 0.007442513480782509 0.007746527902781963 0.007815184071660042 0.007692890707403421 0.008016466163098812 0.007367278914898634 0.008016019128262997 0.008167308755218983 0.008727670647203922 0.009613914415240288 0.008922355249524117 0.00811751838773489 0.00802389346063137 0.008868727833032608 0.0084781963378191 0.007688020821660757 0.007596790324896574 0.007551990915089846 0.00806336011737585 0.008697031065821648 0.009248863905668259 0.009486647322773933 0.010685603134334087 0.017804468050599098 0.0 0.0 0.0 0.0
0.7603573203086853 0.011896261014044285 0.007020934019237757 0.007451796438544989 0.007252815179526806 0.007330752443522215 0.007558645214885473 0.00754123879596591 0.007634482812136412 0.007257778663188219 0.007498310413211584 0.007872206158936024 0.008193195797502995 0.00858007837086916 0.008639099076390266 0.008196556009352207 0.007858426310122013 0.007690707687288523 0.008490855805575848 0.007783874869346619 0.007799102459102869 0.007734230719506741 0.00766671821475029 0.00794913712888956 0.008588284254074097 0.009327500127255917 0.009718512184917927 0.010876365005970001 0.018054476007819176 0.0 0.0 0.0
0.7533316612243652 0.011583545245230198 0.007183109410107136 0.007511504925787449 0.007234503515064716 0.007111441344022751 0.0071863941848278046 0.0076992507092654705 0.007699519395828247 0.007638503797352314 0.007577685173600912 0.007689138408750296 0.0077966623939573765 0.00851565320044756 0.00844911765307188 0.008584758266806602 0.008045165799558163 0.007780124433338642 0.00841598305851221 0.007840565405786037 0.007763653062283993 0.0077538141049444675 0.00765827065333724 0.00753101846203208 0.00802826788276434 0.008792937733232975 0.009278436191380024 0.009522609412670135 0.01070051547139883 0.017924804240465164 0.0 0.0
0.7458449602127075 0.011128700338304043 0.006506248842924833 0.007237650454044342 0.007036732509732246 0.006869050674140453 0.006842162925750017 0.007242078892886639 0.0073843407444655895 0.007701954338699579 0.007725800387561321 0.008018329739570618 0.007613190915435553 0.007971069775521755 0.008714545518159866 0.009474286809563637 0.008784697391092777 0.007990038022398949 0.009031321853399277 0.007868197746574879 0.008263722993433475 0.007872986607253551 0.007793574593961239 0.007533231284469366 0.007510950788855553 0.007820245809853077 0.008612874895334244 0.009307299740612507 0.009486687369644642 0.010550684295594692 0.018086563795804977 0.0
0.7415606379508972 0.010978027246892452 0.006014430895447731 0.006875970866531134 0.007283569313585758 0.007265553809702396 0.006791588384658098 0.006989068817347288 0.0072730365209281445 0.007755857892334461 0.008026476949453354 0.007802329491823912 0.007573183625936508 0.007917403243482113 0.007802616339176893 0.008031858131289482 0.008223727345466614 0.007917467504739761 0.009084692224860191 0.00741842295974493 0.008355443365871906 0.007845224812626839 0.008527080528438091 0.008908797055482864 0.0072272964753210545 0.007259498815983534 0.007958132773637772 0.00849070679396391 0.008849146775901318 0.009218443185091019 0.010364238172769547 0.01823311485350132
