1.0 0.0 0.0 0.0 0.0 0.0 0.0 0.0 0.0 0.0 0.0 0.0 0.0 0.0 0.0 0.0 0.0 0.0 0.0 0.0 0.0 0.0 0.0 0.0 0.0 0.0 0.0 0.0 0.0 0.0 0.0 0.0
0.9935701489448547 0.0062802620232105255 0.0 0.0 0.0 0.0 0.0 0.0 0.0 0.0 0.0 0.0 0.0 0.0 0.0 0.0 0.0 0.0 0.0 0.0 0.0 0.0 0.0 0.0 0.0 0.0 0.0 0.0 0.0 0.0 0.0 0.0
0.9927043914794922 0.0023347781971096992 0.004832570441067219 0.0 0.0 0.0 0.0 0.0 0.0 0.0 0.0 0.0 0.0 0.0 0.0 0.0 0.0 0.0 0.0 0.0 0.0 0.0 0.0 0.0 0.0 0.0 0.0 0.0 0.0 0.0 0.0 0.0
0.9906057119369507 0.0020430712029337883 0.00287444400601089 0.004343804903328419 0.0 0.0 0.0 0.0 0.0 0.0 0.0 0.0 0.0 0.0 0.0 0.0 0.0 0.0 0.0 0.0 0.0 0.0 0.0 0.0 0.0 0.0 0.0 0.0 0.0 0.0 0.0 0.0
0.988402247428894 0.0021027836482971907 0.0026153502985835075 0.002723514102399349 0.004021734464913607 0.0 0.0 0.0 0.0 0.0 0.0 0.0 0.0 0.0 0.0 0.0 0.0 0.0 0.0 0.0 0.0 0.0 0.0 0.0 0.0 0.0 0.0 0.0 0.0 0.0 0.0 0.0
0.9865847229957581 0.0018617563182488084 0.0025581405498087406 0.0023316368460655212 0.0024178889580070972 0.004109835717827082 0.0 0.0 0.0 0.0 0.0 0.0 0.0 0.0 0.0 0.0 0.0 0.0 0.0 0.0 0.0 0.0 0.0 0.0 0.0 0.0 0.0 0.0 0.0 0.0 0.0 0.0
0.9859460592269897 0.001725733163766563 0.002213236643001437 0.002154710702598095 0.001937703462317586 0.0022374072577804327 0.003645923687145114 0.0 0.0 0.0 0.0 0.0 0.0 0.0 0.0 0.0 0.0 0.0 0.0 0.0 0.0 0.0 0.0 0.0 0.0 0.0 0.0 0.0 0.0 0.0 0.0 0.0
0.985015332698822 0.0018231061985716224 0.002015905687585473 0.001931260689161718 0.0018020594725385308 0.0019225365249440074 0.0020012534223496914 0.0033601566683501005 0.0 0.0 0.0 0.0 0.0 0.0 0.0 0.0 0.0 0.0 0.0 0.0 0.0 0.0 0.0 0.0 0.0 0.0 0.0 0.0 0.0 0.0 0.0 0.0
0.9836007952690125 0.0017071824986487627 0.0019605064298957586 0.0018952019745483994 0.0017329396214336157 0.0017779988702386618 0.0018033301457762718 0.001885993406176567 0.0035025470424443483 0.0 0.0 0.0 0.0 0.0 0.0 0.0 0.0 0.0 0.0 0.0 0.0 0.0 0.0 0.0 0.0 0.0 0.0 0.0 0.0 0.0 0.0 0.0
0.9830963611602783 0.001527000917121768 0.0018681124784052372 0.001609852653928101 0.001598153612576425 0.0016304613091051579 0.0016487371176481247 0.0016738737467676401 0.0019068924011662602 0.003307674080133438 0.0 0.0 0.0 0.0 0.0 0.0 0.0 0.0 0.0 0.0 0.0 0.0 0.0 0.0 0.0 0.0 0.0 0.0 0.0 0.0 0.0 0.0
0.981819748878479 0.001851539476774633 0.0018502321327105165 0.0017422010423615575 0.0015966191422194242 0.001446134177967906 0.0015699864597991109 0.0015564046334475279 0.0015498849097639322 0.0017056706128641963 0.003177870763465762 0.0 0.0 0.0 0.0 0.0 0.0 0.0 0.0 0.0 0.0 0.0 0.0 0.0 0.0 0.0 0.0 0.0 0.0 0.0 0.0 0.0
0.9811325073242188 0.001464742119424045 0.0018113463884219527 0.001652098842896521 0.0015176062006503344 0.0014977323589846492 0.001545906183309853 0.0013533522142097354 0.001455511897802353 0.001525714062154293 0.0017637669807299972 0.003147582523524761 0.0 0.0 0.0 0.0 0.0 0.0 0.0 0.0 0.0 0.0 0.0 0.0 0.0 0.0 0.0 0.0 0.0 0.0 0.0 0.0
0.9797948002815247 0.0015522653702646494 0.0017959796823561192 0.0016318588750436902 0.0014846960548311472 0.0014882753603160381 0.0014989727642387152 0.001328523037955165 0.0014618004206568003 0.0014765379019081593 0.0015930430963635445 0.0017412001034244895 0.0030239166226238012 0.0 0.0 0.0 0.0 0.0 0.0 0.0 0.0 0.0 0.0 0.0 0.0 0.0 0.0 0.0 0.0 0.0 0.0 0.0
0.9794101119041443 0.0014796082396060228 0.0018754012417048216 0.0016432545380666852 0.001494579715654254 0.0013829435920342803 0.0014267576625570655 0.0012501435121521354 0.0013107522390782833 0.001265662838704884 0.0013954122550785542 0.0014997773105278611 0.0015957708237692714 0.0028412570245563984 0.0 0.0 0.0 0.0 0.0 0.0 0.0 0.0 0.0 0.0 0.0 0.0 0.0 0.0 0.0 0.0 0.0 0.0
0.9776716232299805 0.0015455211978405714 0.0018237250624224544 0.0017289554234594107 0.0014456221833825111 0.0013575098710134625 0.0014246967621147633 0.001335373381152749 0.0013630378525704145 0.0013381903991103172 0.0013515246100723743 0.0014215531991794705 0.001511836308054626 0.001666605705395341 0.0028769206255674362 0.0 0.0 0.0 0.0 0.0 0.0 0.0 0.0 0.0 0.0 0.0 0.0 0.0 0.0 0.0 0.0 0.0
0.9766882658004761 0.0015099745942279696 0.001879393239505589 0.0017023065593093634 0.0014816367765888572 0.00141693907789886 0.0014209372457116842 0.001334893167950213 0.0013604523846879601 0.001241358113475144 0.0013436349108815193 0.0012752508046105504 0.001343360636383295 0.001420659595169127 0.0015787295997142792 0.0028673335909843445 0.0 0.0 0.0 0.0 0.0 0.0 0.0 0.0 0.0 0.0 0.0 0.0 0.0 0.0 0.0 0.0
0.9749306440353394 0.0014706612564623356 0.0017185548786073923 0.0016945943934842944 0.0015688190469518304 0.001444524503313005 0.0013954360038042068 0.001276303781196475 0.0013746428303420544 0.0013419471215456724 0.0014311320846900344 0.0013789823278784752 0.0013286923058331013 0.0013463215436786413 0.001512009184807539 0.001813545823097229 0.002837284468114376 0.0 0.0 0.0 0.0 0.0 0.0 0.0 0.0 0.0 0.0 0.0 0.0 0.0 0.0 0.0
0.974281907081604 0.0014620959991589189 0.00168683344963938 0.0015911516966298223 0.001449769246391952 0.0015022208681330085 0.0014598696725443006 0.0013405593344941735 0.0013139912625774741 0.0012260137591511011 0.0012247911654412746 0.0012594354338943958 0.0012065765913575888 0.0012697945348918438 0.001304173027165234 0.001960755791515112 0.0016124899266287684 0.0027159007731825113 0.0 0.0 0.0 0.0 0.0 0.0 0.0 0.0 0.0 0.0 0.0 0.0 0.0 0.0
0.9726649522781372 0.0015258047496899962 0.0018102609319612384 0.001614916487596929 0.0015564494533464313 0.0015490760561078787 0.0014319773763418198 0.0014228642685338855 0.0013855013530701399 0.0012726952554658055 0.0013388361549004912 0.0013116846093907952 0.0012705535627901554 0.0011609990615397692 0.001244298997335136 0.0014180643483996391 0.0014624814502894878 0.0016670461045578122 0.002762129530310631 0.0 0.0 0.0 0.0 0.0 0.0 0.0 0.0 0.0 0.0 0.0 0.0 0.0
0.9710085988044739 0.001404483919031918 0.0018021095311269164 0.0016546528786420822 0.0014278087764978409 0.0015224929666146636 0.0014794912422075868 0.0014689794043079019 0.0013450273545458913 0.0013689638581126928 0.001238725846633315 0.0014222936006262898 0.0013644933933392167 0.0013000626349821687 0.001246280618943274 0.001419625012204051 0.0014148838818073273 0.0014954584185034037 0.0017240623710677028 0.002758551621809602 0.0 0.0 0.0 0.0 0.0 0.0 0.0 0.0 0.0 0.0 0.0 0.0
0.970810055732727 0.0014595546526834369 0.0019160800147801638 0.001604138407856226 0.0014412949094548821 0.001537611591629684 0.0015535602578893304 0.0014505836879834533 0.0013346928171813488 0.0013016845332458615 0.0012531207175925374 0.0011969615006819367 0.0012682359665632248 0.0011368368286639452 0.001240684650838375 0.0012262443779036403 0.0012635095044970512 0.0012429249472916126 0.0014301497722044587 0.0015195164596661925 0.002682486781850457 0.0 0.0 0.0 0.0 0.0 0.0 0.0 0.0 0.0 0.0 0.0
0.9690444469451904 0.0013925533276051283 0.0018286127597093582 0.0017839082283899188 0.0016581341624259949 0.001527651329524815 0.0015666118124499917 0.0013130205916240811 0.001387944445014 0.0013497599866241217 0.0013874860014766455 0.0013095529284328222 0.001266669132746756 0.0012318255612626672 0.0012741541722789407 0.0013318151468411088 0.001159922918304801 0.0012332454789429903 0.0012492530513554811 0.001303315395489335 0.0015167727833613753 0.0027507550548762083 0.0 0.0 0.0 0.0 0.0 0.0 0.0 0.0 0.0 0.0
0.9672501087188721 0.001461925683543086 0.00194018695037812 0.0018248201813548803 0.0015749072190374136 0.001494375173933804 0.001456641941331327 0.001379441819153726 0.0014149959897622466 0.0014316263841465116 0.001705483882687986 0.001308460021391511 0.0013010426191613078 0.0012541839387267828 0.0012183503713458776 0.0011648841900750995 0.0010859341127797961 0.0012100908206775784 0.0012106498470529914 0.0013375601265579462 0.0014033120824024081 0.0017968871397897601 0.002637969795614481 0.0 0.0 0.0 0.0 0.0 0.0 0.0 0.0 0.0
0.96645188331604 0.0014553605578839779 0.0018968015210703015 0.0017482714029029012 0.0015074617695063353 0.0014258946757763624 0.0014495467767119408 0.0014192212838679552 0.0014094318030402064 0.0013831312535330653 0.0014072495978325605 0.0013323118910193443 0.0012995341094210744 0.0012237158371135592 0.0012043050955981016 0.0011705292854458094 0.0011821615044027567 0.0011717964662238955 0.0011394647881388664 0.0011679818853735924 0.0012331816833466291 0.0018613734282553196 0.0014870618470013142 0.0028351694345474243 0.0 0.0 0.0 0.0 0.0 0.0 0.0 0.0
0.9649960994720459 0.0014218094293028116 0.0019030621042475104 0.0015955158742144704 0.0014465515268966556 0.0014251266838982701 0.0015386571176350117 0.0013665038859471679 0.001523993443697691 0.0013874643482267857 0.0014739993494004011 0.0013236551312729716 0.0014798397896811366 0.0013137462083250284 0.001277746050618589 0.0013236569939181209 0.0011591712245717645 0.001177394762635231 0.0011648931540548801 0.0012481488520279527 0.0011272038100287318 0.001631205785088241 0.0013434228021651506 0.0014659445732831955 0.002751678694039583 0.0 0.0 0.0 0.0 0.0 0.0 0.0
0.9634352922439575 0.0014538407558575273 0.0018453637603670359 0.0017434615874662995 0.0016321227885782719 0.0016032654093578458 0.0015464861644431949 0.00148312549572438 0.0014950215118005872 0.0014639050932601094 0.0014276662841439247 0.0013108010170981288 0.0014272648841142654 0.00129500322509557 0.0012020907597616315 0.0012689827708527446 0.0012123362394049764 0.0012246397091075778 0.00131944939494133 0.0012393426150083542 0.0010636617662385106 0.001333641353994608 0.001268509542569518 0.001336006447672844 0.0015195023734122515 0.002668472006917 0.0 0.0 0.0 0.0 0.0 0.0
0.9623203873634338 0.0014484351268038154 0.0018429135670885444 0.001694437232799828 0.0015993958804756403 0.0014404485700652003 0.0014632241800427437 0.0014497935771942139 0.0014322892529889941 0.0014303512871265411 0.0014528116444125772 0.0017383262747898698 0.0015144174685701728 0.0013807337963953614 0.001288199215196073 0.001297843991778791 0.001142036635428667 0.001177829341031611 0.0011495656799525023 0.0012053167447447777 0.0010411725379526615 0.001271758577786386 0.0012323218397796154 0.0012965924106538296 0.0013826694339513779 0.0014923210255801678 0.002633732045069337 0.0 0.0 0.0 0.0 0.0
0.9623055458068848 0.0013904073275625706 0.0018200246850028634 0.00173760496545583 0.0015009308699518442 0.0015734658809378743 0.0015578707680106163 0.0014415845507755876 0.0014057594817131758 0.0013561123050749302 0.0013719559647142887 0.0015011464711278677 0.0013519433559849858 0.0013218214735388756 0.0012026071781292558 0.0013760136207565665 0.001241076271981001 0.0010784141486510634 0.0011445372365415096 0.001082186703570187 0.0010472049470990896 0.001082760514691472 0.0011467173462733626 0.0011022217804566026 0.0011828923597931862 0.0013419943861663342 0.0015482865273952484 0.002607688307762146 0.0 0.0 0.0 0.0
0.9614826440811157 0.0013586394488811493 0.0017323860665783286 0.0017655929550528526 0.0014720309991389513 0.001538610435090959 0.001487994915805757 0.0014275115681812167 0.001398325664922595 0.0014206873020157218 0.0013471506536006927 0.0013806723291054368 0.001373372389934957 0.0013541599037125707 0.001221981830894947 0.0012388371396809816 0.0011981866555288434 0.0011068672174587846 0.0011435105698183179 0.0010677420068532228 0.001067487639375031 0.0012208899715915322 0.0011340806959196925 0.0011271181283518672 0.0011136492248624563 0.0012419784907251596 0.001398654654622078 0.0015145540237426758 0.0024885572493076324 0.0 0.0 0.0
0.9586604833602905 0.0013810559175908566 0.0019983332604169846 0.0017174830427393317 0.0015530695673078299 0.0015570493414998055 0.001488405978307128 0.0014897278742864728 0.0014443662948906422 0.00150783930439502 0.001340520684607327 0.001440409105271101 0.0014235962880775332 0.0013967817649245262 0.0013463649665936828 0.0014622798189520836 0.0012091916287317872 0.0012274924665689468 0.001091089565306902 0.0010741458972916007 0.0010916577884927392 0.001350007252767682 0.0011778261978179216 0.0011227548820897937 0.0012263617245480418 0.001153548015281558 0.0013312877854332328 0.0014232201501727104 0.0014382288791239262 0.0026931571774184704 0.0 0.0
0.9574844837188721 0.0014383461093530059 0.0020555276423692703 0.0017608999041840434 0.0014935963554307818 0.0015767095610499382 0.0015319155063480139 0.001421246095560491 0.001427413197234273 0.0014432133175432682 0.0014807848492637277 0.001383550581522286 0.0012736259959638119 0.0013979235664010048 0.0014089816249907017 0.0016934324521571398 0.0013880457263439894 0.0012221891665831208 0.0014099262189120054 0.0010378697188571095 0.001061727525666356 0.001184960943646729 0.0011352839646860957 0.0010748670902103186 0.0011351696448400617 0.0011104042641818523 0.0012466037878766656 0.0012375209480524063 0.0013105596881359816 0.0014457690995186567 0.0025460387114435434 0.0
0.9555829763412476 0.0014884264674037695 0.002026465255767107 0.0017913751071318984 0.001572546549141407 0.0014916958753019571 0.0014646812342107296 0.0014143079752102494 0.0015156666049733758 0.0015074291732162237 0.001546961022540927 0.0014079974498599768 0.0013729955535382032 0.0014270778046920896 0.0013134466717019677 0.001459375023841858 0.0012993421405553818 0.001314694993197918 0.001503390958532691 0.0011271690018475056 0.001073171035386622 0.0012354629579931498 0.0011980660492554307 0.0010886372765526175 0.0010844991775229573 0.0011147708864882588 0.0011652476387098432 0.001242180122062564 0.001405838644132018 0.0014102639397606254 0.0014839617069810629 0.0026971930637955666
