1.0 0.0 0.0 0.0 0.0 0.0 0.0 0.0 0.0 0.0 0.0 0.0 0.0 0.0 0.0 0.0 0.0 0.0 0.0 0.0 0.0 0.0 0.0 0.0 0.0 0.0 0.0 0.0 0.0 0.0 0.0 0.0
0.9818649291992188 0.018012380227446556 0.0 0.0 0.0 0.0 0.0 0.0 0.0 0.0 0.0 0.0 0.0 0.0 0.0 0.0 0.0 0.0 0.0 0.0 0.0 0.0 0.0 0.0 0.0 0.0 0.0 0.0 0.0 0.0 0.0 0.0
0.9760929942131042 0.01228132750838995 0.011493830010294914 0.0 0.0 0.0 0.0 0.0 0.0 0.0 0.0 0.0 0.0 0.0 0.0 0.0 0.0 0.0 0.0 0.0 0.0 0.0 0.0 0.0 0.0 0.0 0.0 0.0 0.0 0.0 0.0 0.0
0.9723690152168274 0.010052873753011227 0.007731978315860033 0.009707518853247166 0.0 0.0 0.0 0.0 0.0 0.0 0.0 0.0 0.0 0.0 0.0 0.0 0.0 0.0 0.0 0.0 0.0 0.0 0.0 0.0 0.0 0.0 0.0 0.0 0.0 0.0 0.0 0.0
0.9665929079055786 0.009339575655758381 0.0069692423567175865 0.0074714357033371925 0.00949451420456171 0.0 0.0 0.0 0.0 0.0 0.0 0.0 0.0 0.0 0.0 0.0 0.0 0.0 0.0 0.0 0.0 0.0 0.0 0.0 0.0 0.0 0.0 0.0 0.0 0.0 0.0 0.0
0.9604104161262512 0.008601227775216103 0.006376958452165127 0.007117541041225195 0.007595492992550135 0.009768709540367126 0.0 0.0 0.0 0.0 0.0 0.0 0.0 0.0 0.0 0.0 0.0 0.0 0.0 0.0 0.0 0.0 0.0 0.0 0.0 0.0 0.0 0.0 0.0 0.0 0.0 0.0
0.955644965171814 0.008057020604610443 0.0059837475419044495 0.006293726619333029 0.006964812520891428 0.00770167401060462 0.009221113286912441 0.0 0.0 0.0 0.0 0.0 0.0 0.0 0.0 0.0 0.0 0.0 0.0 0.0 0.0 0.0 0.0 0.0 0.0 0.0 0.0 0.0 0.0 0.0 0.0 0.0
0.9515905976295471 0.007256319746375084 0.005660071969032288 0.00581597164273262 0.00629646610468626 0.00717292632907629 0.006945199333131313 0.009125076234340668 0.0 0.0 0.0 0.0 0.0 0.0 0.0 0.0 0.0 0.0 0.0 0.0 0.0 0.0 0.0 0.0 0.0 0.0 0.0 0.0 0.0 0.0 0.0 0.0
0.9445762634277344 0.007178028114140034 0.005550953559577465 0.005672038532793522 0.006961490493267775 0.006851534359157085 0.006577060092240572 0.007208656053990126 0.009290221147239208 0.0 0.0 0.0 0.0 0.0 0.0 0.0 0.0 0.0 0.0 0.0 0.0 0.0 0.0 0.0 0.0 0.0 0.0 0.0 0.0 0.0 0.0 0.0
0.94289231300354 0.006432268302887678 0.005216947291046381 0.005433648359030485 0.005659047048538923 0.005916896276175976 0.006031915545463562 0.006398387718945742 0.007051622029393911 0.008832304738461971 0.0 0.0 0.0 0.0 0.0 0.0 0.0 0.0 0.0 0.0 0.0 0.0 0.0 0.0 0.0 0.0 0.0 0.0 0.0 0.0 0.0 0.0
0.9404367804527283 0.005919464398175478 0.004934593569487333 0.005064624361693859 0.005275353789329529 0.005453472025692463 0.005516756791621447 0.005862461403012276 0.006058529019355774 0.006567114498466253 0.008773519657552242 0.0 0.0 0.0 0.0 0.0 0.0 0.0 0.0 0.0 0.0 0.0 0.0 0.0 0.0 0.0 0.0 0.0 0.0 0.0 0.0 0.0
0.9320254921913147 0.0063825068064033985 0.005059898365288973 0.005201596766710281 0.005433469545096159 0.006102306302636862 0.005633869208395481 0.0061424714513123035 0.006103083491325378 0.006122217047959566 0.006727111060172319 0.0089268758893013 0.0 0.0 0.0 0.0 0.0 0.0 0.0 0.0 0.0 0.0 0.0 0.0 0.0 0.0 0.0 0.0 0.0 0.0 0.0 0.0
0.9277874231338501 0.005975246429443359 0.004881418310105801 0.0051166824996471405 0.0052886782214045525 0.005715180654078722 0.005568154621869326 0.0057939281687140465 0.005924099590629339 0.005785247310996056 0.0062146661803126335 0.00683637335896492 0.008972701616585255 0.0 0.0 0.0 0.0 0.0 0.0 0.0 0.0 0.0 0.0 0.0 0.0 0.0 0.0 0.0 0.0 0.0 0.0 0.0
0.9276862740516663 0.0053963870741426945 0.0045066834427416325 0.004763762466609478 0.0049810525961220264 0.005168376490473747 0.005188837647438049 0.005163769703358412 0.005244842730462551 0.0053059556521475315 0.005651860032230616 0.0058472370728850365 0.006434399168938398 0.00853100698441267 0.0 0.0 0.0 0.0 0.0 0.0 0.0 0.0 0.0 0.0 0.0 0.0 0.0 0.0 0.0 0.0 0.0 0.0
0.9227347373962402 0.005226134788244963 0.00444811349734664 0.004751510918140411 0.00498984707519412 0.0050550163723528385 0.005154840648174286 0.005119996145367622 0.00516938790678978 0.005211102310568094 0.005470448639243841 0.005535304080694914 0.00588579848408699 0.006682021077722311 0.00843129027634859 0.0 0.0 0.0 0.0 0.0 0.0 0.0 0.0 0.0 0.0 0.0 0.0 0.0 0.0 0.0 0.0 0.0
0.918353259563446 0.005131096113473177 0.004354782402515411 0.004684558603912592 0.0048688556998968124 0.00507131265476346 0.005109079647809267 0.005070896353572607 0.005032332148402929 0.0050500244833528996 0.005224371328949928 0.0053436788730323315 0.005550198256969452 0.006092391442507505 0.006401921156793833 0.008522805757820606 0.0 0.0 0.0 0.0 0.0 0.0 0.0 0.0 0.0 0.0 0.0 0.0 0.0 0.0 0.0 0.0
0.9124404788017273 0.0050262161530554295 0.004313640762120485 0.004748557228595018 0.004952084273099899 0.005097534041851759 0.005130945239216089 0.005130281671881676 0.00512736989185214 0.005091139581054449 0.0052199955098330975 0.0051986416801810265 0.0053886291570961475 0.00590732553973794 0.005878879223018885 0.006567171309143305 0.008647138252854347 0.0 0.0 0.0 0.0 0.0 0.0 0.0 0.0 0.0 0.0 0.0 0.0 0.0 0.0 0.0
0.9074522852897644 0.004921311046928167 0.004225061275064945 0.004669607616961002 0.004860167391598225 0.005150248762220144 0.005062077660113573 0.005142234265804291 0.005176718812435865 0.005147312767803669 0.005177007522433996 0.005261459853500128 0.005292204208672047 0.005705859512090683 0.005570630077272654 0.0059992121532559395 0.006487490143626928 0.008567522279918194 0.0 0.0 0.0 0.0 0.0 0.0 0.0 0.0 0.0 0.0 0.0 0.0 0.0 0.0
0.9022550582885742 0.004847799427807331 0.004299842286854982 0.004649918992072344 0.00483323261141777 0.005031090695410967 0.005004883743822575 0.005179429426789284 0.005196483340114355 0.005193931516259909 0.0053044771775603294 0.005299756769090891 0.005180582869797945 0.005379498936235905 0.005381290335208178 0.005658786743879318 0.005948731210082769 0.006531972903758287 0.008691486902534962 0.0 0.0 0.0 0.0 0.0 0.0 0.0 0.0 0.0 0.0 0.0 0.0 0.0
0.8951782584190369 0.004804826341569424 0.004120935220271349 0.004666716791689396 0.004823319613933563 0.005010712891817093 0.005176897626370192 0.005323563702404499 0.005312323570251465 0.005329383537173271 0.005342242307960987 0.005472908262163401 0.005428879521787167 0.00558418408036232 0.005474022589623928 0.0056546516716480255 0.005715753883123398 0.006126190535724163 0.006770639214664698 0.008546119555830956 0.0 0.0 0.0 0.0 0.0 0.0 0.0 0.0 0.0 0.0 0.0 0.0
0.8898391127586365 0.004843987990170717 0.004146885126829147 0.004677901975810528 0.004950266797095537 0.00507989339530468 0.005193652585148811 0.005327784921973944 0.005418424028903246 0.005386287346482277 0.005541915539652109 0.005345433950424194 0.005288497544825077 0.00561238918453455 0.0053351628594100475 0.0055546630173921585 0.00541783357039094 0.005689167883247137 0.006112081464380026 0.006462468300014734 0.008639848791062832 0.0 0.0 0.0 0.0 0.0 0.0 0.0 0.0 0.0 0.0 0.0
0.8856202960014343 0.004778312519192696 0.004148815758526325 0.004718199372291565 0.004895288962870836 0.004972366150468588 0.005109751597046852 0.005097336135804653 0.005308033898472786 0.005342445801943541 0.005476032849401236 0.005352541338652372 0.005316948518157005 0.005543268285691738 0.005349856801331043 0.00543511426076293 0.0053518530912697315 0.005473297089338303 0.005816464312374592 0.005845305044203997 0.006439972203224897 0.008477986790239811 0.0 0.0 0.0 0.0 0.0 0.0 0.0 0.0 0.0 0.0
0.8801074028015137 0.0047358982264995575 0.004108713008463383 0.004619099199771881 0.004867030773311853 0.005102306604385376 0.005086662247776985 0.005169659852981567 0.005355112254619598 0.005381804890930653 0.005475911777466536 0.005426160991191864 0.005558903329074383 0.005923775490373373 0.005497341975569725 0.005229577422142029 0.005208637565374374 0.005292014218866825 0.005491232965141535 0.0056083123199641705 0.005821168888360262 0.006358231883496046 0.008444882929325104 0.0 0.0 0.0 0.0 0.0 0.0 0.0 0.0 0.0
0.8748949766159058 0.004724452737718821 0.004120662808418274 0.004682848230004311 0.00502218259498477 0.005294010974466801 0.005075772292912006 0.005168203730136156 0.005310078151524067 0.005433294922113419 0.005564027465879917 0.005396497901529074 0.00538018299266696 0.005783503875136375 0.005367419682443142 0.005273954011499882 0.005110367201268673 0.0052011520601809025 0.005522077903151512 0.005377644207328558 0.005441142246127129 0.005844101309776306 0.006412900518625975 0.008464567363262177 0.0 0.0 0.0 0.0 0.0 0.0 0.0 0.0
0.8683443665504456 0.004748813807964325 0.004164582118391991 0.004682703409343958 0.005044760648161173 0.005022094119340181 0.005134969018399715 0.00516396202147007 0.0053961556404829025 0.005627301521599293 0.005665598902851343 0.005485817324370146 0.005556628108024597 0.006114829797297716 0.005732913035899401 0.005326838698238134 0.005183494184166193 0.0051987553015351295 0.005395964253693819 0.005311980843544006 0.005251747090369463 0.005526045337319374 0.005822333972901106 0.006333191879093647 0.008632486686110497 0.0 0.0 0.0 0.0 0.0 0.0 0.0
0.8606933355331421 0.004775946959853172 0.00413176603615284 0.00479432987049222 0.005162348970770836 0.005145073868334293 0.00529988668859005 0.005286779720336199 0.005573668051511049 0.005792336538434029 0.005821124650537968 0.0060112131759524345 0.006051918491721153 0.005902508739382029 0.005838137120008469 0.005492625292390585 0.00531004648655653 0.005306648556143045 0.005484849214553833 0.00541131105273962 0.005211470648646355 0.0053433701395988464 0.0055869403295218945 0.005748335272073746 0.006318125873804092 0.008328838273882866 0.0 0.0 0.0 0.0 0.0 0.0
0.8580583930015564 0.004657349549233913 0.004117476753890514 0.004657737445086241 0.004934009630233049 0.0050939819775521755 0.0051754433661699295 0.005238850135356188 0.005408663768321276 0.005570744629949331 0.005517192650586367 0.005841636098921299 0.005785009823739529 0.00591631606221199 0.006261026486754417 0.005360851064324379 0.005219071637839079 0.005276219453662634 0.005556361749768257 0.005038546863943338 0.005008769687265158 0.00514158234000206 0.005247738212347031 0.0053767613135278225 0.005736683961004019 0.00631739990785718 0.008309166878461838 0.0 0.0 0.0 0.0 0.0
0.8572070002555847 0.004564024042338133 0.00403726939111948 0.004455300513654947 0.004780835937708616 0.004975200165063143 0.005105386488139629 0.005147465039044619 0.005224446766078472 0.005380564834922552 0.005420406814664602 0.005461151711642742 0.005581659264862537 0.0058404807932674885 0.005512084346264601 0.005352588836103678 0.005199642851948738 0.005113624501973391 0.005318909417837858 0.004896532744169235 0.004890028852969408 0.00492114620283246 0.0049276468344032764 0.0050274948589503765 0.005410520359873772 0.005623931065201759 0.006161793600767851 0.008286546915769577 0.0 0.0 0.0 0.0
0.8524250388145447 0.004435612820088863 0.0040298327803611755 0.00440903240814805 0.004723264370113611 0.004930232185870409 0.005057788919657469 0.005126333795487881 0.0053510661236941814 0.005442304536700249 0.005482517182826996 0.005503864958882332 0.005448632407933474 0.0055399383418262005 0.005458632949739695 0.005631939508020878 0.005255711730569601 0.0051771798171103 0.005187332164496183 0.004931405186653137 0.004916108213365078 0.0049569131806492805 0.004984606057405472 0.004985697101801634 0.005043595563620329 0.005308027379214764 0.0055869026109576225 0.006158412899821997 0.008336048573255539 0.0 0.0 0.0
0.8459520936012268 0.004407829605042934 0.004056079778820276 0.004483315162360668 0.0047843195497989655 0.004958166275173426 0.005091765429824591 0.005134833976626396 0.005372913554310799 0.005514990538358688 0.005611884873360395 0.00567753566429019 0.005538579076528549 0.0056627057492733 0.0055711520835757256 0.005799995735287666 0.005338298622518778 0.005297285038977861 0.00542367622256279 0.005078950431197882 0.004950517322868109 0.004992954432964325 0.004955908749252558 0.004921676125377417 0.004947925917804241 0.005058241542428732 0.005299938842654228 0.0054646325297653675 0.0061036343686282635 0.008370057679712772 0.0 0.0
0.8400121927261353 0.004258111584931612 0.0038907285779714584 0.004454383160918951 0.004688521847128868 0.004982424434274435 0.005068793427199125 0.0051744417287409306 0.005260613281279802 0.005438617430627346 0.005614414345473051 0.005727430339902639 0.005578283686190844 0.005660224240273237 0.005602048709988594 0.00604829890653491 0.005562976002693176 0.00564386323094368 0.005718120373785496 0.005117825232446194 0.005022241733968258 0.004983989987522364 0.005130111239850521 0.004974964540451765 0.004903470631688833 0.0050682141445577145 0.005067029502242804 0.005225440487265587 0.005512886680662632 0.006163689773529768 0.008265619166195393 0.0
0.8281344771385193 0.004220028407871723 0.003947108052670956 0.004552769940346479 0.0047721113078296185 0.004967247601598501 0.0050565623678267 0.00517639983445406 0.005364709999412298 0.005709757097065449 0.005777502432465553 0.005741490982472897 0.005678117275238037 0.005964423529803753 0.005617870483547449 0.006134395487606525 0.005636965855956078 0.005694251973181963 0.006506538949906826 0.005317263770848513 0.00507039949297905 0.005276468116790056 0.007275653537362814 0.006399709731340408 0.00512989005073905 0.005065269768238068 0.005065138451755047 0.005261879879981279 0.005313341040164232 0.005536929704248905 0.006091248709708452 0.00836603157222271
