1.0 0.0 0.0 0.0 0.0 0.0 0.0 0.0 0.0 0.0 0.0 0.0 0.0 0.0 0.0 0.0 0.0 0.0 0.0 0.0 0.0 0.0 0.0 0.0 0.0 0.0 0.0 0.0 0.0 0.0 0.0 0.0
0.9540806412696838 0.045801106840372086 0.0 0.0 0.0 0.0 0.0 0.0 0.0 0.0 0.0 0.0 0.0 0.0 0.0 0.0 0.0 0.0 0.0 0.0 0.0 0.0 0.0 0.0 0.0 0.0 0.0 0.0 0.0 0.0 0.0 0.0
0.8391766548156738 0.11095787584781647 0.04972653090953827 0.0 0.0 0.0 0.0 0.0 0.0 0.0 0.0 0.0 0.0 0.0 0.0 0.0 0.0 0.0 0.0 0.0 0.0 0.0 0.0 0.0 0.0 0.0 0.0 0.0 0.0 0.0 0.0 0.0
0.7553129196166992 0.07393109053373337 0.11968369036912918 0.050935979932546616 0.0 0.0 0.0 0.0 0.0 0.0 0.0 0.0 0.0 0.0 0.0 0.0 0.0 0.0 0.0 0.0 0.0 0.0 0.0 0.0 0.0 0.0 0.0 0.0 0.0 0.0 0.0 0.0
0.7113836407661438 0.04450303688645363 0.07160789519548416 0.11977733671665192 0.05259619653224945 0.0 0.0 0.0 0.0 0.0 0.0 0.0 0.0 0.0 0.0 0.0 0.0 0.0 0.0 0.0 0.0 0.0 0.0 0.0 0.0 0.0 0.0 0.0 0.0 0.0 0.0 0.0
0.6883694529533386 0.02880173921585083 0.03835005685687065 0.07247266918420792 0.1210886612534523 0.050786342471838 0.0 0.0 0.0 0.0 0.0 0.0 0.0 0.0 0.0 0.0 0.0 0.0 0.0 0.0 0.0 0.0 0.0 0.0 0.0 0.0 0.0 0.0 0.0 0.0 0.0 0.0
0.670318067073822 0.02143852226436138 0.02136831171810627 0.03973986580967903 0.07398944348096848 0.12301024049520493 0.05000779777765274 0.0 0.0 0.0 0.0 0.0 0.0 0.0 0.0 0.0 0.0 0.0 0.0 0.0 0.0 0.0 0.0 0.0 0.0 0.0 0.0 0.0 0.0 0.0 0.0 0.0
0.656995415687561 0.015314504504203796 0.014964274130761623 0.023807799443602562 0.04126408323645592 0.07522086054086685 0.1219266876578331 0.05037432536482811 0.0 0.0 0.0 0.0 0.0 0.0 0.0 0.0 0.0 0.0 0.0 0.0 0.0 0.0 0.0 0.0 0.0 0.0 0.0 0.0 0.0 0.0 0.0 0.0
0.6504618525505066 0.011717081069946289 0.011835789307951927 0.016207756474614143 0.024330483749508858 0.040837179869413376 0.0722176656126976 0.12198442965745926 0.05027391389012337 0.0 0.0 0.0 0.0 0.0 0.0 0.0 0.0 0.0 0.0 0.0 0.0 0.0 0.0 0.0 0.0 0.0 0.0 0.0 0.0 0.0 0.0 0.0
0.6370208263397217 0.008995545096695423 0.010790704749524593 0.012792239896953106 0.016138160601258278 0.02481275610625744 0.04078179597854614 0.07131586223840714 0.1266455352306366 0.05056826397776604 0.0 0.0 0.0 0.0 0.0 0.0 0.0 0.0 0.0 0.0 0.0 0.0 0.0 0.0 0.0 0.0 0.0 0.0 0.0 0.0 0.0 0.0
0.6339857578277588 0.006698458921164274 0.007484400644898415 0.010331514291465282 0.012620191089808941 0.016933923587203026 0.024063890799880028 0.04061650484800339 0.07528846710920334 0.12219671159982681 0.0496453121304512 0.0 0.0 0.0 0.0 0.0 0.0 0.0 0.0 0.0 0.0 0.0 0.0 0.0 0.0 0.0 0.0 0.0 0.0 0.0 0.0 0.0
0.6250706315040588 0.005597812123596668 0.005408091004937887 0.00784607045352459 0.010584734380245209 0.01344681903719902 0.01629149541258812 0.024208297953009605 0.04117877036333084 0.07401615381240845 0.1259656548500061 0.050246819853782654 0.0 0.0 0.0 0.0 0.0 0.0 0.0 0.0 0.0 0.0 0.0 0.0 0.0 0.0 0.0 0.0 0.0 0.0 0.0 0.0
0.6218913793563843 0.005512182135134935 0.004324663430452347 0.005823053885251284 0.008363514207303524 0.010426257736980915 0.012441142462193966 0.016225334256887436 0.02430214174091816 0.04095667600631714 0.07490485906600952 0.12548750638961792 0.04921168461441994 0.0 0.0 0.0 0.0 0.0 0.0 0.0 0.0 0.0 0.0 0.0 0.0 0.0 0.0 0.0 0.0 0.0 0.0 0.0
0.6166178584098816 0.005711070261895657 0.004006906878203154 0.004564323928207159 0.0058470177464187145 0.007764881476759911 0.009627207182347775 0.012252655811607838 0.016605354845523834 0.023700440302491188 0.041591767221689224 0.0754251554608345 0.12658540904521942 0.04957031458616257 0.0 0.0 0.0 0.0 0.0 0.0 0.0 0.0 0.0 0.0 0.0 0.0 0.0 0.0 0.0 0.0 0.0 0.0
0.6130489706993103 0.005209870170801878 0.004095546901226044 0.004175317473709583 0.0046066343784332275 0.0057585216127336025 0.007297077216207981 0.009589244611561298 0.0124282818287611 0.016456618905067444 0.024493219330906868 0.04259426146745682 0.07711491733789444 0.12448825687170029 0.048513107001781464 0.0 0.0 0.0 0.0 0.0 0.0 0.0 0.0 0.0 0.0 0.0 0.0 0.0 0.0 0.0 0.0 0.0
0.6093431711196899 0.004147015046328306 0.0040537528693675995 0.004016723483800888 0.004094383213669062 0.004547163378447294 0.005439881235361099 0.007012596353888512 0.00960304494947195 0.012513112276792526 0.01631065271794796 0.024953169748187065 0.04340262711048126 0.07515416294336319 0.12570369243621826 0.0495714470744133 0.0 0.0 0.0 0.0 0.0 0.0 0.0 0.0 0.0 0.0 0.0 0.0 0.0 0.0 0.0 0.0
0.6171919107437134 0.003046836704015732 0.0034117810428142548 0.00381448189727962 0.003843403421342373 0.0038833508733659983 0.004244843497872353 0.005212225951254368 0.007362823002040386 0.00945372600108385 0.011987960897386074 0.015791714191436768 0.023705264553427696 0.04083390533924103 0.07399578392505646 0.12423181533813477 0.04785776883363724 0.0 0.0 0.0 0.0 0.0 0.0 0.0 0.0 0.0 0.0 0.0 0.0 0.0 0.0 0.0
0.6164325475692749 0.002476454945281148 0.00245440355502069 0.0032051203306764364 0.0036689939443022013 0.0036714363377541304 0.003581440541893244 0.003996106795966625 0.005231459159404039 0.007005541585385799 0.009339784272015095 0.012144021689891815 0.015946580097079277 0.023656506091356277 0.040887925773859024 0.07359444350004196 0.12397702038288116 0.04859120398759842 0.0 0.0 0.0 0.0 0.0 0.0 0.0 0.0 0.0 0.0 0.0 0.0 0.0 0.0
0.6089416146278381 0.0022995127364993095 0.0018801310798153281 0.0024152719415724277 0.0031333756633102894 0.00365480431355536 0.0036894839722663164 0.0035936252679675817 0.004312712699174881 0.005305276717990637 0.007303436286747456 0.009719932451844215 0.011923147365450859 0.015566099435091019 0.024211332201957703 0.042208269238471985 0.0757979154586792 0.12445157021284103 0.04946010932326317 0.0 0.0 0.0 0.0 0.0 0.0 0.0 0.0 0.0 0.0 0.0 0.0 0.0
0.6124778389930725 0.002224850235506892 0.00159530621021986 0.0018641215283423662 0.002382459817454219 0.003168630413711071 0.003578800242394209 0.0035265434999018908 0.0036727269180119038 0.004156005568802357 0.005281510297209024 0.0071387034840881824 0.0093610854819417 0.011746790260076523 0.01574844680726528 0.02331487089395523 0.04013586789369583 0.07427578419446945 0.12589022517204285 0.04832696169614792 0.0 0.0 0.0 0.0 0.0 0.0 0.0 0.0 0.0 0.0 0.0 0.0
0.615781843662262 0.001863465760834515 0.00141274300403893 0.001598494010977447 0.001874924753792584 0.002350292867049575 0.0028815262485295534 0.0033488767221570015 0.0035516649950295687 0.003580790711566806 0.004166537895798683 0.005116513464599848 0.006847943179309368 0.009172938764095306 0.011533700861036777 0.015286309644579887 0.023092402145266533 0.04072039574384689 0.07322027534246445 0.1237659752368927 0.04869583249092102 0.0 0.0 0.0 0.0 0.0 0.0 0.0 0.0 0.0 0.0 0.0
0.6076952815055847 0.001510285190306604 0.001310706720687449 0.0014106899034231901 0.0015548942610621452 0.0018421964487060905 0.0022259964607656 0.0028237185906618834 0.003409187775105238 0.0034401549492031336 0.0035839679185301065 0.0040150596760213375 0.0050290171056985855 0.0067420476116240025 0.009205931797623634 0.011963045224547386 0.0155392587184906 0.02384641021490097 0.040753476321697235 0.07624325156211853 0.12750688195228577 0.048212930560112 0.0 0.0 0.0 0.0 0.0 0.0 0.0 0.0 0.0 0.0
0.6096555590629578 0.001250151195563376 0.0011603255989030004 0.0013226913288235664 0.0014390205033123493 0.0016090994467958808 0.001803107326850295 0.0022724841255694628 0.0029270665254443884 0.003283066675066948 0.0034214176703244448 0.00360115640796721 0.0039334287866950035 0.005183505825698376 0.006802374962717295 0.009075847454369068 0.012118833139538765 0.015360546298325062 0.0229202788323164 0.041480254381895065 0.07666683197021484 0.12468023598194122 0.0478944331407547 0.0 0.0 0.0 0.0 0.0 0.0 0.0 0.0 0.0
0.610245406627655 0.0012278753565624356 0.0010076225735247135 0.001100339344702661 0.0012399614788591862 0.001341364812105894 0.0014511127956211567 0.001704121707007289 0.002141410717740655 0.002835456281900406 0.003204844193533063 0.0032885102555155754 0.0033910886850208044 0.004021002911031246 0.0050305756740272045 0.006720640696585178 0.008972643874585629 0.011366311460733414 0.014790421351790428 0.02350706048309803 0.041976459324359894 0.07677378505468369 0.12379775196313858 0.048734065145254135 0.0 0.0 0.0 0.0 0.0 0.0 0.0 0.0
0.616194486618042 0.0015957283321768045 0.0009885634062811732 0.0010180170647799969 0.0011346237733960152 0.0012077267747372389 0.0013371860841289163 0.0014380166539922357 0.0017759838374331594 0.0021890271455049515 0.002793699037283659 0.0031451131217181683 0.003225670661777258 0.0034692559856921434 0.0038550947792828083 0.004915934521704912 0.006568525452166796 0.00874892994761467 0.011236241087317467 0.015364629216492176 0.023374393582344055 0.03997611254453659 0.07341188937425613 0.12263006716966629 0.04827151820063591 0.0 0.0 0.0 0.0 0.0 0.0 0.0
0.6093308925628662 0.0018264211248606443 0.0010940743377432227 0.00099858152680099 0.0009804939618334174 0.0010321543086320162 0.0011382227530702949 0.0012662627268582582 0.0014986175810918212 0.0016692877979949117 0.002143144141882658 0.0026990792248398066 0.0030511138029396534 0.0032066996209323406 0.0033290123101323843 0.003861446166411042 0.004897573497146368 0.006593559868633747 0.00888665858656168 0.011508083902299404 0.01563798449933529 0.024051016196608543 0.04084045812487602 0.07425907254219055 0.12606380879878998 0.0479547344148159 0.0 0.0 0.0 0.0 0.0 0.0
0.6151490211486816 0.0018708701245486736 0.0013797905994579196 0.001149735297076404 0.0009737113723531365 0.000936839496716857 0.0009612528956495225 0.0010583094554021955 0.0012237934861332178 0.0013340841978788376 0.0015882948646321893 0.002033043885603547 0.0025964120868593454 0.0031175364274531603 0.003227973822504282 0.0032970537431538105 0.0038218998815864325 0.004871266894042492 0.00658267131075263 0.008962326683104038 0.011277022771537304 0.015193370170891285 0.022846931591629982 0.039537474513053894 0.07333345711231232 0.12369274348020554 0.047807566821575165 0.0 0.0 0.0 0.0 0.0
0.6103329062461853 0.0013849572278559208 0.0014863923424854875 0.0014625652693212032 0.0011820164509117603 0.0009387684985995293 0.0008495670044794679 0.0009013155940920115 0.0010592296021059155 0.0011465669376775622 0.0013290334027260542 0.0015632461290806532 0.001957991626113653 0.0025501735508441925 0.0029380626510828733 0.0031178793869912624 0.0032677887938916683 0.003744106972590089 0.00479718716815114 0.006513768341392279 0.008815900422632694 0.01134318858385086 0.01543854083865881 0.023565858602523804 0.04011987894773483 0.07331916689872742 0.1271403431892395 0.047551728785037994 0.0 0.0 0.0 0.0
0.6097439527511597 0.0008455832139588892 0.0011464485432952642 0.0015356611693277955 0.0014975651865825057 0.001145698712207377 0.0009037699201144278 0.0008327742107212543 0.0009123453637585044 0.001030869665555656 0.0011866142740473151 0.0013530317228287458 0.001540449564345181 0.0019467755919322371 0.002554523292928934 0.0030053595546633005 0.003107926109805703 0.0033132105600088835 0.0037261375691741705 0.004742473363876343 0.006645582150667906 0.009196523576974869 0.011419717222452164 0.015513626858592033 0.02384055219590664 0.040521688759326935 0.07481507956981659 0.12431509047746658 0.04748629033565521 0.0 0.0 0.0
0.6126701235771179 0.0005695306463167071 0.0007137159118428826 0.001216215780004859 0.00164635363034904 0.0014603652525693178 0.0010963736567646265 0.0008706328808329999 0.0008245313074439764 0.0008855981868691742 0.0010113288881257176 0.0011704207863658667 0.001265096478164196 0.0015029050409793854 0.001953213242813945 0.0025695632211863995 0.002875777194276452 0.0030312472954392433 0.003179938066750765 0.0036744559183716774 0.004844109993427992 0.006800627801567316 0.008906042203307152 0.011506367474794388 0.015498210676014423 0.023615382611751556 0.04060804843902588 0.07420025020837784 0.12243351340293884 0.04722357168793678 0.0 0.0
0.608940064907074 0.00045202262117527425 0.0004660368722397834 0.0007320076110772789 0.0011688177473843098 0.0015569236129522324 0.0014045723946765065 0.0010681846179068089 0.0008622611057944596 0.0007931392756290734 0.0008596590487286448 0.0010019971523433924 0.001133377430960536 0.0012721569510176778 0.0015512725804001093 0.0019571229349821806 0.0024119678419083357 0.00286676618270576 0.0030554516706615686 0.0032135227229446173 0.003698535729199648 0.004846073687076569 0.006470699794590473 0.008637923747301102 0.011491307057440281 0.015236965380609035 0.024145644158124924 0.04185452684760094 0.07466822862625122 0.1248696893453598 0.04713407903909683 0.0
0.6150000095367432 0.00048210303066298366 0.00036646914668381214 0.00045524537563323975 0.0007038519252091646 0.0011816895566880703 0.0015247819246724248 0.0013988421997055411 0.0010826907819136977 0.0008889483870007098 0.0008594427490606904 0.0008637184510007501 0.0009784242138266563 0.0013068176340311766 0.0013346497435122728 0.0015282599488273263 0.0018751685274764895 0.0023620929569005966 0.002854699734598398 0.002995610237121582 0.0031582412775605917 0.003662830451503396 0.004810802638530731 0.0065137543715536594 0.008717135526239872 0.011388520710170269 0.015418699942529202 0.023316344246268272 0.04069003090262413 0.07317381352186203 0.12220873683691025 0.04671814292669296
