1.0 0.0 0.0 0.0 0.0 0.0 0.0 0.0 0.0 0.0 0.0 0.0 0.0 0.0 0.0 0.0 0.0 0.0 0.0 0.0 0.0 0.0 0.0 0.0 0.0 0.0 0.0 0.0 0.0 0.0 0.0 0.0
0.9292839765548706 0.07058287411928177 0.0 0.0 0.0 0.0 0.0 0.0 0.0 0.0 0.0 0.0 0.0 0.0 0.0 0.0 0.0 0.0 0.0 0.0 0.0 0.0 0.0 0.0 0.0 0.0 0.0 0.0 0.0 0.0 0.0 0.0
0.8254217505455017 0.0789678692817688 0.09548734128475189 0.0 0.0 0.0 0.0 0.0 0.0 0.0 0.0 0.0 0.0 0.0 0.0 0.0 0.0 0.0 0.0 0.0 0.0 0.0 0.0 0.0 0.0 0.0 0.0 0.0 0.0 0.0 0.0 0.0
0.7860190868377686 0.05552518367767334 0.0672321617603302 0.0910886749625206 0.0 0.0 0.0 0.0 0.0 0.0 0.0 0.0 0.0 0.0 0.0 0.0 0.0 0.0 0.0 0.0 0.0 0.0 0.0 0.0 0.0 0.0 0.0 0.0 0.0 0.0 0.0 0.0
0.7535664439201355 0.04177063703536987 0.05023757368326187 0.06916312128305435 0.0851316824555397 0.0 0.0 0.0 0.0 0.0 0.0 0.0 0.0 0.0 0.0 0.0 0.0 0.0 0.0 0.0 0.0 0.0 0.0 0.0 0.0 0.0 0.0 0.0 0.0 0.0 0.0 0.0
0.7345679998397827 0.031509097665548325 0.03839734569191933 0.050938282161951065 0.06928735971450806 0.075165294110775 0.0 0.0 0.0 0.0 0.0 0.0 0.0 0.0 0.0 0.0 0.0 0.0 0.0 0.0 0.0 0.0 0.0 0.0 0.0 0.0 0.0 0.0 0.0 0.0 0.0 0.0
0.7133448719978333 0.026001641526818275 0.03226357698440552 0.041244301944971085 0.053337618708610535 0.06626290082931519 0.06741543114185333 0.0 0.0 0.0 0.0 0.0 0.0 0.0 0.0 0.0 0.0 0.0 0.0 0.0 0.0 0.0 0.0 0.0 0.0 0.0 0.0 0.0 0.0 0.0 0.0 0.0
0.6898752450942993 0.02268967591226101 0.028804628178477287 0.035306259989738464 0.04461067169904709 0.05096435546875 0.06424418836832047 0.06336594372987747 0.0 0.0 0.0 0.0 0.0 0.0 0.0 0.0 0.0 0.0 0.0 0.0 0.0 0.0 0.0 0.0 0.0 0.0 0.0 0.0 0.0 0.0 0.0 0.0
0.681664228439331 0.01984064280986786 0.025437822565436363 0.030013518407940865 0.0351748913526535 0.03994762897491455 0.04773469269275665 0.05893070995807648 0.061120420694351196 0.0 0.0 0.0 0.0 0.0 0.0 0.0 0.0 0.0 0.0 0.0 0.0 0.0 0.0 0.0 0.0 0.0 0.0 0.0 0.0 0.0 0.0 0.0
0.6630479097366333 0.018542489036917686 0.022861914709210396 0.027157966047525406 0.031182726845145226 0.03368830308318138 0.03840634226799011 0.04675561562180519 0.06098295375704765 0.057238828390836716 0.0 0.0 0.0 0.0 0.0 0.0 0.0 0.0 0.0 0.0 0.0 0.0 0.0 0.0 0.0 0.0 0.0 0.0 0.0 0.0 0.0 0.0
0.6518412828445435 0.016552740707993507 0.02101491577923298 0.02599935606122017 0.027449853718280792 0.028235360980033875 0.03184254467487335 0.03754405677318573 0.04718747362494469 0.0573778934776783 0.05481748655438423 0.0 0.0 0.0 0.0 0.0 0.0 0.0 0.0 0.0 0.0 0.0 0.0 0.0 0.0 0.0 0.0 0.0 0.0 0.0 0.0 0.0
0.6395763158798218 0.01593349501490593 0.01948634907603264 0.023114202544093132 0.024364642798900604 0.0257230456918478 0.026568440720438957 0.031108716502785683 0.03743358701467514 0.04458335414528847 0.057647913694381714 0.05432484671473503 0.0 0.0 0.0 0.0 0.0 0.0 0.0 0.0 0.0 0.0 0.0 0.0 0.0 0.0 0.0 0.0 0.0 0.0 0.0 0.0
0.637130618095398 0.01471316535025835 0.017247091978788376 0.019859233871102333 0.021675191819667816 0.022740943357348442 0.023998601362109184 0.026706786826252937 0.030919665470719337 0.03530381619930267 0.04332335665822029 0.05403069034218788 0.052217260003089905 0.0 0.0 0.0 0.0 0.0 0.0 0.0 0.0 0.0 0.0 0.0 0.0 0.0 0.0 0.0 0.0 0.0 0.0 0.0
0.6256456971168518 0.013849095441401005 0.01587074249982834 0.01839413307607174 0.01904621161520481 0.020986288785934448 0.021702321246266365 0.02407257631421089 0.028466416522860527 0.028765961527824402 0.03459181264042854 0.044153276830911636 0.05435715615749359 0.049965888261795044 0.0 0.0 0.0 0.0 0.0 0.0 0.0 0.0 0.0 0.0 0.0 0.0 0.0 0.0 0.0 0.0 0.0 0.0
0.6319326758384705 0.013022965751588345 0.015028690919280052 0.016474954783916473 0.01694262959063053 0.018085027113556862 0.018863022327423096 0.020791590213775635 0.022645777091383934 0.02448631078004837 0.02789154276251793 0.0336044579744339 0.04197128489613533 0.04968901723623276 0.0484301932156086 0.0 0.0 0.0 0.0 0.0 0.0 0.0 0.0 0.0 0.0 0.0 0.0 0.0 0.0 0.0 0.0 0.0
0.6163904070854187 0.012637116946280003 0.014738345518708229 0.015959465876221657 0.01654389500617981 0.019111119210720062 0.017820443958044052 0.018908033147454262 0.02073557674884796 0.022115319967269897 0.025848573073744774 0.02806364744901657 0.03294213488698006 0.04163160175085068 0.05082142725586891 0.04560380056500435 0.0 0.0 0.0 0.0 0.0 0.0 0.0 0.0 0.0 0.0 0.0 0.0 0.0 0.0 0.0 0.0
0.62315434217453 0.011601434089243412 0.013902160339057446 0.014974299818277359 0.015074433758854866 0.01533475611358881 0.015765417367219925 0.016746507957577705 0.019238188862800598 0.019376756623387337 0.021412210538983345 0.02342335321009159 0.026221219450235367 0.030819911509752274 0.039614710956811905 0.048597149550914764 0.04460931196808815 0.0 0.0 0.0 0.0 0.0 0.0 0.0 0.0 0.0 0.0 0.0 0.0 0.0 0.0 0.0
0.6077012419700623 0.011195121333003044 0.013170380145311356 0.014469493180513382 0.014807618223130703 0.014596383087337017 0.014656038954854012 0.015502271242439747 0.018028687685728073 0.017779318615794182 0.01992480456829071 0.022432200610637665 0.023092331364750862 0.028365686535835266 0.032303012907505035 0.03851502016186714 0.049808476120233536 0.04352162778377533 0.0 0.0 0.0 0.0 0.0 0.0 0.0 0.0 0.0 0.0 0.0 0.0 0.0 0.0
0.6082608699798584 0.011227552779018879 0.012582719326019287 0.013585480861365795 0.01483217440545559 0.013989952392876148 0.013883191160857677 0.01422791462391615 0.01544641237705946 0.016321489587426186 0.01769532635807991 0.019198963418602943 0.019919637590646744 0.025252213701605797 0.02650582604110241 0.031209729611873627 0.03816600143909454 0.04594837501645088 0.04161478206515312 0.0 0.0 0.0 0.0 0.0 0.0 0.0 0.0 0.0 0.0 0.0 0.0 0.0
0.6124476790428162 0.010233316570520401 0.011725962162017822 0.01286785863339901 0.012889613397419453 0.01324449572712183 0.012806843966245651 0.013025989755988121 0.013896796852350235 0.014195695519447327 0.01595570519566536 0.017730126157402992 0.017628362402319908 0.01970735751092434 0.021863903850317 0.025440191850066185 0.029852768406271935 0.03686656802892685 0.04567043483257294 0.041818734258413315 0.0 0.0 0.0 0.0 0.0 0.0 0.0 0.0 0.0 0.0 0.0 0.0
0.6143659353256226 0.009725487791001797 0.011121375486254692 0.011964645236730576 0.012130826711654663 0.012223209254443645 0.012261658906936646 0.012953710742294788 0.014715795405209064 0.01324390433728695 0.014147583395242691 0.014916975051164627 0.015750683844089508 0.017151806503534317 0.019350796937942505 0.020291076973080635 0.02460993453860283 0.028164168819785118 0.03573378548026085 0.04452404007315636 0.04051639512181282 0.0 0.0 0.0 0.0 0.0 0.0 0.0 0.0 0.0 0.0 0.0
0.6105707883834839 0.009372133761644363 0.010742247104644775 0.011214830912649632 0.011659625917673111 0.012157647870481014 0.011577918194234371 0.0117075489833951 0.013201345689594746 0.012868043966591358 0.013718616217374802 0.013725927099585533 0.01434992253780365 0.01740790717303753 0.01729780063033104 0.018064800649881363 0.020883528515696526 0.023269187659025192 0.02827150747179985 0.03506072983145714 0.043901003897190094 0.03884020075201988 0.0 0.0 0.0 0.0 0.0 0.0 0.0 0.0 0.0 0.0
0.6127929091453552 0.008764071390032768 0.01038535125553608 0.010900928638875484 0.01114276610314846 0.011237070895731449 0.010857322253286839 0.011183065362274647 0.011541604064404964 0.011735714972019196 0.012784233316779137 0.012808781117200851 0.013246522285044193 0.014084083959460258 0.015410125255584717 0.016222858801484108 0.01842339150607586 0.019948232918977737 0.0229863952845335 0.027140995487570763 0.03451574593782425 0.04274064674973488 0.0390172079205513 0.0 0.0 0.0 0.0 0.0 0.0 0.0 0.0 0.0
0.6122350692749023 0.008048542775213718 0.009721491485834122 0.010333982296288013 0.010669996030628681 0.01062801480293274 0.010367024689912796 0.010473399423062801 0.010913175530731678 0.011151671409606934 0.012054831720888615 0.01180302258580923 0.012482358142733574 0.013061716221272945 0.013721593655645847 0.01452375203371048 0.01625099778175354 0.017314612865447998 0.019581826403737068 0.022667275741696358 0.0271712988615036 0.03374703601002693 0.04285392165184021 0.038087524473667145 0.0 0.0 0.0 0.0 0.0 0.0 0.0 0.0
0.6111758351325989 0.007779695559293032 0.009176715277135372 0.010070296935737133 0.0107476357370615 0.010486866347491741 0.01007610373198986 0.009896518662571907 0.010477677918970585 0.010652324184775352 0.011201567016541958 0.011227237060666084 0.011094260960817337 0.011617286130785942 0.012567519210278988 0.012892421334981918 0.014244449324905872 0.015222139656543732 0.016772696748375893 0.018747245892882347 0.022216128185391426 0.02659069001674652 0.03380730003118515 0.04289493337273598 0.03823012858629227 0.0 0.0 0.0 0.0 0.0 0.0 0.0
0.6090274453163147 0.007593574468046427 0.008946782909333706 0.009594907984137535 0.009859374724328518 0.010007611475884914 0.00957220233976841 0.009710933081805706 0.00989422295242548 0.009883591905236244 0.010466334410011768 0.010817117057740688 0.010760428383946419 0.011114324443042278 0.011751062236726284 0.011803817003965378 0.01331720408052206 0.01370211597532034 0.015046599321067333 0.01677808351814747 0.018901275470852852 0.022036708891391754 0.02661190554499626 0.033429116010665894 0.0423954613506794 0.036800406873226166 0.0 0.0 0.0 0.0 0.0 0.0
0.6119154095649719 0.007284084800630808 0.008451434783637524 0.009008748456835747 0.009212098084390163 0.00943722203373909 0.009174973703920841 0.009113599546253681 0.009286458604037762 0.009329483844339848 0.009828479029238224 0.009966108947992325 0.010135184042155743 0.010338321328163147 0.010992768220603466 0.011048367246985435 0.01204630546271801 0.012351145036518574 0.013535037636756897 0.015308610163629055 0.01624150015413761 0.018758045509457588 0.02177811600267887 0.025797344744205475 0.032671280205249786 0.04104359820485115 0.035766180604696274 0.0 0.0 0.0 0.0 0.0
0.602986216545105 0.007195924874395132 0.00816535297781229 0.00866964366286993 0.009167718701064587 0.00897669605910778 0.008992602117359638 0.008932302705943584 0.00945933349430561 0.009389540180563927 0.009126042947173119 0.009382964111864567 0.00964352022856474 0.009885809384286404 0.01122272852808237 0.010841485112905502 0.011131227016448975 0.011636771261692047 0.01309745479375124 0.013626685366034508 0.014660813845694065 0.016110943630337715 0.018404772505164146 0.021720368415117264 0.02778511308133602 0.03368847072124481 0.041246261447668076 0.034676939249038696 0.0 0.0 0.0 0.0
0.6079010963439941 0.007036557421088219 0.00789197999984026 0.008448123000562191 0.008510331623256207 0.008717837743461132 0.008449627086520195 0.008673720993101597 0.008788743056356907 0.008594412356615067 0.008820849470794201 0.008878156542778015 0.008963449858129025 0.009328263811767101 0.010083076544106007 0.010180564597249031 0.010639108717441559 0.010636893101036549 0.011402669362723827 0.012679783627390862 0.013308540917932987 0.01428527757525444 0.01606782339513302 0.018158191815018654 0.02136644348502159 0.02613726817071438 0.03230563923716545 0.03941060230135918 0.034163009375333786 0.0 0.0 0.0
0.6058080792427063 0.006846138276159763 0.0077209859155118465 0.0081093804910779 0.008323668502271175 0.008222600445151329 0.008052095770835876 0.00828616600483656 0.00860805343836546 0.00856020674109459 0.008747495710849762 0.00866191741079092 0.008495625108480453 0.008842873387038708 0.009474607184529305 0.009498002007603645 0.009899644181132317 0.009987935423851013 0.010660490952432156 0.0113597447052598 0.011890461668372154 0.012749912217259407 0.014232697896659374 0.015776807442307472 0.01918763853609562 0.02139546535909176 0.025794992223381996 0.03185075893998146 0.038736432790756226 0.03404158726334572 0.0 0.0
0.6017500758171082 0.006603467743843794 0.007591296918690205 0.008037702180445194 0.007853290997445583 0.008018776774406433 0.007655010093003511 0.007855280302464962 0.007983432151377201 0.007893129251897335 0.008907493203878403 0.00936641450971365 0.008130952715873718 0.008250710554420948 0.008635328151285648 0.010635179467499256 0.009510991163551807 0.010317392647266388 0.009896980598568916 0.010512905195355415 0.010905774310231209 0.011708914302289486 0.013705724850296974 0.014989456161856651 0.0165538489818573 0.018008891493082047 0.020407944917678833 0.02474747784435749 0.030947992578148842 0.03917098790407181 0.03326936438679695 0.0
0.6056979894638062 0.006322722882032394 0.007389354519546032 0.007756580598652363 0.007718273438513279 0.008101281709969044 0.007530053146183491 0.00770708778873086 0.00803303811699152 0.007943613454699516 0.008142148144543171 0.008386068977415562 0.0080081382766366 0.00786323007196188 0.00871093850582838 0.008568800054490566 0.008730915375053883 0.008940714411437511 0.00949997641146183 0.010495370253920555 0.01006980612874031 0.010760502889752388 0.011493803933262825 0.012418795377016068 0.014109069481492043 0.015513027086853981 0.017519118264317513 0.020450372248888016 0.024482524022459984 0.030569562688469887 0.03770711272954941 0.033187322318553925
