1.0 0.0 0.0 0.0 0.0 0.0 0.0 0.0 0.0 0.0 0.0 0.0 0.0 0.0 0.0 0.0 0.0 0.0 0.0 0.0 0.0 0.0 0.0 0.0 0.0 0.0 0.0 0.0 0.0 0.0 0.0 0.0
0.9921326041221619 0.007737406529486179 0.0 0.0 0.0 0.0 0.0 0.0 0.0 0.0 0.0 0.0 0.0 0.0 0.0 0.0 0.0 0.0 0.0 0.0 0.0 0.0 0.0 0.0 0.0 0.0 0.0 0.0 0.0 0.0 0.0 0.0
0.9837977290153503 0.003368973033502698 0.012697515077888966 0.0 0.0 0.0 0.0 0.0 0.0 0.0 0.0 0.0 0.0 0.0 0.0 0.0 0.0 0.0 0.0 0.0 0.0 0.0 0.0 0.0 0.0 0.0 0.0 0.0 0.0 0.0 0.0 0.0
0.9795734286308289 0.0024592888075858355 0.0054398211650550365 0.012392863631248474 0.0 0.0 0.0 0.0 0.0 0.0 0.0 0.0 0.0 0.0 0.0 0.0 0.0 0.0 0.0 0.0 0.0 0.0 0.0 0.0 0.0 0.0 0.0 0.0 0.0 0.0 0.0 0.0
0.9786781668663025 0.0018887834157794714 0.0030082003213465214 0.0047296080738306046 0.01156641822308302 0.0 0.0 0.0 0.0 0.0 0.0 0.0 0.0 0.0 0.0 0.0 0.0 0.0 0.0 0.0 0.0 0.0 0.0 0.0 0.0 0.0 0.0 0.0 0.0 0.0 0.0 0.0
0.977495014667511 0.0016079794149845839 0.0023839729838073254 0.0029204492457211018 0.004202691372483969 0.01125518511980772 0.0 0.0 0.0 0.0 0.0 0.0 0.0 0.0 0.0 0.0 0.0 0.0 0.0 0.0 0.0 0.0 0.0 0.0 0.0 0.0 0.0 0.0 0.0 0.0 0.0 0.0
0.97743159532547 0.0013562618987634778 0.0016836507711559534 0.0020155138336122036 0.0024644024670124054 0.003993108402937651 0.010920695029199123 0.0 0.0 0.0 0.0 0.0 0.0 0.0 0.0 0.0 0.0 0.0 0.0 0.0 0.0 0.0 0.0 0.0 0.0 0.0 0.0 0.0 0.0 0.0 0.0 0.0
0.975700855255127 0.001199006219394505 0.0014343028888106346 0.0016494288574904203 0.002018192782998085 0.0025329131167382 0.0038670115172863007 0.011467770673334599 0.0 0.0 0.0 0.0 0.0 0.0 0.0 0.0 0.0 0.0 0.0 0.0 0.0 0.0 0.0 0.0 0.0 0.0 0.0 0.0 0.0 0.0 0.0 0.0
0.9734538793563843 0.0013129612198099494 0.0015364985447376966 0.0016173574840649962 0.001897543901577592 0.0019335312535986304 0.0025527786929160357 0.004065967630594969 0.011491669341921806 0.0 0.0 0.0 0.0 0.0 0.0 0.0 0.0 0.0 0.0 0.0 0.0 0.0 0.0 0.0 0.0 0.0 0.0 0.0 0.0 0.0 0.0 0.0
0.973432183265686 0.0011099333642050624 0.0012390929041430354 0.0011749120894819498 0.0013931362191215158 0.001582642551511526 0.001882142503745854 0.0023326429072767496 0.0040825181640684605 0.011635701172053814 0.0 0.0 0.0 0.0 0.0 0.0 0.0 0.0 0.0 0.0 0.0 0.0 0.0 0.0 0.0 0.0 0.0 0.0 0.0 0.0 0.0 0.0
0.9730034470558167 0.0011049425229430199 0.001165820867754519 0.0011088860919699073 0.0012029105564579368 0.0013366444036364555 0.0014852788299322128 0.0017580025596544147 0.0023320254404097795 0.0037987912073731422 0.011563758365809917 0.0 0.0 0.0 0.0 0.0 0.0 0.0 0.0 0.0 0.0 0.0 0.0 0.0 0.0 0.0 0.0 0.0 0.0 0.0 0.0 0.0
0.9711928367614746 0.0011089601321145892 0.0011219154112040997 0.0011051687179133296 0.001225279294885695 0.0012149165850132704 0.0012924482580274343 0.0015127366641536355 0.001831950037740171 0.0024085340555757284 0.0038906573317945004 0.01196186151355505 0.0 0.0 0.0 0.0 0.0 0.0 0.0 0.0 0.0 0.0 0.0 0.0 0.0 0.0 0.0 0.0 0.0 0.0 0.0 0.0
0.9710313081741333 0.0010028535034507513 0.0010343813337385654 0.001125655951909721 0.0011444917181506753 0.0011815803591161966 0.0012435020180419087 0.0013244656147435308 0.0014778871554881334 0.0017671455862000585 0.002387634478509426 0.003907330334186554 0.011238339357078075 0.0 0.0 0.0 0.0 0.0 0.0 0.0 0.0 0.0 0.0 0.0 0.0 0.0 0.0 0.0 0.0 0.0 0.0 0.0
0.9679261445999146 0.0009991648839786649 0.0013064363738521934 0.001128198578953743 0.0011495067737996578 0.0011570133501663804 0.001243801205419004 0.0012974186101928353 0.0013544177636504173 0.0017181811854243279 0.0018574048299342394 0.002498315880075097 0.004032420925796032 0.012205064296722412 0.0 0.0 0.0 0.0 0.0 0.0 0.0 0.0 0.0 0.0 0.0 0.0 0.0 0.0 0.0 0.0 0.0 0.0
0.9669296145439148 0.0009196829632855952 0.0010121363447979093 0.001177283120341599 0.001094041857868433 0.0010968615533784032 0.00126178958453238 0.0012830047635361552 0.0012660188367590308 0.0014104914152994752 0.001591330859810114 0.002041860017925501 0.0026904128026217222 0.004260359797626734 0.011829766444861889 0.0 0.0 0.0 0.0 0.0 0.0 0.0 0.0 0.0 0.0 0.0 0.0 0.0 0.0 0.0 0.0 0.0
0.966248631477356 0.0009707908611744642 0.0010650671320036054 0.0010493651498109102 0.0012047317577525973 0.0011529455659911036 0.0012290501035749912 0.0012886513723060489 0.001256018178537488 0.0013656861847266555 0.0014080962864682078 0.0015890792710706592 0.002021314576268196 0.0025601692032068968 0.004038498271256685 0.01141799334436655 0.0 0.0 0.0 0.0 0.0 0.0 0.0 0.0 0.0 0.0 0.0 0.0 0.0 0.0 0.0 0.0
0.9632226824760437 0.0010025767842307687 0.000928276393096894 0.0010408773086965084 0.0011981010902673006 0.0012025092728435993 0.001338043250143528 0.0013063206570222974 0.0016032770508900285 0.0020341170020401478 0.0014334532897919416 0.0015198560431599617 0.0018472090596333146 0.002036360092461109 0.002799016423523426 0.003954343032091856 0.011394652538001537 0.0 0.0 0.0 0.0 0.0 0.0 0.0 0.0 0.0 0.0 0.0 0.0 0.0 0.0 0.0
0.9647219777107239 0.0008070644689723849 0.0009597456664778292 0.000992310931906104 0.00109754444565624 0.0011796613689512014 0.0010726380860432982 0.0011932612396776676 0.0013392786495387554 0.0011377754854038358 0.0011681527830660343 0.001393840997479856 0.0015608136309310794 0.0016347520286217332 0.00192289671394974 0.002445742255076766 0.003886667313054204 0.011349532753229141 0.0 0.0 0.0 0.0 0.0 0.0 0.0 0.0 0.0 0.0 0.0 0.0 0.0 0.0
0.9638547897338867 0.000832282705232501 0.0008674985729157925 0.0009781569242477417 0.0010125257540494204 0.0011299060424789786 0.0010466178646311164 0.001138293300755322 0.0012649716809391975 0.0012141114566475153 0.0011627307394519448 0.0012570922262966633 0.0013143649557605386 0.0013720187125727534 0.001639376045204699 0.0018892077496275306 0.0026523778215050697 0.0038228905759751797 0.011417854577302933 0.0 0.0 0.0 0.0 0.0 0.0 0.0 0.0 0.0 0.0 0.0 0.0 0.0
0.960423469543457 0.0008092053467407823 0.0008968404727056623 0.0009490029769949615 0.0009905954357236624 0.0010604499839246273 0.0010570125887170434 0.0011981267016381025 0.0012630815617740154 0.0012366228038445115 0.0011974518420174718 0.0012962352484464645 0.0016702618449926376 0.0022177528589963913 0.0016208189772441983 0.0016795427072793245 0.0020553625654429197 0.002566100098192692 0.004562861286103725 0.011111106723546982 0.0 0.0 0.0 0.0 0.0 0.0 0.0 0.0 0.0 0.0 0.0 0.0
0.9602711200714111 0.00083258340600878 0.000906852656044066 0.0009547824738547206 0.001034577377140522 0.001000448944978416 0.000999595271423459 0.0011699608294293284 0.001227577100507915 0.00128269346896559 0.001224998151883483 0.0012359557440504432 0.0013109877472743392 0.0017057424411177635 0.0017307789530605078 0.001444400753825903 0.0016107572009786963 0.0018368824385106564 0.002445163670927286 0.00368700223043561 0.011953831650316715 0.0 0.0 0.0 0.0 0.0 0.0 0.0 0.0 0.0 0.0 0.0
0.958716869354248 0.0008111690985970199 0.0009378243703395128 0.0009931459790095687 0.0010474740993231535 0.0010273002553731203 0.0009799522813409567 0.0011308883549645543 0.0012519932352006435 0.0012398705584928393 0.0013606366701424122 0.0013806287897750735 0.0013368449872359633 0.0012358803069218993 0.0017488831654191017 0.0014375554164871573 0.0014538986142724752 0.0016477914759889245 0.0019025662913918495 0.0024462197907269 0.004084398970007896 0.011689724400639534 0.0 0.0 0.0 0.0 0.0 0.0 0.0 0.0 0.0 0.0
0.9598133563995361 0.0007893936126492918 0.0008261622861027718 0.0009374736691825092 0.001026253798045218 0.0010234516812488437 0.0010213119676336646 0.001050856546498835 0.0011130524799227715 0.0011689456878229976 0.0012396593810990453 0.001409544493071735 0.0013460369082167745 0.0011244590859860182 0.0012393663637340069 0.0012123482301831245 0.0012540466850623488 0.0013457743916660547 0.0015229509444907308 0.0017955960938706994 0.0024516854900866747 0.0038524651899933815 0.01130854431539774 0.0 0.0 0.0 0.0 0.0 0.0 0.0 0.0 0.0
0.9567752480506897 0.0008056707447394729 0.0008430342422798276 0.0008836012566462159 0.0009729796438477933 0.001015826826915145 0.0009512465912848711 0.0011009160662069917 0.001120452769100666 0.0011642761528491974 0.0011581548023968935 0.0012766175204887986 0.0014818155905231833 0.0013662293786183 0.0012428474146872759 0.0011352095752954483 0.0012344826245680451 0.0012102100299671292 0.0013766404008492827 0.001505481544882059 0.002386130392551422 0.0026090519968420267 0.004088332876563072 0.012158580124378204 0.0 0.0 0.0 0.0 0.0 0.0 0.0 0.0
0.9579611420631409 0.0009040219010785222 0.000860687461681664 0.0009125934448093176 0.0009597946191206574 0.0009883474558591843 0.0010173848131671548 0.0010417363373562694 0.0011310873087495565 0.0011243040207773447 0.001199034508317709 0.0012074613478034735 0.0011499960673972964 0.0011865678243339062 0.001103889080695808 0.0011472456390038133 0.0011829754803329706 0.0011265936773270369 0.0012920077424496412 0.0012845200253650546 0.0016695556696504354 0.001898831338621676 0.0023795354645699263 0.003925399389117956 0.01121783908456564 0.0 0.0 0.0 0.0 0.0 0.0 0.0
0.9566727876663208 0.0008109126938506961 0.0008425774867646396 0.0009299252415075898 0.0009437784901820123 0.0009663815144449472 0.0009476864361204207 0.001062380033545196 0.0010427223751321435 0.0011356859467923641 0.0011647703358903527 0.0012564425123855472 0.0012608198449015617 0.0012427187757566571 0.0012178634060546756 0.0011115620145574212 0.0011216591810807586 0.001077176770195365 0.0011589501518756151 0.0012346411822363734 0.0015049525536596775 0.0017773350700736046 0.0019238053355365992 0.002755924593657255 0.0038747242651879787 0.01078640203922987 0.0 0.0 0.0 0.0 0.0 0.0
0.9558913111686707 0.0008029883611015975 0.0008418855722993612 0.0009376386879011989 0.0009484689217060804 0.000999349751509726 0.0009676264598965645 0.0010398864978924394 0.0010334205580875278 0.0011383404489606619 0.0012051735538989305 0.001240291865542531 0.0011909332824870944 0.0012044757604599 0.001176337944343686 0.0011434267507866025 0.0010723922168835998 0.0010464772349223495 0.0011425670236349106 0.0011991403298452497 0.001246439991518855 0.0014113179640844464 0.001591807696968317 0.0019141747616231441 0.0024172712583094835 0.00360608147457242 0.011413932777941227 0.0 0.0 0.0 0.0 0.0
0.9559136033058167 0.0007879360346123576 0.0008342384826391935 0.0009179609478451312 0.0009678039932623506 0.0009115392458625138 0.000967684667557478 0.0009843410225585103 0.0010265466989949346 0.001069543301127851 0.0010747777996584773 0.0012406915193423629 0.0012537444708868861 0.001238883938640356 0.0011399391805753112 0.0011497157393023372 0.001059950445778668 0.0010211024200543761 0.0011551297502592206 0.0010985378175973892 0.0011587763438001275 0.001233584713190794 0.0013389636296778917 0.0016203417908400297 0.0018539952579885721 0.0023490278981626034 0.0037396203260868788 0.010714471340179443 0.0 0.0 0.0 0.0
0.9540290236473083 0.0007623966666869819 0.0007837299490347505 0.0008563802693970501 0.0009504960617050529 0.0009186486713588238 0.0010155116906389594 0.0010278025874868035 0.0009812697535380721 0.0010682841530069709 0.0010395038407295942 0.0012092908145859838 0.001204912201501429 0.001401804038323462 0.0014759147306904197 0.001110813464038074 0.0011027895379811525 0.0010237229289487004 0.0010312965605407953 0.001057943794876337 0.00111298484262079 0.0012142711784690619 0.001241323072463274 0.0015946610365062952 0.0016118212370201945 0.001799419755116105 0.00248036184348166 0.0037140927743166685 0.011002801358699799 0.0 0.0 0.0
0.953251302242279 0.0007743127061985433 0.0008340179920196533 0.0008953189244493842 0.0009370698826387525 0.0009640836506150663 0.0009801911655813456 0.0009833319345489144 0.0010594904888421297 0.001062598661519587 0.0011341627687215805 0.0010969165014103055 0.0011822694214060903 0.0011494269128888845 0.0011740472400560975 0.0012181372148916125 0.0010004506912082434 0.0011157934786751866 0.0011711383704096079 0.0010762220481410623 0.001188339781947434 0.0011761245550587773 0.0012360711116343737 0.001489228685386479 0.0013688119361177087 0.001577074988745153 0.0020629288628697395 0.00239178235642612 0.003763530869036913 0.010503883473575115 0.0 0.0
0.9450106024742126 0.0007908742991276085 0.0008896113140508533 0.000924357445910573 0.0009488141513429582 0.0009999674512073398 0.0009696166380308568 0.0010036671301349998 0.000998878967948258 0.0010803041514009237 0.0010909647680819035 0.001159535488113761 0.001146953902207315 0.0015304600819945335 0.002060313243418932 0.001247186679393053 0.0011085642036050558 0.0010617944644764066 0.0010560364462435246 0.00097774644382298 0.002622446743771434 0.001849544234573841 0.001911677187308669 0.004069866146892309 0.0013564976397901773 0.0013763856841251254 0.0016075087478384376 0.001892759115435183 0.002557567087933421 0.0036504955496639013 0.01087157055735588 0.0
0.9467466473579407 0.0007284806342795491 0.0007794012781232595 0.0009332618792541325 0.0010461657075211406 0.0009171892888844013 0.0009416154935024679 0.0010228436440229416 0.0010103704407811165 0.0010004451032727957 0.001052452134899795 0.0010766050545498729 0.0010474045993760228 0.0011289583053439856 0.001706350944004953 0.0011323344660922885 0.0011380808427929878 0.0010967683047056198 0.0010142035316675901 0.0009653539746068418 0.0011812580050900578 0.0024911456275731325 0.0015208062250167131 0.0029106957372277975 0.0012980066239833832 0.0012368904426693916 0.0013883027713745832 0.0015432268846780062 0.001873580738902092 0.0023563040886074305 0.0037525740917772055 0.01178393978625536
