1.0 0.0 0.0 0.0 0.0 0.0 0.0 0.0 0.0 0.0 0.0 0.0 0.0 0.0 0.0 0.0 0.0 0.0 0.0 0.0 0.0 0.0 0.0 0.0 0.0 0.0 0.0 0.0 0.0 0.0 0.0 0.0
0.9149256944656372 0.08496072888374329 0.0 0.0 0.0 0.0 0.0 0.0 0.0 0.0 0.0 0.0 0.0 0.0 0.0 0.0 0.0 0.0 0.0 0.0 0.0 0.0 0.0 0.0 0.0 0.0 0.0 0.0 0.0 0.0 0.0 0.0
0.7630413770675659 0.11943624913692474 0.117376908659935 0.0 0.0 0.0 0.0 0.0 0.0 0.0 0.0 0.0 0.0 0.0 0.0 0.0 0.0 0.0 0.0 0.0 0.0 0.0 0.0 0.0 0.0 0.0 0.0 0.0 0.0 0.0 0.0 0.0
0.7038171887397766 0.06584034115076065 0.11515608429908752 0.11505432426929474 0.0 0.0 0.0 0.0 0.0 0.0 0.0 0.0 0.0 0.0 0.0 0.0 0.0 0.0 0.0 0.0 0.0 0.0 0.0 0.0 0.0 0.0 0.0 0.0 0.0 0.0 0.0 0.0
0.6572819948196411 0.043379537761211395 0.06373454630374908 0.12142720073461533 0.11403539776802063 0.0 0.0 0.0 0.0 0.0 0.0 0.0 0.0 0.0 0.0 0.0 0.0 0.0 0.0 0.0 0.0 0.0 0.0 0.0 0.0 0.0 0.0 0.0 0.0 0.0 0.0 0.0
0.6279343962669373 0.03061523288488388 0.037906207144260406 0.06782396882772446 0.12290315330028534 0.11268526315689087 0.0 0.0 0.0 0.0 0.0 0.0 0.0 0.0 0.0 0.0 0.0 0.0 0.0 0.0 0.0 0.0 0.0 0.0 0.0 0.0 0.0 0.0 0.0 0.0 0.0 0.0
0.6186083555221558 0.023008501157164574 0.02519376017153263 0.04144042730331421 0.06560064852237701 0.11761894077062607 0.10839192569255829 0.0 0.0 0.0 0.0 0.0 0.0 0.0 0.0 0.0 0.0 0.0 0.0 0.0 0.0 0.0 0.0 0.0 0.0 0.0 0.0 0.0 0.0 0.0 0.0 0.0
0.6023657321929932 0.01862998865544796 0.01978899911046028 0.029057012870907784 0.04095803201198578 0.0666724294424057 0.11409978568553925 0.10829364508390427 0.0 0.0 0.0 0.0 0.0 0.0 0.0 0.0 0.0 0.0 0.0 0.0 0.0 0.0 0.0 0.0 0.0 0.0 0.0 0.0 0.0 0.0 0.0 0.0
0.5910788774490356 0.01544023584574461 0.015825947746634483 0.021770985797047615 0.029156219214200974 0.03933679312467575 0.06280877441167831 0.11560491472482681 0.10884130001068115 0.0 0.0 0.0 0.0 0.0 0.0 0.0 0.0 0.0 0.0 0.0 0.0 0.0 0.0 0.0 0.0 0.0 0.0 0.0 0.0 0.0 0.0 0.0
0.5771967768669128 0.012024082243442535 0.012648036703467369 0.01861129142343998 0.022020205855369568 0.027275580912828445 0.039959147572517395 0.06241051107645035 0.11674924194812775 0.11097502708435059 0.0 0.0 0.0 0.0 0.0 0.0 0.0 0.0 0.0 0.0 0.0 0.0 0.0 0.0 0.0 0.0 0.0 0.0 0.0 0.0 0.0 0.0
0.5760930776596069 0.0099199702963233 0.009232381358742714 0.013750018551945686 0.016882387921214104 0.021107416599988937 0.027691513299942017 0.039026327431201935 0.06493765860795975 0.11421969532966614 0.10701200366020203 0.0 0.0 0.0 0.0 0.0 0.0 0.0 0.0 0.0 0.0 0.0 0.0 0.0 0.0 0.0 0.0 0.0 0.0 0.0 0.0 0.0
0.5661780834197998 0.008351274766027927 0.007029237225651741 0.010820388793945312 0.013823549263179302 0.01705498807132244 0.021579725667834282 0.027867266908288002 0.03970089182257652 0.06345486640930176 0.11618030071258545 0.10783187299966812 0.0 0.0 0.0 0.0 0.0 0.0 0.0 0.0 0.0 0.0 0.0 0.0 0.0 0.0 0.0 0.0 0.0 0.0 0.0 0.0
0.558465301990509 0.00789979100227356 0.006190898362547159 0.00879345927387476 0.010946961119771004 0.013906046748161316 0.017454512417316437 0.021943002939224243 0.02932433970272541 0.03934637829661369 0.06527135521173477 0.1153198778629303 0.10500585287809372 0.0 0.0 0.0 0.0 0.0 0.0 0.0 0.0 0.0 0.0 0.0 0.0 0.0 0.0 0.0 0.0 0.0 0.0 0.0
0.5542330145835876 0.007307475432753563 0.0059733036905527115 0.007179552689194679 0.00864814966917038 0.01110802497714758 0.014060038141906261 0.017531506717205048 0.021781383082270622 0.029078712686896324 0.04129436984658241 0.06449062377214432 0.11296217888593674 0.10421787202358246 0.0 0.0 0.0 0.0 0.0 0.0 0.0 0.0 0.0 0.0 0.0 0.0 0.0 0.0 0.0 0.0 0.0 0.0
0.5429715514183044 0.006698719225823879 0.005895573180168867 0.006845718249678612 0.007808947470039129 0.008878378197550774 0.011247146874666214 0.014485876075923443 0.018185729160904884 0.023014847189188004 0.030051015317440033 0.040761783719062805 0.06393792480230331 0.11775807291269302 0.10132332146167755 0.0 0.0 0.0 0.0 0.0 0.0 0.0 0.0 0.0 0.0 0.0 0.0 0.0 0.0 0.0 0.0 0.0
0.5417705178260803 0.005654622800648212 0.005516690667718649 0.0067143491469323635 0.006919326726347208 0.007554277777671814 0.009181983768939972 0.01184765063226223 0.015529127791523933 0.018020840361714363 0.022816933691501617 0.02938595786690712 0.04100983962416649 0.06384165585041046 0.11383331567049026 0.10027165710926056 0.0 0.0 0.0 0.0 0.0 0.0 0.0 0.0 0.0 0.0 0.0 0.0 0.0 0.0 0.0 0.0
0.5328019857406616 0.004779347218573093 0.004746838007122278 0.006386461667716503 0.006948178634047508 0.007385699078440666 0.00819227285683155 0.01004876010119915 0.01300893910229206 0.015496296808123589 0.01908273622393608 0.022973816841840744 0.02975570596754551 0.04251520335674286 0.0632680132985115 0.1123133972287178 0.10016053915023804 0.0 0.0 0.0 0.0 0.0 0.0 0.0 0.0 0.0 0.0 0.0 0.0 0.0 0.0 0.0
0.52998286485672 0.004139897413551807 0.003976264037191868 0.005769946146756411 0.006739895325154066 0.007172915618866682 0.007755310274660587 0.008495878428220749 0.010217495262622833 0.012375999242067337 0.016008887439966202 0.019399285316467285 0.023311525583267212 0.029490729793906212 0.04014146327972412 0.0644427239894867 0.11156196147203445 0.09888072311878204 0.0 0.0 0.0 0.0 0.0 0.0 0.0 0.0 0.0 0.0 0.0 0.0 0.0 0.0
0.5238407254219055 0.003914115950465202 0.003389200894162059 0.005012418143451214 0.00597932655364275 0.007088102400302887 0.007646883372217417 0.008110355585813522 0.009037679992616177 0.010445496067404747 0.013374986127018929 0.01643342897295952 0.01914544589817524 0.023130936548113823 0.029279079288244247 0.04277172312140465 0.06263801455497742 0.10974286496639252 0.09888117760419846 0.0 0.0 0.0 0.0 0.0 0.0 0.0 0.0 0.0 0.0 0.0 0.0 0.0
0.5104636549949646 0.003909331280738115 0.0031421768944710493 0.0043299817480146885 0.00507361302152276 0.006364620290696621 0.007393272127956152 0.007779257372021675 0.008561762049794197 0.009199903346598148 0.011120235547423363 0.014131532981991768 0.016310473904013634 0.020171120762825012 0.025776607915759087 0.030668621882796288 0.04002901911735535 0.06396976113319397 0.11617553979158401 0.09529495239257812 0.0 0.0 0.0 0.0 0.0 0.0 0.0 0.0 0.0 0.0 0.0 0.0
0.5159873366355896 0.0038869138807058334 0.0032150885090231895 0.004083624575287104 0.004463664721697569 0.005580199416726828 0.006807644385844469 0.007749584503471851 0.008549490943551064 0.008720136247575283 0.009847866371273994 0.011598876677453518 0.013114901259541512 0.016675399616360664 0.019115857779979706 0.02347373589873314 0.028530344367027283 0.04029926285147667 0.06352747976779938 0.10975471884012222 0.09488891065120697 0.0 0.0 0.0 0.0 0.0 0.0 0.0 0.0 0.0 0.0 0.0
0.5103166103363037 0.0036122859455645084 0.003199306782335043 0.003985184244811535 0.0042972080409526825 0.004792277701199055 0.005940005648881197 0.006984365172684193 0.008239969611167908 0.008540726266801357 0.009031848050653934 0.009859733283519745 0.011110518127679825 0.014308763667941093 0.016502846032381058 0.019254187121987343 0.022382255643606186 0.028658593073487282 0.04175768420100212 0.061810702085494995 0.11045315861701965 0.09482607245445251 0.0 0.0 0.0 0.0 0.0 0.0 0.0 0.0 0.0 0.0
0.5045502781867981 0.0032925442792475224 0.0030783864203840494 0.004086244385689497 0.004300910048186779 0.004445478320121765 0.005201299674808979 0.006302333902567625 0.007827789522707462 0.008351446129381657 0.009074470028281212 0.009799123741686344 0.010039354674518108 0.012107283808290958 0.01380129437893629 0.016082318499684334 0.01908949948847294 0.02292589470744133 0.03044169768691063 0.039727069437503815 0.06215445697307587 0.10885924100875854 0.09432796388864517 0.0 0.0 0.0 0.0 0.0 0.0 0.0 0.0 0.0
0.5000712871551514 0.003287664847448468 0.0028908364474773407 0.0037352994550019503 0.004241051152348518 0.004363224841654301 0.00472501153126359 0.005324175115674734 0.006526113487780094 0.008025648072361946 0.008954455144703388 0.009237939491868019 0.009595230221748352 0.01061696745455265 0.011673036962747574 0.013390904292464256 0.01586296223104 0.01891334354877472 0.023525264114141464 0.028635086491703987 0.04003120958805084 0.06331334263086319 0.11035013198852539 0.09257374703884125 0.0 0.0 0.0 0.0 0.0 0.0 0.0 0.0
0.4902142286300659 0.0031677333172410727 0.002705250633880496 0.003516336902976036 0.004002181813120842 0.004245907999575138 0.004719172604382038 0.005029468797147274 0.006040845066308975 0.007013439200818539 0.008923939429223537 0.009368297643959522 0.009765805676579475 0.010363668203353882 0.010161002166569233 0.012365305796265602 0.013525018468499184 0.01593746244907379 0.019973110407590866 0.022756680846214294 0.028588440269231796 0.040110066533088684 0.06475342810153961 0.11085881292819977 0.0917588397860527 0.0 0.0 0.0 0.0 0.0 0.0 0.0
0.4881451725959778 0.0030691861175000668 0.0027318038046360016 0.0033232378773391247 0.00378003204241395 0.0041159214451909065 0.0045825825072824955 0.004894661251455545 0.0056400480680167675 0.006166570354253054 0.007900315336883068 0.00851363968104124 0.009469106793403625 0.009783768095076084 0.009986435994505882 0.01019256841391325 0.01208596769720316 0.013701909221708775 0.017493784427642822 0.018909357488155365 0.02237134799361229 0.028870049864053726 0.041374046355485916 0.06339085102081299 0.10735969245433807 0.09196819365024567 0.0 0.0 0.0 0.0 0.0 0.0
0.4866955876350403 0.0030250295531004667 0.002864292124286294 0.0033615222200751305 0.003659244626760483 0.003925490193068981 0.004489284940063953 0.004881102591753006 0.005473764147609472 0.005781135056167841 0.007121734786778688 0.007922444492578506 0.009114139713346958 0.009930812753736973 0.009756629355251789 0.009758549742400646 0.010430938564240932 0.011970048770308495 0.014928456395864487 0.015716424211859703 0.018416190519928932 0.02189462073147297 0.029255636036396027 0.04068128392100334 0.06003686413168907 0.10734201967716217 0.0913902223110199 0.0 0.0 0.0 0.0 0.0
0.48781490325927734 0.0026642601005733013 0.0027868172619491816 0.003449594136327505 0.0035437275655567646 0.0036218275781720877 0.00412099901586771 0.004540925845503807 0.005408248398452997 0.005532455630600452 0.00618181424215436 0.007244530599564314 0.007577006705105305 0.00928390584886074 0.009243172593414783 0.012078395113348961 0.009228459559381008 0.010231701657176018 0.01176475454121828 0.012944750487804413 0.015299534425139427 0.018459104001522064 0.022783013060688972 0.029132522642612457 0.037891220301389694 0.06001295521855354 0.10426793992519379 0.09271319210529327 0.0 0.0 0.0 0.0
0.4810470938682556 0.002253325190395117 0.0024421808775514364 0.0033949457574635744 0.0035804291255772114 0.003712003817781806 0.004034074954688549 0.004467057529836893 0.005377768073230982 0.005437254440039396 0.00595304649323225 0.006540277041494846 0.007006498519331217 0.008203953504562378 0.008858716115355492 0.009532073512673378 0.009275609627366066 0.009522915817797184 0.010786114260554314 0.01112537644803524 0.013297265395522118 0.01578020118176937 0.01880209892988205 0.022844582796096802 0.027623163536190987 0.038761354982852936 0.06004739925265312 0.11142350733280182 0.08869411051273346 0.0 0.0 0.0
0.481902152299881 0.0020558428950607777 0.0020300005562603474 0.003043336793780327 0.003527714405208826 0.0038154239300638437 0.0040106079541146755 0.004397141747176647 0.004956066142767668 0.005339988972991705 0.0059583792462944984 0.006141551770269871 0.006462999619543552 0.007352704647928476 0.008194311521947384 0.009214287623763084 0.008931114338338375 0.00937653798609972 0.010140066966414452 0.00997227057814598 0.011165743693709373 0.013960132375359535 0.016031678766012192 0.018947118893265724 0.021875008940696716 0.028619766235351562 0.03855041787028313 0.061667054891586304 0.10341306775808334 0.08877245336771011 0.0 0.0
0.47946104407310486 0.0020012659952044487 0.0017676015850156546 0.0026045276317745447 0.0032299060840159655 0.0037940950132906437 0.004154396243393421 0.004536198452115059 0.004953223280608654 0.004995826166123152 0.005697629414498806 0.006099655292928219 0.006093688774853945 0.007006167899817228 0.007573816459625959 0.008295605890452862 0.008428008295595646 0.00923224724829197 0.010446597822010517 0.009676117449998856 0.009890267625451088 0.01130642183125019 0.01326292660087347 0.015826238319277763 0.018133699893951416 0.021984698250889778 0.027687985450029373 0.040402546525001526 0.05819642171263695 0.10380570590496063 0.0892779752612114 0.0
0.47545018792152405 0.002112674294039607 0.0016852411208674312 0.0022572597954422235 0.0029553694184869528 0.0033976754639297724 0.00407642126083374 0.004653810989111662 0.005249532870948315 0.005589290987700224 0.005956275854259729 0.005883906036615372 0.0058090826496481895 0.007457762490957975 0.007238425314426422 0.00737255671992898 0.0075936876237392426 0.008952856995165348 0.010454142466187477 0.008897008374333382 0.00909402221441269 0.011004255153238773 0.012046770192682743 0.013365868479013443 0.01494708564132452 0.018166787922382355 0.02152295783162117 0.028422435745596886 0.037690214812755585 0.0583404079079628 0.1029413640499115 0.08923543989658356
