1.0 0.0 0.0 0.0 0.0 0.0 0.0 0.0 0.0 0.0 0.0 0.0 0.0 0.0 0.0 0.0 0.0 0.0 0.0 0.0 0.0 0.0 0.0 0.0 0.0 0.0 0.0 0.0 0.0 0.0 0.0 0.0
0.976365327835083 0.023510320112109184 0.0 0.0 0.0 0.0 0.0 0.0 0.0 0.0 0.0 0.0 0.0 0.0 0.0 0.0 0.0 0.0 0.0 0.0 0.0 0.0 0.0 0.0 0.0 0.0 0.0 0.0 0.0 0.0 0.0 0.0
0.9575403332710266 0.012056269682943821 0.03027394786477089 0.0 0.0 0.0 0.0 0.0 0.0 0.0 0.0 0.0 0.0 0.0 0.0 0.0 0.0 0.0 0.0 0.0 0.0 0.0 0.0 0.0 0.0 0.0 0.0 0.0 0.0 0.0 0.0 0.0
0.9553644061088562 0.006577563472092152 0.013432135805487633 0.024485431611537933 0.0 0.0 0.0 0.0 0.0 0.0 0.0 0.0 0.0 0.0 0.0 0.0 0.0 0.0 0.0 0.0 0.0 0.0 0.0 0.0 0.0 0.0 0.0 0.0 0.0 0.0 0.0 0.0
0.9483568668365479 0.004676748998463154 0.008256422355771065 0.01221435982733965 0.02636723406612873 0.0 0.0 0.0 0.0 0.0 0.0 0.0 0.0 0.0 0.0 0.0 0.0 0.0 0.0 0.0 0.0 0.0 0.0 0.0 0.0 0.0 0.0 0.0 0.0 0.0 0.0 0.0
0.9419943690299988 0.004045053850859404 0.006101141683757305 0.007306926883757114 0.014030012302100658 0.02639026753604412 0.0 0.0 0.0 0.0 0.0 0.0 0.0 0.0 0.0 0.0 0.0 0.0 0.0 0.0 0.0 0.0 0.0 0.0 0.0 0.0 0.0 0.0 0.0 0.0 0.0 0.0
0.9344716668128967 0.003989518620073795 0.005037851631641388 0.005546939093619585 0.00913945585489273 0.014125317335128784 0.027549952268600464 0.0 0.0 0.0 0.0 0.0 0.0 0.0 0.0 0.0 0.0 0.0 0.0 0.0 0.0 0.0 0.0 0.0 0.0 0.0 0.0 0.0 0.0 0.0 0.0 0.0
0.9335333704948425 0.003167906776070595 0.004148786421865225 0.004436900373548269 0.006289588753134012 0.008283816277980804 0.013591345399618149 0.0264111440628767 0.0 0.0 0.0 0.0 0.0 0.0 0.0 0.0 0.0 0.0 0.0 0.0 0.0 0.0 0.0 0.0 0.0 0.0 0.0 0.0 0.0 0.0 0.0 0.0
0.9261864423751831 0.0030485677998512983 0.003808534936979413 0.0037024482153356075 0.004679306410253048 0.006062349770218134 0.010681048035621643 0.013951706700026989 0.02774653397500515 0.0 0.0 0.0 0.0 0.0 0.0 0.0 0.0 0.0 0.0 0.0 0.0 0.0 0.0 0.0 0.0 0.0 0.0 0.0 0.0 0.0 0.0 0.0
0.9247698783874512 0.0027483501471579075 0.003326847217977047 0.003260943805798888 0.0040143574588000774 0.004688155837357044 0.006038021296262741 0.008480174466967583 0.014428430236876011 0.028108280152082443 0.0 0.0 0.0 0.0 0.0 0.0 0.0 0.0 0.0 0.0 0.0 0.0 0.0 0.0 0.0 0.0 0.0 0.0 0.0 0.0 0.0 0.0
0.9229720234870911 0.0026848074048757553 0.0030701388604938984 0.003030476626008749 0.003452615812420845 0.0038929872680455446 0.004619563929736614 0.005834848154336214 0.008287394419312477 0.014078781940042973 0.02794068492949009 0.0 0.0 0.0 0.0 0.0 0.0 0.0 0.0 0.0 0.0 0.0 0.0 0.0 0.0 0.0 0.0 0.0 0.0 0.0 0.0 0.0
0.9194879531860352 0.0021072360686957836 0.002646584529429674 0.002797051565721631 0.003176442114636302 0.0034875748679041862 0.004030056297779083 0.004496627487242222 0.005899267271161079 0.008956613950431347 0.01474276464432478 0.028040669858455658 0.0 0.0 0.0 0.0 0.0 0.0 0.0 0.0 0.0 0.0 0.0 0.0 0.0 0.0 0.0 0.0 0.0 0.0 0.0 0.0
0.9159854650497437 0.001999358646571636 0.002451737178489566 0.0025161681696772575 0.002898557810112834 0.0032162158749997616 0.003653566353023052 0.004057606216520071 0.004908022005110979 0.006343637593090534 0.009129339829087257 0.01467854529619217 0.028029365465044975 0.0 0.0 0.0 0.0 0.0 0.0 0.0 0.0 0.0 0.0 0.0 0.0 0.0 0.0 0.0 0.0 0.0 0.0 0.0
0.9144903421401978 0.0019078317563980818 0.002278177998960018 0.002329063368961215 0.00256709405221045 0.002960032317787409 0.003399341832846403 0.0035495103802531958 0.004093253053724766 0.0048294938169419765 0.0062490361742675304 0.008900431916117668 0.01391815859824419 0.02839265577495098 0.0 0.0 0.0 0.0 0.0 0.0 0.0 0.0 0.0 0.0 0.0 0.0 0.0 0.0 0.0 0.0 0.0 0.0
0.9056275486946106 0.0019953621085733175 0.002246173331514001 0.0022365886252373457 0.002473851665854454 0.00266396626830101 0.003178681479766965 0.0032632416114211082 0.003887676866725087 0.0044446419924497604 0.0055046905763447285 0.006320026237517595 0.008728067390620708 0.01799122430384159 0.029304293915629387 0.0 0.0 0.0 0.0 0.0 0.0 0.0 0.0 0.0 0.0 0.0 0.0 0.0 0.0 0.0 0.0 0.0
0.9092317819595337 0.002028143033385277 0.0021542496979236603 0.0020646415650844574 0.0022511493880301714 0.00237400084733963 0.0028552182484418154 0.0030041695572435856 0.00326374894939363 0.003928368911147118 0.0042246622033417225 0.004861132241785526 0.006122082006186247 0.008627178147435188 0.014573849737644196 0.028302907943725586 0.0 0.0 0.0 0.0 0.0 0.0 0.0 0.0 0.0 0.0 0.0 0.0 0.0 0.0 0.0 0.0
0.9042930603027344 0.002001218032091856 0.002184587996453047 0.002036323770880699 0.0021297873463481665 0.0024111680686473846 0.0026629336643964052 0.0026171989738941193 0.0032401811331510544 0.0036549787037074566 0.005036197602748871 0.004277691710740328 0.004864520858973265 0.00653168885037303 0.008963160216808319 0.014920608140528202 0.028037449344992638 0.0 0.0 0.0 0.0 0.0 0.0 0.0 0.0 0.0 0.0 0.0 0.0 0.0 0.0 0.0
0.9047585129737854 0.0018299160292372108 0.0019990878645330667 0.0019583008252084255 0.002101457677781582 0.0021970157977193594 0.0023908158764243126 0.0025608837604522705 0.0028298667166382074 0.003237919881939888 0.00364010245539248 0.003948505036532879 0.004258740693330765 0.004908976145088673 0.006196214351803064 0.008822422474622726 0.01421911921352148 0.02801443077623844 0.0 0.0 0.0 0.0 0.0 0.0 0.0 0.0 0.0 0.0 0.0 0.0 0.0 0.0
0.9006664752960205 0.001745103858411312 0.0019850595854222775 0.0019348255591467023 0.002035965211689472 0.0022733628284186125 0.0023144991137087345 0.0024218435864895582 0.0024912122171372175 0.0028595009353011847 0.003321500727906823 0.003617556532844901 0.003769524162635207 0.004091042559593916 0.004942371044307947 0.006268499419093132 0.008815020322799683 0.01477560494095087 0.02953580766916275 0.0 0.0 0.0 0.0 0.0 0.0 0.0 0.0 0.0 0.0 0.0 0.0 0.0
0.8943383097648621 0.002221451373770833 0.0020449687726795673 0.001829624525271356 0.0019218027591705322 0.0021003715228289366 0.0024714425671845675 0.0022575673647224903 0.0022599496878683567 0.0026339050382375717 0.002840219996869564 0.003238316858187318 0.003495766082778573 0.00377551163546741 0.004290017765015364 0.005004269536584616 0.0062197414226830006 0.0089561827480793 0.02049739472568035 0.02746671624481678 0.0 0.0 0.0 0.0 0.0 0.0 0.0 0.0 0.0 0.0 0.0 0.0
0.8967752456665039 0.0016892905114218593 0.0019010616233572364 0.001794925658032298 0.0018687909469008446 0.0020875348709523678 0.0022516462486237288 0.0022818862926214933 0.002197499154135585 0.0025157274212688208 0.0026636316906660795 0.0027545068878680468 0.002954253228381276 0.003463509026914835 0.0036925573367625475 0.004259674809873104 0.005030072759836912 0.006701619364321232 0.009621155448257923 0.014372402802109718 0.028986487537622452 0.0 0.0 0.0 0.0 0.0 0.0 0.0 0.0 0.0 0.0 0.0
0.8953301906585693 0.0016775396652519703 0.0018688940908759832 0.0017884040717035532 0.0018009499181061983 0.001977998996153474 0.0019860095344483852 0.0021015997044742107 0.002154921181499958 0.0022734676022082567 0.0026275066193193197 0.0025869279634207487 0.0027734215836972 0.0029524709098041058 0.0033664682414382696 0.003769900416955352 0.004192115273326635 0.0051011620089411736 0.0066778333857655525 0.0088763777166605 0.014680711552500725 0.02929592691361904 0.0 0.0 0.0 0.0 0.0 0.0 0.0 0.0 0.0 0.0
0.8891627788543701 0.0016938502667471766 0.0019349196227267385 0.001745662186294794 0.00180536275729537 0.0019592889584600925 0.0019415183924138546 0.001987040275707841 0.002200501738116145 0.0022594842594116926 0.0024891840294003487 0.0025351562071591616 0.0026595676317811012 0.002808754798024893 0.003050448140129447 0.0034687803126871586 0.0037429872900247574 0.004180521238595247 0.005430041346698999 0.006149808876216412 0.009776195511221886 0.01584811322391033 0.031039053574204445 0.0 0.0 0.0 0.0 0.0 0.0 0.0 0.0 0.0
0.8917903304100037 0.0016592423198744655 0.0018125614151358604 0.0016509320121258497 0.0018182210624217987 0.0019020147155970335 0.002007461851462722 0.0019305755849927664 0.0020159343257546425 0.0022042691707611084 0.0022674764040857553 0.0023671940434724092 0.002428036881610751 0.002566353650763631 0.0026783624198287725 0.0030101709999144077 0.003395326668396592 0.0035915777552872896 0.004231449216604233 0.004849533084779978 0.006686515174806118 0.009002977050840855 0.014785157516598701 0.029217872768640518 0.0 0.0 0.0 0.0 0.0 0.0 0.0 0.0
0.8895955681800842 0.0015436476096510887 0.0017930493922904134 0.001590296858921647 0.0017181015573441982 0.0017979289405047894 0.0019424232887104154 0.0018572508124634624 0.0020031146705150604 0.002154076471924782 0.0023694876581430435 0.0023341423366218805 0.0023853646125644445 0.0023235559929162264 0.0024476726539433002 0.0027582673355937004 0.002985833678394556 0.0032122281845659018 0.003618817776441574 0.004082209430634975 0.005078458227217197 0.00655349250882864 0.009992742910981178 0.014822300523519516 0.02890746109187603 0.0 0.0 0.0 0.0 0.0 0.0 0.0
0.8865770697593689 0.0014633879764005542 0.0015751527389511466 0.0015182577772065997 0.001599289826117456 0.0017486606957390904 0.0017981778364628553 0.0018081583548337221 0.001940443180501461 0.0020201019942760468 0.0021446302998811007 0.002219217596575618 0.0021925426553934813 0.00220593367703259 0.0022554865572601557 0.0025098854675889015 0.0026936328504234552 0.002884071320295334 0.0034333723597228527 0.003734169527888298 0.004327544942498207 0.005177771206945181 0.007186654955148697 0.009157472290098667 0.015312840230762959 0.030342651531100273 0.0 0.0 0.0 0.0 0.0 0.0
0.8840287923812866 0.0014376514591276646 0.0015391887864097953 0.0014446739805862308 0.0014435468474403024 0.0016923435032367706 0.0017042013350874186 0.001745111308991909 0.0018796229269355536 0.0019744900055229664 0.0020337922032922506 0.0022372098173946142 0.002235386287793517 0.0022209659218788147 0.002250158926472068 0.002257436979562044 0.0024151781108230352 0.002598513849079609 0.0030675523448735476 0.0032364309299737215 0.0038212561048567295 0.004351487383246422 0.005398646462708712 0.006848454941064119 0.009786698035895824 0.016485054045915604 0.029692821204662323 0.0 0.0 0.0 0.0 0.0
0.8847706913948059 0.0013722163857892156 0.0015068578068166971 0.0014385125832632184 0.0014399762731045485 0.0015622968785464764 0.0016077361069619656 0.001724014524370432 0.001872146618552506 0.001959720626473427 0.0021034383680671453 0.0021030402276664972 0.002081147162243724 0.0021556648425757885 0.0022302051074802876 0.0022472920827567577 0.0022680822294205427 0.0025025736540555954 0.0030092205852270126 0.003060711082071066 0.0035394623409956694 0.0038855767343193293 0.004397063981741667 0.004925083369016647 0.0064584980718791485 0.010120374150574207 0.014684119261801243 0.028795912861824036 0.0 0.0 0.0 0.0
0.8847177028656006 0.0013621984981000423 0.0014509420143440366 0.00141967146191746 0.00143928243778646 0.001516246935352683 0.0015351640759035945 0.0016011659754440188 0.0016795218689367175 0.0018533294787630439 0.0019180576782673597 0.0020723396446555853 0.0020451450254768133 0.0020989913027733564 0.002173027954995632 0.0021544178016483784 0.0022276516538113356 0.0023420604411512613 0.0025614467449486256 0.0026374764274805784 0.002908187685534358 0.003329178551211953 0.00402115797623992 0.0041898274794220924 0.005048331338912249 0.0068339086137712 0.009112066589295864 0.014228066429495811 0.02934415452182293 0.0 0.0 0.0
0.8801894187927246 0.0012766043655574322 0.0014652889221906662 0.0014223299222066998 0.0014333401340991259 0.0015129224630072713 0.00153916678391397 0.0015828059986233711 0.001649837358854711 0.0017909843008965254 0.0019396080169826746 0.002103283302858472 0.0019587783608585596 0.0019619197119027376 0.002056385623291135 0.002191288862377405 0.0022242518607527018 0.0022357443813234568 0.002398009179159999 0.0024596499279141426 0.0026215168181806803 0.0030612691771239042 0.0040891095995903015 0.0036660630721598864 0.0044024246744811535 0.005980333779007196 0.006643371190875769 0.009251183830201626 0.01566736213862896 0.02904580533504486 0.0 0.0
0.8821744322776794 0.0012576206354424357 0.0013523802626878023 0.0013388723600655794 0.0013965838588774204 0.0014706889633089304 0.0015283250249922276 0.0014767490793019533 0.0015731429448351264 0.0016906287055462599 0.0017829850548878312 0.002008857438340783 0.0019139692885801196 0.0018999925814568996 0.001978597603738308 0.0020485552959144115 0.0021454039961099625 0.0021861298009753227 0.0021619698964059353 0.0022548185661435127 0.002350654685869813 0.002561100060120225 0.0030554921831935644 0.003527508582919836 0.0037451372481882572 0.004798111971467733 0.004991387017071247 0.0067252409644424915 0.009434929117560387 0.014372915029525757 0.028620436787605286 0.0
0.880624532699585 0.0012714382028207183 0.0012861285358667374 0.0012395897647365928 0.0013421210460364819 0.001407701289281249 0.0015028119087219238 0.0015151823172345757 0.0016082064248621464 0.001636454719118774 0.0017777610337361693 0.0018076770938932896 0.0018318463116884232 0.001828953274525702 0.0018964895280078053 0.001934684463776648 0.0020489823073148727 0.0021160629112273455 0.0022529035340994596 0.0020609721541404724 0.0023578761611133814 0.002382605569437146 0.0026657639537006617 0.0030257287435233593 0.0033040132839232683 0.004226891789585352 0.004424727987498045 0.005080456845462322 0.006954027805477381 0.008854609914124012 0.015102763660252094 0.02845165506005287
