1.0 0.0 0.0 0.0 0.0 0.0 0.0 0.0 0.0 0.0 0.0 0.0 0.0 0.0 0.0 0.0 0.0 0.0 0.0 0.0 0.0 0.0 0.0 0.0 0.0 0.0 0.0 0.0 0.0 0.0 0.0 0.0
0.9813039302825928 0.018555307760834694 0.0 0.0 0.0 0.0 0.0 0.0 0.0 0.0 0.0 0.0 0.0 0.0 0.0 0.0 0.0 0.0 0.0 0.0 0.0 0.0 0.0 0.0 0.0 0.0 0.0 0.0 0.0 0.0 0.0 0.0
0.8896217942237854 0.08411562442779541 0.026116568595170975 0.0 0.0 0.0 0.0 0.0 0.0 0.0 0.0 0.0 0.0 0.0 0.0 0.0 0.0 0.0 0.0 0.0 0.0 0.0 0.0 0.0 0.0 0.0 0.0 0.0 0.0 0.0 0.0 0.0
0.837310254573822 0.06398884207010269 0.07415568828582764 0.024414779618382454 0.0 0.0 0.0 0.0 0.0 0.0 0.0 0.0 0.0 0.0 0.0 0.0 0.0 0.0 0.0 0.0 0.0 0.0 0.0 0.0 0.0 0.0 0.0 0.0 0.0 0.0 0.0 0.0
0.7971282601356506 0.03655221313238144 0.05829392746090889 0.08094719052314758 0.026944687590003014 0.0 0.0 0.0 0.0 0.0 0.0 0.0 0.0 0.0 0.0 0.0 0.0 0.0 0.0 0.0 0.0 0.0 0.0 0.0 0.0 0.0 0.0 0.0 0.0 0.0 0.0 0.0
0.7774857878684998 0.021577591076493263 0.030493393540382385 0.05689120292663574 0.08657564967870712 0.026837347075343132 0.0 0.0 0.0 0.0 0.0 0.0 0.0 0.0 0.0 0.0 0.0 0.0 0.0 0.0 0.0 0.0 0.0 0.0 0.0 0.0 0.0 0.0 0.0 0.0 0.0 0.0
0.768318772315979 0.014687716960906982 0.017284845933318138 0.030359191820025444 0.06012366712093353 0.08347588032484055 0.02561362087726593 0.0 0.0 0.0 0.0 0.0 0.0 0.0 0.0 0.0 0.0 0.0 0.0 0.0 0.0 0.0 0.0 0.0 0.0 0.0 0.0 0.0 0.0 0.0 0.0 0.0
0.7596839070320129 0.010301436297595501 0.011775060556828976 0.016666028648614883 0.03184451162815094 0.059546057134866714 0.08507347851991653 0.024980274960398674 0.0 0.0 0.0 0.0 0.0 0.0 0.0 0.0 0.0 0.0 0.0 0.0 0.0 0.0 0.0 0.0 0.0 0.0 0.0 0.0 0.0 0.0 0.0 0.0
0.7459376454353333 0.006827159784734249 0.00925066601485014 0.011657747440040112 0.018216073513031006 0.03294680640101433 0.062443770468235016 0.087515689432621 0.02507023513317108 0.0 0.0 0.0 0.0 0.0 0.0 0.0 0.0 0.0 0.0 0.0 0.0 0.0 0.0 0.0 0.0 0.0 0.0 0.0 0.0 0.0 0.0 0.0
0.7446833252906799 0.004093091934919357 0.006633135490119457 0.008540734648704529 0.012764970771968365 0.018326351419091225 0.034271564334630966 0.06004815548658371 0.08552239835262299 0.02498677931725979 0.0 0.0 0.0 0.0 0.0 0.0 0.0 0.0 0.0 0.0 0.0 0.0 0.0 0.0 0.0 0.0 0.0 0.0 0.0 0.0 0.0 0.0
0.7425127029418945 0.0025848865043371916 0.004099073354154825 0.005785188637673855 0.008554071187973022 0.011784049682319164 0.01808108203113079 0.032099779695272446 0.06100427359342575 0.08790388703346252 0.025460664182901382 0.0 0.0 0.0 0.0 0.0 0.0 0.0 0.0 0.0 0.0 0.0 0.0 0.0 0.0 0.0 0.0 0.0 0.0 0.0 0.0 0.0
0.7406497597694397 0.002240686910226941 0.002786173252388835 0.003732882207259536 0.006144697777926922 0.008891996927559376 0.012436321936547756 0.018638046458363533 0.03352755308151245 0.06056853383779526 0.08499444276094437 0.025254355743527412 0.0 0.0 0.0 0.0 0.0 0.0 0.0 0.0 0.0 0.0 0.0 0.0 0.0 0.0 0.0 0.0 0.0 0.0 0.0 0.0
0.7394518852233887 0.0022917273454368114 0.002334051998332143 0.0025270716287195683 0.004047280643135309 0.0060785324312746525 0.00882051419466734 0.012125187553465366 0.018772657960653305 0.03351924940943718 0.06080162897706032 0.08431496471166611 0.024781109765172005 0.0 0.0 0.0 0.0 0.0 0.0 0.0 0.0 0.0 0.0 0.0 0.0 0.0 0.0 0.0 0.0 0.0 0.0 0.0
0.7376741766929626 0.002578208688646555 0.002350140130147338 0.002070931252092123 0.0029009871650487185 0.0037661867681890726 0.005954592023044825 0.008435303345322609 0.011988826096057892 0.018496427685022354 0.03166815638542175 0.06108447164297104 0.08631455898284912 0.0245800968259573 0.0 0.0 0.0 0.0 0.0 0.0 0.0 0.0 0.0 0.0 0.0 0.0 0.0 0.0 0.0 0.0 0.0 0.0
0.7379840016365051 0.0022478492464870214 0.002417946932837367 0.002018091967329383 0.002237490378320217 0.0024826719891279936 0.0037272507324814796 0.005703026428818703 0.008499015122652054 0.011849410831928253 0.01797790452837944 0.032802943140268326 0.060509610921144485 0.08515281230211258 0.024262312799692154 0.0 0.0 0.0 0.0 0.0 0.0 0.0 0.0 0.0 0.0 0.0 0.0 0.0 0.0 0.0 0.0 0.0
0.7336870431900024 0.0015306809218600392 0.002184985438361764 0.0020987021271139383 0.0021882648579776287 0.002147417515516281 0.002578191226348281 0.003708204021677375 0.0058116549625992775 0.008688793517649174 0.011989039368927479 0.018985897302627563 0.03350086882710457 0.05978082865476608 0.08676358312368393 0.024220075458288193 0.0 0.0 0.0 0.0 0.0 0.0 0.0 0.0 0.0 0.0 0.0 0.0 0.0 0.0 0.0 0.0
0.7377330660820007 0.0009916836861521006 0.0015811255434527993 0.0018567711813375354 0.002105893101543188 0.0020700874738395214 0.0020590717904269695 0.002496301429346204 0.0037815042305737734 0.005831807851791382 0.00860883854329586 0.012468463741242886 0.019184686243534088 0.031523775309324265 0.06104462966322899 0.08188920468091965 0.02464214526116848 0.0 0.0 0.0 0.0 0.0 0.0 0.0 0.0 0.0 0.0 0.0 0.0 0.0 0.0 0.0
0.7330421209335327 0.000808658660389483 0.0010781019227579236 0.0012617547763511539 0.001800687750801444 0.0019947097171097994 0.0019315422978252172 0.002008296549320221 0.002428495092317462 0.003999766893684864 0.005533607676625252 0.00828870665282011 0.011935984715819359 0.018471192568540573 0.03195029869675636 0.058618299663066864 0.0899258479475975 0.024790162220597267 0.0 0.0 0.0 0.0 0.0 0.0 0.0 0.0 0.0 0.0 0.0 0.0 0.0 0.0
0.7367340326309204 0.0008642506436444819 0.0009465756011195481 0.0009068381041288376 0.00124158279504627 0.001686384784989059 0.0019039480248466134 0.0018766213906928897 0.0019112107111141086 0.0024370490573346615 0.0034878812730312347 0.005486748181283474 0.00820387713611126 0.011615977622568607 0.01777464710175991 0.031397949904203415 0.0613095685839653 0.08578567206859589 0.024297624826431274 0.0 0.0 0.0 0.0 0.0 0.0 0.0 0.0 0.0 0.0 0.0 0.0 0.0
0.7373417615890503 0.0009097777074202895 0.001030179439112544 0.0008556079701520503 0.0009776054648682475 0.001212712493725121 0.0016227619489654899 0.0018394332146272063 0.001814262242987752 0.0019429270178079605 0.002353317802771926 0.003567864652723074 0.0054242853075265884 0.007982339709997177 0.01133059523999691 0.01739940419793129 0.031711872667074203 0.059317655861377716 0.08649451285600662 0.024734344333410263 0.0 0.0 0.0 0.0 0.0 0.0 0.0 0.0 0.0 0.0 0.0 0.0
0.7323035001754761 0.0007063872180879116 0.000990974367596209 0.0009072078973986208 0.0008721321355551481 0.0009032488451339304 0.0012307669967412949 0.0016801103483885527 0.001844128593802452 0.0017865319969132543 0.0018727810820564628 0.002281100722029805 0.003547932021319866 0.005401428323239088 0.007948631420731544 0.011448538862168789 0.017940808087587357 0.03312130644917488 0.06171470135450363 0.08658208698034286 0.024784648790955544 0.0 0.0 0.0 0.0 0.0 0.0 0.0 0.0 0.0 0.0 0.0
0.7328991889953613 0.00040607593837194145 0.0007294651004485786 0.0008464338607154787 0.0008892766782082617 0.0008446644060313702 0.0008633029065094888 0.001111519057303667 0.001561388373374939 0.0017355389427393675 0.0017810262506827712 0.0018044615862891078 0.0023327339440584183 0.0033709153067320585 0.005276000127196312 0.007928007282316685 0.011985322460532188 0.018696904182434082 0.03215629234910011 0.06323873996734619 0.08492838591337204 0.024481823667883873 0.0 0.0 0.0 0.0 0.0 0.0 0.0 0.0 0.0 0.0
0.7378749251365662 0.00022583562531508505 0.00040641712257638574 0.0006154711009003222 0.0008350276621058583 0.0009294490446336567 0.0008329259580932558 0.0008555493550375104 0.0011393907479941845 0.0014609366189688444 0.0016953365411609411 0.001713605597615242 0.001837626681663096 0.002231177408248186 0.0032542389817535877 0.005229906179010868 0.008175648748874664 0.011394488625228405 0.017250502482056618 0.0324370414018631 0.05965186655521393 0.08560308814048767 0.024218425154685974 0.0 0.0 0.0 0.0 0.0 0.0 0.0 0.0 0.0
0.7407218217849731 0.00019086312386207283 0.00022368624922819436 0.00033556739799678326 0.0006184988305903971 0.0009156247833743691 0.0008759034099057317 0.0008424728875979781 0.0009238957427442074 0.001062256982550025 0.0014560504350811243 0.001665249583311379 0.001662316732108593 0.001722448505461216 0.0021157253067940474 0.003191074589267373 0.005236772820353508 0.007696019019931555 0.010906734503805637 0.016989344730973244 0.03150908648967743 0.06109132617712021 0.08345167338848114 0.0244649238884449 0.0 0.0 0.0 0.0 0.0 0.0 0.0 0.0
0.745618999004364 0.00031145274988375604 0.00019603190594352782 0.0001928470010170713 0.00033460103441029787 0.0006606169627048075 0.0008113193325698376 0.0008674829732626677 0.0008289735415019095 0.0008438989752903581 0.0011021100217476487 0.001397881074808538 0.0016341889277100563 0.001646425575017929 0.0016694420482963324 0.002093242947012186 0.0032772854901850224 0.005102877505123615 0.007636259775608778 0.011041400954127312 0.017169006168842316 0.030859680846333504 0.058499544858932495 0.08214838057756424 0.02391919121146202 0.0 0.0 0.0 0.0 0.0 0.0 0.0
0.7436218857765198 0.0006087369984015822 0.00029039106448180974 0.00016660397523082793 0.00017130353080574423 0.00032426760299131274 0.0005322915967553854 0.0007450632401742041 0.0008141270955093205 0.0007306159823201597 0.0007843569037504494 0.0009737969958223403 0.0013361292658373713 0.0015524112386628985 0.001559221651405096 0.0016183042898774147 0.0021626842208206654 0.0030946582555770874 0.00504319928586483 0.007720399182289839 0.010900091379880905 0.016771841794252396 0.030371299013495445 0.058544352650642395 0.08526137471199036 0.02411753125488758 0.0 0.0 0.0 0.0 0.0 0.0
0.7435314059257507 0.0010276318062096834 0.0005676327273249626 0.00024558231234550476 0.00015820850967429578 0.00017242564354091883 0.00028204169939272106 0.0005262303166091442 0.0007311539375223219 0.0007545544649474323 0.0007229002076201141 0.0007306516054086387 0.0009654528694227338 0.001340590650215745 0.0015295729972422123 0.0015804298454895616 0.0017343811923637986 0.002078097080811858 0.0031462109182029963 0.0051008304581046104 0.00757618760690093 0.01094491221010685 0.01668618991971016 0.030812716111540794 0.059211261570453644 0.08330781757831573 0.024359064176678658 0.0 0.0 0.0 0.0 0.0
0.7382619380950928 0.0009124455391429365 0.0009336881921626627 0.0004810345417354256 0.00025556125910952687 0.00019710662309080362 0.0001883974764496088 0.0003349929174873978 0.0005382972303777933 0.0007096095941960812 0.0007709192577749491 0.000708048406522721 0.0007505012326873839 0.0009730249876156449 0.001302778604440391 0.0015640518395230174 0.0018842746503651142 0.0018036564579233527 0.0021146207582205534 0.0032078400254249573 0.00511167710646987 0.0075126709416508675 0.010696055367588997 0.01765308529138565 0.03139520436525345 0.060082145035266876 0.08562082797288895 0.023858044296503067 0.0 0.0 0.0 0.0
0.7415904998779297 0.0004296659608371556 0.0008266341756097972 0.0007524959510192275 0.0004791704413946718 0.00024431219208054245 0.0001484495005570352 0.00016214477363973856 0.00026971957413479686 0.0004745148471556604 0.0006921159802004695 0.0007123157265596092 0.0006680029910057783 0.0007146126008592546 0.0009028448257595301 0.0012611960992217064 0.001544973230920732 0.0015435517998412251 0.001646146411076188 0.002026477362960577 0.003111158963292837 0.0050860377959907055 0.007370847277343273 0.010762169025838375 0.017239190638065338 0.03128351271152496 0.05919812619686127 0.08458425104618073 0.024097342044115067 0.0 0.0 0.0
0.7426823377609253 0.00021706586994696409 0.0004406225634738803 0.0006694417679682374 0.0007447942043654621 0.0004594794590957463 0.0002368373388890177 0.0001567583531141281 0.00015988732047844678 0.0002593838144093752 0.0004840968467760831 0.0006841647555120289 0.0006904223118908703 0.0006671610753983259 0.0006803813739679754 0.0009228981798514724 0.0013420055620372295 0.0014800394419580698 0.001521557685919106 0.001656851964071393 0.0020973312202841043 0.003237886819988489 0.005071648396551609 0.007621589582413435 0.010870293714106083 0.016887737438082695 0.03115670196712017 0.059937722980976105 0.08269000053405762 0.024096408858895302 0.0 0.0
0.7403255701065063 0.0001783624611562118 0.00022119614004623145 0.00033438525861129165 0.0006181582575663924 0.0006973499548621476 0.00045295467134565115 0.00023354956647381186 0.0001527496933704242 0.00016337046690750867 0.00027064583264291286 0.0004912245785817504 0.0006488171638920903 0.0006886813789606094 0.0006377857644110918 0.0006974562420509756 0.0009627151885069907 0.0012632900616154075 0.0015019462443888187 0.0015647901454940438 0.0017536937957629561 0.002233895007520914 0.0031458749435842037 0.005363599397242069 0.007588369771838188 0.010706782341003418 0.017339257523417473 0.03170737996697426 0.05946020036935806 0.08428670465946198 0.02413460612297058 0.0
0.7445600628852844 0.00026788783725351095 0.0001886433019535616 0.00017807084077503532 0.00033797568175941706 0.0006426052423194051 0.0007064577075652778 0.00045436181244440377 0.0002549639903008938 0.00015361214173026383 0.00014742129133082926 0.00023399096971843392 0.0004535724292509258 0.0006204452947713435 0.0006670099683105946 0.0006446414045058191 0.0007647001184523106 0.0009279577061533928 0.0012280488153919578 0.0014698273735120893 0.0016977677587419748 0.0018438936676830053 0.0020173031371086836 0.0032605205196887255 0.005031692795455456 0.0073283640667796135 0.010537102818489075 0.01703794300556183 0.03105851076543331 0.059753552079200745 0.0815385952591896 0.023812714964151382
