1.0 0.0 0.0 0.0 0.0 0.0 0.0 0.0 0.0 0.0 0.0 0.0 0.0 0.0 0.0 0.0 0.0 0.0 0.0 0.0 0.0 0.0 0.0 0.0 0.0 0.0 0.0 0.0 0.0 0.0 0.0 0.0
0.9815821051597595 0.018287084996700287 0.0 0.0 0.0 0.0 0.0 0.0 0.0 0.0 0.0 0.0 0.0 0.0 0.0 0.0 0.0 0.0 0.0 0.0 0.0 0.0 0.0 0.0 0.0 0.0 0.0 0.0 0.0 0.0 0.0 0.0
0.9737535715103149 0.020668715238571167 0.005447435658425093 0.0 0.0 0.0 0.0 0.0 0.0 0.0 0.0 0.0 0.0 0.0 0.0 0.0 0.0 0.0 0.0 0.0 0.0 0.0 0.0 0.0 0.0 0.0 0.0 0.0 0.0 0.0 0.0 0.0
0.9547521471977234 0.025499997660517693 0.014095471240580082 0.0055131190456449986 0.0 0.0 0.0 0.0 0.0 0.0 0.0 0.0 0.0 0.0 0.0 0.0 0.0 0.0 0.0 0.0 0.0 0.0 0.0 0.0 0.0 0.0 0.0 0.0 0.0 0.0 0.0 0.0
0.9334596395492554 0.025976834818720818 0.0219409316778183 0.013004806824028492 0.005479602143168449 0.0 0.0 0.0 0.0 0.0 0.0 0.0 0.0 0.0 0.0 0.0 0.0 0.0 0.0 0.0 0.0 0.0 0.0 0.0 0.0 0.0 0.0 0.0 0.0 0.0 0.0 0.0
0.9135472774505615 0.023858271539211273 0.023901959881186485 0.02028620056807995 0.012829178012907505 0.005444322247058153 0.0 0.0 0.0 0.0 0.0 0.0 0.0 0.0 0.0 0.0 0.0 0.0 0.0 0.0 0.0 0.0 0.0 0.0 0.0 0.0 0.0 0.0 0.0 0.0 0.0 0.0
0.8978015184402466 0.02183694578707218 0.022383825853466988 0.021625371649861336 0.01868647336959839 0.012136617675423622 0.005393811035901308 0.0 0.0 0.0 0.0 0.0 0.0 0.0 0.0 0.0 0.0 0.0 0.0 0.0 0.0 0.0 0.0 0.0 0.0 0.0 0.0 0.0 0.0 0.0 0.0 0.0
0.8814616799354553 0.01982002519071102 0.02207666076719761 0.02108425460755825 0.020862750709056854 0.01824324205517769 0.011044650338590145 0.0052767531014978886 0.0 0.0 0.0 0.0 0.0 0.0 0.0 0.0 0.0 0.0 0.0 0.0 0.0 0.0 0.0 0.0 0.0 0.0 0.0 0.0 0.0 0.0 0.0 0.0
0.8667874336242676 0.018799563869833946 0.02065255679190159 0.021079227328300476 0.020329931750893593 0.019766200333833694 0.01626572012901306 0.010948682203888893 0.005240564234554768 0.0 0.0 0.0 0.0 0.0 0.0 0.0 0.0 0.0 0.0 0.0 0.0 0.0 0.0 0.0 0.0 0.0 0.0 0.0 0.0 0.0 0.0 0.0
0.8565617799758911 0.016318492591381073 0.017409028485417366 0.01805902272462845 0.01891854591667652 0.019369041547179222 0.01899425871670246 0.018037881702184677 0.011074155569076538 0.00512322224676609 0.0 0.0 0.0 0.0 0.0 0.0 0.0 0.0 0.0 0.0 0.0 0.0 0.0 0.0 0.0 0.0 0.0 0.0 0.0 0.0 0.0 0.0
0.846644401550293 0.014120802283287048 0.016324086114764214 0.017244327813386917 0.016992146149277687 0.01790577545762062 0.018990732729434967 0.019330667331814766 0.016565920785069466 0.010693111456930637 0.005057636648416519 0.0 0.0 0.0 0.0 0.0 0.0 0.0 0.0 0.0 0.0 0.0 0.0 0.0 0.0 0.0 0.0 0.0 0.0 0.0 0.0 0.0
0.8401477336883545 0.012711607851088047 0.014923891983926296 0.016325321048498154 0.016645941883325577 0.016047600656747818 0.016472553834319115 0.01793522946536541 0.017607536166906357 0.015755098313093185 0.010364467278122902 0.0049289921298623085 0.0 0.0 0.0 0.0 0.0 0.0 0.0 0.0 0.0 0.0 0.0 0.0 0.0 0.0 0.0 0.0 0.0 0.0 0.0 0.0
0.8246729373931885 0.012095075100660324 0.013854129239916801 0.015428938902914524 0.01516746822744608 0.015564778819680214 0.015717294067144394 0.01841232366859913 0.019346142187714577 0.01849053055047989 0.015292832627892494 0.010984214022755623 0.004840016830712557 0.0 0.0 0.0 0.0 0.0 0.0 0.0 0.0 0.0 0.0 0.0 0.0 0.0 0.0 0.0 0.0 0.0 0.0 0.0
0.8177086114883423 0.010911132209002972 0.01236106175929308 0.013732608407735825 0.014203447848558426 0.0146705973893404 0.015043984167277813 0.016421739012002945 0.01776886358857155 0.017773859202861786 0.018141157925128937 0.015965856611728668 0.010275452397763729 0.004893890116363764 0.0 0.0 0.0 0.0 0.0 0.0 0.0 0.0 0.0 0.0 0.0 0.0 0.0 0.0 0.0 0.0 0.0 0.0
0.8090059161186218 0.010283787734806538 0.011652879416942596 0.012461826205253601 0.013300119899213314 0.013606064952909946 0.014211802743375301 0.015430966392159462 0.016033384948968887 0.016618695110082626 0.018169021233916283 0.018524646759033203 0.01556597650051117 0.01034327782690525 0.004664365667849779 0.0 0.0 0.0 0.0 0.0 0.0 0.0 0.0 0.0 0.0 0.0 0.0 0.0 0.0 0.0 0.0 0.0
0.8013858199119568 0.009442927315831184 0.010864493437111378 0.011620424687862396 0.012328766286373138 0.012405414134263992 0.013230280950665474 0.01407336350530386 0.014980589970946312 0.015747111290693283 0.01668485254049301 0.01789000816643238 0.016996441408991814 0.01696975715458393 0.010377871803939342 0.004870131146162748 0.0 0.0 0.0 0.0 0.0 0.0 0.0 0.0 0.0 0.0 0.0 0.0 0.0 0.0 0.0 0.0
0.7931957840919495 0.008937330916523933 0.010512851178646088 0.011305775493383408 0.011426037177443504 0.01159259956330061 0.012193899601697922 0.013856842182576656 0.014732401818037033 0.015045427717268467 0.01598261669278145 0.017029475420713425 0.017245516180992126 0.017412181943655014 0.014795673079788685 0.009926010854542255 0.004672846291214228 0.0 0.0 0.0 0.0 0.0 0.0 0.0 0.0 0.0 0.0 0.0 0.0 0.0 0.0 0.0
0.77635657787323 0.008422993123531342 0.009505828842520714 0.010750276036560535 0.01141064427793026 0.011255396530032158 0.011968155391514301 0.012982077896595001 0.013806465081870556 0.015029123984277248 0.015626627951860428 0.016117999330163002 0.017166076228022575 0.0202921312302351 0.017822472378611565 0.016416018828749657 0.01031950768083334 0.004616443067789078 0.0 0.0 0.0 0.0 0.0 0.0 0.0 0.0 0.0 0.0 0.0 0.0 0.0 0.0
0.7726098895072937 0.00814929697662592 0.008758253417909145 0.010118551552295685 0.011142723262310028 0.010673697106540203 0.01143478974699974 0.01210751198232174 0.013053624890744686 0.014200770296156406 0.015068869106471539 0.015380141325294971 0.015944380313158035 0.01755579747259617 0.017492210492491722 0.017591865733265877 0.014794999733567238 0.009290040470659733 0.004504083190113306 0.0 0.0 0.0 0.0 0.0 0.0 0.0 0.0 0.0 0.0 0.0 0.0 0.0
0.7647960782051086 0.008136210031807423 0.0083989342674613 0.009392795152962208 0.01032573077827692 0.010419603437185287 0.010731138288974762 0.011245579458773136 0.01173221692442894 0.013024822808802128 0.013981073163449764 0.015024659223854542 0.014824206940829754 0.016696510836482048 0.01702672615647316 0.01807120069861412 0.017121555283665657 0.014666583389043808 0.009762883186340332 0.004489303100854158 0.0 0.0 0.0 0.0 0.0 0.0 0.0 0.0 0.0 0.0 0.0 0.0
0.7533202171325684 0.00826949067413807 0.00850245263427496 0.008859211578965187 0.009427749551832676 0.01001184806227684 0.01058301329612732 0.010915257036685944 0.011350900866091251 0.012121729552745819 0.013075636699795723 0.014045740477740765 0.014483579434454441 0.015330293215811253 0.015849608927965164 0.01692269742488861 0.017962101846933365 0.016631681472063065 0.0170009545981884 0.010815695859491825 0.004387312568724155 0.0 0.0 0.0 0.0 0.0 0.0 0.0 0.0 0.0 0.0 0.0
0.7507460117340088 0.007770477794110775 0.008421773090958595 0.008530710823833942 0.008669962175190449 0.009217003360390663 0.009641424752771854 0.009914038702845573 0.010506329126656055 0.011249905452132225 0.011932142078876495 0.012661444023251534 0.013049814850091934 0.014645989052951336 0.015357772819697857 0.01714206673204899 0.01665756292641163 0.01697883941233158 0.017560802400112152 0.015219427645206451 0.009576898999512196 0.004410666413605213 0.0 0.0 0.0 0.0 0.0 0.0 0.0 0.0 0.0 0.0
0.7479288578033447 0.007359504234045744 0.008456869050860405 0.00880882702767849 0.008869064040482044 0.00871784146875143 0.009041944518685341 0.00931378174573183 0.010089470073580742 0.010738985612988472 0.011311297304928303 0.012335699051618576 0.01212826557457447 0.013193206861615181 0.014081970788538456 0.015619553625583649 0.015068230219185352 0.01594180054962635 0.016352098435163498 0.016579190269112587 0.014201578684151173 0.009414861910045147 0.004312783945351839 0.0 0.0 0.0 0.0 0.0 0.0 0.0 0.0 0.0
0.7435483336448669 0.006755785550922155 0.007993667386472225 0.008722045458853245 0.00872594490647316 0.008741260506212711 0.00845789909362793 0.008600256405770779 0.009479754604399204 0.01002246979624033 0.010915135033428669 0.011246096342802048 0.011378543451428413 0.012411213479936123 0.013308676891028881 0.014212868176400661 0.01417636126279831 0.014892322942614555 0.015716630965471268 0.016718188300728798 0.015874704346060753 0.01418665237724781 0.009346943348646164 0.004430354107171297 0.0 0.0 0.0 0.0 0.0 0.0 0.0 0.0
0.7369312047958374 0.00689760223031044 0.0074806781485676765 0.008386879228055477 0.008857030421495438 0.0088861845433712 0.008344193920493126 0.008303769864141941 0.009084210731089115 0.00968753919005394 0.010291407816112041 0.010980639606714249 0.010941116139292717 0.011910812929272652 0.012444524094462395 0.012783762998878956 0.013294964097440243 0.013773723505437374 0.014607853256165981 0.016060056164860725 0.016234692186117172 0.015797382220625877 0.01407545618712902 0.009555879049003124 0.004257196560502052 0.0 0.0 0.0 0.0 0.0 0.0 0.0
0.7298899292945862 0.007368116173893213 0.00694452878087759 0.007709698751568794 0.00877327285706997 0.008664500899612904 0.0088717145845294 0.008136388845741749 0.008802790194749832 0.009542078711092472 0.009517974220216274 0.010432359762489796 0.010424417443573475 0.010835682041943073 0.01151167694479227 0.012202211655676365 0.012649605050683022 0.013075225986540318 0.014051184058189392 0.015402881428599358 0.015068558044731617 0.015952838584780693 0.015842389315366745 0.014460297301411629 0.009327142499387264 0.004358408972620964 0.0 0.0 0.0 0.0 0.0 0.0
0.7214081287384033 0.006901102606207132 0.006687217392027378 0.007112695369869471 0.007785308640450239 0.008443647995591164 0.009529994800686836 0.009016630239784718 0.009226083755493164 0.009598927572369576 0.009302573278546333 0.009716889820992947 0.009747912175953388 0.010232026688754559 0.010993747040629387 0.011406476609408855 0.012450738810002804 0.012697636149823666 0.013456027954816818 0.015178048051893711 0.014413807541131973 0.015245575457811356 0.01625881902873516 0.01568915881216526 0.014108823612332344 0.009091815911233425 0.004121322650462389 0.0 0.0 0.0 0.0 0.0
0.7197840809822083 0.006485568825155497 0.006768788211047649 0.007046764250844717 0.007090432569384575 0.007504649925976992 0.00787600688636303 0.00808450672775507 0.008204993791878223 0.008215389214456081 0.00862065888941288 0.009231210686266422 0.009424529038369656 0.010226096026599407 0.010423273779451847 0.010710311122238636 0.01134425774216652 0.011838183738291264 0.012588643468916416 0.013122537173330784 0.013514159247279167 0.014142366126179695 0.015316162258386612 0.016435833647847176 0.01614835299551487 0.015838446095585823 0.00965231005102396 0.004182364325970411 0.0 0.0 0.0 0.0
0.7130410075187683 0.006181992124766111 0.006726229563355446 0.006980674806982279 0.007005627267062664 0.0071195741184055805 0.007397093344479799 0.007603777572512627 0.008085348643362522 0.008350199088454247 0.008707578293979168 0.008868588134646416 0.00896799098700285 0.009572295472025871 0.00998906884342432 0.01086835004389286 0.010605620220303535 0.011057187803089619 0.012408909387886524 0.013139684684574604 0.01312733069062233 0.013480064459145069 0.014104997739195824 0.015384136699140072 0.016191350296139717 0.017764639109373093 0.01419567596167326 0.008798736147582531 0.004098234232515097 0.0 0.0 0.0
0.7110875844955444 0.00595545070245862 0.006529174279421568 0.007031256798654795 0.007054492365568876 0.006860719062387943 0.006979318801313639 0.007328863255679607 0.007744049187749624 0.0081592733040452 0.008577723056077957 0.008980994112789631 0.008549832738935947 0.009207584895193577 0.00960568804293871 0.010641816072165966 0.010035797953605652 0.010374129749834538 0.011185923591256142 0.012059823609888554 0.01202071737498045 0.012780881486833096 0.013246575370430946 0.014342277310788631 0.015190514735877514 0.01685681752860546 0.015295079909265041 0.01344017032533884 0.008603044785559177 0.004096425138413906 0.0 0.0
0.7064028978347778 0.0056961290538311005 0.00614938884973526 0.0069608185440301895 0.007100959774106741 0.0068441652692854404 0.006600334774702787 0.0069181183353066444 0.007418492808938026 0.007936972193419933 0.008176516741514206 0.008565505035221577 0.008252948522567749 0.0084829181432724 0.009014621376991272 0.009868894703686237 0.009764723479747772 0.010078252293169498 0.010604089125990868 0.011281325481832027 0.011204591020941734 0.012044399976730347 0.012605076655745506 0.013344950042665005 0.014181826263666153 0.015894221141934395 0.01601550169289112 0.015209675766527653 0.014128637500107288 0.008970944210886955 0.004100400488823652 0.0
0.7065494060516357 0.00577640300616622 0.00583252776414156 0.006576398853212595 0.006782349664717913 0.007144652307033539 0.00672453548759222 0.006935156881809235 0.007270013447850943 0.007583337835967541 0.007878816686570644 0.008183913305401802 0.008138439618051052 0.008510551415383816 0.008565112017095089 0.00899064727127552 0.009466059505939484 0.009562410414218903 0.009961044415831566 0.010273214429616928 0.010448170825839043 0.011060808785259724 0.011676274240016937 0.012432785704731941 0.013300186023116112 0.013545139692723751 0.014768014661967754 0.015135454013943672 0.015218835324048996 0.012960090301930904 0.008527400903403759 0.0040428536012768745
