1.0 0.0 0.0 0.0 0.0 0.0 0.0 0.0 0.0 0.0 0.0 0.0 0.0 0.0 0.0 0.0 0.0 0.0 0.0 0.0 0.0 0.0 0.0 0.0 0.0 0.0 0.0 0.0 0.0 0.0 0.0 0.0
0.963559091091156 0.0363081619143486 0.0 0.0 0.0 0.0 0.0 0.0 0.0 0.0 0.0 0.0 0.0 0.0 0.0 0.0 0.0 0.0 0.0 0.0 0.0 0.0 0.0 0.0 0.0 0.0 0.0 0.0 0.0 0.0 0.0 0.0
0.9499728679656982 0.016254745423793793 0.03363189846277237 0.0 0.0 0.0 0.0 0.0 0.0 0.0 0.0 0.0 0.0 0.0 0.0 0.0 0.0 0.0 0.0 0.0 0.0 0.0 0.0 0.0 0.0 0.0 0.0 0.0 0.0 0.0 0.0 0.0
0.9426857829093933 0.0105179063975811 0.013440876267850399 0.03322456404566765 0.0 0.0 0.0 0.0 0.0 0.0 0.0 0.0 0.0 0.0 0.0 0.0 0.0 0.0 0.0 0.0 0.0 0.0 0.0 0.0 0.0 0.0 0.0 0.0 0.0 0.0 0.0 0.0
0.9407349824905396 0.007531546987593174 0.007402173243463039 0.010593523271381855 0.03360607102513313 0.0 0.0 0.0 0.0 0.0 0.0 0.0 0.0 0.0 0.0 0.0 0.0 0.0 0.0 0.0 0.0 0.0 0.0 0.0 0.0 0.0 0.0 0.0 0.0 0.0 0.0 0.0
0.9333344101905823 0.0076019903644919395 0.006491716485470533 0.006305217277258635 0.011887427419424057 0.034237414598464966 0.0 0.0 0.0 0.0 0.0 0.0 0.0 0.0 0.0 0.0 0.0 0.0 0.0 0.0 0.0 0.0 0.0 0.0 0.0 0.0 0.0 0.0 0.0 0.0 0.0 0.0
0.9355999231338501 0.005340801551938057 0.0042981649748981 0.004147721454501152 0.00672137038782239 0.011530106887221336 0.032221145927906036 0.0 0.0 0.0 0.0 0.0 0.0 0.0 0.0 0.0 0.0 0.0 0.0 0.0 0.0 0.0 0.0 0.0 0.0 0.0 0.0 0.0 0.0 0.0 0.0 0.0
0.9320586919784546 0.004905457608401775 0.005100122187286615 0.004563883878290653 0.006211865693330765 0.006575190462172031 0.010771610774099827 0.02967618778347969 0.0 0.0 0.0 0.0 0.0 0.0 0.0 0.0 0.0 0.0 0.0 0.0 0.0 0.0 0.0 0.0 0.0 0.0 0.0 0.0 0.0 0.0 0.0 0.0
0.942686915397644 0.0037031532265245914 0.0033667809329926968 0.00292996596544981 0.0035927342250943184 0.0038878703489899635 0.005385141354054213 0.00944020040333271 0.024875110015273094 0.0 0.0 0.0 0.0 0.0 0.0 0.0 0.0 0.0 0.0 0.0 0.0 0.0 0.0 0.0 0.0 0.0 0.0 0.0 0.0 0.0 0.0 0.0
0.9453309774398804 0.0036975799594074488 0.0030867282766848803 0.0023209843784570694 0.002903178334236145 0.00305538484826684 0.00342864403501153 0.004871103446930647 0.00783232506364584 0.023340675979852676 0.0 0.0 0.0 0.0 0.0 0.0 0.0 0.0 0.0 0.0 0.0 0.0 0.0 0.0 0.0 0.0 0.0 0.0 0.0 0.0 0.0 0.0
0.9470211863517761 0.0027477825060486794 0.002317675855010748 0.0021377415396273136 0.0024173830170184374 0.0025223148986697197 0.003105050651356578 0.00385921448469162 0.004299597814679146 0.007094900123775005 0.02234780415892601 0.0 0.0 0.0 0.0 0.0 0.0 0.0 0.0 0.0 0.0 0.0 0.0 0.0 0.0 0.0 0.0 0.0 0.0 0.0 0.0 0.0
0.9462074041366577 0.00225019920617342 0.0018747503636404872 0.0019256530795246363 0.0022242257837206125 0.0021456934046000242 0.0023538111709058285 0.004135088063776493 0.003663909388706088 0.0040993159636855125 0.008318952284753323 0.020665902644395828 0.0 0.0 0.0 0.0 0.0 0.0 0.0 0.0 0.0 0.0 0.0 0.0 0.0 0.0 0.0 0.0 0.0 0.0 0.0 0.0
0.9515424370765686 0.0020657144486904144 0.001638016663491726 0.0016007289523258805 0.0018830109620466828 0.0020314103458076715 0.0020595979876816273 0.0024391834158450365 0.0026471265591681004 0.002845458686351776 0.004227727651596069 0.006092346739023924 0.018790515139698982 0.0 0.0 0.0 0.0 0.0 0.0 0.0 0.0 0.0 0.0 0.0 0.0 0.0 0.0 0.0 0.0 0.0 0.0 0.0
0.9503765106201172 0.0018863326404243708 0.001512276940047741 0.0014360948698595166 0.0015305080451071262 0.0016864335630089045 0.0018960494780912995 0.0022346130572259426 0.0024042341392487288 0.0023597804829478264 0.004531469661742449 0.0034241897519677877 0.006209681276232004 0.018375294283032417 0.0 0.0 0.0 0.0 0.0 0.0 0.0 0.0 0.0 0.0 0.0 0.0 0.0 0.0 0.0 0.0 0.0 0.0
0.9456091523170471 0.0018501593731343746 0.001557305920869112 0.001397854764945805 0.0014228151412680745 0.0015209419652819633 0.0017320106271654367 0.002127764979377389 0.002314296318218112 0.0024815716315060854 0.005677930545061827 0.0026124021969735622 0.003701550420373678 0.006779167335480452 0.01907675340771675 0.0 0.0 0.0 0.0 0.0 0.0 0.0 0.0 0.0 0.0 0.0 0.0 0.0 0.0 0.0 0.0 0.0
0.9517366290092468 0.0015837847022339702 0.0013046007370576262 0.0012084707850590348 0.001272204564884305 0.0013688062317669392 0.0013564248802140355 0.0015853799413889647 0.0019026994705200195 0.0020360341295599937 0.002487682970240712 0.0022612453904002905 0.002611463190987706 0.0037598698399960995 0.005872057750821114 0.017517903819680214 0.0 0.0 0.0 0.0 0.0 0.0 0.0 0.0 0.0 0.0 0.0 0.0 0.0 0.0 0.0 0.0
0.9500361680984497 0.0015699563082307577 0.0012415427481755614 0.0011384427780285478 0.0012358702952042222 0.0012479361612349749 0.0012375586666166782 0.0014027991564944386 0.0016798694850876927 0.0018494881223887205 0.002825177740305662 0.0020830663852393627 0.0023173014633357525 0.0025779809802770615 0.003436335129663348 0.005673915613442659 0.01831342652440071 0.0 0.0 0.0 0.0 0.0 0.0 0.0 0.0 0.0 0.0 0.0 0.0 0.0 0.0 0.0
0.9501089453697205 0.0014788050903007388 0.0010604097042232752 0.0010174574563279748 0.0010980082442983985 0.0011679824674502015 0.0011892368784174323 0.0013632102636620402 0.0015027495101094246 0.0015838120598345995 0.0025309305638074875 0.0018799423705786467 0.0020566710736602545 0.0023278750013560057 0.002489475067704916 0.0035876850597560406 0.005856415722519159 0.01756766438484192 0.0 0.0 0.0 0.0 0.0 0.0 0.0 0.0 0.0 0.0 0.0 0.0 0.0 0.0
0.9458356499671936 0.001492013456299901 0.001008325139991939 0.0009204773814417422 0.0009685683762654662 0.001224054372869432 0.001135106896981597 0.0012490113731473684 0.0014128538314253092 0.0014729459071531892 0.002516777254641056 0.0017307711532339454 0.0018591821426525712 0.002147959778085351 0.0023564293514937162 0.0029528012964874506 0.004666895605623722 0.005997946485877037 0.018921170383691788 0.0 0.0 0.0 0.0 0.0 0.0 0.0 0.0 0.0 0.0 0.0 0.0 0.0
0.9442881941795349 0.0016210530884563923 0.0010496914619579911 0.0009380988776683807 0.0009234051685780287 0.0010053621372208 0.001200724276714027 0.0013272241922095418 0.001268985215574503 0.0015190511476248503 0.0020690986420959234 0.0015828900504857302 0.0017241262830793858 0.001887015183456242 0.0023756728041917086 0.0023103393614292145 0.0029611140489578247 0.0032562222331762314 0.006571655627340078 0.019992848858237267 0.0 0.0 0.0 0.0 0.0 0.0 0.0 0.0 0.0 0.0 0.0 0.0
0.9473296403884888 0.0013264509616419673 0.001000753021799028 0.0009383360738866031 0.0008707208326086402 0.0008748085820116103 0.0008802197407931089 0.0010456120362505317 0.0011225244961678982 0.0011689497623592615 0.0014474735362455249 0.0012633050791919231 0.0014879830414429307 0.0016357657732442021 0.0018130954122170806 0.0020336078014224768 0.0023792542051523924 0.0025150133296847343 0.003803095780313015 0.00568353570997715 0.019245514646172523 0.0 0.0 0.0 0.0 0.0 0.0 0.0 0.0 0.0 0.0 0.0
0.9428381323814392 0.001215108553878963 0.0009179211338050663 0.0009043880854733288 0.0009366779122501612 0.0008924615103751421 0.0008922679699026048 0.0010366644710302353 0.0011744684306904674 0.0012007992481812835 0.0018209124682471156 0.0012744060950353742 0.0012947950745001435 0.001549005159176886 0.001984500093385577 0.0019787545315921307 0.002114841714501381 0.0025199807714670897 0.0033295615576207638 0.00390645070001483 0.0059549808502197266 0.02012864127755165 0.0 0.0 0.0 0.0 0.0 0.0 0.0 0.0 0.0 0.0
0.940933108329773 0.0011311492417007685 0.000810210476629436 0.0008449647575616837 0.000872646167408675 0.0008875075727701187 0.0008670903043821454 0.0011560149723663926 0.0010635124053806067 0.001015132525935769 0.0028165248222649097 0.0015173554420471191 0.0011969656916335225 0.0013504148228093982 0.00174062536098063 0.0016614892520010471 0.001984870061278343 0.002230746438726783 0.002987765474244952 0.0031652881298214197 0.003420791355893016 0.0066017648205161095 0.019611302763223648 0.0 0.0 0.0 0.0 0.0 0.0 0.0 0.0 0.0
0.9443349242210388 0.0012443470768630505 0.0007840804173611104 0.0008304969524033368 0.000805059215053916 0.0008921741391532123 0.0008560730493627489 0.0009395582601428032 0.000879106461070478 0.0009122905321419239 0.0013198885135352612 0.0012367238523438573 0.0012284113327041268 0.001232884475030005 0.0013634224887937307 0.0015043034218251705 0.0017442534444853663 0.0019101082580164075 0.0022720303386449814 0.002280198037624359 0.0025815016124397516 0.0034644443076103926 0.0059518287889659405 0.019300995394587517 0.0 0.0 0.0 0.0 0.0 0.0 0.0 0.0
0.9398444294929504 0.001503839623183012 0.0007374641136266291 0.0007432497222907841 0.0009747720323503017 0.0008574436069466174 0.0009118380257859826 0.0008898667874746025 0.0011150360805913806 0.0009017421980388463 0.001368839992210269 0.001163227716460824 0.0012091916287317872 0.0011932967463508248 0.0012373472563922405 0.001381063717417419 0.001559382420964539 0.0015964650083333254 0.0023388811387121677 0.0020695561543107033 0.0022571326699107885 0.002570659387856722 0.0032065464183688164 0.005865160841494799 0.022371742874383926 0.0 0.0 0.0 0.0 0.0 0.0 0.0
0.9438471794128418 0.0013471645070239902 0.0007937961490824819 0.000667897576931864 0.0006572765414603055 0.0007086279219947755 0.0007662115967832506 0.0007832420524209738 0.0007804880733601749 0.0007906447863206267 0.001363747171126306 0.0008707056404091418 0.0009873484959825873 0.0012080735759809613 0.0012601562775671482 0.001107209362089634 0.001393034472130239 0.0014709497336298227 0.0018852956127375364 0.0018391115590929985 0.0019444792997092009 0.00246315891854465 0.002510841004550457 0.0031588904093950987 0.005480890162289143 0.019737858325242996 0.0 0.0 0.0 0.0 0.0 0.0
0.9447472095489502 0.0014262230833992362 0.0008725576917640865 0.0007351445383392274 0.00070196483284235 0.00064450828358531 0.0006514037377201021 0.0007118094945326447 0.0007565830019302666 0.0008104817825369537 0.001271841931156814 0.00081866659456864 0.0008744547376409173 0.0009480580338276923 0.0011662046890705824 0.0010545015102252364 0.0011602086015045643 0.0012802559649571776 0.0015363297425210476 0.0016162099782377481 0.001738198334351182 0.0018857775721699 0.0020649386569857597 0.0024669799022376537 0.0032058858778327703 0.005831711459904909 0.018840888515114784 0.0 0.0 0.0 0.0 0.0
0.9442030191421509 0.0013292317744344473 0.00088197470176965 0.0007754494436085224 0.0007099701324477792 0.0006480474257841706 0.000590139941778034 0.000643910258077085 0.0006782861892133951 0.0007438461179845035 0.0011285612126812339 0.0008322197245433927 0.0008256526198238134 0.000910730566829443 0.0010027959942817688 0.0009153270511887968 0.00107846490573138 0.0011305842781439424 0.0014147020410746336 0.0014286917867138982 0.0016363421455025673 0.0017695227870717645 0.0019670447800308466 0.0021346581634134054 0.002656979486346245 0.003286234335973859 0.005333323962986469 0.019169436767697334 0.0 0.0 0.0 0.0
0.9415642619132996 0.0012427191250026226 0.0008254935382865369 0.0007858749595470726 0.0007314823451451957 0.0006796139641664922 0.0006830728380009532 0.0006123768980614841 0.0006222667871043086 0.0007068577688187361 0.0009834215743467212 0.0007701722206547856 0.0007551893359050155 0.0008679993916302919 0.0010062112705782056 0.0009136659791693091 0.001031417865306139 0.0010658935643732548 0.001208270201459527 0.0012627837713807821 0.001507551409304142 0.0016647190786898136 0.0017651093658059835 0.0025019790045917034 0.0022826131898909807 0.002935684286057949 0.003138650907203555 0.005628487560898066 0.020076291635632515 0.0 0.0 0.0
0.9414463043212891 0.0012844111770391464 0.0008309188997372985 0.0007929890416562557 0.0007767726201564074 0.0007221942651085556 0.0006783936987631023 0.0006288609001785517 0.0005693648708984256 0.0006154248840175569 0.000974873430095613 0.0007385692442767322 0.0007578401127830148 0.0007978688227012753 0.0008406266570091248 0.0008873590268194675 0.0009306747815571725 0.0010122493840754032 0.001112764934077859 0.0011244616471230984 0.0012628203257918358 0.0014563128352165222 0.001656269421800971 0.0020400139037519693 0.001921444432809949 0.002358654048293829 0.0023396413307636976 0.0030580428428947926 0.005692985374480486 0.020516367629170418 0.0 0.0
0.9397710561752319 0.0013577236095443368 0.0008057045633904636 0.0007138623623177409 0.0007738483254797757 0.0007606145227327943 0.0007174290949478745 0.0006562022608704865 0.0006106983055360615 0.0006063422770239413 0.0012580840848386288 0.0006861945730634034 0.0007303445599973202 0.0009597064927220345 0.000990167260169983 0.0008466040017083287 0.0009444676106795669 0.0009336678776890039 0.0012707264395430684 0.0012429835041984916 0.0011690061073750257 0.0016212763730436563 0.0016865961952134967 0.0018273027380928397 0.0018248808337375522 0.0021924423053860664 0.002157361013814807 0.0022458205930888653 0.002972152316942811 0.005520447622984648 0.019971199333667755 0.0
0.9334110617637634 0.0014597676927223802 0.00084425148088485 0.000701006967574358 0.0007131421007215977 0.000745146069675684 0.0007769889198243618 0.0007597245275974274 0.0006361127598211169 0.0006152565474621952 0.0023980012629181147 0.000618579622823745 0.0006708182045258582 0.0009599168552085757 0.0014209728688001633 0.0007899382617324591 0.0009937083814293146 0.0008937417878769338 0.0014431123854592443 0.001130144577473402 0.001096430467441678 0.0016296074027195573 0.003156740451231599 0.0016156114870682359 0.001587878679856658 0.0020421561785042286 0.002092425711452961 0.002021792810410261 0.002264172537252307 0.002949156565591693 0.006486708298325539 0.020891765132546425
