1.0 0.0 0.0 0.0 0.0 0.0 0.0 0.0 0.0 0.0 0.0 0.0 0.0 0.0 0.0 0.0 0.0 0.0 0.0 0.0 0.0 0.0 0.0 0.0 0.0 0.0 0.0 0.0 0.0 0.0 0.0 0.0
0.9288750290870667 0.07101692259311676 0.0 0.0 0.0 0.0 0.0 0.0 0.0 0.0 0.0 0.0 0.0 0.0 0.0 0.0 0.0 0.0 0.0 0.0 0.0 0.0 0.0 0.0 0.0 0.0 0.0 0.0 0.0 0.0 0.0 0.0
0.8786100745201111 0.06638063490390778 0.05488061532378197 0.0 0.0 0.0 0.0 0.0 0.0 0.0 0.0 0.0 0.0 0.0 0.0 0.0 0.0 0.0 0.0 0.0 0.0 0.0 0.0 0.0 0.0 0.0 0.0 0.0 0.0 0.0 0.0 0.0
0.8317499756813049 0.06019481644034386 0.05168334022164345 0.05623599514365196 0.0 0.0 0.0 0.0 0.0 0.0 0.0 0.0 0.0 0.0 0.0 0.0 0.0 0.0 0.0 0.0 0.0 0.0 0.0 0.0 0.0 0.0 0.0 0.0 0.0 0.0 0.0 0.0
0.7845694422721863 0.053012847900390625 0.04955609515309334 0.05387387052178383 0.05885181948542595 0.0 0.0 0.0 0.0 0.0 0.0 0.0 0.0 0.0 0.0 0.0 0.0 0.0 0.0 0.0 0.0 0.0 0.0 0.0 0.0 0.0 0.0 0.0 0.0 0.0 0.0 0.0
0.7500186562538147 0.04573117941617966 0.04140269383788109 0.05093587562441826 0.053652066737413406 0.05812206491827965 0.0 0.0 0.0 0.0 0.0 0.0 0.0 0.0 0.0 0.0 0.0 0.0 0.0 0.0 0.0 0.0 0.0 0.0 0.0 0.0 0.0 0.0 0.0 0.0 0.0 0.0
0.7136533260345459 0.04225938767194748 0.03543354570865631 0.04494001716375351 0.050484005361795425 0.05394185334444046 0.05915030464529991 0.0 0.0 0.0 0.0 0.0 0.0 0.0 0.0 0.0 0.0 0.0 0.0 0.0 0.0 0.0 0.0 0.0 0.0 0.0 0.0 0.0 0.0 0.0 0.0 0.0
0.6780499219894409 0.038820311427116394 0.030810808762907982 0.04060560464859009 0.0475558266043663 0.051921598613262177 0.05280287563800812 0.0593024305999279 0.0 0.0 0.0 0.0 0.0 0.0 0.0 0.0 0.0 0.0 0.0 0.0 0.0 0.0 0.0 0.0 0.0 0.0 0.0 0.0 0.0 0.0 0.0 0.0
0.6614387035369873 0.03468513861298561 0.026910366490483284 0.034144770354032516 0.040289659053087234 0.04775110259652138 0.04701070860028267 0.05060231313109398 0.05703837797045708 0.0 0.0 0.0 0.0 0.0 0.0 0.0 0.0 0.0 0.0 0.0 0.0 0.0 0.0 0.0 0.0 0.0 0.0 0.0 0.0 0.0 0.0 0.0
0.6374964714050293 0.03175339102745056 0.025463953614234924 0.03050575964152813 0.03594638407230377 0.04040399566292763 0.04248061403632164 0.046710774302482605 0.05011475458741188 0.058993514627218246 0.0 0.0 0.0 0.0 0.0 0.0 0.0 0.0 0.0 0.0 0.0 0.0 0.0 0.0 0.0 0.0 0.0 0.0 0.0 0.0 0.0 0.0
0.6226723194122314 0.029146749526262283 0.023027140647172928 0.02745218388736248 0.029909830540418625 0.03415021672844887 0.0374244749546051 0.04219261184334755 0.046309225261211395 0.049335677176713943 0.058249883353710175 0.0 0.0 0.0 0.0 0.0 0.0 0.0 0.0 0.0 0.0 0.0 0.0 0.0 0.0 0.0 0.0 0.0 0.0 0.0 0.0 0.0
0.6020655632019043 0.027336573228240013 0.021217865869402885 0.026100698858499527 0.02757873758673668 0.030645174905657768 0.03172329068183899 0.03694729506969452 0.041211165487766266 0.04576941952109337 0.049290772527456284 0.05998167023062706 0.0 0.0 0.0 0.0 0.0 0.0 0.0 0.0 0.0 0.0 0.0 0.0 0.0 0.0 0.0 0.0 0.0 0.0 0.0 0.0
0.5882980823516846 0.025686785578727722 0.019883645698428154 0.023643827065825462 0.026059875264763832 0.027700593695044518 0.028787951916456223 0.0318441279232502 0.036083247512578964 0.04140479490160942 0.04500218853354454 0.04821920767426491 0.05724756047129631 0.0 0.0 0.0 0.0 0.0 0.0 0.0 0.0 0.0 0.0 0.0 0.0 0.0 0.0 0.0 0.0 0.0 0.0 0.0
0.5750409364700317 0.023692451417446136 0.017316531389951706 0.020543619990348816 0.02293434366583824 0.02503708191215992 0.026215538382530212 0.027872739359736443 0.032142557203769684 0.03559040650725365 0.0420360192656517 0.044987987726926804 0.04776007682085037 0.058694902807474136 0.0 0.0 0.0 0.0 0.0 0.0 0.0 0.0 0.0 0.0 0.0 0.0 0.0 0.0 0.0 0.0 0.0 0.0
0.5618804693222046 0.022952526807785034 0.01639186590909958 0.01888394169509411 0.02077462337911129 0.02364424802362919 0.02445063553750515 0.026200661435723305 0.02870132029056549 0.03139699250459671 0.03634418174624443 0.04051871597766876 0.04384361580014229 0.04678270220756531 0.0570978969335556 0.0 0.0 0.0 0.0 0.0 0.0 0.0 0.0 0.0 0.0 0.0 0.0 0.0 0.0 0.0 0.0 0.0
0.5492830276489258 0.021090593189001083 0.015618917532265186 0.017847204580903053 0.020541666075587273 0.020854933187365532 0.02286764606833458 0.02427751198410988 0.025204652920365334 0.02979636937379837 0.031148262321949005 0.03606261685490608 0.040007419884204865 0.04300304502248764 0.04494567587971687 0.05732174962759018 0.0 0.0 0.0 0.0 0.0 0.0 0.0 0.0 0.0 0.0 0.0 0.0 0.0 0.0 0.0 0.0
0.540378987789154 0.02009018138051033 0.014710289426147938 0.017480045557022095 0.018896909430623055 0.019671134650707245 0.02096559852361679 0.022573411464691162 0.02423413284122944 0.026443354785442352 0.028294412419199944 0.03034154698252678 0.03462401404976845 0.03930852562189102 0.041747573763132095 0.04470178112387657 0.05540290102362633 0.0 0.0 0.0 0.0 0.0 0.0 0.0 0.0 0.0 0.0 0.0 0.0 0.0 0.0 0.0
0.5268553495407104 0.018488094210624695 0.013342732563614845 0.016262730583548546 0.01860647462308407 0.0179582629352808 0.018569132313132286 0.020312946289777756 0.022294210270047188 0.025150863453745842 0.027154792100191116 0.026595620438456535 0.031228190287947655 0.03562016412615776 0.038496412336826324 0.04112815856933594 0.0446031354367733 0.057199057191610336 0.0 0.0 0.0 0.0 0.0 0.0 0.0 0.0 0.0 0.0 0.0 0.0 0.0 0.0
0.5177323818206787 0.017684830352663994 0.011963843367993832 0.015332218259572983 0.017972374334931374 0.01735340990126133 0.01786039024591446 0.019198616966605186 0.020638247951865196 0.02284638211131096 0.024536484852433205 0.02474435791373253 0.028074419125914574 0.03029872104525566 0.03353315219283104 0.038667988032102585 0.04180944338440895 0.04385335370898247 0.05576104670763016 0.0 0.0 0.0 0.0 0.0 0.0 0.0 0.0 0.0 0.0 0.0 0.0 0.0
0.5097760558128357 0.017759807407855988 0.011054891161620617 0.014153963886201382 0.01667221263051033 0.018184391781687737 0.017705848440527916 0.018007034435868263 0.01854424551129341 0.0232052244246006 0.022406812757253647 0.02370598539710045 0.02397269569337368 0.025730283930897713 0.02868354320526123 0.033394746482372284 0.037440236657857895 0.04090666025876999 0.044133830815553665 0.05442636087536812 0.0 0.0 0.0 0.0 0.0 0.0 0.0 0.0 0.0 0.0 0.0 0.0
0.5005475878715515 0.01733674295246601 0.010680949315428734 0.013394027017056942 0.015002653934061527 0.015843603760004044 0.016679398715496063 0.017423249781131744 0.01778429001569748 0.020143823698163033 0.021199222654104233 0.021310998126864433 0.023442255333065987 0.023687399923801422 0.02559472620487213 0.028697872534394264 0.033571794629096985 0.03809110447764397 0.04086131602525711 0.043930746614933014 0.05464194342494011 0.0 0.0 0.0 0.0 0.0 0.0 0.0 0.0 0.0 0.0 0.0
0.49255290627479553 0.01688280701637268 0.010693485848605633 0.013055405579507351 0.013822224922478199 0.014691896736621857 0.01547582633793354 0.016504043713212013 0.017000218853354454 0.018481725826859474 0.018998853862285614 0.020471496507525444 0.021039176732301712 0.02261902391910553 0.023651111871004105 0.02655847743153572 0.028287243098020554 0.03252888098359108 0.03782433271408081 0.04200708121061325 0.04264281317591667 0.054077234119176865 0.0 0.0 0.0 0.0 0.0 0.0 0.0 0.0 0.0 0.0
0.48741573095321655 0.016926683485507965 0.010630047880113125 0.013577512465417385 0.013510962016880512 0.014444040134549141 0.013877907767891884 0.01490436214953661 0.016337990760803223 0.017207538709044456 0.018177727237343788 0.02050263062119484 0.020258113741874695 0.02131718583405018 0.02260592393577099 0.023966800421476364 0.02456815168261528 0.02702331356704235 0.03168710321187973 0.036742210388183594 0.03879641368985176 0.04190322756767273 0.05348275229334831 0.0 0.0 0.0 0.0 0.0 0.0 0.0 0.0 0.0
0.4826889634132385 0.016288598999381065 0.009891397319734097 0.01235455647110939 0.012606395408511162 0.013702829368412495 0.013200657442212105 0.01422695443034172 0.015250763855874538 0.015972744673490524 0.018234940245747566 0.018381940200924873 0.019036319106817245 0.01996850036084652 0.020273741334676743 0.021019037812948227 0.02228165604174137 0.02509382553398609 0.02787734754383564 0.03272635117173195 0.03603564575314522 0.038697317242622375 0.04091916233301163 0.0531376414000988 0.0 0.0 0.0 0.0 0.0 0.0 0.0 0.0
0.48163291811943054 0.01645568199455738 0.009568599984049797 0.011910192668437958 0.012293835170567036 0.012902951799333096 0.012983059510588646 0.013425231911242008 0.014363172464072704 0.015170353464782238 0.016845105215907097 0.017190413549542427 0.017650840803980827 0.018521375954151154 0.019238660112023354 0.01926940120756626 0.02033000998198986 0.021695895120501518 0.023311596363782883 0.026646636426448822 0.031219899654388428 0.035629112273454666 0.03832997381687164 0.04070436954498291 0.05257294699549675 0.0 0.0 0.0 0.0 0.0 0.0 0.0
0.47444790601730347 0.016246315091848373 0.009389677084982395 0.010630819946527481 0.011496949940919876 0.012453366070985794 0.012651050463318825 0.01274832896888256 0.013558478094637394 0.01424465887248516 0.015309344977140427 0.016344182193279266 0.01691615581512451 0.017702851444482803 0.018095552921295166 0.01819310523569584 0.019129587337374687 0.020097510889172554 0.021654967218637466 0.023841392248868942 0.02670583687722683 0.030728641897439957 0.03479165956377983 0.038114048540592194 0.041588783264160156 0.05273598060011864 0.0 0.0 0.0 0.0 0.0 0.0
0.46602705121040344 0.015404708683490753 0.008859585970640182 0.009904002770781517 0.01088731363415718 0.011826730333268642 0.012345758266746998 0.01271418109536171 0.013709330931305885 0.013948405161499977 0.01535077765583992 0.015347708947956562 0.016584794968366623 0.01663363352417946 0.017142627388238907 0.01684650406241417 0.01818114146590233 0.019643817096948624 0.020508425310254097 0.02250799909234047 0.02339690364897251 0.02650441974401474 0.03040638379752636 0.03435022011399269 0.03896915167570114 0.04013620316982269 0.051684871315956116 0.0 0.0 0.0 0.0 0.0
0.4610716998577118 0.014034900814294815 0.00899528618901968 0.009790067560970783 0.009572017937898636 0.010555095039308071 0.011214333586394787 0.012586587108671665 0.013220708817243576 0.012798938900232315 0.013873264193534851 0.014783605933189392 0.015799885615706444 0.016548004001379013 0.01758573204278946 0.016479317098855972 0.017188875004649162 0.01928575709462166 0.01930086500942707 0.020150091499090195 0.021044941619038582 0.022890666499733925 0.02630661614239216 0.03096970170736313 0.03456800803542137 0.03711353987455368 0.040075767785310745 0.05202089995145798 0.0 0.0 0.0 0.0
0.45362845063209534 0.012802893295884132 0.008648406714200974 0.009894002228975296 0.009711382910609245 0.010203994810581207 0.010725380852818489 0.011249253526329994 0.012423189356923103 0.01304613146930933 0.013940605334937572 0.013880260288715363 0.015267767943441868 0.015877295285463333 0.016097621992230415 0.01622941344976425 0.016290897503495216 0.01734769716858864 0.01870422065258026 0.019238367676734924 0.019969947636127472 0.02083655633032322 0.022591518238186836 0.025627195835113525 0.030045924708247185 0.034445758908987045 0.03756868466734886 0.04089082032442093 0.052635516971349716 0.0 0.0 0.0
0.45147961378097534 0.012025374919176102 0.00793886836618185 0.009774194099009037 0.009746355935931206 0.009836411103606224 0.01004995871335268 0.010641134344041348 0.01154903881251812 0.012401890009641647 0.013258671388030052 0.013330839574337006 0.013895859941840172 0.015239713713526726 0.015570782124996185 0.015857497230172157 0.01571243815124035 0.016209730878472328 0.01665176823735237 0.017934560775756836 0.018607784062623978 0.019452260807156563 0.020701289176940918 0.022574136033654213 0.026054110378026962 0.031090402975678444 0.033805686980485916 0.036813102662563324 0.0400184728205204 0.051602620631456375 0.0 0.0
0.44652900099754333 0.011818118393421173 0.007029921282082796 0.009364929050207138 0.009921629913151264 0.009965010918676853 0.009714148007333279 0.010202781297266483 0.010775038972496986 0.01177904661744833 0.012470288202166557 0.013624217361211777 0.013303850777447224 0.014416231773793697 0.014325081370770931 0.015458262525498867 0.01508704200387001 0.015117965638637543 0.016419654712080956 0.017752625048160553 0.01742936670780182 0.01825970597565174 0.01914988085627556 0.020380517467856407 0.02215159498155117 0.025744279846549034 0.02949649468064308 0.03399697318673134 0.036980897188186646 0.03944242000579834 0.05171612650156021 0.0
0.4431917071342468 0.01259346678853035 0.0067680892534554005 0.008535916917026043 0.00974270049482584 0.011392004787921906 0.010203633457422256 0.010599058121442795 0.010522983968257904 0.01123449020087719 0.01196373626589775 0.013141711242496967 0.013408933766186237 0.013835589401423931 0.013659955933690071 0.014012486673891544 0.014344499446451664 0.014589031226933002 0.015352229587733746 0.01668216474354267 0.016424555331468582 0.01697114109992981 0.017889821901917458 0.01897648721933365 0.019809620454907417 0.021345270797610283 0.024628538638353348 0.02952241338789463 0.03320398926734924 0.036118023097515106 0.03852410614490509 0.05063381791114807
