1.0 0.0 0.0 0.0 0.0 0.0 0.0 0.0 0.0 0.0 0.0 0.0 0.0 0.0 0.0 0.0 0.0 0.0 0.0 0.0 0.0 0.0 0.0 0.0 0.0 0.0 0.0 0.0 0.0 0.0 0.0 0.0
0.9443459510803223 0.05552488565444946 0.0 0.0 0.0 0.0 0.0 0.0 0.0 0.0 0.0 0.0 0.0 0.0 0.0 0.0 0.0 0.0 0.0 0.0 0.0 0.0 0.0 0.0 0.0 0.0 0.0 0.0 0.0 0.0 0.0 0.0
0.927359938621521 0.04286228120326996 0.029635505750775337 0.0 0.0 0.0 0.0 0.0 0.0 0.0 0.0 0.0 0.0 0.0 0.0 0.0 0.0 0.0 0.0 0.0 0.0 0.0 0.0 0.0 0.0 0.0 0.0 0.0 0.0 0.0 0.0 0.0
0.9126095175743103 0.024714680388569832 0.041629139333963394 0.02091599814593792 0.0 0.0 0.0 0.0 0.0 0.0 0.0 0.0 0.0 0.0 0.0 0.0 0.0 0.0 0.0 0.0 0.0 0.0 0.0 0.0 0.0 0.0 0.0 0.0 0.0 0.0 0.0 0.0
0.9000411629676819 0.016143351793289185 0.02952418103814125 0.03397098556160927 0.020183337852358818 0.0 0.0 0.0 0.0 0.0 0.0 0.0 0.0 0.0 0.0 0.0 0.0 0.0 0.0 0.0 0.0 0.0 0.0 0.0 0.0 0.0 0.0 0.0 0.0 0.0 0.0 0.0
0.8947958946228027 0.01097969338297844 0.015605843625962734 0.023587379604578018 0.03415709733963013 0.020732855424284935 0.0 0.0 0.0 0.0 0.0 0.0 0.0 0.0 0.0 0.0 0.0 0.0 0.0 0.0 0.0 0.0 0.0 0.0 0.0 0.0 0.0 0.0 0.0 0.0 0.0 0.0
0.8905165791511536 0.01009331550449133 0.010646780021488667 0.014463645406067371 0.02244032919406891 0.03424631059169769 0.017457982525229454 0.0 0.0 0.0 0.0 0.0 0.0 0.0 0.0 0.0 0.0 0.0 0.0 0.0 0.0 0.0 0.0 0.0 0.0 0.0 0.0 0.0 0.0 0.0 0.0 0.0
0.8931658267974854 0.00842286366969347 0.007651511114090681 0.0096487021073699 0.013846850953996181 0.021812643855810165 0.02878141961991787 0.01653970591723919 0.0 0.0 0.0 0.0 0.0 0.0 0.0 0.0 0.0 0.0 0.0 0.0 0.0 0.0 0.0 0.0 0.0 0.0 0.0 0.0 0.0 0.0 0.0 0.0
0.8916779160499573 0.0074222153052687645 0.007070109713822603 0.007254444528371096 0.00925735104829073 0.013503472320735455 0.019793353974819183 0.02681700699031353 0.01706942915916443 0.0 0.0 0.0 0.0 0.0 0.0 0.0 0.0 0.0 0.0 0.0 0.0 0.0 0.0 0.0 0.0 0.0 0.0 0.0 0.0 0.0 0.0 0.0
0.890589714050293 0.005951632745563984 0.00695484783500433 0.006769492756575346 0.007011565379798412 0.009113629348576069 0.012625150382518768 0.018458090722560883 0.026230720803141594 0.016164541244506836 0.0 0.0 0.0 0.0 0.0 0.0 0.0 0.0 0.0 0.0 0.0 0.0 0.0 0.0 0.0 0.0 0.0 0.0 0.0 0.0 0.0 0.0
0.888011634349823 0.004878057632595301 0.006379819940775633 0.006242507137358189 0.006715215742588043 0.007022641599178314 0.008586823008954525 0.011851363815367222 0.017923373728990555 0.026314182206988335 0.01594253070652485 0.0 0.0 0.0 0.0 0.0 0.0 0.0 0.0 0.0 0.0 0.0 0.0 0.0 0.0 0.0 0.0 0.0 0.0 0.0 0.0 0.0
0.8899901509284973 0.004121769219636917 0.004544027615338564 0.005293126218020916 0.005969230085611343 0.006013124715536833 0.006465394515544176 0.007821249775588512 0.011175521649420261 0.017539234831929207 0.0253136046230793 0.015618656761944294 0.0 0.0 0.0 0.0 0.0 0.0 0.0 0.0 0.0 0.0 0.0 0.0 0.0 0.0 0.0 0.0 0.0 0.0 0.0 0.0
0.8897931575775146 0.003473656950518489 0.0035533751361072063 0.004261965863406658 0.005048809107393026 0.005702640395611525 0.00559445982798934 0.00606257701292634 0.008172707632184029 0.011552408337593079 0.01738220453262329 0.024368086829781532 0.014899211004376411 0.0 0.0 0.0 0.0 0.0 0.0 0.0 0.0 0.0 0.0 0.0 0.0 0.0 0.0 0.0 0.0 0.0 0.0 0.0
0.8883677124977112 0.0034166346304118633 0.0032180307898670435 0.003512377617880702 0.004262161441147327 0.005006034858524799 0.005134787410497665 0.0053742448799312115 0.006275167688727379 0.008474655449390411 0.010975835844874382 0.016303561627864838 0.02446063794195652 0.015083543956279755 0.0 0.0 0.0 0.0 0.0 0.0 0.0 0.0 0.0 0.0 0.0 0.0 0.0 0.0 0.0 0.0 0.0 0.0
0.8873477578163147 0.0032464696560055017 0.0032658276613801718 0.0031592075247317553 0.0036125434562563896 0.0040243021212518215 0.004595533944666386 0.0049190218560397625 0.005709209479391575 0.006279731169342995 0.007476304657757282 0.01065744273364544 0.016548210754990578 0.02424643188714981 0.014776642434298992 0.0 0.0 0.0 0.0 0.0 0.0 0.0 0.0 0.0 0.0 0.0 0.0 0.0 0.0 0.0 0.0 0.0
0.8854495286941528 0.0028900911565870047 0.0033842227421700954 0.003121353453025222 0.003231664653867483 0.0033232017885893583 0.0036140750162303448 0.00417975103482604 0.004873168189078569 0.005661129951477051 0.0058443318121135235 0.007764237932860851 0.010797267779707909 0.016659945249557495 0.024644693359732628 0.01442943885922432 0.0 0.0 0.0 0.0 0.0 0.0 0.0 0.0 0.0 0.0 0.0 0.0 0.0 0.0 0.0 0.0
0.884832501411438 0.002374473726376891 0.0030804506968706846 0.003090192098170519 0.0030577133875340223 0.0028622886165976524 0.002976460615172982 0.0032645936589688063 0.0040116263553500175 0.0046324459835886955 0.0052103507332503796 0.007138414308428764 0.007574194576591253 0.010892277583479881 0.016898563131690025 0.023262208327651024 0.014706647954881191 0.0 0.0 0.0 0.0 0.0 0.0 0.0 0.0 0.0 0.0 0.0 0.0 0.0 0.0 0.0
0.8886436223983765 0.001907841768115759 0.0026173254009336233 0.0027886449825018644 0.0030026081949472427 0.0025695946533232927 0.0023733421694487333 0.002553635509684682 0.0030804334674030542 0.0037475440185517073 0.004535485990345478 0.0048425644636154175 0.005342493299394846 0.006825202144682407 0.010291839949786663 0.015725847333669662 0.02445683628320694 0.01456234510987997 0.0 0.0 0.0 0.0 0.0 0.0 0.0 0.0 0.0 0.0 0.0 0.0 0.0 0.0
0.8886616230010986 0.001846348401159048 0.002200067276135087 0.002259555971249938 0.002648482332006097 0.0026527433656156063 0.0023450064472854137 0.0022361220326274633 0.002544210758060217 0.0030617942102253437 0.003878822084516287 0.0044008893892169 0.004745351616293192 0.005312605760991573 0.006917159538716078 0.01004661712795496 0.016358479857444763 0.02355172298848629 0.014200270175933838 0.0 0.0 0.0 0.0 0.0 0.0 0.0 0.0 0.0 0.0 0.0 0.0 0.0
0.8885471224784851 0.001891746767796576 0.0018965768394991755 0.001886918325908482 0.0021158347371965647 0.0024100299924612045 0.0023856591433286667 0.0021998684387654066 0.0022455654107034206 0.0025908839888870716 0.0030478674452751875 0.00395337026566267 0.0045267436653375626 0.004648179281502962 0.005377511028200388 0.006884395610541105 0.0102917505428195 0.015372177585959435 0.023204971104860306 0.014382989145815372 0.0 0.0 0.0 0.0 0.0 0.0 0.0 0.0 0.0 0.0 0.0 0.0
0.8886063098907471 0.0018287237035110593 0.0018619216280058026 0.0016788512002676725 0.0017735963920131326 0.00207451987080276 0.002284200629219413 0.002369733527302742 0.00235472759231925 0.002272900892421603 0.002405616221949458 0.002969475230202079 0.0038579648826271296 0.004238858353346586 0.004565437790006399 0.005130823235958815 0.00668176868930459 0.009656599722802639 0.01584741286933422 0.022853795439004898 0.01455196924507618 0.0 0.0 0.0 0.0 0.0 0.0 0.0 0.0 0.0 0.0 0.0
0.8881540894508362 0.0016423951601609588 0.001974011305719614 0.0016869924729689956 0.0016647722804918885 0.001802020356990397 0.0018779365345835686 0.002157678361982107 0.0023354245349764824 0.0021238564513623714 0.0020097363740205765 0.002266978845000267 0.0030188169330358505 0.00352671230211854 0.004090533126145601 0.004438308533281088 0.005110163241624832 0.0064299083314836025 0.00974329560995102 0.016095152124762535 0.023056110367178917 0.014670686796307564 0.0 0.0 0.0 0.0 0.0 0.0 0.0 0.0 0.0 0.0
0.8876238465309143 0.0013762294547632337 0.0019303944427520037 0.0016736167017370462 0.001622168580070138 0.001555266440846026 0.0015075537376105785 0.0018548418302088976 0.0021532594691962004 0.0022131765726953745 0.0020739505998790264 0.002123933983966708 0.0023736932780593634 0.0028378493152558804 0.003795652650296688 0.004442450124770403 0.005012812092900276 0.004964557010680437 0.006546804215759039 0.009784238412976265 0.015469043515622616 0.022648245096206665 0.014284615404903889 0.0 0.0 0.0 0.0 0.0 0.0 0.0 0.0 0.0
0.884576678276062 0.0012469099601730704 0.0016949056880548596 0.0017087963642552495 0.0016824580961838365 0.0016124665271490812 0.0014166466426104307 0.001563910860568285 0.0017957298550754786 0.0021109525114297867 0.0020910664461553097 0.0025147332344204187 0.002025270601734519 0.00229456159286201 0.004108956083655357 0.0042404960840940475 0.005170595366507769 0.004378590267151594 0.004907028283923864 0.006328952964395285 0.009837064892053604 0.015279285609722137 0.022607451304793358 0.014669833704829216 0.0 0.0 0.0 0.0 0.0 0.0 0.0 0.0
0.8869584202766418 0.0012292306637391448 0.0014219203731045127 0.0014169379137456417 0.0017735648434609175 0.001835232600569725 0.0014470766764134169 0.0013249045005068183 0.0015192199498414993 0.0017856155754998326 0.002014582045376301 0.0020871192682534456 0.002061708364635706 0.002241370966657996 0.0023366562090814114 0.0028120260685682297 0.003524633590131998 0.0037825533654540777 0.004306865390390158 0.004744913429021835 0.006856492720544338 0.009774705395102501 0.015412199310958385 0.023117275908589363 0.01408524252474308 0.0 0.0 0.0 0.0 0.0 0.0 0.0
0.8864811062812805 0.0011106329038739204 0.001085849478840828 0.001129568787291646 0.001390220713801682 0.0015082377940416336 0.0014120348496362567 0.0013033915311098099 0.0013079624623060226 0.001357795437797904 0.0016566221602261066 0.0018491208320483565 0.0019740089774131775 0.0019463392673060298 0.0019024412613362074 0.0021019151899963617 0.0026035867631435394 0.0031905481591820717 0.0037849838845431805 0.004146840889006853 0.005267667584121227 0.0071009499952197075 0.010409420356154442 0.016382381319999695 0.02323395013809204 0.014181800186634064 0.0 0.0 0.0 0.0 0.0 0.0
0.8863353729248047 0.0010791353415697813 0.001047906931489706 0.0009893302340060472 0.0010645710863173008 0.0013175109634175897 0.0014311710838228464 0.0013519453350454569 0.0012397238751873374 0.0011699030874297023 0.001312060165219009 0.0015346684958785772 0.001825916115194559 0.001974597107619047 0.0018456787802278996 0.0018206927925348282 0.0021317172795534134 0.0025076393503695726 0.003268015803769231 0.0038448588456958532 0.0044926186092197895 0.005612470675259829 0.007173472084105015 0.01040491834282875 0.015748022124171257 0.022990025579929352 0.014303325675427914 0.0 0.0 0.0 0.0 0.0
0.8894171118736267 0.0009205593378283083 0.0010597917716950178 0.000937742879614234 0.0009458641870878637 0.0010464985389262438 0.001210081740282476 0.0013042226200923324 0.0012812900822609663 0.001146467518992722 0.0011344277299940586 0.0012735583586618304 0.0014928070595487952 0.0018669699784368277 0.0019050047267228365 0.0017787390388548374 0.00186928769107908 0.002003573114052415 0.002592006465420127 0.0032538047526031733 0.00382029777392745 0.004196105059236288 0.004999409429728985 0.0064986757934093475 0.009725811891257763 0.015209510922431946 0.02268482744693756 0.014241700991988182 0.0 0.0 0.0 0.0
0.887141764163971 0.0007664244621992111 0.0010037804022431374 0.0009602508507668972 0.0009229843853972852 0.0009535724529996514 0.0009985733777284622 0.0011535203084349632 0.0012589358957484365 0.001276886323466897 0.0011707122903317213 0.0011373269371688366 0.0012467456981539726 0.0014717249432578683 0.0017514784121885896 0.001818620483390987 0.0017256714636459947 0.0017747131641954184 0.0020584699232131243 0.0025094039738178253 0.003296871902421117 0.004213958978652954 0.00445406511425972 0.005213355645537376 0.006651866249740124 0.009624883532524109 0.015713846310973167 0.02338426001369953 0.014172622933983803 0.0 0.0 0.0
0.8878670334815979 0.0007001581834629178 0.0008812274900265038 0.0009112642728723586 0.0009231907315552235 0.0008687183144502342 0.0008441482787020504 0.0009341447148472071 0.0011079930700361729 0.0012189269764348865 0.0012186621315777302 0.001093332190066576 0.0010576837230473757 0.0012223402736708522 0.001424198504537344 0.0016754340613260865 0.001782586914487183 0.0017614035168662667 0.0017512039048597217 0.0020837709307670593 0.0026324335485696793 0.0033744676038622856 0.004017664585262537 0.004496625158935785 0.005179600790143013 0.006704046856611967 0.009835409000515938 0.015407674945890903 0.022752033546566963 0.014097250998020172 0.0 0.0
0.8885692358016968 0.0007455436862073839 0.000768889847677201 0.0008189697400666773 0.0009011357324197888 0.0009091956890188158 0.0007770592346787453 0.0008166864863596857 0.0008899313397705555 0.0010398250306025147 0.0012278779176995158 0.0011687187943607569 0.001046749297529459 0.0010657072998583317 0.0011643710313364863 0.001415316597558558 0.001687306328676641 0.001718523446470499 0.0017208537319675088 0.0017807695548981428 0.002077482407912612 0.0026330219116061926 0.003265614388510585 0.0039545451290905476 0.004290069453418255 0.00488004507496953 0.006582604721188545 0.009869989939033985 0.015513279475271702 0.02226140908896923 0.014265564270317554 0.0
0.8882741332054138 0.0009344076970592141 0.0007745330804027617 0.0007822816842235625 0.0007940946379676461 0.0009063209872692823 0.0008269171230494976 0.0008306766394525766 0.0008203429752029479 0.0008940441184677184 0.0011320402845740318 0.00118759844917804 0.00115680112503469 0.0011092594359070063 0.0010462024947628379 0.0012054397957399487 0.001491641509346664 0.0016506649553775787 0.0017640345031395555 0.0017220604931935668 0.001750014373101294 0.002039831131696701 0.002443642122671008 0.0032131962943822145 0.00384414941072464 0.004177325405180454 0.004858232568949461 0.006371511612087488 0.00970341358333826 0.015437900088727474 0.022591475397348404 0.014087608084082603
