1.0 0.0 0.0 0.0 0.0 0.0 0.0 0.0 0.0 0.0 0.0 0.0 0.0 0.0 0.0 0.0 0.0 0.0 0.0 0.0 0.0 0.0 0.0 0.0 0.0 0.0 0.0 0.0 0.0 0.0 0.0 0.0
0.9110503792762756 0.08883024752140045 0.0 0.0 0.0 0.0 0.0 0.0 0.0 0.0 0.0 0.0 0.0 0.0 0.0 0.0 0.0 0.0 0.0 0.0 0.0 0.0 0.0 0.0 0.0 0.0 0.0 0.0 0.0 0.0 0.0 0.0
0.8810511827468872 0.01946842670440674 0.09935770183801651 0.0 0.0 0.0 0.0 0.0 0.0 0.0 0.0 0.0 0.0 0.0 0.0 0.0 0.0 0.0 0.0 0.0 0.0 0.0 0.0 0.0 0.0 0.0 0.0 0.0 0.0 0.0 0.0 0.0
0.8720495700836182 0.005087350960820913 0.02143227681517601 0.10129693895578384 0.0 0.0 0.0 0.0 0.0 0.0 0.0 0.0 0.0 0.0 0.0 0.0 0.0 0.0 0.0 0.0 0.0 0.0 0.0 0.0 0.0 0.0 0.0 0.0 0.0 0.0 0.0 0.0
0.8659684062004089 0.0017522943671792746 0.005233983043581247 0.02245117723941803 0.10446099191904068 0.0 0.0 0.0 0.0 0.0 0.0 0.0 0.0 0.0 0.0 0.0 0.0 0.0 0.0 0.0 0.0 0.0 0.0 0.0 0.0 0.0 0.0 0.0 0.0 0.0 0.0 0.0
0.8668305277824402 0.001178545760922134 0.001607932266779244 0.0052270591259002686 0.022745629772543907 0.10227292776107788 0.0 0.0 0.0 0.0 0.0 0.0 0.0 0.0 0.0 0.0 0.0 0.0 0.0 0.0 0.0 0.0 0.0 0.0 0.0 0.0 0.0 0.0 0.0 0.0 0.0 0.0
0.8685629367828369 0.001564659527502954 0.001067084027454257 0.0015731432940810919 0.005229700356721878 0.02256171964108944 0.0993114709854126 0.0 0.0 0.0 0.0 0.0 0.0 0.0 0.0 0.0 0.0 0.0 0.0 0.0 0.0 0.0 0.0 0.0 0.0 0.0 0.0 0.0 0.0 0.0 0.0 0.0
0.8666491508483887 0.0022119118366390467 0.0013149827718734741 0.0009955429704859853 0.0015480956062674522 0.0051880329847335815 0.021876970306038857 0.1000790148973465 0.0 0.0 0.0 0.0 0.0 0.0 0.0 0.0 0.0 0.0 0.0 0.0 0.0 0.0 0.0 0.0 0.0 0.0 0.0 0.0 0.0 0.0 0.0 0.0
0.8665923476219177 0.0022186972200870514 0.001837701303884387 0.0012334267375990748 0.0009782148990780115 0.0015806680312380195 0.005093626212328672 0.022187557071447372 0.09815232455730438 0.0 0.0 0.0 0.0 0.0 0.0 0.0 0.0 0.0 0.0 0.0 0.0 0.0 0.0 0.0 0.0 0.0 0.0 0.0 0.0 0.0 0.0 0.0
0.8664145469665527 0.0015723367687314749 0.0018608056707307696 0.0016670965123921633 0.0011533342767506838 0.0009419975685887039 0.0014487376902252436 0.005067748948931694 0.022169968113303185 0.09756957739591599 0.0 0.0 0.0 0.0 0.0 0.0 0.0 0.0 0.0 0.0 0.0 0.0 0.0 0.0 0.0 0.0 0.0 0.0 0.0 0.0 0.0 0.0
0.8663860559463501 0.0009604281513020396 0.0012970472453162074 0.0016746451146900654 0.0015952643007040024 0.0011259278981015086 0.0008954876102507114 0.0014547498431056738 0.0049222237430512905 0.02133469097316265 0.09822040051221848 0.0 0.0 0.0 0.0 0.0 0.0 0.0 0.0 0.0 0.0 0.0 0.0 0.0 0.0 0.0 0.0 0.0 0.0 0.0 0.0 0.0
0.8647585511207581 0.0007323506870307028 0.0008185477345250547 0.001183123211376369 0.0016609689919278026 0.0016053112922236323 0.0011056124931201339 0.0009169860859401524 0.0014707267982885242 0.004989161621779203 0.022193150594830513 0.09843862801790237 0.0 0.0 0.0 0.0 0.0 0.0 0.0 0.0 0.0 0.0 0.0 0.0 0.0 0.0 0.0 0.0 0.0 0.0 0.0 0.0
0.8641717433929443 0.000765422242693603 0.0006658008787781 0.0007478850893676281 0.001172419055365026 0.0016135636251419783 0.0015488788485527039 0.0011206254130229354 0.0009068548097275198 0.001470278948545456 0.005306446459144354 0.021803347393870354 0.09856723248958588 0.0 0.0 0.0 0.0 0.0 0.0 0.0 0.0 0.0 0.0 0.0 0.0 0.0 0.0 0.0 0.0 0.0 0.0 0.0
0.8638691306114197 0.0008197978604584932 0.0007157782674767077 0.0005880125681869686 0.0007141834939830005 0.0011031245812773705 0.001538422191515565 0.0015242727240547538 0.0010904902592301369 0.0009117332519963384 0.0015336860669776797 0.005095951724797487 0.021306173875927925 0.09905827045440674 0.0 0.0 0.0 0.0 0.0 0.0 0.0 0.0 0.0 0.0 0.0 0.0 0.0 0.0 0.0 0.0 0.0 0.0
0.8611658811569214 0.0007383259362541139 0.0007673009531572461 0.0006310653989203274 0.0005500329425558448 0.0006803931319154799 0.0010857869638130069 0.0015492229722440243 0.0015240033390000463 0.0010970351286232471 0.0009273213217966259 0.0014991185162216425 0.005028447601944208 0.022159570828080177 0.10046156495809555 0.0 0.0 0.0 0.0 0.0 0.0 0.0 0.0 0.0 0.0 0.0 0.0 0.0 0.0 0.0 0.0 0.0
0.8614217638969421 0.000617046607658267 0.000652401999104768 0.0006808277685195208 0.0005826977430842817 0.000531920522917062 0.0006702437531203032 0.0011007538996636868 0.0015680972719565034 0.0015254103345796466 0.0011592492228373885 0.0009418692206963897 0.0014839450595900416 0.005072393920272589 0.022495657205581665 0.0993628203868866 0.0 0.0 0.0 0.0 0.0 0.0 0.0 0.0 0.0 0.0 0.0 0.0 0.0 0.0 0.0 0.0
0.8602536916732788 0.0005951112834736705 0.0005109257763251662 0.0005960552953183651 0.0006310696480795741 0.0005668901139870286 0.0005074607906863093 0.0006672432646155357 0.0010933834128081799 0.0015500006265938282 0.0015249383868649602 0.0011026440188288689 0.0008833300089463592 0.001466055167838931 0.005088343750685453 0.02152627520263195 0.10130487382411957 0.0 0.0 0.0 0.0 0.0 0.0 0.0 0.0 0.0 0.0 0.0 0.0 0.0 0.0 0.0
0.8590372204780579 0.0006893592653796077 0.00044062468805350363 0.00046260494855232537 0.0005572920199483633 0.0006154741859063506 0.000533382291905582 0.0005031187902204692 0.0006481235031969845 0.0010758985299617052 0.0015515325358137488 0.00151259102858603 0.001079716719686985 0.000893177289981395 0.001474494463764131 0.005091946572065353 0.02218659408390522 0.10151161253452301 0.0 0.0 0.0 0.0 0.0 0.0 0.0 0.0 0.0 0.0 0.0 0.0 0.0 0.0
0.8603330850601196 0.0009234420140273869 0.0005183427128940821 0.000414091075072065 0.0004483778611756861 0.0005464823334477842 0.000581748376134783 0.0005302181234583259 0.0004981036181561649 0.0006585341761820018 0.0011628953507170081 0.0015445398166775703 0.0014825715916231275 0.0010788865620270371 0.0008981458959169686 0.0015141888288781047 0.00530105410143733 0.022440075874328613 0.09898784756660461 0.0 0.0 0.0 0.0 0.0 0.0 0.0 0.0 0.0 0.0 0.0 0.0 0.0
0.8600503206253052 0.0009399778209626675 0.0006889742217026651 0.0004759769653901458 0.00039130658842623234 0.00042294562445022166 0.0005090881022624671 0.000563538633286953 0.0005205129273235798 0.0004894340527243912 0.0006848540506325662 0.0011115253437310457 0.001540796714834869 0.0015140775358304381 0.0010973578318953514 0.0009242473170161247 0.001535528339445591 0.005299007520079613 0.022082911804318428 0.09902628511190414 0.0 0.0 0.0 0.0 0.0 0.0 0.0 0.0 0.0 0.0 0.0 0.0
0.8582870960235596 0.000622916326392442 0.0007358210277743638 0.0006374106742441654 0.0004560966626740992 0.0003744234854821116 0.0004077532503288239 0.0005143171874806285 0.000561580469366163 0.0005166533519513905 0.0004989993176423013 0.0006488982471637428 0.0010888802353292704 0.001527279382571578 0.001512980437837541 0.0011029507732018828 0.0009123958880081773 0.0015153433196246624 0.005176081787794828 0.02174719236791134 0.10102449357509613 0.0 0.0 0.0 0.0 0.0 0.0 0.0 0.0 0.0 0.0 0.0
0.8592986464500427 0.0003160450723953545 0.0005003323312848806 0.0006804518052376807 0.0006038156570866704 0.0004305760085117072 0.00036001973785459995 0.00040613790042698383 0.0004990618326701224 0.0005520799895748496 0.0005348600097931921 0.0005044862045906484 0.0006585697992704809 0.0010902275098487735 0.0015752511098980904 0.001550205866806209 0.0011183008318766952 0.0009261261438950896 0.0015177057357504964 0.005153731442987919 0.02246577851474285 0.09912864863872528 0.0 0.0 0.0 0.0 0.0 0.0 0.0 0.0 0.0 0.0
0.8566319942474365 0.00019025467918254435 0.00025339011335745454 0.00045768788550049067 0.0006358913378790021 0.0005702226189896464 0.00042356090852990746 0.0003552822454366833 0.0003990446275565773 0.0004881382919847965 0.0005726132076233625 0.0005619989824481308 0.0005018066731281579 0.0006611610879190266 0.001104832044802606 0.001546099898405373 0.0015243306988850236 0.001113981124944985 0.0009134046267718077 0.0015025729080662131 0.005247193388640881 0.022761419415473938 0.1014440581202507 0.0 0.0 0.0 0.0 0.0 0.0 0.0 0.0 0.0
0.8570203185081482 0.00020380339992698282 0.0001469425915274769 0.00023154412338044494 0.0004300844739191234 0.0006122325430624187 0.0005604648613370955 0.0004109977453481406 0.00035124787245877087 0.00038994249189272523 0.000495929445605725 0.0005783208762295544 0.000506813230458647 0.0004886931274086237 0.0006463245954364538 0.0010718409903347492 0.0015389076434075832 0.0015171854756772518 0.0010868390090763569 0.0008960386621765792 0.0015258640050888062 0.005313995759934187 0.02274577133357525 0.10109497606754303 0.0 0.0 0.0 0.0 0.0 0.0 0.0 0.0
0.8568451404571533 0.00038904190296307206 0.0001535039918962866 0.00013477848551701754 0.00021306185226421803 0.0004226667806506157 0.0005951820639893413 0.000556928978767246 0.00041223279549740255 0.0003450811200309545 0.00039581424789503217 0.0004980285302735865 0.0005475814687088132 0.0005148353520780802 0.00048807691200636327 0.0006460330332629383 0.001082068425603211 0.001569648738950491 0.001526012783870101 0.0010870009427890182 0.0009230193099938333 0.001529581961221993 0.0052462113089859486 0.022189995273947716 0.10155507177114487 0.0 0.0 0.0 0.0 0.0 0.0 0.0
0.8594511151313782 0.0007264944142661989 0.00027610926190391183 0.0001395025319652632 0.0001253689988516271 0.000213008897844702 0.00040235326741822064 0.0005895664799027145 0.0005457642837427557 0.0003990496916230768 0.00034728081664070487 0.0004029347328469157 0.00048384364345110953 0.0005504817236214876 0.0005134334205649793 0.0004994760965928435 0.0006580991903319955 0.0010928948177024722 0.0015270665753632784 0.0014860638184472919 0.0010920959757640958 0.0009237238555215299 0.0015161063056439161 0.0052757724188268185 0.022782115265727043 0.09780728071928024 0.0 0.0 0.0 0.0 0.0 0.0
0.8577578663825989 0.0007910128915682435 0.00048630789387971163 0.00024623359786346555 0.0001288748753722757 0.00012290234735701233 0.00020032878092024475 0.00039602399920113385 0.0005715576699003577 0.0005297422758303583 0.00040152412839233875 0.00037118815816938877 0.0003871538210660219 0.0004946293192915618 0.0005386544507928193 0.000512101105414331 0.0004924108507111669 0.0006732993060722947 0.0010747205233201385 0.0015030117938295007 0.00149664212949574 0.0011016629869118333 0.0009052000241354108 0.0015176888555288315 0.005334494635462761 0.02240179106593132 0.09938793629407883 0.0 0.0 0.0 0.0 0.0
0.8563145995140076 0.0004914052551612258 0.0005472937482409179 0.0004570602613966912 0.0002346410765312612 0.00012625583622138947 0.00011582875595195219 0.0001963282556971535 0.00038358947494998574 0.0005618763389065862 0.0006001779693178833 0.000403438025387004 0.0003326617879793048 0.0003868860367219895 0.00047761647147126496 0.0005471784388646483 0.0005079078255221248 0.0005080048576928675 0.0006348822498694062 0.0010450599947944283 0.001532781170681119 0.0014984229346737266 0.0010807907674461603 0.0009184498921968043 0.001532461028546095 0.005214580334722996 0.02240373007953167 0.10076715797185898 0.0 0.0 0.0 0.0
0.8567255139350891 0.00023988346219994128 0.00033141058520413935 0.0004931162693537772 0.0004237398679833859 0.0002278927859151736 0.00012028007040498778 0.00011494949285406619 0.00019720364070963115 0.0003813781077042222 0.0005708372918888927 0.0005248910165391862 0.000385885447030887 0.0003367845783941448 0.0003819652192760259 0.0004852057609241456 0.0005470303003676236 0.0005104966694489121 0.00048328551929444075 0.0006363184074871242 0.0010898724431172013 0.0015230433782562613 0.0014784386148676276 0.001094066770747304 0.0009275155607610941 0.0015421101124957204 0.005273709073662758 0.02242991514503956 0.1003526896238327 0.0 0.0 0.0
0.8585454225540161 0.0001617038797121495 0.0001646512682782486 0.00029908024589531124 0.0004529249854385853 0.0004067455301992595 0.00021458433184307069 0.00012057557614753023 0.00011664642079267651 0.00018903607269749045 0.0003818536351900548 0.0005667581572197378 0.0005099467234686017 0.00038401337224058807 0.0003299565869383514 0.0003831857175100595 0.000475831184303388 0.0005569287459366024 0.0005038214148953557 0.00047528446884825826 0.0006681194063276052 0.001113987062126398 0.0015193717554211617 0.0014797704061493278 0.0011073742061853409 0.0009418197441846132 0.001553049893118441 0.005367805249989033 0.02250649221241474 0.09832579642534256 0.0 0.0
0.8588298559188843 0.00021390368056017905 0.00011370107677066699 0.000141593482112512 0.00027441218844614923 0.00043109606485813856 0.00038894606404937804 0.0002119579294230789 0.0001181350598926656 0.00011033877672161907 0.0001921058283187449 0.00037641116068698466 0.0005370558938011527 0.000512218102812767 0.0003746493312064558 0.00033695672755129635 0.00038930855225771666 0.0004884676309302449 0.0005294806323945522 0.0004889866686426103 0.00048293120926246047 0.00065381865715608 0.0010453268187120557 0.0014737360179424286 0.001466525485739112 0.0010785877238959074 0.000914810982067138 0.0014972626231610775 0.005208323244005442 0.02227519266307354 0.0986642986536026 0.0
0.8594189286231995 0.0004085336113348603 0.0001639726833673194 9.889005013974383e-05 0.00013117407797835767 0.00026285831700079143 0.00041964062256738544 0.0003912329557351768 0.00021117361029610038 0.00011537502723513171 0.00011103492579422891 0.00018795921641867608 0.0003607060934882611 0.0005415789783000946 0.0005030506290495396 0.00037706393050029874 0.0003380842390470207 0.00039088272023946047 0.00046968137030489743 0.0005184377077966928 0.0005028033629059792 0.0004872043791692704 0.0006191963911987841 0.0010394437704235315 0.001475172583013773 0.0014826414408162236 0.0010690500494092703 0.0009134331485256553 0.0015275360783562064 0.005300513468682766 0.022405151277780533 0.09757810831069946
