1.0 0.0 0.0 0.0 0.0 0.0 0.0 0.0 0.0 0.0 0.0 0.0 0.0 0.0 0.0 0.0 0.0 0.0 0.0 0.0 0.0 0.0 0.0 0.0 0.0 0.0 0.0 0.0 0.0 0.0 0.0 0.0
0.9845284223556519 0.015360548160970211 0.0 0.0 0.0 0.0 0.0 0.0 0.0 0.0 0.0 0.0 0.0 0.0 0.0 0.0 0.0 0.0 0.0 0.0 0.0 0.0 0.0 0.0 0.0 0.0 0.0 0.0 0.0 0.0 0.0 0.0
0.9822342395782471 0.0053166793659329414 0.012313203886151314 0.0 0.0 0.0 0.0 0.0 0.0 0.0 0.0 0.0 0.0 0.0 0.0 0.0 0.0 0.0 0.0 0.0 0.0 0.0 0.0 0.0 0.0 0.0 0.0 0.0 0.0 0.0 0.0 0.0
0.9767995476722717 0.004603950306773186 0.006632460746914148 0.011830939911305904 0.0 0.0 0.0 0.0 0.0 0.0 0.0 0.0 0.0 0.0 0.0 0.0 0.0 0.0 0.0 0.0 0.0 0.0 0.0 0.0 0.0 0.0 0.0 0.0 0.0 0.0 0.0 0.0
0.971937894821167 0.004253240767866373 0.0056975847110152245 0.007009458728134632 0.010970249772071838 0.0 0.0 0.0 0.0 0.0 0.0 0.0 0.0 0.0 0.0 0.0 0.0 0.0 0.0 0.0 0.0 0.0 0.0 0.0 0.0 0.0 0.0 0.0 0.0 0.0 0.0 0.0
0.9664602875709534 0.00454893009737134 0.005449699703603983 0.005495128221809864 0.006469592917710543 0.011443077586591244 0.0 0.0 0.0 0.0 0.0 0.0 0.0 0.0 0.0 0.0 0.0 0.0 0.0 0.0 0.0 0.0 0.0 0.0 0.0 0.0 0.0 0.0 0.0 0.0 0.0 0.0
0.9663742184638977 0.003774066921323538 0.004565245937556028 0.004569115117192268 0.004366782959550619 0.00584294693544507 0.010370093397796154 0.0 0.0 0.0 0.0 0.0 0.0 0.0 0.0 0.0 0.0 0.0 0.0 0.0 0.0 0.0 0.0 0.0 0.0 0.0 0.0 0.0 0.0 0.0 0.0 0.0
0.9614395499229431 0.004763284232467413 0.004632509779185057 0.004199521616101265 0.0038886184338480234 0.004975279327481985 0.005782136227935553 0.01017653290182352 0.0 0.0 0.0 0.0 0.0 0.0 0.0 0.0 0.0 0.0 0.0 0.0 0.0 0.0 0.0 0.0 0.0 0.0 0.0 0.0 0.0 0.0 0.0 0.0
0.9578605890274048 0.0038626573514193296 0.004747550934553146 0.004256442654877901 0.00495711388066411 0.004603374749422073 0.0042855702340602875 0.00555994501337409 0.009729678742587566 0.0 0.0 0.0 0.0 0.0 0.0 0.0 0.0 0.0 0.0 0.0 0.0 0.0 0.0 0.0 0.0 0.0 0.0 0.0 0.0 0.0 0.0 0.0
0.9575670957565308 0.003304959973320365 0.004406243562698364 0.003819693112745881 0.003762985346838832 0.003990726079791784 0.003763331100344658 0.0041745747439563274 0.005064527038484812 0.010011064819991589 0.0 0.0 0.0 0.0 0.0 0.0 0.0 0.0 0.0 0.0 0.0 0.0 0.0 0.0 0.0 0.0 0.0 0.0 0.0 0.0 0.0 0.0
0.9571105241775513 0.0030547052156180143 0.0040403977036476135 0.003677884815260768 0.003276838455349207 0.00349572510458529 0.0033577834255993366 0.0035919155925512314 0.0038420248311012983 0.004880393389612436 0.009534466080367565 0.0 0.0 0.0 0.0 0.0 0.0 0.0 0.0 0.0 0.0 0.0 0.0 0.0 0.0 0.0 0.0 0.0 0.0 0.0 0.0 0.0
0.9515035152435303 0.004927917383611202 0.003926145378500223 0.0037175139877945185 0.0033410657197237015 0.0035593309439718723 0.003218225669115782 0.0033089295029640198 0.0035265316255390644 0.003976578824222088 0.004875604063272476 0.009985789656639099 0.0 0.0 0.0 0.0 0.0 0.0 0.0 0.0 0.0 0.0 0.0 0.0 0.0 0.0 0.0 0.0 0.0 0.0 0.0 0.0
0.9465805888175964 0.005435718223452568 0.004211808554828167 0.004002806730568409 0.00330778188072145 0.0032696339767426252 0.003258592216297984 0.003478840459138155 0.0032936076167970896 0.0034455321729183197 0.00397085677832365 0.005970240570604801 0.009637641720473766 0.0 0.0 0.0 0.0 0.0 0.0 0.0 0.0 0.0 0.0 0.0 0.0 0.0 0.0 0.0 0.0 0.0 0.0 0.0
0.9493703842163086 0.0028273616917431355 0.0040760044939816 0.003806082298979163 0.0031736791133880615 0.0031636140774935484 0.002994604641571641 0.003046439727768302 0.0030093719251453876 0.003181889420375228 0.003443972673267126 0.003727572038769722 0.0046929423697292805 0.009351986460387707 0.0 0.0 0.0 0.0 0.0 0.0 0.0 0.0 0.0 0.0 0.0 0.0 0.0 0.0 0.0 0.0 0.0 0.0
0.9452693462371826 0.002893194556236267 0.003939690999686718 0.0037839356809854507 0.0032624048180878162 0.0031036597210913897 0.003182934829965234 0.003075891872867942 0.003012868808582425 0.003099260153248906 0.003309824736788869 0.0034871180541813374 0.003772440832108259 0.005212028976529837 0.009453163482248783 0.0 0.0 0.0 0.0 0.0 0.0 0.0 0.0 0.0 0.0 0.0 0.0 0.0 0.0 0.0 0.0 0.0
0.9440634846687317 0.0028115420136600733 0.004341828636825085 0.003520274767652154 0.0031480733305215836 0.003163363551720977 0.002910618670284748 0.002956961514428258 0.002876323414966464 0.002821938833221793 0.0029560730326920748 0.0032200536224991083 0.003312546294182539 0.003879321739077568 0.004749006126075983 0.009136099368333817 0.0 0.0 0.0 0.0 0.0 0.0 0.0 0.0 0.0 0.0 0.0 0.0 0.0 0.0 0.0 0.0
0.9372249841690063 0.0028769599739462137 0.00410018116235733 0.004048722330480814 0.003556141396984458 0.0038939290679991245 0.0030239857733249664 0.0029778494499623775 0.0029933627229183912 0.0030211436096578836 0.003289315849542618 0.0036497542168945074 0.003203292842954397 0.003808524226769805 0.003898457856848836 0.004898456856608391 0.009406553581357002 0.0 0.0 0.0 0.0 0.0 0.0 0.0 0.0 0.0 0.0 0.0 0.0 0.0 0.0 0.0
0.9348596334457397 0.002766804536804557 0.004189469385892153 0.0037391402292996645 0.0032390556298196316 0.003746305825188756 0.0029347226954996586 0.002866994123905897 0.0028935973532497883 0.002778653521090746 0.00274056289345026 0.0057562245056033134 0.002950566355139017 0.0034649844747036695 0.003289922373369336 0.00382090057246387 0.0047027841210365295 0.009123650379478931 0.0 0.0 0.0 0.0 0.0 0.0 0.0 0.0 0.0 0.0 0.0 0.0 0.0 0.0
0.9339396357536316 0.0027061656583100557 0.00430563697591424 0.0036145071499049664 0.003163304179906845 0.0033160990569740534 0.003028719685971737 0.0029980947729200125 0.002759543713182211 0.0027739624492824078 0.002773572225123644 0.004456849303096533 0.0026849883142858744 0.0030904626473784447 0.003026363207027316 0.003536173375323415 0.0038801056798547506 0.004702531732618809 0.009113715961575508 0.0 0.0 0.0 0.0 0.0 0.0 0.0 0.0 0.0 0.0 0.0 0.0 0.0
0.9271147847175598 0.002755623310804367 0.003857176285237074 0.003571888664737344 0.003277864307165146 0.0031258403323590755 0.0032554527278989553 0.00326368841342628 0.0028273952193558216 0.0029930919408798218 0.0029248830396682024 0.003570745000615716 0.003073829924687743 0.005348025821149349 0.0031882463954389095 0.0035118944942951202 0.003800553735345602 0.004072480835020542 0.005254959687590599 0.009080826304852962 0.0 0.0 0.0 0.0 0.0 0.0 0.0 0.0 0.0 0.0 0.0 0.0
0.9268472194671631 0.002813576953485608 0.004357987083494663 0.003685386385768652 0.0033695560414344072 0.003241955302655697 0.0031151571311056614 0.0030488965567201376 0.0030466823372989893 0.003290599910542369 0.0030522262677550316 0.003520526457577944 0.0026583829894661903 0.0032819020561873913 0.002993982518091798 0.0029691196978092194 0.0030747936107218266 0.0032858368940651417 0.00393837271258235 0.005018375813961029 0.009253503754734993 0.0 0.0 0.0 0.0 0.0 0.0 0.0 0.0 0.0 0.0 0.0
0.9260162711143494 0.002829332137480378 0.004508119076490402 0.004096168093383312 0.003293531248345971 0.0032937126234173775 0.0030001536943018436 0.00295216403901577 0.0030067828483879566 0.002941031940281391 0.003097319044172764 0.002927253721281886 0.0027994730044156313 0.0029255172703415155 0.0029395450837910175 0.002881766762584448 0.002817245665937662 0.0029695634730160236 0.0032837220933288336 0.003669514087960124 0.004674617666751146 0.00894339382648468 0.0 0.0 0.0 0.0 0.0 0.0 0.0 0.0 0.0 0.0
0.9231325387954712 0.0028104688972234726 0.003979666158556938 0.0035956057254225016 0.0032745141070336103 0.0032494354527443647 0.0030383223202079535 0.0030723814852535725 0.0029203619342297316 0.002913241507485509 0.0029541300609707832 0.003343525342643261 0.003035302273929119 0.003645649179816246 0.003036513924598694 0.0026705472264438868 0.002703710226342082 0.0027452174108475447 0.003095653373748064 0.003333464963361621 0.0036405737046152353 0.004549387842416763 0.009128001518547535 0.0 0.0 0.0 0.0 0.0 0.0 0.0 0.0 0.0
0.9208851456642151 0.0028290378395467997 0.004123953636735678 0.0036295922473073006 0.0034052839037030935 0.0033025238662958145 0.002993788104504347 0.0030348896980285645 0.0027847138699144125 0.0029735821299254894 0.0029092286713421345 0.0031865565106272697 0.0029750552494078875 0.003328562481328845 0.0025980391073971987 0.0025922127533704042 0.0026719695888459682 0.002575573744252324 0.002822345122694969 0.002994719659909606 0.0032020010985434055 0.0036810305900871754 0.004812018014490604 0.009550986811518669 0.0 0.0 0.0 0.0 0.0 0.0 0.0 0.0
0.9161120653152466 0.0028507725801318884 0.00411477405577898 0.004112330265343189 0.0033400373067706823 0.0029056966304779053 0.0032578546088188887 0.0030832444317638874 0.0030501980800181627 0.0031379449646919966 0.003135996637865901 0.0035224242601543665 0.003094019368290901 0.003366529243066907 0.0027324070688337088 0.0028451948892325163 0.0026098040398210287 0.002690362511202693 0.00269616418518126 0.002874318277463317 0.0029264544136822224 0.003275887807831168 0.003737481776624918 0.0046734437346458435 0.009726524353027344 0.0 0.0 0.0 0.0 0.0 0.0 0.0
0.9122109413146973 0.0028085459489375353 0.004287170246243477 0.003769802628085017 0.0032096607610583305 0.0034009015653282404 0.0029591701459139585 0.004251787904649973 0.0029522832483053207 0.003002908080816269 0.002982283942401409 0.0032153897918760777 0.003006580751389265 0.0037301373668015003 0.002817740896716714 0.002830819459632039 0.002752605825662613 0.0026918586809188128 0.0028466021176427603 0.0030364650301635265 0.0028487832751125097 0.002958676777780056 0.00355967553332448 0.0036640858743339777 0.005034133791923523 0.008989919908344746 0.0 0.0 0.0 0.0 0.0 0.0
0.9063339233398438 0.0027957626152783632 0.004388585686683655 0.0035566699225455523 0.0033551936503499746 0.003041973803192377 0.0030920112039893866 0.0029880832880735397 0.002951696515083313 0.0028223940171301365 0.0032358714379370213 0.004740143194794655 0.0032262818422168493 0.006432341877371073 0.0037020319141447544 0.002734755165874958 0.0025419341400265694 0.002676768461242318 0.00271086348220706 0.0030161386821419 0.0026942987460643053 0.002709671389311552 0.003064864780753851 0.0032482128590345383 0.004017578437924385 0.004653493873775005 0.009091350249946117 0.0 0.0 0.0 0.0 0.0
0.9087190628051758 0.0026406352408230305 0.004023941233754158 0.00350168882869184 0.0032841344363987446 0.0029941012617200613 0.0031686807051301003 0.003094446612522006 0.0028937174938619137 0.0028205732814967632 0.0030170821119099855 0.004707223270088434 0.0029416577890515327 0.0036061801947653294 0.0028737252578139305 0.0029609098564833403 0.0026672992389649153 0.0024771366734057665 0.0026633022353053093 0.002907469868659973 0.002496920060366392 0.002466103993356228 0.003024395788088441 0.0028944460209459066 0.0033360770903527737 0.003564810613170266 0.004729218780994415 0.009345394559204578 0.0 0.0 0.0 0.0
0.9084734320640564 0.0025963331572711468 0.004187117796391249 0.0035303630866110325 0.003237534547224641 0.0031803727615624666 0.0030945749022066593 0.0029012684244662523 0.0027922841254621744 0.002983649028465152 0.0028642306569963694 0.0044554295018315315 0.002893766388297081 0.0031888517551124096 0.002694198628887534 0.002739532385021448 0.0025802957825362682 0.0025470140390098095 0.002562859794124961 0.0031384145841002464 0.002447451464831829 0.0024729722645133734 0.0026448846329003572 0.002698650350794196 0.002921748673543334 0.0029814993031322956 0.003547683358192444 0.004585882183164358 0.008877018466591835 0.0 0.0 0.0
0.9007420539855957 0.0026003688108175993 0.0047408039681613445 0.00387070095166564 0.0031995708122849464 0.0030978776048868895 0.0031273704953491688 0.002939930884167552 0.002806615550071001 0.0028758994303643703 0.003004650119692087 0.004711343441158533 0.0028405378106981516 0.003127461299300194 0.00289527652785182 0.0031269786413758993 0.002642570761963725 0.002651486312970519 0.002536832122132182 0.005103163421154022 0.0025181923992931843 0.002681467682123184 0.0028782763984054327 0.00271422928199172 0.002963623497635126 0.0028285603038966656 0.003265480976551771 0.0036745828110724688 0.004696248099207878 0.008956900797784328 0.0 0.0
0.9024909138679504 0.0025844313204288483 0.003944037016481161 0.003709786105901003 0.003255686489865184 0.0032795844599604607 0.0030879995319992304 0.002942148130387068 0.0028853246476501226 0.0027698541525751352 0.0029387222602963448 0.0032082360703498125 0.002872393000870943 0.0029654488898813725 0.003072574269026518 0.0033216301817446947 0.0029886532574892044 0.0029559237882494926 0.0032144354190677404 0.002520062495023012 0.0027644678484648466 0.0027194980066269636 0.0029674239922314882 0.002670462243258953 0.002597488695755601 0.002604912733659148 0.0026656275149434805 0.003038139780983329 0.003433315781876445 0.00442264461889863 0.008931801654398441 0.0
0.8929210305213928 0.0026855715550482273 0.004343758337199688 0.0037296966183930635 0.0034593811724334955 0.0031643928959965706 0.003024681704118848 0.0031253700144588947 0.003208541078492999 0.0030234314035624266 0.0030198555905371904 0.004255322273820639 0.0029224304016679525 0.0044028800912201405 0.0027988767251372337 0.002882454777136445 0.0027130963280797005 0.003504222957417369 0.0033805216662585735 0.003691629506647587 0.0028495448641479015 0.0030782180838286877 0.0034166553523391485 0.00277478015050292 0.0025664244312793016 0.002448041457682848 0.002701174234971404 0.003003439400345087 0.0031153105664998293 0.0033264150843024254 0.005186537746340036 0.00910151842981577
