1.0 0.0 0.0 0.0 0.0 0.0 0.0 0.0 0.0 0.0 0.0 0.0 0.0 0.0 0.0 0.0 0.0 0.0 0.0 0.0 0.0 0.0 0.0 0.0 0.0 0.0 0.0 0.0 0.0 0.0 0.0 0.0
0.9788739085197449 0.020973220467567444 0.0 0.0 0.0 0.0 0.0 0.0 0.0 0.0 0.0 0.0 0.0 0.0 0.0 0.0 0.0 0.0 0.0 0.0 0.0 0.0 0.0 0.0 0.0 0.0 0.0 0.0 0.0 0.0 0.0 0.0
0.9539276957511902 0.01937997341156006 0.026564165949821472 0.0 0.0 0.0 0.0 0.0 0.0 0.0 0.0 0.0 0.0 0.0 0.0 0.0 0.0 0.0 0.0 0.0 0.0 0.0 0.0 0.0 0.0 0.0 0.0 0.0 0.0 0.0 0.0 0.0
0.9314582347869873 0.01762527972459793 0.022850356996059418 0.027928028255701065 0.0 0.0 0.0 0.0 0.0 0.0 0.0 0.0 0.0 0.0 0.0 0.0 0.0 0.0 0.0 0.0 0.0 0.0 0.0 0.0 0.0 0.0 0.0 0.0 0.0 0.0 0.0 0.0
0.9115533232688904 0.015807662159204483 0.021368324756622314 0.023236287757754326 0.02788984775543213 0.0 0.0 0.0 0.0 0.0 0.0 0.0 0.0 0.0 0.0 0.0 0.0 0.0 0.0 0.0 0.0 0.0 0.0 0.0 0.0 0.0 0.0 0.0 0.0 0.0 0.0 0.0
0.8961406946182251 0.013747204095125198 0.019825655966997147 0.020804688334465027 0.021766886115074158 0.027584457769989967 0.0 0.0 0.0 0.0 0.0 0.0 0.0 0.0 0.0 0.0 0.0 0.0 0.0 0.0 0.0 0.0 0.0 0.0 0.0 0.0 0.0 0.0 0.0 0.0 0.0 0.0
0.8811517357826233 0.012504538521170616 0.016941525042057037 0.019418420270085335 0.02025787904858589 0.02144584245979786 0.028143005445599556 0.0 0.0 0.0 0.0 0.0 0.0 0.0 0.0 0.0 0.0 0.0 0.0 0.0 0.0 0.0 0.0 0.0 0.0 0.0 0.0 0.0 0.0 0.0 0.0 0.0
0.8687650561332703 0.011975382454693317 0.014958003535866737 0.01739204302430153 0.018585052341222763 0.01933940500020981 0.020833482965826988 0.028012698516249657 0.0 0.0 0.0 0.0 0.0 0.0 0.0 0.0 0.0 0.0 0.0 0.0 0.0 0.0 0.0 0.0 0.0 0.0 0.0 0.0 0.0 0.0 0.0 0.0
0.8578174114227295 0.010787141509354115 0.013883853331208229 0.015365559607744217 0.016508501023054123 0.01810704916715622 0.018304714933037758 0.020660027861595154 0.028430819511413574 0.0 0.0 0.0 0.0 0.0 0.0 0.0 0.0 0.0 0.0 0.0 0.0 0.0 0.0 0.0 0.0 0.0 0.0 0.0 0.0 0.0 0.0 0.0
0.8470770716667175 0.009726476855576038 0.012926781550049782 0.013666307553648949 0.015537210740149021 0.01602966897189617 0.016652846708893776 0.018312593922019005 0.021054886281490326 0.028883252292871475 0.0 0.0 0.0 0.0 0.0 0.0 0.0 0.0 0.0 0.0 0.0 0.0 0.0 0.0 0.0 0.0 0.0 0.0 0.0 0.0 0.0 0.0
0.8390277624130249 0.009192868135869503 0.012172946706414223 0.013053498230874538 0.013515342026948929 0.01419580914080143 0.01521506067365408 0.016667606309056282 0.017450151965022087 0.02035859227180481 0.02901521697640419 0.0 0.0 0.0 0.0 0.0 0.0 0.0 0.0 0.0 0.0 0.0 0.0 0.0 0.0 0.0 0.0 0.0 0.0 0.0 0.0 0.0
0.8266118168830872 0.008918166160583496 0.011706516146659851 0.013285854831337929 0.013042539358139038 0.013062918558716774 0.013267738744616508 0.015076348558068275 0.018151672556996346 0.017224589362740517 0.020115641877055168 0.029401112347841263 0.0 0.0 0.0 0.0 0.0 0.0 0.0 0.0 0.0 0.0 0.0 0.0 0.0 0.0 0.0 0.0 0.0 0.0 0.0 0.0
0.8146548867225647 0.008857063949108124 0.011036286130547523 0.013150886632502079 0.012468748725950718 0.012170093134045601 0.012297495268285275 0.013627775944769382 0.016941579058766365 0.016835598275065422 0.017812686040997505 0.021241862326860428 0.028766579926013947 0.0 0.0 0.0 0.0 0.0 0.0 0.0 0.0 0.0 0.0 0.0 0.0 0.0 0.0 0.0 0.0 0.0 0.0 0.0
0.8069627285003662 0.00945906899869442 0.010571116581559181 0.011668317019939423 0.011527723632752895 0.011796320788562298 0.012355995364487171 0.012625260278582573 0.013845459558069706 0.014362826943397522 0.01682579144835472 0.017794853076338768 0.020000038668513298 0.030073804780840874 0.0 0.0 0.0 0.0 0.0 0.0 0.0 0.0 0.0 0.0 0.0 0.0 0.0 0.0 0.0 0.0 0.0 0.0
0.7967215180397034 0.008143422193825245 0.010058755986392498 0.01120282057672739 0.011029096320271492 0.011648698709905148 0.011838020756840706 0.012041624635457993 0.013202126137912273 0.012995786964893341 0.015851059928536415 0.01689697615802288 0.01732698641717434 0.021529318764805794 0.029380472376942635 0.0 0.0 0.0 0.0 0.0 0.0 0.0 0.0 0.0 0.0 0.0 0.0 0.0 0.0 0.0 0.0 0.0
0.7919186353683472 0.007216359954327345 0.009787234477698803 0.010413174517452717 0.011659519746899605 0.010396962985396385 0.011267499066889286 0.011616680771112442 0.013160175643861294 0.01219627819955349 0.013127760961651802 0.015438615344464779 0.01596934162080288 0.016631167382001877 0.019531182944774628 0.02953861840069294 0.0 0.0 0.0 0.0 0.0 0.0 0.0 0.0 0.0 0.0 0.0 0.0 0.0 0.0 0.0 0.0
0.786886990070343 0.006969854701310396 0.009255818091332912 0.010325312614440918 0.010132532566785812 0.009665354155004025 0.0107188131660223 0.011182082816958427 0.012097254395484924 0.011868806555867195 0.012272296473383904 0.012932715937495232 0.014364694245159626 0.016264725476503372 0.016468966379761696 0.02081887796521187 0.02764304168522358 0.0 0.0 0.0 0.0 0.0 0.0 0.0 0.0 0.0 0.0 0.0 0.0 0.0 0.0 0.0
0.7796127200126648 0.006458548828959465 0.008554457686841488 0.009877486154437065 0.009992992505431175 0.00946091953665018 0.009956389665603638 0.010899035260081291 0.012367002665996552 0.011503214947879314 0.012437024153769016 0.012073029763996601 0.013349641114473343 0.015235264785587788 0.015517945401370525 0.016929766163229942 0.018193379044532776 0.027447182685136795 0.0 0.0 0.0 0.0 0.0 0.0 0.0 0.0 0.0 0.0 0.0 0.0 0.0 0.0
0.7672716975212097 0.0064525306224823 0.008040579035878181 0.009835951030254364 0.010320344008505344 0.009727456606924534 0.010118248872458935 0.010440800338983536 0.011787720955908298 0.011379255913197994 0.01182552333921194 0.012360068038105965 0.012421912513673306 0.01362327579408884 0.014784662052989006 0.017545724287629128 0.016002710908651352 0.01859479956328869 0.02733517624437809 0.0 0.0 0.0 0.0 0.0 0.0 0.0 0.0 0.0 0.0 0.0 0.0 0.0
0.7616530060768127 0.006338560953736305 0.007996415719389915 0.00951846782118082 0.00996200181543827 0.00958944484591484 0.009804341942071915 0.010144097730517387 0.010690410621464252 0.011028274893760681 0.011602150276303291 0.012718875892460346 0.011680396273732185 0.011894182302057743 0.012708793394267559 0.014301394112408161 0.015005498193204403 0.01534420344978571 0.020450318232178688 0.027433551847934723 0.0 0.0 0.0 0.0 0.0 0.0 0.0 0.0 0.0 0.0 0.0 0.0
0.754526674747467 0.006267217919230461 0.0079493448138237 0.00909182708710432 0.009236464276909828 0.009214355610311031 0.010010294616222382 0.009843735955655575 0.010095310397446156 0.01054248958826065 0.010822691023349762 0.011376417241990566 0.01147034764289856 0.011888680048286915 0.011985929682850838 0.016019590198993683 0.013708308339118958 0.014572850428521633 0.016053328290581703 0.017864089459180832 0.027323175221681595 0.0 0.0 0.0 0.0 0.0 0.0 0.0 0.0 0.0 0.0 0.0
0.7529817223548889 0.005838301498442888 0.008196307346224785 0.009102363139390945 0.008665071800351143 0.008769466541707516 0.009347292594611645 0.010056118480861187 0.010113868862390518 0.009733384475111961 0.010404936037957668 0.011077509261667728 0.010945220477879047 0.011590025387704372 0.01146971806883812 0.01332608051598072 0.01207200437784195 0.013351906090974808 0.014806524850428104 0.015063734725117683 0.017176978290081024 0.02577228657901287 0.0 0.0 0.0 0.0 0.0 0.0 0.0 0.0 0.0 0.0
0.7477214336395264 0.005488524679094553 0.008391467854380608 0.009804923087358475 0.009428252466022968 0.008790496736764908 0.008591346442699432 0.009552511386573315 0.010113107971847057 0.010018785484135151 0.010412254370748997 0.010685299523174763 0.01066557690501213 0.01140352338552475 0.011133615858852863 0.01117672584950924 0.010982672683894634 0.011642479337751865 0.013287434354424477 0.013974543660879135 0.01468505710363388 0.016900625079870224 0.025015730410814285 0.0 0.0 0.0 0.0 0.0 0.0 0.0 0.0 0.0
0.7416170239448547 0.005188157316297293 0.007813011296093464 0.009641417302191257 0.00936058908700943 0.008999272249639034 0.008581167086958885 0.00900130346417427 0.00961923599243164 0.009827706031501293 0.010083990171551704 0.010445400141179562 0.009967016987502575 0.011091913096606731 0.010893336497247219 0.011448739096522331 0.01048071589320898 0.010521678254008293 0.011432202532887459 0.012975373305380344 0.013509145006537437 0.013995989225804806 0.017281867563724518 0.026087282225489616 0.0 0.0 0.0 0.0 0.0 0.0 0.0 0.0
0.7368292808532715 0.005400446709245443 0.006990205496549606 0.009476161561906338 0.00920885056257248 0.009358752518892288 0.008546128869056702 0.008580434136092663 0.00917326845228672 0.009516770951449871 0.00985628366470337 0.01013666857033968 0.00989772193133831 0.010803921148180962 0.010017394088208675 0.010421629063785076 0.010474179871380329 0.01007196493446827 0.010562940500676632 0.011127479374408722 0.012301115319132805 0.013354025781154633 0.013891537673771381 0.016568247228860855 0.02730005979537964 0.0 0.0 0.0 0.0 0.0 0.0 0.0
0.7364261150360107 0.005339145194739103 0.006532127503305674 0.007898269221186638 0.008706826716661453 0.008881481364369392 0.008920364081859589 0.008572679944336414 0.008650688454508781 0.008813953027129173 0.009621810168027878 0.00986511167138815 0.009906032122671604 0.009595799259841442 0.009657546877861023 0.00978387426584959 0.010106523521244526 0.009954381734132767 0.010273843072354794 0.010394829325377941 0.010870276018977165 0.011895589530467987 0.013026678003370762 0.013762487098574638 0.016320180147886276 0.02604530192911625 0.0 0.0 0.0 0.0 0.0 0.0
0.7239179015159607 0.005050614941865206 0.00645461305975914 0.007799183949828148 0.008276973851025105 0.00843746867030859 0.009275706484913826 0.008909627795219421 0.009079363197088242 0.008868670091032982 0.009371960535645485 0.009446507319808006 0.009842989966273308 0.009950937703251839 0.009930186904966831 0.009884713217616081 0.010107411071658134 0.01015627570450306 0.010365225374698639 0.010170284658670425 0.01023035403341055 0.0109045235440135 0.012280503287911415 0.01336992159485817 0.015720872208476067 0.01725986786186695 0.024756960570812225 0.0 0.0 0.0 0.0 0.0
0.7153889536857605 0.00484292721375823 0.0065324134193360806 0.007489082403481007 0.007407001219689846 0.007631398271769285 0.008621471002697945 0.008828043937683105 0.009135878644883633 0.008490880951285362 0.008886441588401794 0.009331638924777508 0.00966888852417469 0.010880662128329277 0.010999332182109356 0.012411557137966156 0.009594122879207134 0.010266345925629139 0.010243400000035763 0.01007608138024807 0.009834407828748226 0.01034429669380188 0.011008829809725285 0.012248247861862183 0.013084633275866508 0.016721513122320175 0.015622860752046108 0.024235490709543228 0.0 0.0 0.0 0.0
0.7182620167732239 0.0046270908787846565 0.006637836340814829 0.007527833804488182 0.007388337515294552 0.00728894816711545 0.008027242496609688 0.008513005450367928 0.009080505929887295 0.00876691285520792 0.00899487268179655 0.008772035129368305 0.00927806831896305 0.009939288720488548 0.01040490809828043 0.010544024407863617 0.00917645264416933 0.009347622282803059 0.0098040159791708 0.009764294140040874 0.0099548464640975 0.009967394173145294 0.009837862104177475 0.010511571541428566 0.012075468897819519 0.012651592493057251 0.012906748801469803 0.015665655955672264 0.024103373289108276 0.0 0.0 0.0
0.7129005193710327 0.004423665348440409 0.0062237088568508625 0.00754884397611022 0.007431982550770044 0.007170636206865311 0.0074583436362445354 0.008062047883868217 0.008799341507256031 0.008904649876058102 0.009406049735844135 0.009330390952527523 0.008996395394206047 0.009363630786538124 0.009416496381163597 0.009880362078547478 0.009246667847037315 0.008970524184405804 0.00922366138547659 0.009384335950016975 0.009124837815761566 0.009926693513989449 0.009501288644969463 0.010086223483085632 0.012309851124882698 0.012217197567224503 0.01214013621211052 0.013005830347537994 0.015405260026454926 0.023965783417224884 0.0 0.0
0.7062761187553406 0.004439058713614941 0.005931430961936712 0.007483747322112322 0.007257061544805765 0.007177259307354689 0.007327121216803789 0.007715545129030943 0.008424735628068447 0.008593805134296417 0.008990922942757607 0.010025463066995144 0.0088434973731637 0.008891640231013298 0.008909167721867561 0.009124484844505787 0.008975200355052948 0.008764670230448246 0.009400658309459686 0.009062406606972218 0.008876307867467403 0.009382334537804127 0.011323608458042145 0.013103248551487923 0.009860054589807987 0.010618646629154682 0.011117776855826378 0.0123990997672081 0.012395719066262245 0.015176345594227314 0.02395448088645935 0.0
0.7058534622192383 0.004790076520293951 0.005439927335828543 0.006626521237194538 0.00711875781416893 0.007468187250196934 0.007442814763635397 0.007260909769684076 0.00770648242905736 0.00811612419784069 0.0090041384100914 0.009619835764169693 0.009137007407844067 0.009152555838227272 0.008802232332527637 0.008963063359260559 0.008884891867637634 0.00862435158342123 0.009411172941327095 0.008867849595844746 0.00867677852511406 0.009240715764462948 0.011129485443234444 0.012142879888415337 0.008862725459039211 0.009092492051422596 0.00976998545229435 0.010941972956061363 0.011650036089122295 0.01191672869026661 0.01491917110979557 0.023188717663288116
