1.0 0.0 0.0 0.0 0.0 0.0 0.0 0.0 0.0 0.0 0.0 0.0 0.0 0.0 0.0 0.0 0.0 0.0 0.0 0.0 0.0 0.0 0.0 0.0 0.0 0.0 0.0 0.0 0.0 0.0 0.0 0.0
0.8776407837867737 0.12221404165029526 0.0 0.0 0.0 0.0 0.0 0.0 0.0 0.0 0.0 0.0 0.0 0.0 0.0 0.0 0.0 0.0 0.0 0.0 0.0 0.0 0.0 0.0 0.0 0.0 0.0 0.0 0.0 0.0 0.0 0.0
0.8898001909255981 0.03674204275012016 0.07333386689424515 0.0 0.0 0.0 0.0 0.0 0.0 0.0 0.0 0.0 0.0 0.0 0.0 0.0 0.0 0.0 0.0 0.0 0.0 0.0 0.0 0.0 0.0 0.0 0.0 0.0 0.0 0.0 0.0 0.0
0.8875946402549744 0.023893754929304123 0.024770816788077354 0.06360180675983429 0.0 0.0 0.0 0.0 0.0 0.0 0.0 0.0 0.0 0.0 0.0 0.0 0.0 0.0 0.0 0.0 0.0 0.0 0.0 0.0 0.0 0.0 0.0 0.0 0.0 0.0 0.0 0.0
0.8929691910743713 0.02081279829144478 0.013227836228907108 0.018427129834890366 0.05442672595381737 0.0 0.0 0.0 0.0 0.0 0.0 0.0 0.0 0.0 0.0 0.0 0.0 0.0 0.0 0.0 0.0 0.0 0.0 0.0 0.0 0.0 0.0 0.0 0.0 0.0 0.0 0.0
0.8898266553878784 0.02030460722744465 0.009857413358986378 0.009815315715968609 0.016586631536483765 0.05347184091806412 0.0 0.0 0.0 0.0 0.0 0.0 0.0 0.0 0.0 0.0 0.0 0.0 0.0 0.0 0.0 0.0 0.0 0.0 0.0 0.0 0.0 0.0 0.0 0.0 0.0 0.0
0.8926045298576355 0.0194579865783453 0.008866043761372566 0.007144576869904995 0.008980950340628624 0.01634376123547554 0.04646929353475571 0.0 0.0 0.0 0.0 0.0 0.0 0.0 0.0 0.0 0.0 0.0 0.0 0.0 0.0 0.0 0.0 0.0 0.0 0.0 0.0 0.0 0.0 0.0 0.0 0.0
0.896843433380127 0.018451035022735596 0.008474494330585003 0.006299233995378017 0.006284112576395273 0.008741890080273151 0.01352594792842865 0.0412423312664032 0.0 0.0 0.0 0.0 0.0 0.0 0.0 0.0 0.0 0.0 0.0 0.0 0.0 0.0 0.0 0.0 0.0 0.0 0.0 0.0 0.0 0.0 0.0 0.0
0.9032427668571472 0.017114879563450813 0.008036460727453232 0.006210678722709417 0.005586410406976938 0.005838220473378897 0.006897462531924248 0.012066270224750042 0.0348682627081871 0.0 0.0 0.0 0.0 0.0 0.0 0.0 0.0 0.0 0.0 0.0 0.0 0.0 0.0 0.0 0.0 0.0 0.0 0.0 0.0 0.0 0.0 0.0
0.9077276587486267 0.016241390258073807 0.006892678327858448 0.0056923492811620235 0.005363428499549627 0.005004349630326033 0.005086853634566069 0.00651616882532835 0.010183164849877357 0.03115854226052761 0.0 0.0 0.0 0.0 0.0 0.0 0.0 0.0 0.0 0.0 0.0 0.0 0.0 0.0 0.0 0.0 0.0 0.0 0.0 0.0 0.0 0.0
0.910834789276123 0.015817705541849136 0.00592791335657239 0.005006721708923578 0.005018704105168581 0.004830412566661835 0.004434365779161453 0.0046407245099544525 0.0056130592711269855 0.009241115301847458 0.028498034924268723 0.0 0.0 0.0 0.0 0.0 0.0 0.0 0.0 0.0 0.0 0.0 0.0 0.0 0.0 0.0 0.0 0.0 0.0 0.0 0.0 0.0
0.9108742475509644 0.015870992094278336 0.00571798300370574 0.004455880727618933 0.0044364421628415585 0.004586163442581892 0.004273929167538881 0.004102518316358328 0.004095836542546749 0.005301930475980043 0.009728189557790756 0.02642355114221573 0.0 0.0 0.0 0.0 0.0 0.0 0.0 0.0 0.0 0.0 0.0 0.0 0.0 0.0 0.0 0.0 0.0 0.0 0.0 0.0
0.914247453212738 0.01512050163000822 0.0060288868844509125 0.004107419867068529 0.003828269662335515 0.004025075118988752 0.004184485413134098 0.0040138945914804935 0.0038269092328846455 0.0037799908313900232 0.004934355150908232 0.008018597029149532 0.0237513966858387 0.0 0.0 0.0 0.0 0.0 0.0 0.0 0.0 0.0 0.0 0.0 0.0 0.0 0.0 0.0 0.0 0.0 0.0 0.0
0.915600597858429 0.014121023006737232 0.006299502216279507 0.004289986565709114 0.0034938559401780367 0.0034170544240623713 0.0036531174555420876 0.0038332671392709017 0.003720475360751152 0.003415758954361081 0.0035992134362459183 0.004461720585823059 0.007430016994476318 0.022526277229189873 0.0 0.0 0.0 0.0 0.0 0.0 0.0 0.0 0.0 0.0 0.0 0.0 0.0 0.0 0.0 0.0 0.0 0.0
0.9083521962165833 0.01265747006982565 0.006040188949555159 0.004657356068491936 0.0036496552638709545 0.003277574898675084 0.0033651303965598345 0.003642935771495104 0.0037158052437007427 0.0034665698185563087 0.005213779862970114 0.0034580358769744635 0.004208944737911224 0.007922091521322727 0.026233647018671036 0.0 0.0 0.0 0.0 0.0 0.0 0.0 0.0 0.0 0.0 0.0 0.0 0.0 0.0 0.0 0.0 0.0
0.9171329736709595 0.011664300225675106 0.005105373449623585 0.004509637597948313 0.0040197111666202545 0.003455150406807661 0.0029916551429778337 0.002911533461883664 0.0033404845744371414 0.0032669620122760534 0.003289006417617202 0.0030283310916274786 0.003134137252345681 0.004102194681763649 0.006820223294198513 0.021099716424942017 0.0 0.0 0.0 0.0 0.0 0.0 0.0 0.0 0.0 0.0 0.0 0.0 0.0 0.0 0.0 0.0
0.9180317521095276 0.010339698754251003 0.004244007170200348 0.0038975111674517393 0.003829351393505931 0.0034965691156685352 0.0030476502142846584 0.002770017134025693 0.0028305251616984606 0.0030180932953953743 0.0031236589420586824 0.0029899422079324722 0.002895479090511799 0.0031154751777648926 0.003956218250095844 0.006721517536789179 0.021557161584496498 0.0 0.0 0.0 0.0 0.0 0.0 0.0 0.0 0.0 0.0 0.0 0.0 0.0 0.0 0.0
0.9190390110015869 0.009987741708755493 0.0037945543881505728 0.0032292103860527277 0.003393100341781974 0.003436841769143939 0.0032083806581795216 0.002849320648238063 0.0026178082916885614 0.00265273149125278 0.0030190825928002596 0.0029317704029381275 0.002850218676030636 0.0027116893325001 0.002908827271312475 0.0037743414286524057 0.006785289384424686 0.020683422684669495 0.0 0.0 0.0 0.0 0.0 0.0 0.0 0.0 0.0 0.0 0.0 0.0 0.0 0.0
0.9164143800735474 0.010225825943052769 0.0038729943335056305 0.002994783455505967 0.002906802110373974 0.0032074949704110622 0.0033527729101479053 0.003072373801842332 0.0026892325840890408 0.0025543905794620514 0.0026521545369178057 0.0027436409145593643 0.0027921448927372694 0.0027811387553811073 0.0027712516020983458 0.002916115801781416 0.004649855196475983 0.00677519803866744 0.020496197044849396 0.0 0.0 0.0 0.0 0.0 0.0 0.0 0.0 0.0 0.0 0.0 0.0 0.0
0.9165484309196472 0.01097116619348526 0.004074821248650551 0.002991459332406521 0.0026841319631785154 0.0027844032738357782 0.0029291806276887655 0.0030723533127456903 0.0028901435434818268 0.002654477721080184 0.00270640361122787 0.0024358159862458706 0.002561640227213502 0.002740438561886549 0.0026463924441486597 0.002608052222058177 0.0028910411056131124 0.0036591985262930393 0.006243392359465361 0.01977808028459549 0.0 0.0 0.0 0.0 0.0 0.0 0.0 0.0 0.0 0.0 0.0 0.0
0.9174269437789917 0.009792178869247437 0.00402319710701704 0.003087203251197934 0.0025897459127008915 0.00242262938991189 0.002383058425039053 0.002660604892298579 0.0027424159925431013 0.0027449841145426035 0.0026204362511634827 0.0023149363696575165 0.002325675683096051 0.002503002993762493 0.002672692062333226 0.0025463856291025877 0.0027088515926152468 0.0026916975621134043 0.0035993691999465227 0.006005797069519758 0.020006129518151283 0.0 0.0 0.0 0.0 0.0 0.0 0.0 0.0 0.0 0.0 0.0
0.9174367189407349 0.00907148141413927 0.0036962642334401608 0.003125266171991825 0.00274522858671844 0.002409158041700721 0.0021616558078676462 0.00224379007704556 0.0024813106283545494 0.0026869443245232105 0.0027265693061053753 0.0023423577658832073 0.002135991817340255 0.0022673876956105232 0.002567980205640197 0.0025454347487539053 0.0027507958002388477 0.0023879194632172585 0.002671244088560343 0.003344330471009016 0.005933646112680435 0.020138075575232506 0.0 0.0 0.0 0.0 0.0 0.0 0.0 0.0 0.0 0.0
0.9147796034812927 0.00887416023761034 0.0035525425337255 0.0029809712432324886 0.002768751233816147 0.002528647892177105 0.002213643630966544 0.002083379775285721 0.002127861138433218 0.0024147245567291975 0.003695572027936578 0.002698412397876382 0.0022438487503677607 0.002116825897246599 0.0024325617123395205 0.0023831697180867195 0.0026879245415329933 0.0023489755112677813 0.0024274152237921953 0.002580632921308279 0.0033687129616737366 0.0063484651036560535 0.020210077986121178 0.0 0.0 0.0 0.0 0.0 0.0 0.0 0.0 0.0
0.9169338941574097 0.009730390273034573 0.003104983363300562 0.0025676803197711706 0.0025600316002964973 0.0025760114658623934 0.0023282929323613644 0.002024142537266016 0.001923454343341291 0.0020235362462699413 0.002369471127167344 0.002497035078704357 0.0023669733200222254 0.0022515992168337107 0.002090304857119918 0.0021346942521631718 0.0023056508507579565 0.0022889210376888514 0.0022834513802081347 0.0022752596996724606 0.0024784894194453955 0.0033044684678316116 0.0057037281803786755 0.019738638773560524 0.0 0.0 0.0 0.0 0.0 0.0 0.0 0.0
0.914833664894104 0.011235120706260204 0.0031487783417105675 0.0023636585101485252 0.0022249785251915455 0.002447799313813448 0.002354404190555215 0.0021656681783497334 0.0019408836960792542 0.001856324844993651 0.0020478435326367617 0.002287214854732156 0.002336240140721202 0.0024065643083304167 0.0021123511251062155 0.002001238986849785 0.0020332070998847485 0.0021840508561581373 0.002298308303579688 0.0022935355082154274 0.0022090452257543802 0.0024780237581580877 0.003209139918908477 0.005756360944360495 0.0196366086602211 0.0 0.0 0.0 0.0 0.0 0.0 0.0
0.917373776435852 0.009753616526722908 0.0034312561620026827 0.0023924887645989656 0.0019773945678025484 0.002097225980833173 0.002174773020669818 0.0021288178395479918 0.0019498950568959117 0.0017616732511669397 0.0017210212536156178 0.0018659968627616763 0.002064276486635208 0.002219359390437603 0.002188438083976507 0.001975852297618985 0.0019194241613149643 0.001966864336282015 0.002156068105250597 0.0024107948411256075 0.0022241140250116587 0.00218146201223135 0.0023998732212930918 0.0030470900237560272 0.005627240985631943 0.018812740221619606 0.0 0.0 0.0 0.0 0.0 0.0
0.9173113703727722 0.009810933843255043 0.003619913011789322 0.002653868170455098 0.0020814677700400352 0.0018761109095066786 0.0018460297724232078 0.00198616785928607 0.0020203038584440947 0.0018896820256486535 0.0017265515634790063 0.0016682144487276673 0.0017700429307296872 0.001957106404006481 0.0021969005465507507 0.0020601158030331135 0.0019324562745168805 0.0018309693550691009 0.0019396712305024266 0.002078332705423236 0.002161420416086912 0.0021244746167212725 0.0020926487632095814 0.0023120450787246227 0.0031399994622915983 0.005325121805071831 0.01840658113360405 0.0 0.0 0.0 0.0 0.0
0.9178023338317871 0.008452792651951313 0.0033497328404337168 0.002710398519411683 0.002231781603768468 0.0019033951684832573 0.0017197069246321917 0.0017580422572791576 0.001876802183687687 0.001909341779537499 0.0017904171254485846 0.0016666474984958768 0.001612126943655312 0.0016995151527225971 0.0019809934310615063 0.0020729617681354284 0.002025150926783681 0.0018853936344385147 0.0018103005131706595 0.0019671518821269274 0.002101522870361805 0.0021680325735360384 0.0021326893474906683 0.0020965132862329483 0.0023853888269513845 0.003053851891309023 0.005169291980564594 0.01849442347884178 0.0 0.0 0.0 0.0
0.9171963334083557 0.00831933319568634 0.002932387636974454 0.0025916395243257284 0.0024098949506878853 0.0021241039503365755 0.001780651742592454 0.0015895685646682978 0.0016430570976808667 0.0017790206475183368 0.001833889982663095 0.0017314713913947344 0.00158522161655128 0.0014992265496402979 0.0016897044843062758 0.0018529908265918493 0.0020207564812153578 0.0019707931205630302 0.0018393007339909673 0.0017849617870524526 0.0019137513590976596 0.0020866321865469217 0.002175309229642153 0.0021663883235305548 0.0021378975361585617 0.0023309856187552214 0.0031029595993459225 0.00513777881860733 0.018597900867462158 0.0 0.0 0.0
0.9183085560798645 0.007975837215781212 0.0025986575055867434 0.0021796508226543665 0.002210595877841115 0.00218160985969007 0.0018773882184177637 0.0015711848391219974 0.0014752877177670598 0.0015311145689338446 0.0017259579617530107 0.0017584433080628514 0.0016294133383780718 0.0014964353758841753 0.001480315113440156 0.0015976562863215804 0.0017570513300597668 0.0019672908820211887 0.001881502685137093 0.0018007683102041483 0.0017875502817332745 0.0018526243511587381 0.001975590828806162 0.0021615142468363047 0.002092546783387661 0.002044954337179661 0.002334192395210266 0.002844716887921095 0.005064465571194887 0.018660036846995354 0.0 0.0
0.9181005954742432 0.008449314162135124 0.002560658846050501 0.0019182555843144655 0.0019558214116841555 0.002098041120916605 0.0020046301651746035 0.0017503276467323303 0.0014919257955625653 0.0014253706904128194 0.0015270916046574712 0.0016364442417398095 0.001652904087677598 0.001584765501320362 0.00151670235209167 0.001430331147275865 0.0015801702393218875 0.0017303696367889643 0.0018961532041430473 0.0018435301026329398 0.0017806610558182001 0.001725650392472744 0.0017919768579304218 0.001983818132430315 0.00206153467297554 0.0020591227803379297 0.002029415685683489 0.0021644453518092632 0.002834279090166092 0.004982501734048128 0.01825822703540325 0.0
0.9163444638252258 0.008833207190036774 0.0027316752821207047 0.0018328180303797126 0.0017753944266587496 0.0021293575409799814 0.001968194032087922 0.0019408355001360178 0.0016556937480345368 0.0014691551914438605 0.0015311876777559519 0.0014523544814437628 0.0015697201015427709 0.001650540274567902 0.0015705226687714458 0.0014048625016584992 0.0014476801734417677 0.0014646518975496292 0.0017181686125695705 0.001783226034604013 0.0017715392168611288 0.0017919704550877213 0.0017327879322692752 0.0017936587100848556 0.0018889692146331072 0.002052802126854658 0.0020344362128525972 0.0019066291861236095 0.002136336173862219 0.0027805939316749573 0.00496772350743413 0.018688717857003212
