1.0 0.0 0.0 0.0 0.0 0.0 0.0 0.0 0.0 0.0 0.0 0.0 0.0 0.0 0.0 0.0 0.0 0.0 0.0 0.0 0.0 0.0 0.0 0.0 0.0 0.0 0.0 0.0 0.0 0.0 0.0 0.0
0.9670253396034241 0.032834943383932114 0.0 0.0 0.0 0.0 0.0 0.0 0.0 0.0 0.0 0.0 0.0 0.0 0.0 0.0 0.0 0.0 0.0 0.0 0.0 0.0 0.0 0.0 0.0 0.0 0.0 0.0 0.0 0.0 0.0 0.0
0.9294980764389038 0.03361278027296066 0.03674906864762306 0.0 0.0 0.0 0.0 0.0 0.0 0.0 0.0 0.0 0.0 0.0 0.0 0.0 0.0 0.0 0.0 0.0 0.0 0.0 0.0 0.0 0.0 0.0 0.0 0.0 0.0 0.0 0.0 0.0
0.8926823735237122 0.025772133842110634 0.047658197581768036 0.03375739976763725 0.0 0.0 0.0 0.0 0.0 0.0 0.0 0.0 0.0 0.0 0.0 0.0 0.0 0.0 0.0 0.0 0.0 0.0 0.0 0.0 0.0 0.0 0.0 0.0 0.0 0.0 0.0 0.0
0.8637667894363403 0.01959163509309292 0.0361323356628418 0.04774758219718933 0.03262970596551895 0.0 0.0 0.0 0.0 0.0 0.0 0.0 0.0 0.0 0.0 0.0 0.0 0.0 0.0 0.0 0.0 0.0 0.0 0.0 0.0 0.0 0.0 0.0 0.0 0.0 0.0 0.0
0.8451598286628723 0.015017375349998474 0.027128329500555992 0.03686487674713135 0.04460429027676582 0.031091047450900078 0.0 0.0 0.0 0.0 0.0 0.0 0.0 0.0 0.0 0.0 0.0 0.0 0.0 0.0 0.0 0.0 0.0 0.0 0.0 0.0 0.0 0.0 0.0 0.0 0.0 0.0
0.8332875967025757 0.011311392299830914 0.019704565405845642 0.027018696069717407 0.034787870943546295 0.043812286108732224 0.02994520403444767 0.0 0.0 0.0 0.0 0.0 0.0 0.0 0.0 0.0 0.0 0.0 0.0 0.0 0.0 0.0 0.0 0.0 0.0 0.0 0.0 0.0 0.0 0.0 0.0 0.0
0.8166779279708862 0.009647824801504612 0.015418450348079205 0.02079310640692711 0.027861371636390686 0.03751299902796745 0.04181578755378723 0.030139220878481865 0.0 0.0 0.0 0.0 0.0 0.0 0.0 0.0 0.0 0.0 0.0 0.0 0.0 0.0 0.0 0.0 0.0 0.0 0.0 0.0 0.0 0.0 0.0 0.0
0.8056342005729675 0.008800949901342392 0.012985988520085812 0.016315996646881104 0.02163282409310341 0.027338411659002304 0.033350806683301926 0.04261250048875809 0.031193124130368233 0.0 0.0 0.0 0.0 0.0 0.0 0.0 0.0 0.0 0.0 0.0 0.0 0.0 0.0 0.0 0.0 0.0 0.0 0.0 0.0 0.0 0.0 0.0
0.8004913330078125 0.007993086241185665 0.011326408945024014 0.013643348589539528 0.016712449491024017 0.020304901525378227 0.026039572432637215 0.032755348831415176 0.04112629219889641 0.029473597183823586 0.0 0.0 0.0 0.0 0.0 0.0 0.0 0.0 0.0 0.0 0.0 0.0 0.0 0.0 0.0 0.0 0.0 0.0 0.0 0.0 0.0 0.0
0.7907848358154297 0.007148155476897955 0.00953128281980753 0.011641514487564564 0.013713537715375423 0.01631464809179306 0.01991286873817444 0.026837721467018127 0.03342169523239136 0.04073458909988403 0.029829004779458046 0.0 0.0 0.0 0.0 0.0 0.0 0.0 0.0 0.0 0.0 0.0 0.0 0.0 0.0 0.0 0.0 0.0 0.0 0.0 0.0 0.0
0.7837410569190979 0.005911026615649462 0.00786892045289278 0.010484829545021057 0.011891433969140053 0.01354748010635376 0.01582302898168564 0.02098902501165867 0.026714438572525978 0.03197386860847473 0.04090811684727669 0.030019942671060562 0.0 0.0 0.0 0.0 0.0 0.0 0.0 0.0 0.0 0.0 0.0 0.0 0.0 0.0 0.0 0.0 0.0 0.0 0.0 0.0
0.7745063900947571 0.005305219441652298 0.00688708433881402 0.010082799009978771 0.011013678275048733 0.012111670337617397 0.013604010455310345 0.01669812947511673 0.02098921500146389 0.0255851112306118 0.03302885591983795 0.04199497401714325 0.02805756777524948 0.0 0.0 0.0 0.0 0.0 0.0 0.0 0.0 0.0 0.0 0.0 0.0 0.0 0.0 0.0 0.0 0.0 0.0 0.0
0.7702599763870239 0.004727013874799013 0.006123733706772327 0.007979854010045528 0.009480942040681839 0.011127019301056862 0.012174696661531925 0.014019538648426533 0.016553480178117752 0.020348556339740753 0.026756305247545242 0.03262856602668762 0.038834940642118454 0.028850896283984184 0.0 0.0 0.0 0.0 0.0 0.0 0.0 0.0 0.0 0.0 0.0 0.0 0.0 0.0 0.0 0.0 0.0 0.0
0.7550685405731201 0.004581835586577654 0.00564005970954895 0.006926730740815401 0.008297772146761417 0.009955073706805706 0.01118474081158638 0.012667487375438213 0.01413815189152956 0.01761828549206257 0.02282826602458954 0.027047913521528244 0.031931303441524506 0.04262195900082588 0.029362814500927925 0.0 0.0 0.0 0.0 0.0 0.0 0.0 0.0 0.0 0.0 0.0 0.0 0.0 0.0 0.0 0.0 0.0
0.7518636584281921 0.004519046284258366 0.0054449401795864105 0.006209778133779764 0.007408921141177416 0.00878656841814518 0.010080203413963318 0.011732852086424828 0.012993250042200089 0.014097237028181553 0.016667870804667473 0.02162044867873192 0.02605403959751129 0.03348838910460472 0.040006399154663086 0.02889668568968773 0.0 0.0 0.0 0.0 0.0 0.0 0.0 0.0 0.0 0.0 0.0 0.0 0.0 0.0 0.0 0.0
0.7381201386451721 0.00456627830862999 0.005124421324580908 0.006114049348980188 0.0068532684817910194 0.007839774712920189 0.009313246235251427 0.010846484452486038 0.012514028698205948 0.01385241374373436 0.01650637574493885 0.017247481271624565 0.021145513281226158 0.028919575735926628 0.03277280926704407 0.03974996507167816 0.028381358832120895 0.0 0.0 0.0 0.0 0.0 0.0 0.0 0.0 0.0 0.0 0.0 0.0 0.0 0.0 0.0
0.7359546422958374 0.0044343858025968075 0.0048958295956254005 0.00590436439961195 0.006612349301576614 0.007095336448401213 0.008066408336162567 0.009546497836709023 0.01111607439815998 0.012384764850139618 0.013709720224142075 0.014520945027470589 0.01679190620779991 0.02209356799721718 0.025920744985342026 0.03272829204797745 0.039507534354925156 0.02858562208712101 0.0 0.0 0.0 0.0 0.0 0.0 0.0 0.0 0.0 0.0 0.0 0.0 0.0 0.0
0.7257897257804871 0.0042960490100085735 0.004630907904356718 0.005641347728669643 0.006250152364373207 0.006907468196004629 0.007547518704086542 0.008351074531674385 0.009496617130935192 0.011031105183064938 0.012637551873922348 0.013555473648011684 0.014464347623288631 0.01772005297243595 0.02105359174311161 0.027177859097719193 0.03254769369959831 0.041618458926677704 0.029145319014787674 0.0 0.0 0.0 0.0 0.0 0.0 0.0 0.0 0.0 0.0 0.0 0.0 0.0
0.7142629027366638 0.004121039062738419 0.004605133552104235 0.005369134712964296 0.006035813130438328 0.006931004114449024 0.007388007827103138 0.007613963447511196 0.008632680401206017 0.009946740232408047 0.011514482088387012 0.013622910715639591 0.013533396646380424 0.015331550501286983 0.017422474920749664 0.022113816812634468 0.027119524776935577 0.03432435914874077 0.041378479450941086 0.028595082461833954 0.0 0.0 0.0 0.0 0.0 0.0 0.0 0.0 0.0 0.0 0.0 0.0
0.7179818153381348 0.003816761774942279 0.004224549047648907 0.005115816835314035 0.005859488155692816 0.006508265621960163 0.006928195245563984 0.007554035633802414 0.008079292252659798 0.008636482991278172 0.01014409214258194 0.011327886953949928 0.012054155580699444 0.013245715759694576 0.014317480847239494 0.016952140256762505 0.020816773176193237 0.02648017555475235 0.03229045495390892 0.038960617035627365 0.028571849688887596 0.0 0.0 0.0 0.0 0.0 0.0 0.0 0.0 0.0 0.0 0.0
0.7090482115745544 0.00358049594797194 0.004076134413480759 0.004910446237772703 0.0055575864389538765 0.006174304988235235 0.006677049677819014 0.0072489529848098755 0.007700968999415636 0.007972553372383118 0.00891716219484806 0.01024160161614418 0.011177345179021358 0.012527121230959892 0.013531898148357868 0.015183006413280964 0.016735076904296875 0.021375874057412148 0.026692835614085197 0.03186270222067833 0.039783332496881485 0.028891712427139282 0.0 0.0 0.0 0.0 0.0 0.0 0.0 0.0 0.0 0.0
0.7003868818283081 0.0033506478648632765 0.0037326698657125235 0.0050397575832903385 0.005415193736553192 0.005942631512880325 0.006355744320899248 0.007203768007457256 0.007854614406824112 0.007803551387041807 0.008604112081229687 0.009720010682940483 0.010303470306098461 0.011566847562789917 0.01261364296078682 0.013688817620277405 0.015550392679870129 0.016681959852576256 0.020985344424843788 0.026375848799943924 0.0321781262755394 0.03970880061388016 0.02880331687629223 0.0 0.0 0.0 0.0 0.0 0.0 0.0 0.0 0.0
0.696367084980011 0.003156194230541587 0.003384604584425688 0.004868300165981054 0.005195184610784054 0.005648343358188868 0.006091344635933638 0.006632592529058456 0.00728612719103694 0.007548571564257145 0.008446051739156246 0.00888743530958891 0.008938123472034931 0.010454494506120682 0.011656421236693859 0.012431863695383072 0.013285811059176922 0.014532038941979408 0.016756577417254448 0.020396262407302856 0.025445647537708282 0.03324117511510849 0.04045954346656799 0.028757549822330475 0.0 0.0 0.0 0.0 0.0 0.0 0.0 0.0
0.6898623108863831 0.002961767138913274 0.0030094345565885305 0.004096697550266981 0.004924431908875704 0.005325025878846645 0.006030118092894554 0.006478943862020969 0.007485677022486925 0.007754075340926647 0.008632417768239975 0.008267281576991081 0.008600784465670586 0.0095140989869833 0.010193577967584133 0.010993150994181633 0.01300967950373888 0.013050858862698078 0.015168293379247189 0.016359878703951836 0.020981382578611374 0.025819510221481323 0.032441772520542145 0.04046087712049484 0.028445901349186897 0.0 0.0 0.0 0.0 0.0 0.0 0.0
0.6878078579902649 0.002832777099683881 0.002819232176989317 0.0035657775588333607 0.004452456254512072 0.00505596911534667 0.00579476822167635 0.006239752750843763 0.007253563962876797 0.007631838321685791 0.007992484606802464 0.008013743907213211 0.008086261339485645 0.008581059984862804 0.008928817696869373 0.009938034228980541 0.012494429014623165 0.012116209603846073 0.013319679535925388 0.013866012915968895 0.016205348074436188 0.01986715942621231 0.025965502485632896 0.03240365535020828 0.0398503914475441 0.028739307075738907 0.0 0.0 0.0 0.0 0.0 0.0
0.6847016215324402 0.002586317015811801 0.0026392070576548576 0.0032045666594058275 0.003877294482663274 0.004618274979293346 0.005359796807169914 0.005736500024795532 0.006401949096471071 0.006542228627949953 0.007680949289351702 0.007808487396687269 0.007929163053631783 0.00866090226918459 0.008973054587841034 0.009289483539760113 0.010459166020154953 0.011422449722886086 0.013423038646578789 0.012997574172914028 0.014152143150568008 0.01641414314508438 0.020256225019693375 0.0262893158942461 0.03034314513206482 0.039816420525312424 0.028236351907253265 0.0 0.0 0.0 0.0 0.0
0.6903220415115356 0.0025541631039232016 0.0026322591584175825 0.0031050671823322773 0.0036191127728670835 0.004040996078401804 0.004731110297143459 0.005286040715873241 0.005873682908713818 0.006105930078774691 0.006787268444895744 0.007396616041660309 0.007614836562424898 0.008431385271251202 0.008289442397654057 0.008622624911367893 0.008655192330479622 0.01025637611746788 0.011511284857988358 0.011781253851950169 0.012458449229598045 0.013869446702301502 0.016073286533355713 0.01973547227680683 0.023987144231796265 0.03069874830543995 0.037415746599435806 0.02796531468629837 0.0 0.0 0.0 0.0
0.6824615597724915 0.0025645571295171976 0.002583635738119483 0.0030823051929473877 0.003322687465697527 0.0037531426642090082 0.004334472119808197 0.004905810579657555 0.005500726401805878 0.005895014386624098 0.006543674040585756 0.0071512674912810326 0.0073798177763819695 0.007702757138758898 0.007973136380314827 0.008202536031603813 0.008042546920478344 0.008934195153415203 0.009930547326803207 0.011035594157874584 0.01185861136764288 0.012750735506415367 0.014444180764257908 0.01593032479286194 0.020167000591754913 0.026232805103063583 0.030604049563407898 0.03884332627058029 0.027690822258591652 0.0 0.0 0.0
0.6789643168449402 0.0027078120037913322 0.0026203347370028496 0.003151190932840109 0.003397958818823099 0.0036279596388339996 0.003943562041968107 0.0045399777591228485 0.005151601508259773 0.005772894714027643 0.006209976971149445 0.006765274330973625 0.006920576095581055 0.007292602676898241 0.00757529167458415 0.008088292554020882 0.00784388929605484 0.008343005552887917 0.008764335885643959 0.009725322015583515 0.011007524095475674 0.011976896785199642 0.013212447054684162 0.01411930751055479 0.016252318397164345 0.020486503839492798 0.025111515074968338 0.03110792487859726 0.037444546818733215 0.02769649028778076 0.0 0.0
0.6765937805175781 0.0027997568249702454 0.0024628504179418087 0.0030173244886100292 0.0033527915365993977 0.003557262010872364 0.0037971760611981153 0.004268139135092497 0.004800007678568363 0.00536172091960907 0.005877326242625713 0.006454239133745432 0.006460222415626049 0.0068903579376637936 0.007301897741854191 0.007906761020421982 0.007864796556532383 0.008209779858589172 0.008443379774689674 0.008841929025948048 0.009861255064606667 0.011159448884427547 0.011931076645851135 0.012615951709449291 0.013466301374137402 0.016008669510483742 0.019525988027453423 0.025414733216166496 0.03029700368642807 0.037348054349422455 0.027931522578001022 0.0
0.6723112463951111 0.0028593235183507204 0.0023338310420513153 0.0027964392211288214 0.0033031722996383905 0.0036145965568721294 0.0037906672805547714 0.003961851820349693 0.004481602925807238 0.0050453790463507175 0.005679926835000515 0.006178637035191059 0.006192904897034168 0.006726388353854418 0.00747078750282526 0.0073670134879648685 0.00795705709606409 0.007840349338948727 0.00832856073975563 0.00828074011951685 0.008506211452186108 0.009617767296731472 0.011537163518369198 0.012454849667847157 0.012537309899926186 0.01387399435043335 0.016678716987371445 0.019406963139772415 0.023612815886735916 0.0292789489030838 0.0382683090865612 0.02752474695444107
