1.0 0.0 0.0 0.0 0.0 0.0 0.0 0.0 0.0 0.0 0.0 0.0 0.0 0.0 0.0 0.0 0.0 0.0 0.0 0.0 0.0 0.0 0.0 0.0 0.0 0.0 0.0 0.0 0.0 0.0 0.0 0.0
0.9725848436355591 0.027293039485812187 0.0 0.0 0.0 0.0 0.0 0.0 0.0 0.0 0.0 0.0 0.0 0.0 0.0 0.0 0.0 0.0 0.0 0.0 0.0 0.0 0.0 0.0 0.0 0.0 0.0 0.0 0.0 0.0 0.0 0.0
0.9702297449111938 0.01199825294315815 0.01762975938618183 0.0 0.0 0.0 0.0 0.0 0.0 0.0 0.0 0.0 0.0 0.0 0.0 0.0 0.0 0.0 0.0 0.0 0.0 0.0 0.0 0.0 0.0 0.0 0.0 0.0 0.0 0.0 0.0 0.0
0.9634753465652466 0.00687522254884243 0.011324918828904629 0.01818743906915188 0.0 0.0 0.0 0.0 0.0 0.0 0.0 0.0 0.0 0.0 0.0 0.0 0.0 0.0 0.0 0.0 0.0 0.0 0.0 0.0 0.0 0.0 0.0 0.0 0.0 0.0 0.0 0.0
0.9535132646560669 0.00627762358635664 0.007907805033028126 0.012917468324303627 0.019252432510256767 0.0 0.0 0.0 0.0 0.0 0.0 0.0 0.0 0.0 0.0 0.0 0.0 0.0 0.0 0.0 0.0 0.0 0.0 0.0 0.0 0.0 0.0 0.0 0.0 0.0 0.0 0.0
0.9433204531669617 0.005451399367302656 0.006790929939597845 0.0078029148280620575 0.015409997664391994 0.021084293723106384 0.0 0.0 0.0 0.0 0.0 0.0 0.0 0.0 0.0 0.0 0.0 0.0 0.0 0.0 0.0 0.0 0.0 0.0 0.0 0.0 0.0 0.0 0.0 0.0 0.0 0.0
0.9353992938995361 0.005281100515276194 0.005865489132702351 0.006870377343147993 0.008643796667456627 0.017748039215803146 0.020062079653143883 0.0 0.0 0.0 0.0 0.0 0.0 0.0 0.0 0.0 0.0 0.0 0.0 0.0 0.0 0.0 0.0 0.0 0.0 0.0 0.0 0.0 0.0 0.0 0.0 0.0
0.9249529838562012 0.004953462164849043 0.004803632386028767 0.005199093371629715 0.006541568320244551 0.00854223221540451 0.024010324850678444 0.020859980955719948 0.0 0.0 0.0 0.0 0.0 0.0 0.0 0.0 0.0 0.0 0.0 0.0 0.0 0.0 0.0 0.0 0.0 0.0 0.0 0.0 0.0 0.0 0.0 0.0
0.931858479976654 0.00486754672601819 0.004851135425269604 0.004799842834472656 0.005497979000210762 0.0068929060362279415 0.00771951861679554 0.013836094178259373 0.01954329013824463 0.0 0.0 0.0 0.0 0.0 0.0 0.0 0.0 0.0 0.0 0.0 0.0 0.0 0.0 0.0 0.0 0.0 0.0 0.0 0.0 0.0 0.0 0.0
0.9266111254692078 0.0048465849831700325 0.004844660870730877 0.004575770813971758 0.004764116834849119 0.005783785600215197 0.006563676055520773 0.008064722642302513 0.014343386515974998 0.019461655989289284 0.0 0.0 0.0 0.0 0.0 0.0 0.0 0.0 0.0 0.0 0.0 0.0 0.0 0.0 0.0 0.0 0.0 0.0 0.0 0.0 0.0 0.0
0.9231575727462769 0.00455750897526741 0.004244595300406218 0.004107312764972448 0.004320323001593351 0.004861981142312288 0.005298537202179432 0.006308715790510178 0.007691604550927877 0.014391832984983921 0.02092270366847515 0.0 0.0 0.0 0.0 0.0 0.0 0.0 0.0 0.0 0.0 0.0 0.0 0.0 0.0 0.0 0.0 0.0 0.0 0.0 0.0 0.0
0.9191908836364746 0.004117676056921482 0.003917307127267122 0.0038880440406501293 0.004164102021604776 0.0046157254837453365 0.0047103348188102245 0.005203239154070616 0.006267255637794733 0.0075998627580702305 0.01598481647670269 0.02021404169499874 0.0 0.0 0.0 0.0 0.0 0.0 0.0 0.0 0.0 0.0 0.0 0.0 0.0 0.0 0.0 0.0 0.0 0.0 0.0 0.0
0.9062539935112 0.004166916478425264 0.0037091877311468124 0.003694519167765975 0.003991600126028061 0.004418229218572378 0.0044619422405958176 0.004711149260401726 0.00524123664945364 0.006350666284561157 0.00803178921341896 0.02019248530268669 0.024643752723932266 0.0 0.0 0.0 0.0 0.0 0.0 0.0 0.0 0.0 0.0 0.0 0.0 0.0 0.0 0.0 0.0 0.0 0.0 0.0
0.9174619317054749 0.0040292637422680855 0.0036701979115605354 0.003448047209531069 0.0036828937008976936 0.0040696836076676846 0.004037189297378063 0.00423917593434453 0.0046174791641533375 0.00522638438269496 0.0061185662634670734 0.007082313299179077 0.013794989325106144 0.018389666453003883 0.0 0.0 0.0 0.0 0.0 0.0 0.0 0.0 0.0 0.0 0.0 0.0 0.0 0.0 0.0 0.0 0.0 0.0
0.9136408567428589 0.004096931777894497 0.0035494929179549217 0.0032832862343639135 0.003479822538793087 0.00386152439750731 0.004013481549918652 0.0040719760581851006 0.004359112586826086 0.004470363724976778 0.005220525898039341 0.0061693694442510605 0.00721929082646966 0.013945719227194786 0.01848769374191761 0.0 0.0 0.0 0.0 0.0 0.0 0.0 0.0 0.0 0.0 0.0 0.0 0.0 0.0 0.0 0.0 0.0
0.906953752040863 0.0041139209643006325 0.003729970892891288 0.003661311464384198 0.0034243480768054724 0.004089660942554474 0.0036251572892069817 0.004010210745036602 0.00415609497576952 0.004405459389090538 0.004824699833989143 0.005547617096453905 0.006832621060311794 0.006897943560034037 0.014362758956849575 0.019226791337132454 0.0 0.0 0.0 0.0 0.0 0.0 0.0 0.0 0.0 0.0 0.0 0.0 0.0 0.0 0.0 0.0
0.9064214825630188 0.00391189893707633 0.003472395706921816 0.0034270286560058594 0.003398849396035075 0.003445505164563656 0.003483738051727414 0.003649309044703841 0.003933841362595558 0.004093830473721027 0.004289361648261547 0.004561613313853741 0.005402120761573315 0.005764187779277563 0.0071884458884596825 0.014553056098520756 0.018870007246732712 0.0 0.0 0.0 0.0 0.0 0.0 0.0 0.0 0.0 0.0 0.0 0.0 0.0 0.0 0.0
0.8977312445640564 0.0036261603236198425 0.003270039800554514 0.0031961710192263126 0.003395924111828208 0.003422604640945792 0.003347229678183794 0.003412388265132904 0.003677987726405263 0.0036746978294104338 0.00405435124412179 0.004587459843605757 0.004665369633585215 0.004836149048060179 0.005837920121848583 0.006687056738883257 0.01929083839058876 0.021147551015019417 0.0 0.0 0.0 0.0 0.0 0.0 0.0 0.0 0.0 0.0 0.0 0.0 0.0 0.0
0.902247965335846 0.003644253360107541 0.003271169262006879 0.00311561138369143 0.0032408295664936304 0.0034507547970861197 0.0034779116977006197 0.0033416554797440767 0.0034794528037309647 0.003528802189975977 0.003747782204300165 0.004135452676564455 0.004181280732154846 0.004235555883497 0.004897278733551502 0.005729954224079847 0.006845089141279459 0.01458346750587225 0.01871561072766781 0.0 0.0 0.0 0.0 0.0 0.0 0.0 0.0 0.0 0.0 0.0 0.0 0.0
0.8968254923820496 0.0038719624280929565 0.003067763289436698 0.0030123507604002953 0.0031789997592568398 0.0035119031090289354 0.0034394641406834126 0.003585529513657093 0.003583232406526804 0.003487973939627409 0.0037919250316917896 0.004206801299005747 0.004407149273902178 0.003952414728701115 0.004362696781754494 0.004838470369577408 0.006326404865831137 0.007084380369633436 0.014208660461008549 0.01912173628807068 0.0 0.0 0.0 0.0 0.0 0.0 0.0 0.0 0.0 0.0 0.0 0.0
0.8961629867553711 0.0036228427197784185 0.0029789688996970654 0.00287444400601089 0.0030276146717369556 0.003436381695792079 0.0033580614253878593 0.0035513651091605425 0.003596462542191148 0.003449781099334359 0.0036826261784881353 0.003880285657942295 0.004068730864673853 0.003954954911023378 0.004213574342429638 0.004177124239504337 0.0047243512235581875 0.005613770801573992 0.006901295855641365 0.014417917467653751 0.01817416585981846 0.0 0.0 0.0 0.0 0.0 0.0 0.0 0.0 0.0 0.0 0.0
0.8949102163314819 0.0035800463519990444 0.00298976618796587 0.0028483946807682514 0.0028641866520047188 0.0030558337457478046 0.003059371607378125 0.0032834066078066826 0.0034228400327265263 0.0033717004116624594 0.0036246569361537695 0.0036329643335193396 0.0036125732585787773 0.0035726544447243214 0.0040654949843883514 0.003979352302849293 0.004107059445232153 0.004589019808918238 0.005642934236675501 0.006879458203911781 0.014225088059902191 0.018545351922512054 0.0 0.0 0.0 0.0 0.0 0.0 0.0 0.0 0.0 0.0
0.8946279287338257 0.0033577021677047014 0.0029182599391788244 0.0028584706597030163 0.002829759381711483 0.0029821177013218403 0.002957357093691826 0.0030775382183492184 0.0032294890843331814 0.0033222059719264507 0.003408883698284626 0.0036145297344774008 0.0034043225459754467 0.0032378854230046272 0.003572978777810931 0.003706246381625533 0.004011067096143961 0.003901024581864476 0.00452755531296134 0.005401503294706345 0.0066107031889259815 0.014304103329777718 0.01800868660211563 0.0 0.0 0.0 0.0 0.0 0.0 0.0 0.0 0.0
0.8898277878761292 0.0033104009926319122 0.0029089355375617743 0.002838272601366043 0.0028098723851144314 0.0030110168736428022 0.002905213041231036 0.0029292632825672626 0.00317577738314867 0.0032101611141115427 0.0035219399724155664 0.0038273967802524567 0.0036378460936248302 0.003192001720890403 0.003354428568854928 0.003556479699909687 0.0037888982333242893 0.0037160124629735947 0.004044921137392521 0.0045775375328958035 0.005460407584905624 0.006576726213097572 0.01401012483984232 0.019674507901072502 0.0 0.0 0.0 0.0 0.0 0.0 0.0 0.0
0.8875126242637634 0.0036299743223935366 0.002759600756689906 0.002699686912819743 0.002788804704323411 0.003016448812559247 0.002872778568416834 0.002836094005033374 0.0029903443064540625 0.0030425486620515585 0.0032698134891688824 0.003438016399741173 0.003292112611234188 0.003228537505492568 0.0032176063396036625 0.003326674224808812 0.003518873592838645 0.003469182411208749 0.003680457826703787 0.0040343934670090675 0.004483233671635389 0.005327742546796799 0.006776804570108652 0.014721617102622986 0.019935904070734978 0.0 0.0 0.0 0.0 0.0 0.0 0.0
0.8876684904098511 0.0035386234521865845 0.002759233582764864 0.002702323952689767 0.0029257438145577908 0.0029606318566948175 0.002852042205631733 0.0028045130893588066 0.002887684153392911 0.0029810096602886915 0.0032829586416482925 0.003334031905978918 0.003239442827180028 0.003242672886699438 0.0033317632041871548 0.0031305046286433935 0.0034200132358819246 0.003261636011302471 0.0035599879920482635 0.003731398144736886 0.003989398013800383 0.004530887119472027 0.0053438832983374596 0.006738417781889439 0.01387443020939827 0.01773018017411232 0.0 0.0 0.0 0.0 0.0 0.0
0.8834623694419861 0.0037857601419091225 0.002768837148323655 0.002492276020348072 0.002557882107794285 0.0029174264054745436 0.002805986674502492 0.0028622623067349195 0.0028786463662981987 0.0028142142109572887 0.003017168026417494 0.0031975051388144493 0.0034160122741013765 0.0032601547427475452 0.0032897735945880413 0.0031555581372231245 0.003224458545446396 0.0032239423599094152 0.003346256213262677 0.003559099743142724 0.00363702024333179 0.003866010345518589 0.004529236350208521 0.0057822056114673615 0.007154676131904125 0.014240635558962822 0.018575560301542282 0.0 0.0 0.0 0.0 0.0
0.8818015456199646 0.0038670487701892853 0.002880289452150464 0.0025729890912771225 0.002510868478566408 0.0028232841286808252 0.0027672597207129 0.002857445040717721 0.002883888315409422 0.002898226026445627 0.0028976057656109333 0.0029899687506258488 0.003130850614979863 0.0031185527332127094 0.0032238212879747152 0.0031321535352617502 0.0029973858036100864 0.0030455091036856174 0.003215258475393057 0.0033155528362840414 0.003483948763459921 0.0035603977739810944 0.003762139705941081 0.004546512383967638 0.005524470005184412 0.0065484181977808475 0.01510996837168932 0.01835242658853531 0.0 0.0 0.0 0.0
0.8809480667114258 0.0037803477607667446 0.0028988486155867577 0.002631561830639839 0.002523975446820259 0.0026532947085797787 0.002646448090672493 0.0027907807379961014 0.0028536710888147354 0.0029048228170722723 0.0029347827658057213 0.0028861251194030046 0.0030031364876776934 0.003049145918339491 0.0032967189326882362 0.00317439716309309 0.00302750151604414 0.0029572458006441593 0.0031600347720086575 0.003234307514503598 0.0033629245590418577 0.003539578290656209 0.0035257337149232626 0.003971507307142019 0.004691345617175102 0.005448936019092798 0.006660161539912224 0.013363827019929886 0.017907127737998962 0.0 0.0 0.0
0.8749424815177917 0.0037874863483011723 0.002960275625810027 0.002724418882280588 0.00263621611520648 0.002993752481415868 0.0026306381914764643 0.00275646080262959 0.002854960737749934 0.0028222964610904455 0.003015078604221344 0.002901775063946843 0.0029246064368635416 0.002888444112613797 0.00308572081848979 0.0032382949721068144 0.0031945081427693367 0.003070125123485923 0.003034844296053052 0.0031097708269953728 0.0032092505134642124 0.0033231324050575495 0.0034054210409522057 0.003761815372854471 0.00416079955175519 0.004426269326359034 0.005406856536865234 0.006638424005359411 0.015050544403493404 0.018864061683416367 0.0 0.0
0.8723512291908264 0.0035570387262851 0.0028629880398511887 0.002698716474696994 0.002710460452362895 0.0029720289167016745 0.0026548984460532665 0.002626162488013506 0.0027058403939008713 0.002759304130449891 0.002918406156823039 0.0029197074472904205 0.002957283053547144 0.0028473043348640203 0.0031529513653367758 0.00311080738902092 0.0033394894562661648 0.0030435367953032255 0.003159531159326434 0.0030632035341113806 0.0031575318425893784 0.003355796914547682 0.0033785561099648476 0.003574961330741644 0.00377318961545825 0.003913371358066797 0.004372344817966223 0.005456862971186638 0.006719880271703005 0.014640916138887405 0.01907127909362316 0.0
0.870585560798645 0.0035096313804388046 0.002744226483628154 0.002572540892288089 0.002706470200791955 0.0036758671049028635 0.0028658148366957903 0.002763312077149749 0.002725355327129364 0.0026930365711450577 0.002932542935013771 0.0029615601524710655 0.002950696973130107 0.0028414803091436625 0.002923079766333103 0.002944245934486389 0.0032729145605117083 0.0030845662113279104 0.003223416395485401 0.0031239017844200134 0.0031207266729325056 0.003119205590337515 0.003146267496049404 0.0033694952726364136 0.0035108125302940607 0.0036225621588528156 0.003915462177246809 0.004498766269534826 0.005481605418026447 0.006609140895307064 0.013710783794522285 0.018618153408169746
