1.0 0.0 0.0 0.0 0.0 0.0 0.0 0.0 0.0 0.0 0.0 0.0 0.0 0.0 0.0 0.0 0.0 0.0 0.0 0.0 0.0 0.0 0.0 0.0 0.0 0.0 0.0 0.0 0.0 0.0 0.0 0.0
0.9516018033027649 0.048259422183036804 0.0 0.0 0.0 0.0 0.0 0.0 0.0 0.0 0.0 0.0 0.0 0.0 0.0 0.0 0.0 0.0 0.0 0.0 0.0 0.0 0.0 0.0 0.0 0.0 0.0 0.0 0.0 0.0 0.0 0.0
0.9128462672233582 0.03928196430206299 0.04774722829461098 0.0 0.0 0.0 0.0 0.0 0.0 0.0 0.0 0.0 0.0 0.0 0.0 0.0 0.0 0.0 0.0 0.0 0.0 0.0 0.0 0.0 0.0 0.0 0.0 0.0 0.0 0.0 0.0 0.0
0.894989550113678 0.03242197632789612 0.030810387805104256 0.041637275367975235 0.0 0.0 0.0 0.0 0.0 0.0 0.0 0.0 0.0 0.0 0.0 0.0 0.0 0.0 0.0 0.0 0.0 0.0 0.0 0.0 0.0 0.0 0.0 0.0 0.0 0.0 0.0 0.0
0.8732951283454895 0.028920788317918777 0.02671843208372593 0.03117692656815052 0.039753057062625885 0.0 0.0 0.0 0.0 0.0 0.0 0.0 0.0 0.0 0.0 0.0 0.0 0.0 0.0 0.0 0.0 0.0 0.0 0.0 0.0 0.0 0.0 0.0 0.0 0.0 0.0 0.0
0.8559631705284119 0.025639023631811142 0.024456920102238655 0.027781223878264427 0.03029782325029373 0.03572537750005722 0.0 0.0 0.0 0.0 0.0 0.0 0.0 0.0 0.0 0.0 0.0 0.0 0.0 0.0 0.0 0.0 0.0 0.0 0.0 0.0 0.0 0.0 0.0 0.0 0.0 0.0
0.8393194079399109 0.023794235661625862 0.022514333948493004 0.023985598236322403 0.026267698034644127 0.03027426078915596 0.03371105715632439 0.0 0.0 0.0 0.0 0.0 0.0 0.0 0.0 0.0 0.0 0.0 0.0 0.0 0.0 0.0 0.0 0.0 0.0 0.0 0.0 0.0 0.0 0.0 0.0 0.0
0.8258229494094849 0.020434478297829628 0.02047135680913925 0.0223479475826025 0.0246744304895401 0.027174873277544975 0.02756047248840332 0.03137471526861191 0.0 0.0 0.0 0.0 0.0 0.0 0.0 0.0 0.0 0.0 0.0 0.0 0.0 0.0 0.0 0.0 0.0 0.0 0.0 0.0 0.0 0.0 0.0 0.0
0.8081141114234924 0.01920630782842636 0.019012564793229103 0.022434214130043983 0.02278885990381241 0.026072708889842033 0.02457113191485405 0.027210531756281853 0.03045550547540188 0.0 0.0 0.0 0.0 0.0 0.0 0.0 0.0 0.0 0.0 0.0 0.0 0.0 0.0 0.0 0.0 0.0 0.0 0.0 0.0 0.0 0.0 0.0
0.8042781949043274 0.015320307575166225 0.01605318859219551 0.01837846450507641 0.021593671292066574 0.022165747359395027 0.02181955985724926 0.024336732923984528 0.02681668847799301 0.02909850887954235 0.0 0.0 0.0 0.0 0.0 0.0 0.0 0.0 0.0 0.0 0.0 0.0 0.0 0.0 0.0 0.0 0.0 0.0 0.0 0.0 0.0 0.0
0.7948911190032959 0.013856224715709686 0.013865220360457897 0.01670270599424839 0.018804611638188362 0.020861752331256866 0.020703008398413658 0.02167082205414772 0.023528069257736206 0.026250040158629417 0.02873416617512703 0.0 0.0 0.0 0.0 0.0 0.0 0.0 0.0 0.0 0.0 0.0 0.0 0.0 0.0 0.0 0.0 0.0 0.0 0.0 0.0 0.0
0.7890132665634155 0.013141952455043793 0.012744582258164883 0.015218507498502731 0.016810741275548935 0.01955289952456951 0.018529457971453667 0.019719354808330536 0.020751837641000748 0.022030068561434746 0.024973038583993912 0.027383219450712204 0.0 0.0 0.0 0.0 0.0 0.0 0.0 0.0 0.0 0.0 0.0 0.0 0.0 0.0 0.0 0.0 0.0 0.0 0.0 0.0
0.7799903750419617 0.011946942657232285 0.011564303189516068 0.013726712204515934 0.015656866133213043 0.016814468428492546 0.016900312155485153 0.01852875016629696 0.0199110247194767 0.020153403282165527 0.022150719538331032 0.026192056015133858 0.026330359280109406 0.0 0.0 0.0 0.0 0.0 0.0 0.0 0.0 0.0 0.0 0.0 0.0 0.0 0.0 0.0 0.0 0.0 0.0 0.0
0.7763692736625671 0.01089816726744175 0.010576367378234863 0.01244707964360714 0.013855211436748505 0.014770548790693283 0.0157321784645319 0.017088407650589943 0.018094245344400406 0.018535254523158073 0.01998669095337391 0.022450339049100876 0.02378886565566063 0.02527008019387722 0.0 0.0 0.0 0.0 0.0 0.0 0.0 0.0 0.0 0.0 0.0 0.0 0.0 0.0 0.0 0.0 0.0 0.0
0.7621415853500366 0.01125729363411665 0.010161347687244415 0.011876357719302177 0.013150333426892757 0.014681989327073097 0.014633296988904476 0.0164082832634449 0.017494162544608116 0.017485342919826508 0.018932368606328964 0.02144554816186428 0.021452920511364937 0.02448301762342453 0.02426040545105934 0.0 0.0 0.0 0.0 0.0 0.0 0.0 0.0 0.0 0.0 0.0 0.0 0.0 0.0 0.0 0.0 0.0
0.7597528696060181 0.010143223218619823 0.009543519467115402 0.011012991890311241 0.01182815246284008 0.012569095008075237 0.013006521388888359 0.014431294985115528 0.015552400611341 0.016234884038567543 0.01728103496134281 0.0193775724619627 0.02027294412255287 0.021901873871684074 0.023636842146515846 0.023320326581597328 0.0 0.0 0.0 0.0 0.0 0.0 0.0 0.0 0.0 0.0 0.0 0.0 0.0 0.0 0.0 0.0
0.7447437644004822 0.009940573945641518 0.00931872520595789 0.010777957737445831 0.01141611859202385 0.013185740448534489 0.012733439914882183 0.013794557191431522 0.014704857021570206 0.015069887973368168 0.016418779268860817 0.019454579800367355 0.018474750220775604 0.01997753418982029 0.022588517516851425 0.024318205192685127 0.02295142598450184 0.0 0.0 0.0 0.0 0.0 0.0 0.0 0.0 0.0 0.0 0.0 0.0 0.0 0.0 0.0
0.7425451278686523 0.009143066592514515 0.008426963351666927 0.010425069369375706 0.011075830087065697 0.011652238667011261 0.01255081593990326 0.012743094936013222 0.013296425342559814 0.014187361113727093 0.01580042392015457 0.016948310658335686 0.017347771674394608 0.019227541983127594 0.01916775293648243 0.020756494253873825 0.022851550951600075 0.021723298355937004 0.0 0.0 0.0 0.0 0.0 0.0 0.0 0.0 0.0 0.0 0.0 0.0 0.0 0.0
0.7344582080841064 0.008611183613538742 0.008084659464657307 0.009899397380650043 0.011234485544264317 0.011135573498904705 0.011732715182006359 0.011923044919967651 0.013061914592981339 0.013192114420235157 0.014496673829853535 0.01598702184855938 0.0165793988853693 0.017975447699427605 0.018586138263344765 0.01962067000567913 0.02060811221599579 0.021511737257242203 0.02116425707936287 0.0 0.0 0.0 0.0 0.0 0.0 0.0 0.0 0.0 0.0 0.0 0.0 0.0
0.7237842082977295 0.008539538830518723 0.007488625589758158 0.009317850694060326 0.010609149001538754 0.01109837181866169 0.011288336478173733 0.011783266440033913 0.012251689098775387 0.013363615609705448 0.014079716056585312 0.014860323630273342 0.01487469207495451 0.016705796122550964 0.017670422792434692 0.01926185004413128 0.019685866311192513 0.02018325962126255 0.02209659479558468 0.020926933735609055 0.0 0.0 0.0 0.0 0.0 0.0 0.0 0.0 0.0 0.0 0.0 0.0
0.7191616296768188 0.00873859878629446 0.007335000671446323 0.008708865381777287 0.00965809728950262 0.010275004431605339 0.010677512735128403 0.01123019214719534 0.011489981785416603 0.012212797999382019 0.013652713038027287 0.013777025043964386 0.013867790810763836 0.014690542593598366 0.015761638060212135 0.01819310151040554 0.01876705139875412 0.01832599937915802 0.020767219364643097 0.02164982445538044 0.02092481218278408 0.0 0.0 0.0 0.0 0.0 0.0 0.0 0.0 0.0 0.0 0.0
0.7204585075378418 0.008564726449549198 0.007124652620404959 0.008023053407669067 0.008738862350583076 0.009503805078566074 0.01000820193439722 0.010201194323599339 0.01054651290178299 0.011228940449655056 0.01159420795738697 0.012660199776291847 0.01272601168602705 0.013241850771009922 0.014508707448840141 0.01707647368311882 0.01639283448457718 0.01703815907239914 0.018628858029842377 0.020850770175457 0.02083258144557476 0.019915666431188583 0.0 0.0 0.0 0.0 0.0 0.0 0.0 0.0 0.0 0.0
0.7126993536949158 0.008833387866616249 0.006997544318437576 0.008207328617572784 0.008785410784184933 0.00943672563880682 0.00931183248758316 0.009664831683039665 0.010116998106241226 0.01074133813381195 0.011182001791894436 0.013232564553618431 0.012233271263539791 0.012779499404132366 0.01342826895415783 0.01571958139538765 0.015086297877132893 0.01651311106979847 0.017079131677746773 0.018938370048999786 0.018824491649866104 0.020352520048618317 0.01970052532851696 0.0 0.0 0.0 0.0 0.0 0.0 0.0 0.0 0.0
0.7099155783653259 0.00796873215585947 0.006761038675904274 0.00785104837268591 0.00815432146191597 0.008750392124056816 0.008724147453904152 0.009115193039178848 0.009638031013309956 0.010152376256883144 0.01061958447098732 0.011778603307902813 0.011380885727703571 0.012364273890852928 0.012864870950579643 0.014755528420209885 0.014097248204052448 0.01468256488442421 0.01579832099378109 0.017243390902876854 0.017279885709285736 0.018976334482431412 0.020556002855300903 0.020436301827430725 0.0 0.0 0.0 0.0 0.0 0.0 0.0 0.0
0.7040727138519287 0.007802221458405256 0.006843632087111473 0.007733557373285294 0.008143872022628784 0.0090480986982584 0.008424163796007633 0.008767852559685707 0.009304863400757313 0.009961254894733429 0.01032833382487297 0.011118021793663502 0.010993028990924358 0.011966022662818432 0.011938915587961674 0.012563728727400303 0.013113410212099552 0.01344914548099041 0.014606460928916931 0.016135824844241142 0.016321172937750816 0.01744959130883217 0.019080912694334984 0.021336233243346214 0.01936466619372368 0.0 0.0 0.0 0.0 0.0 0.0 0.0
0.7020582556724548 0.007628154940903187 0.006462045479565859 0.007348200306296349 0.008101893588900566 0.008281092159450054 0.008447101339697838 0.008009830489754677 0.008634034544229507 0.009379679337143898 0.009928838349878788 0.010655689984560013 0.010764218866825104 0.010821185074746609 0.010919356718659401 0.011765395291149616 0.012134862132370472 0.012392706237733364 0.013694925233721733 0.015171303413808346 0.015189598314464092 0.016039231792092323 0.017272870987653732 0.018740737810730934 0.02019878290593624 0.019785014912486076 0.0 0.0 0.0 0.0 0.0 0.0
0.6951346397399902 0.007336991373449564 0.005788804497569799 0.006949752569198608 0.008013145998120308 0.008119191974401474 0.008102573454380035 0.007985865697264671 0.008286426775157452 0.009600650519132614 0.010341251268982887 0.009796411730349064 0.010790306143462658 0.010577963665127754 0.010643219575285912 0.010791822336614132 0.011739576235413551 0.011848758906126022 0.01285917591303587 0.014314644038677216 0.014343112707138062 0.015071784146130085 0.01592405140399933 0.01732991822063923 0.019488897174596786 0.019581900909543037 0.019062675535678864 0.0 0.0 0.0 0.0 0.0
0.6947325468063354 0.0070871408097445965 0.0055356151424348354 0.00653099874034524 0.007216405589133501 0.007716229651123285 0.007640577852725983 0.007749531418085098 0.007847663946449757 0.008318088948726654 0.008800916373729706 0.009439485147595406 0.009800474159419537 0.010321417823433876 0.010555422864854336 0.011330057866871357 0.01121776644140482 0.011243633925914764 0.012098445557057858 0.01240258477628231 0.01309285219758749 0.01380849163979292 0.015700366348028183 0.017049536108970642 0.016957959160208702 0.018300898373126984 0.019130758941173553 0.018193183466792107 0.0 0.0 0.0 0.0
0.6850464940071106 0.00754996482282877 0.005448261275887489 0.006260456517338753 0.006914597470313311 0.007495489437133074 0.007766798138618469 0.007505442947149277 0.0078020356595516205 0.008462417870759964 0.010420824401080608 0.009040486067533493 0.009818791411817074 0.009759805165231228 0.01021007914096117 0.010520734824240208 0.010579735971987247 0.011608309112489223 0.011879241093993187 0.012578723952174187 0.012358397245407104 0.01299034059047699 0.014045904390513897 0.015315896831452847 0.01618233695626259 0.017138447612524033 0.018480759114027023 0.018725939095020294 0.017909111455082893 0.0 0.0 0.0
0.6839897632598877 0.007691349368542433 0.005391790997236967 0.006132232956588268 0.006603539921343327 0.007324271835386753 0.007458719424903393 0.007531412877142429 0.007836539298295975 0.008035569451749325 0.008676343597471714 0.008702670224010944 0.009007834829390049 0.009201488457620144 0.009701211005449295 0.010396698489785194 0.010220464318990707 0.010366580449044704 0.010950795374810696 0.011574173346161842 0.011371440254151821 0.01190374605357647 0.0131272217258811 0.01413008477538824 0.016005322337150574 0.01638975739479065 0.016885820776224136 0.017588825896382332 0.01802796870470047 0.017598453909158707 0.0 0.0
0.6831335425376892 0.007786499802023172 0.005537104792892933 0.006037047132849693 0.006494867615401745 0.006690409034490585 0.0068953195586800575 0.007157842628657818 0.007533138617873192 0.007723224814981222 0.00792692694813013 0.008361290208995342 0.008344735018908978 0.00852274987846613 0.009276640601456165 0.010049109347164631 0.009319193661212921 0.009601474739611149 0.00986645370721817 0.010884452611207962 0.010594290681183338 0.011077525094151497 0.012055677361786366 0.013095751404762268 0.014276101253926754 0.01535056158900261 0.015825605019927025 0.01659044809639454 0.017546243965625763 0.0185970738530159 0.01766980066895485 0.0
0.6818753480911255 0.007882609032094479 0.005606379359960556 0.006114881485700607 0.006467712577432394 0.007045384496450424 0.006613351404666901 0.006854862906038761 0.0071606687270104885 0.007562966085970402 0.008004547096788883 0.008099020458757877 0.008010467514395714 0.008637596853077412 0.008980889804661274 0.009463576599955559 0.009049379266798496 0.00929859559983015 0.00932268612086773 0.009923634119331837 0.010191578418016434 0.010579130612313747 0.011317609809339046 0.012174985371530056 0.012416479177772999 0.012975797988474369 0.0143685108050704 0.015261288732290268 0.015929507091641426 0.017270971089601517 0.017640387639403343 0.017718002200126648
