1.0 0.0 0.0 0.0 0.0 0.0 0.0 0.0 0.0 0.0 0.0 0.0 0.0 0.0 0.0 0.0 0.0 0.0 0.0 0.0 0.0 0.0 0.0 0.0 0.0 0.0 0.0 0.0 0.0 0.0 0.0 0.0
0.9100339412689209 0.08984804898500443 0.0 0.0 0.0 0.0 0.0 0.0 0.0 0.0 0.0 0.0 0.0 0.0 0.0 0.0 0.0 0.0 0.0 0.0 0.0 0.0 0.0 0.0 0.0 0.0 0.0 0.0 0.0 0.0 0.0 0.0
0.7400856614112854 0.21548692882061005 0.044297076761722565 0.0 0.0 0.0 0.0 0.0 0.0 0.0 0.0 0.0 0.0 0.0 0.0 0.0 0.0 0.0 0.0 0.0 0.0 0.0 0.0 0.0 0.0 0.0 0.0 0.0 0.0 0.0 0.0 0.0
0.6910243630409241 0.0320136733353138 0.2059231549501419 0.07090405374765396 0.0 0.0 0.0 0.0 0.0 0.0 0.0 0.0 0.0 0.0 0.0 0.0 0.0 0.0 0.0 0.0 0.0 0.0 0.0 0.0 0.0 0.0 0.0 0.0 0.0 0.0 0.0 0.0
0.6719627976417542 0.007725892122834921 0.02479700930416584 0.21364688873291016 0.08173142373561859 0.0 0.0 0.0 0.0 0.0 0.0 0.0 0.0 0.0 0.0 0.0 0.0 0.0 0.0 0.0 0.0 0.0 0.0 0.0 0.0 0.0 0.0 0.0 0.0 0.0 0.0 0.0
0.6592544913291931 0.006311965174973011 0.00694119231775403 0.027327561751008034 0.22131453454494476 0.07872447371482849 0.0 0.0 0.0 0.0 0.0 0.0 0.0 0.0 0.0 0.0 0.0 0.0 0.0 0.0 0.0 0.0 0.0 0.0 0.0 0.0 0.0 0.0 0.0 0.0 0.0 0.0
0.6340063214302063 0.008226185105741024 0.004744910169392824 0.007348137907683849 0.026815932244062424 0.23225605487823486 0.08646933734416962 0.0 0.0 0.0 0.0 0.0 0.0 0.0 0.0 0.0 0.0 0.0 0.0 0.0 0.0 0.0 0.0 0.0 0.0 0.0 0.0 0.0 0.0 0.0 0.0 0.0
0.6432949900627136 0.00881962850689888 0.004946010187268257 0.005398338660597801 0.007373951841145754 0.028979115188121796 0.2265682816505432 0.07448462396860123 0.0 0.0 0.0 0.0 0.0 0.0 0.0 0.0 0.0 0.0 0.0 0.0 0.0 0.0 0.0 0.0 0.0 0.0 0.0 0.0 0.0 0.0 0.0 0.0
0.6481532454490662 0.011345211416482925 0.006648820824921131 0.006297641899436712 0.005805509630590677 0.007986503653228283 0.02561582252383232 0.21253031492233276 0.07548990845680237 0.0 0.0 0.0 0.0 0.0 0.0 0.0 0.0 0.0 0.0 0.0 0.0 0.0 0.0 0.0 0.0 0.0 0.0 0.0 0.0 0.0 0.0 0.0
0.6199032664299011 0.009004454128444195 0.008504057303071022 0.007650179788470268 0.0057540531270205975 0.00583753501996398 0.007134301587939262 0.02490193583071232 0.2323833703994751 0.07879829406738281 0.0 0.0 0.0 0.0 0.0 0.0 0.0 0.0 0.0 0.0 0.0 0.0 0.0 0.0 0.0 0.0 0.0 0.0 0.0 0.0 0.0 0.0
0.6313853859901428 0.006358623504638672 0.007188213057816029 0.00895682256668806 0.007615268230438232 0.006355178542435169 0.006409777794033289 0.007182838395237923 0.02492554858326912 0.21793866157531738 0.07555126398801804 0.0 0.0 0.0 0.0 0.0 0.0 0.0 0.0 0.0 0.0 0.0 0.0 0.0 0.0 0.0 0.0 0.0 0.0 0.0 0.0 0.0
0.6152775883674622 0.004941204097121954 0.004938202910125256 0.007739795837551355 0.009092848747968674 0.0076875239610672 0.006796945817768574 0.00592897878959775 0.007449060212820768 0.02415020391345024 0.2280731201171875 0.0777880921959877 0.0 0.0 0.0 0.0 0.0 0.0 0.0 0.0 0.0 0.0 0.0 0.0 0.0 0.0 0.0 0.0 0.0 0.0 0.0 0.0
0.588573157787323 0.0047600665129721165 0.003964211791753769 0.005237221252173185 0.007798829115927219 0.009135027416050434 0.0072290245443582535 0.005398765206336975 0.005599633324891329 0.006502976641058922 0.024844644591212273 0.2473512589931488 0.08347038179636002 0.0 0.0 0.0 0.0 0.0 0.0 0.0 0.0 0.0 0.0 0.0 0.0 0.0 0.0 0.0 0.0 0.0 0.0 0.0
0.602269172668457 0.004983133170753717 0.004021201748400927 0.004468936938792467 0.0054090810008347034 0.007831699214875698 0.010020553134381771 0.007077047601342201 0.005819061305373907 0.005222670268267393 0.00656692311167717 0.02303731068968773 0.2357267290353775 0.07741391658782959 0.0 0.0 0.0 0.0 0.0 0.0 0.0 0.0 0.0 0.0 0.0 0.0 0.0 0.0 0.0 0.0 0.0 0.0
0.5768088102340698 0.005968686658889055 0.0045859673991799355 0.00466958386823535 0.004810623824596405 0.007503966335207224 0.009207633323967457 0.009402355179190636 0.00867933314293623 0.005810228176414967 0.005388751160353422 0.006869767792522907 0.024463368579745293 0.24293650686740875 0.08275474607944489 0.0 0.0 0.0 0.0 0.0 0.0 0.0 0.0 0.0 0.0 0.0 0.0 0.0 0.0 0.0 0.0 0.0
0.5908963084220886 0.004753738641738892 0.004816475789994001 0.005151649471372366 0.004613361321389675 0.0048588174395263195 0.006000904366374016 0.007785251829773188 0.009761142544448376 0.007010194938629866 0.00557261798530817 0.00505243893712759 0.006620084401220083 0.024249721318483353 0.23213590681552887 0.08058809489011765 0.0 0.0 0.0 0.0 0.0 0.0 0.0 0.0 0.0 0.0 0.0 0.0 0.0 0.0 0.0 0.0
0.5592797994613647 0.0035020732320845127 0.00410827761515975 0.0053893812000751495 0.005320636089891195 0.004697411321103573 0.005011863075196743 0.005586390383541584 0.008149079978466034 0.008946949616074562 0.007162373047322035 0.005579088814556599 0.0051167989149689674 0.0067236945033073425 0.024766596034169197 0.2582685649394989 0.08225671201944351 0.0 0.0 0.0 0.0 0.0 0.0 0.0 0.0 0.0 0.0 0.0 0.0 0.0 0.0 0.0
0.5847888588905334 0.0028394190594553947 0.0032130940817296505 0.004534579813480377 0.005773663520812988 0.005467218346893787 0.005214457865804434 0.004572327248752117 0.00584834162145853 0.007562237326055765 0.009533743374049664 0.0073085203766822815 0.005498068872839212 0.005111651960760355 0.006866452284157276 0.02492186613380909 0.23271161317825317 0.07810213416814804 0.0 0.0 0.0 0.0 0.0 0.0 0.0 0.0 0.0 0.0 0.0 0.0 0.0 0.0
0.5697094202041626 0.002987834857776761 0.002825824311003089 0.003739303443580866 0.004935837350785732 0.0061548189260065556 0.006460330914705992 0.004747271537780762 0.005117381457239389 0.005524774082005024 0.00824744999408722 0.009542093612253666 0.007466639392077923 0.005648763384670019 0.005830705165863037 0.006927995942533016 0.025115344673395157 0.2342757135629654 0.08461132645606995 0.0 0.0 0.0 0.0 0.0 0.0 0.0 0.0 0.0 0.0 0.0 0.0 0.0
0.5681824088096619 0.003895967733114958 0.002828283002600074 0.003390164580196142 0.004078850150108337 0.005556111223995686 0.006348910741508007 0.006295464932918549 0.005323625635355711 0.005193569231778383 0.006194069515913725 0.008731042966246605 0.009212900884449482 0.007282211445271969 0.005958428140729666 0.005487736314535141 0.006853906437754631 0.025249047204852104 0.23483046889305115 0.07897210121154785 0.0 0.0 0.0 0.0 0.0 0.0 0.0 0.0 0.0 0.0 0.0 0.0
0.5648235082626343 0.0037860895972698927 0.003083594609051943 0.003306579077616334 0.0033876635134220123 0.0041379802860319614 0.005594291724264622 0.005809828173369169 0.005722180940210819 0.005247750319540501 0.004968456923961639 0.00591611722484231 0.007820332422852516 0.00921514444053173 0.008045310154557228 0.005674447398632765 0.005293064285069704 0.0066758994944393635 0.02530652843415737 0.23411023616790771 0.0819404125213623 0.0 0.0 0.0 0.0 0.0 0.0 0.0 0.0 0.0 0.0 0.0
0.5458427667617798 0.0032176650129258633 0.0033077995758503675 0.0033437630627304316 0.003400263609364629 0.003505441127344966 0.003927877172827721 0.00491591589525342 0.006103119812905788 0.005791377276182175 0.005133531987667084 0.005023936741054058 0.005680155474692583 0.007652644533663988 0.010017992928624153 0.007261333055794239 0.00567952636629343 0.005160829517990351 0.007483805064111948 0.02486935630440712 0.2509872019290924 0.08156206458806992 0.0 0.0 0.0 0.0 0.0 0.0 0.0 0.0 0.0 0.0
0.544209361076355 0.0025801523588597775 0.0028404120821505785 0.0035877348855137825 0.003676456166431308 0.004275304730981588 0.003592343768104911 0.003930754493921995 0.005308595020323992 0.006008810829371214 0.005965478718280792 0.006475288420915604 0.004909786395728588 0.005902842618525028 0.008596270345151424 0.009261518716812134 0.007440612185746431 0.005736198741942644 0.005589339882135391 0.0072188531048595905 0.026572085916996002 0.24162162840366364 0.08456846326589584 0.0 0.0 0.0 0.0 0.0 0.0 0.0 0.0 0.0
0.5398213267326355 0.0023743773344904184 0.0023752341512590647 0.0030611769761890173 0.0037501605693250895 0.0039053489454090595 0.0037263508420437574 0.003453277749940753 0.004010119009763002 0.0051471395418047905 0.006239825394004583 0.0057899863459169865 0.004971010144799948 0.00473362673074007 0.006049418356269598 0.008263938128948212 0.009311636909842491 0.007079104892909527 0.005984449293464422 0.0055929929949343204 0.007110757753252983 0.02531338483095169 0.24953660368919373 0.08226550370454788 0.0 0.0 0.0 0.0 0.0 0.0 0.0 0.0
0.5345384478569031 0.0027072483208030462 0.002134553389623761 0.002568586729466915 0.003383093513548374 0.003939003683626652 0.0038766006473451853 0.0034913867712020874 0.0036212708801031113 0.00404752790927887 0.005578019190579653 0.006817882880568504 0.005617259070277214 0.005078775808215141 0.005187051370739937 0.005966490600258112 0.009076524525880814 0.009448402561247349 0.00779073778539896 0.006032542325556278 0.005523557774722576 0.007284307386726141 0.0255547184497118 0.25105634331703186 0.0795423686504364 0.0 0.0 0.0 0.0 0.0 0.0 0.0
0.5472556352615356 0.002705560764297843 0.0020002208184450865 0.0022898633033037186 0.0026785992085933685 0.0033794138580560684 0.0038140658289194107 0.0036046705208718777 0.0035029908176511526 0.0033547745551913977 0.004107605200260878 0.0053736139088869095 0.0058244019746780396 0.005427656229585409 0.005570312030613422 0.004961980041116476 0.005939678754657507 0.007959732785820961 0.009628599509596825 0.008230047300457954 0.005875678267329931 0.0055505563504993916 0.007676750887185335 0.027877116575837135 0.23313909769058228 0.08209257572889328 0.0 0.0 0.0 0.0 0.0 0.0
0.5280476212501526 0.003083376446738839 0.0022579829674214125 0.002243220340460539 0.002518170513212681 0.002860286273062229 0.0033488550689071417 0.0038011742290109396 0.0037721048574894667 0.003313274821266532 0.0036511304788291454 0.004231458064168692 0.005061761476099491 0.005883690435439348 0.005906985141336918 0.004852100741118193 0.005315749906003475 0.005684932228177786 0.008440595120191574 0.009639988653361797 0.007479451596736908 0.00571083091199398 0.00552001828327775 0.007115647196769714 0.026860501617193222 0.24734008312225342 0.08588217198848724 0.0 0.0 0.0 0.0 0.0
0.5297304391860962 0.002639851998537779 0.0025179185904562473 0.002520895330235362 0.002444154117256403 0.0027023782022297382 0.0028794696554541588 0.0032613533549010754 0.003956100437790155 0.003641826566308737 0.003533922601491213 0.0038324196357280016 0.004047369584441185 0.0051139043644070625 0.0066286539658904076 0.005506096873432398 0.005132858641445637 0.0048621222376823425 0.006240328773856163 0.008296474814414978 0.010066777467727661 0.007630909327417612 0.006582286208868027 0.005684607196599245 0.007846582680940628 0.02863377332687378 0.23853257298469543 0.08535974472761154 0.0 0.0 0.0 0.0
0.5238093137741089 0.0019111937144771218 0.002219772431999445 0.0027284263633191586 0.0026775323785841465 0.0025858606677502394 0.002670144196599722 0.0026947446167469025 0.0034830686636269093 0.00391008798032999 0.003970909398049116 0.0034958901815116405 0.0035149776376783848 0.004059697035700083 0.005906224716454744 0.006279931403696537 0.0057592387311160564 0.004974761046469212 0.005345726851373911 0.0068593393079936504 0.008655759505927563 0.00970812700688839 0.008375100791454315 0.006246700882911682 0.005691337864845991 0.007367318961769342 0.026521621271967888 0.24261830747127533 0.08577709645032883 0.0 0.0 0.0
0.519987940788269 0.0017539014806970954 0.0017202218296006322 0.002463972894474864 0.0029432461597025394 0.0028560138307511806 0.0028880597092211246 0.0025014053098857403 0.002867874689400196 0.003283149329945445 0.004121481440961361 0.003761525033041835 0.0036167828366160393 0.0036761413794010878 0.00444010179489851 0.0053440239280462265 0.0063661313615739346 0.00566377816721797 0.00536349369212985 0.00603615865111351 0.00611683027818799 0.008406766690313816 0.010269982740283012 0.008094850927591324 0.006032063625752926 0.0062418775632977486 0.007205231115221977 0.025902265682816505 0.24645176529884338 0.08344491571187973 0.0 0.0
0.5341553688049316 0.0016470765694975853 0.001551549299620092 0.0019170414889231324 0.0026139526162296534 0.0031127403490245342 0.0028077084571123123 0.0025059753097593784 0.0026442420203238726 0.0027706564869731665 0.0035841423086822033 0.003977905493229628 0.0038244056049734354 0.003528760513290763 0.004072555806487799 0.0041518015787005424 0.005344035103917122 0.0060367281548678875 0.005860149394720793 0.0053153131157159805 0.00526684382930398 0.006332866381853819 0.00894949957728386 0.010096023790538311 0.007938024587929249 0.006059116683900356 0.00555807538330555 0.007663957308977842 0.02545594424009323 0.2361801415681839 0.07889652252197266 0.0
0.5163562893867493 0.001856998773291707 0.0014849468134343624 0.0016710057388991117 0.0021547009237110615 0.004425643477588892 0.0031364751048386097 0.0026986661832779646 0.0027281318325549364 0.0025883340276777744 0.0030507107730954885 0.0035405259113758802 0.004045660607516766 0.004011399112641811 0.0037231454625725746 0.003715636907145381 0.004393220413476229 0.005288577638566494 0.006607270799577236 0.006044530309736729 0.005206444766372442 0.005347730591893196 0.006353114731609821 0.008880218490958214 0.010170833207666874 0.007866938598453999 0.006513235624879599 0.005834735929965973 0.007629146333783865 0.026066919788718224 0.24558277428150177 0.08084817975759506
