1.0 0.0 0.0 0.0 0.0 0.0 0.0 0.0 0.0 0.0 0.0 0.0 0.0 0.0 0.0 0.0 0.0 0.0 0.0 0.0 0.0 0.0 0.0 0.0 0.0 0.0 0.0 0.0 0.0 0.0 0.0 0.0
0.9099245667457581 0.08993564546108246 0.0 0.0 0.0 0.0 0.0 0.0 0.0 0.0 0.0 0.0 0.0 0.0 0.0 0.0 0.0 0.0 0.0 0.0 0.0 0.0 0.0 0.0 0.0 0.0 0.0 0.0 0.0 0.0 0.0 0.0
0.8993232846260071 0.038597919046878815 0.06194356828927994 0.0 0.0 0.0 0.0 0.0 0.0 0.0 0.0 0.0 0.0 0.0 0.0 0.0 0.0 0.0 0.0 0.0 0.0 0.0 0.0 0.0 0.0 0.0 0.0 0.0 0.0 0.0 0.0 0.0
0.8827744722366333 0.028502950444817543 0.030590754002332687 0.05799178406596184 0.0 0.0 0.0 0.0 0.0 0.0 0.0 0.0 0.0 0.0 0.0 0.0 0.0 0.0 0.0 0.0 0.0 0.0 0.0 0.0 0.0 0.0 0.0 0.0 0.0 0.0 0.0 0.0
0.8682001829147339 0.02384483441710472 0.020601371303200722 0.02948736399412155 0.05772975832223892 0.0 0.0 0.0 0.0 0.0 0.0 0.0 0.0 0.0 0.0 0.0 0.0 0.0 0.0 0.0 0.0 0.0 0.0 0.0 0.0 0.0 0.0 0.0 0.0 0.0 0.0 0.0
0.8557277917861938 0.021356215700507164 0.016867367550730705 0.020433645695447922 0.028392251580953598 0.05708862468600273 0.0 0.0 0.0 0.0 0.0 0.0 0.0 0.0 0.0 0.0 0.0 0.0 0.0 0.0 0.0 0.0 0.0 0.0 0.0 0.0 0.0 0.0 0.0 0.0 0.0 0.0
0.8451659679412842 0.018962407484650612 0.014219862408936024 0.01682208478450775 0.01971389539539814 0.027627918869256973 0.05735411122441292 0.0 0.0 0.0 0.0 0.0 0.0 0.0 0.0 0.0 0.0 0.0 0.0 0.0 0.0 0.0 0.0 0.0 0.0 0.0 0.0 0.0 0.0 0.0 0.0 0.0
0.8337003588676453 0.01724955067038536 0.012659033760428429 0.014806673862040043 0.016253704205155373 0.019205845892429352 0.02675566077232361 0.05923439562320709 0.0 0.0 0.0 0.0 0.0 0.0 0.0 0.0 0.0 0.0 0.0 0.0 0.0 0.0 0.0 0.0 0.0 0.0 0.0 0.0 0.0 0.0 0.0 0.0
0.819402277469635 0.016492662951350212 0.011564953252673149 0.013443494215607643 0.015755489468574524 0.01727443002164364 0.01924353651702404 0.027965201064944267 0.0587223581969738 0.0 0.0 0.0 0.0 0.0 0.0 0.0 0.0 0.0 0.0 0.0 0.0 0.0 0.0 0.0 0.0 0.0 0.0 0.0 0.0 0.0 0.0 0.0
0.813215970993042 0.015312103554606438 0.010427800938487053 0.011862201616168022 0.013836279511451721 0.015122370794415474 0.015923794358968735 0.01884775049984455 0.026527544483542442 0.058796584606170654 0.0 0.0 0.0 0.0 0.0 0.0 0.0 0.0 0.0 0.0 0.0 0.0 0.0 0.0 0.0 0.0 0.0 0.0 0.0 0.0 0.0 0.0
0.8095534443855286 0.014207511208951473 0.009161134250462055 0.01002939697355032 0.01133734080940485 0.012868807651102543 0.014403053559362888 0.01566164381802082 0.017687037587165833 0.02607874386012554 0.05887431278824806 0.0 0.0 0.0 0.0 0.0 0.0 0.0 0.0 0.0 0.0 0.0 0.0 0.0 0.0 0.0 0.0 0.0 0.0 0.0 0.0 0.0
0.7998035550117493 0.013456987217068672 0.008708790875971317 0.009358050301671028 0.009925163350999355 0.011291940696537495 0.012761862017214298 0.0147014819085598 0.015906229615211487 0.017862556502223015 0.025299403816461563 0.06078758090734482 0.0 0.0 0.0 0.0 0.0 0.0 0.0 0.0 0.0 0.0 0.0 0.0 0.0 0.0 0.0 0.0 0.0 0.0 0.0 0.0
0.7907889485359192 0.012517382390797138 0.00841884221881628 0.008747946470975876 0.00897663738578558 0.009781739674508572 0.011269506998360157 0.012844088487327099 0.014554831199347973 0.01600167527794838 0.018993962556123734 0.026988914236426353 0.05997970327734947 0.0 0.0 0.0 0.0 0.0 0.0 0.0 0.0 0.0 0.0 0.0 0.0 0.0 0.0 0.0 0.0 0.0 0.0 0.0
0.7897242903709412 0.010923348367214203 0.007981802336871624 0.008027512580156326 0.007987089455127716 0.008884294889867306 0.009811107069253922 0.011400705203413963 0.012998049147427082 0.014115996658802032 0.015575204975903034 0.018121883273124695 0.025159496814012527 0.05915343388915062 0.0 0.0 0.0 0.0 0.0 0.0 0.0 0.0 0.0 0.0 0.0 0.0 0.0 0.0 0.0 0.0 0.0 0.0
0.7811665534973145 0.009867447428405285 0.007328670937567949 0.0076995063573122025 0.0076781874522566795 0.008082695305347443 0.008909790776669979 0.010194600559771061 0.011702843941748142 0.012826919555664062 0.014440723694860935 0.016381023451685905 0.018388301134109497 0.026031292974948883 0.05917052552103996 0.0 0.0 0.0 0.0 0.0 0.0 0.0 0.0 0.0 0.0 0.0 0.0 0.0 0.0 0.0 0.0 0.0
0.7762256860733032 0.009257729165256023 0.006735771428793669 0.0073369587771594524 0.007783471141010523 0.007505842950195074 0.008221390657126904 0.009026856161653996 0.010117609985172749 0.011702104471623898 0.012792215682566166 0.015371540561318398 0.016013270244002342 0.01760709658265114 0.024648012593388557 0.05952213332056999 0.0 0.0 0.0 0.0 0.0 0.0 0.0 0.0 0.0 0.0 0.0 0.0 0.0 0.0 0.0 0.0
0.768505334854126 0.009446769021451473 0.006154421251267195 0.006996586918830872 0.007365863304585218 0.007422151044011116 0.007837812416255474 0.008503356948494911 0.009762413799762726 0.010420719161629677 0.012124053202569485 0.012725797481834888 0.014560981653630733 0.01616635173559189 0.017464209347963333 0.02493561990559101 0.05947742611169815 0.0 0.0 0.0 0.0 0.0 0.0 0.0 0.0 0.0 0.0 0.0 0.0 0.0 0.0 0.0
0.7666378617286682 0.009440545924007893 0.005640443880110979 0.006702796556055546 0.007156821433454752 0.007202611770480871 0.00757865235209465 0.008012253791093826 0.008665241301059723 0.008778964169323444 0.010037282481789589 0.011096592992544174 0.012676839716732502 0.014846226200461388 0.014897997491061687 0.01733212172985077 0.024433495476841927 0.05872541293501854 0.0 0.0 0.0 0.0 0.0 0.0 0.0 0.0 0.0 0.0 0.0 0.0 0.0 0.0
0.7566465735435486 0.009618869982659817 0.005361170973628759 0.006227987352758646 0.006639394443482161 0.007106390316039324 0.00736691989004612 0.0077472045086324215 0.00802644807845354 0.008248483762145042 0.009353461675345898 0.010299954563379288 0.011585998348891735 0.013117278926074505 0.013990677893161774 0.015943406149744987 0.018231848254799843 0.024390513077378273 0.059969935566186905 0.0 0.0 0.0 0.0 0.0 0.0 0.0 0.0 0.0 0.0 0.0 0.0 0.0
0.7473152279853821 0.009650366380810738 0.005216699093580246 0.006067815702408552 0.0063440012745559216 0.006982259918004274 0.007486683316528797 0.0076334308832883835 0.007678897585719824 0.008093111217021942 0.0086569394916296 0.009549322538077831 0.010240842588245869 0.01163105946034193 0.012836270965635777 0.014946727082133293 0.015877781435847282 0.017691733315587044 0.02512698993086815 0.06083830073475838 0.0 0.0 0.0 0.0 0.0 0.0 0.0 0.0 0.0 0.0 0.0 0.0
0.7470757961273193 0.00912132766097784 0.005100493784993887 0.005670612212270498 0.005826566368341446 0.006322494708001614 0.006683956831693649 0.007431045174598694 0.0076945568434894085 0.007688495796173811 0.008045956492424011 0.008389102295041084 0.00879612285643816 0.010172377340495586 0.011260480619966984 0.012803218327462673 0.013892199844121933 0.015352310612797737 0.01818559505045414 0.0241550225764513 0.060197241604328156 0.0 0.0 0.0 0.0 0.0 0.0 0.0 0.0 0.0 0.0 0.0
0.7450153231620789 0.008351275697350502 0.00514219468459487 0.005465082358568907 0.005534669850021601 0.0060083880089223385 0.006493440363556147 0.0068748281337320805 0.007214874494820833 0.007423331029713154 0.00792487058788538 0.00813313852995634 0.008123578503727913 0.008930706419050694 0.009881620295345783 0.011440541595220566 0.01238920446485281 0.013821592554450035 0.015483874827623367 0.017259417101740837 0.02401227504014969 0.05894401669502258 0.0 0.0 0.0 0.0 0.0 0.0 0.0 0.0 0.0 0.0
0.7394316792488098 0.007688817568123341 0.005161442328244448 0.005612078122794628 0.005586050916463137 0.005811064969748259 0.006234546657651663 0.00688411807641387 0.007253696210682392 0.007448613177984953 0.008006466552615166 0.008516442961990833 0.007968224585056305 0.008576519787311554 0.008791221305727959 0.009810744784772396 0.010908684693276882 0.01228670310229063 0.013739258050918579 0.015005105175077915 0.01688794605433941 0.023826641961932182 0.058422621339559555 0.0 0.0 0.0 0.0 0.0 0.0 0.0 0.0 0.0
0.7335379123687744 0.007138574030250311 0.005016014911234379 0.005588823463767767 0.005465126130729914 0.005869525484740734 0.005809877999126911 0.006134797353297472 0.006578007712960243 0.007154732011258602 0.007694263942539692 0.008429784327745438 0.008034724742174149 0.008478276431560516 0.008231855928897858 0.008929924108088017 0.00944181066006422 0.010753019712865353 0.01240146066993475 0.013715933077037334 0.014825057238340378 0.017061010003089905 0.0239303819835186 0.05964392051100731 0.0 0.0 0.0 0.0 0.0 0.0 0.0 0.0
0.72920161485672 0.007169157266616821 0.00477592134848237 0.005431488621979952 0.005673584528267384 0.005663542542606592 0.005695499945431948 0.006004214286804199 0.0062514436431229115 0.007116663735359907 0.007706573233008385 0.007802518084645271 0.008000071160495281 0.008034106343984604 0.007623632438480854 0.007923273369669914 0.008440330624580383 0.009260311722755432 0.010796165093779564 0.012222515419125557 0.01333444844931364 0.01514451578259468 0.017019424587488174 0.023801598697900772 0.05977674573659897 0.0 0.0 0.0 0.0 0.0 0.0 0.0
0.726965606212616 0.007300808560103178 0.004572546109557152 0.00519044091925025 0.005434463731944561 0.005571962334215641 0.005544799845665693 0.005736734718084335 0.006032531149685383 0.006465769838541746 0.00697595439851284 0.007233966141939163 0.007473522797226906 0.0078941211104393 0.007611715700477362 0.007400155533105135 0.007823566906154156 0.008271330036222935 0.00941868219524622 0.01071138121187687 0.011783301830291748 0.013615368865430355 0.01471157930791378 0.016725897789001465 0.023811649531126022 0.05954228341579437 0.0 0.0 0.0 0.0 0.0 0.0
0.7196105718612671 0.007118143141269684 0.004223234485834837 0.00485305767506361 0.005180047359317541 0.005243024323135614 0.005317462142556906 0.005412597209215164 0.005715980660170317 0.00617601815611124 0.006969157140702009 0.0068996441550552845 0.007719795685261488 0.008465356193482876 0.008210977539420128 0.007415571250021458 0.007924649864435196 0.007940452545881271 0.008873899467289448 0.00931814406067133 0.010569524951279163 0.012080300599336624 0.013355061411857605 0.014721891842782497 0.017088057473301888 0.024147672578692436 0.05926969274878502 0.0 0.0 0.0 0.0 0.0
0.7171720862388611 0.007249309215694666 0.004145913291722536 0.004597492516040802 0.00486406497657299 0.005102598574012518 0.005239673890173435 0.005274410359561443 0.005476862192153931 0.005490235518664122 0.006418545730412006 0.006799991242587566 0.007414683233946562 0.008399534039199352 0.008097609505057335 0.007579219061881304 0.007405160926282406 0.007651104126125574 0.008354506455361843 0.008198480121791363 0.009164535440504551 0.010407562367618084 0.011887217871844769 0.013101150281727314 0.014608561992645264 0.01822582818567753 0.023089762777090073 0.05840606987476349 0.0 0.0 0.0 0.0
0.7127546668052673 0.007281264755874872 0.003980692010372877 0.004448254592716694 0.004702142905443907 0.005028286948800087 0.005327487830072641 0.005254219751805067 0.005336746107786894 0.005403783638030291 0.005799697712063789 0.006186134647578001 0.006796840578317642 0.00764667009934783 0.007684321608394384 0.007795251440256834 0.007277350407093763 0.007258712314069271 0.007826252840459347 0.007601358462125063 0.0082462839782238 0.009357621893286705 0.010759375058114529 0.012039436027407646 0.013886169530451298 0.015097633004188538 0.01631999760866165 0.023283259943127632 0.05944591760635376 0.0 0.0 0.0
0.7068730592727661 0.007551693357527256 0.004154867492616177 0.004376138560473919 0.004538707435131073 0.004896917846053839 0.005220003891736269 0.00538914417847991 0.005453128833323717 0.0054197837598621845 0.0057043819688260555 0.0061788964085280895 0.006351657211780548 0.006945181638002396 0.007112485356628895 0.008428003638982773 0.007157000247389078 0.0072543565183877945 0.00729400385171175 0.007425361778587103 0.007589924149215221 0.008481529541313648 0.00956147350370884 0.010887152515351772 0.012894300743937492 0.01374085620045662 0.014445415697991848 0.01652807742357254 0.022910937666893005 0.05905868858098984 0.0 0.0
0.7045876383781433 0.007400658447295427 0.004146822262555361 0.004284833557903767 0.004334914032369852 0.0046654255129396915 0.005074476357549429 0.0053345817141234875 0.00550161162391305 0.005503527820110321 0.005548420827835798 0.006149706430733204 0.005920190364122391 0.006220321636646986 0.0068481722846627235 0.008512753061950207 0.006991671863943338 0.007099900394678116 0.007790155243128538 0.007190856616944075 0.007244626060128212 0.007449427619576454 0.008774732239544392 0.009164499118924141 0.010265805758535862 0.011747876182198524 0.012984624132514 0.014596995897591114 0.01613312028348446 0.02288682572543621 0.05946481227874756 0.0
0.7023683786392212 0.007384596858173609 0.004247269593179226 0.004193529020994902 0.004290835000574589 0.004593908321112394 0.004979192279279232 0.005537251476198435 0.005846298765391111 0.00564278569072485 0.005816173739731312 0.005866165738552809 0.005815743003040552 0.006064457818865776 0.006363088730722666 0.006524821277707815 0.006691774353384972 0.006819439586251974 0.007931302301585674 0.006940668448805809 0.007032053545117378 0.007108148653060198 0.008555603213608265 0.00804820191115141 0.008889306336641312 0.010116543620824814 0.011609659530222416 0.01290576346218586 0.013817260041832924 0.015932509675621986 0.02341444417834282 0.05847389996051788
