1.9999799728393555 0.0 0.0 0.0 0.0 0.0 0.0 0.0 0.0 0.0 0.0 0.0 0.0 0.0 0.0 0.0 0.0 0.0 0.0 0.0 0.0 0.0 0.0 0.0 0.0 0.0 0.0 0.0 0.0 0.0 0.0 0.0
1.943483591079712 0.4718590974807739 0.0 0.0 0.0 0.0 0.0 0.0 0.0 0.0 0.0 0.0 0.0 0.0 0.0 0.0 0.0 0.0 0.0 0.0 0.0 0.0 0.0 0.0 0.0 0.0 0.0 0.0 0.0 0.0 0.0 0.0
1.940332293510437 0.31980133056640625 0.364316463470459 0.0 0.0 0.0 0.0 0.0 0.0 0.0 0.0 0.0 0.0 0.0 0.0 0.0 0.0 0.0 0.0 0.0 0.0 0.0 0.0 0.0 0.0 0.0 0.0 0.0 0.0 0.0 0.0 0.0
1.9152860641479492 0.3095557689666748 0.3178054094314575 0.3670628070831299 0.0 0.0 0.0 0.0 0.0 0.0 0.0 0.0 0.0 0.0 0.0 0.0 0.0 0.0 0.0 0.0 0.0 0.0 0.0 0.0 0.0 0.0 0.0 0.0 0.0 0.0 0.0 0.0
1.8974276781082153 0.2876523733139038 0.30006611347198486 0.30916523933410645 0.3623366355895996 0.0 0.0 0.0 0.0 0.0 0.0 0.0 0.0 0.0 0.0 0.0 0.0 0.0 0.0 0.0 0.0 0.0 0.0 0.0 0.0 0.0 0.0 0.0 0.0 0.0 0.0 0.0
1.8796964883804321 0.2671006917953491 0.28299951553344727 0.28868651390075684 0.31014037132263184 0.3683004379272461 0.0 0.0 0.0 0.0 0.0 0.0 0.0 0.0 0.0 0.0 0.0 0.0 0.0 0.0 0.0 0.0 0.0 0.0 0.0 0.0 0.0 0.0 0.0 0.0 0.0 0.0
1.8692537546157837 0.25120246410369873 0.26185142993927 0.2706115245819092 0.2869654893875122 0.30513787269592285 0.3541145324707031 0.0 0.0 0.0 0.0 0.0 0.0 0.0 0.0 0.0 0.0 0.0 0.0 0.0 0.0 0.0 0.0 0.0 0.0 0.0 0.0 0.0 0.0 0.0 0.0 0.0
1.858858346939087 0.23857152462005615 0.25109028816223145 0.25533533096313477 0.27017176151275635 0.28214216232299805 0.29474151134490967 0.3462259769439697 0.0 0.0 0.0 0.0 0.0 0.0 0.0 0.0 0.0 0.0 0.0 0.0 0.0 0.0 0.0 0.0 0.0 0.0 0.0 0.0 0.0 0.0 0.0 0.0
1.8458272218704224 0.2309633493423462 0.2396467924118042 0.2457890510559082 0.25674641132354736 0.26629316806793213 0.2751326560974121 0.2984147071838379 0.34641945362091064 0.0 0.0 0.0 0.0 0.0 0.0 0.0 0.0 0.0 0.0 0.0 0.0 0.0 0.0 0.0 0.0 0.0 0.0 0.0 0.0 0.0 0.0 0.0
1.8418306112289429 0.22057008743286133 0.22636890411376953 0.22925496101379395 0.23513388633728027 0.2432039976119995 0.2557992935180664 0.2715252637863159 0.2888026237487793 0.34356796741485596 0.0 0.0 0.0 0.0 0.0 0.0 0.0 0.0 0.0 0.0 0.0 0.0 0.0 0.0 0.0 0.0 0.0 0.0 0.0 0.0 0.0 0.0
1.8344697952270508 0.21428751945495605 0.21987545490264893 0.22323322296142578 0.22776579856872559 0.22946476936340332 0.23936104774475098 0.2523658275604248 0.26624786853790283 0.2866717576980591 0.33447790145874023 0.0 0.0 0.0 0.0 0.0 0.0 0.0 0.0 0.0 0.0 0.0 0.0 0.0 0.0 0.0 0.0 0.0 0.0 0.0 0.0 0.0
1.8258998394012451 0.2069627046585083 0.2081671953201294 0.21788322925567627 0.2225707769393921 0.2237560749053955 0.22811126708984375 0.2393181324005127 0.2529642581939697 0.2663184404373169 0.28074443340301514 0.3311142921447754 0.0 0.0 0.0 0.0 0.0 0.0 0.0 0.0 0.0 0.0 0.0 0.0 0.0 0.0 0.0 0.0 0.0 0.0 0.0 0.0
1.8137332201004028 0.20462799072265625 0.20624709129333496 0.21251416206359863 0.2160639762878418 0.2184162139892578 0.2214881181716919 0.23430871963500977 0.24003303050994873 0.2510615587234497 0.26453089714050293 0.28473615646362305 0.33252549171447754 0.0 0.0 0.0 0.0 0.0 0.0 0.0 0.0 0.0 0.0 0.0 0.0 0.0 0.0 0.0 0.0 0.0 0.0 0.0
1.8120256662368774 0.19960618019104004 0.19668245315551758 0.20270323753356934 0.2075209617614746 0.21031498908996582 0.21390116214752197 0.2179718017578125 0.2249162197113037 0.23651480674743652 0.24816060066223145 0.25956273078918457 0.2774021625518799 0.32213473320007324 0.0 0.0 0.0 0.0 0.0 0.0 0.0 0.0 0.0 0.0 0.0 0.0 0.0 0.0 0.0 0.0 0.0 0.0
1.798160195350647 0.19760072231292725 0.19562625885009766 0.19852900505065918 0.20023667812347412 0.20432066917419434 0.2094736099243164 0.21464014053344727 0.21985340118408203 0.2283388376235962 0.23867380619049072 0.2525293827056885 0.2699235677719116 0.2797304391860962 0.3249499797821045 0.0 0.0 0.0 0.0 0.0 0.0 0.0 0.0 0.0 0.0 0.0 0.0 0.0 0.0 0.0 0.0 0.0
1.7910044193267822 0.19028210639953613 0.19251859188079834 0.19541072845458984 0.19445419311523438 0.1992473602294922 0.2020258903503418 0.20749878883361816 0.21500778198242188 0.21844232082366943 0.22372066974639893 0.23781538009643555 0.25373220443725586 0.2657977342605591 0.27817368507385254 0.32603907585144043 0.0 0.0 0.0 0.0 0.0 0.0 0.0 0.0 0.0 0.0 0.0 0.0 0.0 0.0 0.0 0.0
1.7736577987670898 0.1818850040435791 0.1880267858505249 0.19350481033325195 0.19369614124298096 0.20214498043060303 0.20115113258361816 0.20788371562957764 0.21820032596588135 0.2183384895324707 0.22057867050170898 0.2280716896057129 0.24871790409088135 0.2592548131942749 0.26872503757476807 0.2870720624923706 0.32607805728912354 0.0 0.0 0.0 0.0 0.0 0.0 0.0 0.0 0.0 0.0 0.0 0.0 0.0 0.0 0.0
1.7722359895706177 0.17211246490478516 0.18129432201385498 0.19111692905426025 0.1914229393005371 0.19112849235534668 0.19313454627990723 0.19788885116577148 0.2099665403366089 0.20803308486938477 0.21351301670074463 0.22456800937652588 0.226598858833313 0.24446702003479004 0.2512476444244385 0.2692612409591675 0.2794768810272217 0.31946587562561035 0.0 0.0 0.0 0.0 0.0 0.0 0.0 0.0 0.0 0.0 0.0 0.0 0.0 0.0
1.7606220245361328 0.16739332675933838 0.17491745948791504 0.1860288381576538 0.18830549716949463 0.19005894660949707 0.192124605178833 0.19560515880584717 0.20077252388000488 0.2036665678024292 0.21327877044677734 0.22805237770080566 0.22085893154144287 0.22648608684539795 0.23781204223632812 0.26262378692626953 0.2648499011993408 0.28568148612976074 0.321488618850708 0.0 0.0 0.0 0.0 0.0 0.0 0.0 0.0 0.0 0.0 0.0 0.0 0.0
1.7515759468078613 0.16729938983917236 0.1691117286682129 0.17921555042266846 0.18221771717071533 0.1891859769821167 0.1904963254928589 0.19214999675750732 0.1982361078262329 0.20415616035461426 0.20465123653411865 0.21732258796691895 0.2177410125732422 0.22347378730773926 0.23541152477264404 0.23929095268249512 0.2500185966491699 0.26259446144104004 0.28583812713623047 0.32796168327331543 0.0 0.0 0.0 0.0 0.0 0.0 0.0 0.0 0.0 0.0 0.0 0.0
1.7492523193359375 0.16887080669403076 0.16905725002288818 0.17570936679840088 0.1798088550567627 0.1831759214401245 0.18591547012329102 0.18898534774780273 0.19294309616088867 0.19605422019958496 0.20152521133422852 0.21057510375976562 0.2085251808166504 0.21513473987579346 0.2186567783355713 0.23299574851989746 0.23729610443115234 0.247389554977417 0.2620755434036255 0.27756595611572266 0.3162904977798462 0.0 0.0 0.0 0.0 0.0 0.0 0.0 0.0 0.0 0.0 0.0
1.7467318773269653 0.166570782661438 0.16820216178894043 0.1751406192779541 0.17622995376586914 0.1766432523727417 0.17955195903778076 0.18433427810668945 0.1894916296005249 0.18999409675598145 0.192399263381958 0.19812333583831787 0.2020038366317749 0.21160602569580078 0.21410441398620605 0.22035729885101318 0.2228618860244751 0.23103344440460205 0.24507832527160645 0.25948357582092285 0.2718374729156494 0.3176403045654297 0.0 0.0 0.0 0.0 0.0 0.0 0.0 0.0 0.0 0.0
1.737191081047058 0.16493022441864014 0.16557812690734863 0.17506206035614014 0.17217302322387695 0.17411231994628906 0.1749640703201294 0.18505871295928955 0.18859434127807617 0.19044041633605957 0.19174158573150635 0.19466769695281982 0.2009425163269043 0.2052760124206543 0.20876359939575195 0.20778191089630127 0.2144850492477417 0.21919488906860352 0.23420929908752441 0.24951982498168945 0.26247572898864746 0.27280497550964355 0.3186783790588379 0.0 0.0 0.0 0.0 0.0 0.0 0.0 0.0 0.0
1.7325445413589478 0.15827703475952148 0.1635054349899292 0.17320871353149414 0.17262732982635498 0.17574572563171387 0.17267048358917236 0.1768573522567749 0.18150734901428223 0.18547844886779785 0.19468307495117188 0.19251060485839844 0.1935439109802246 0.19996273517608643 0.19980037212371826 0.20727777481079102 0.21059727668762207 0.21209347248077393 0.2202533483505249 0.23114967346191406 0.2426365613937378 0.25756001472473145 0.27173912525177 0.31855344772338867 0.0 0.0 0.0 0.0 0.0 0.0 0.0 0.0
1.7208189964294434 0.16296207904815674 0.16257834434509277 0.17380928993225098 0.17950797080993652 0.17437195777893066 0.1752837896347046 0.17382943630218506 0.17935633659362793 0.18563628196716309 0.19610261917114258 0.1912161111831665 0.19642889499664307 0.19726407527923584 0.19497382640838623 0.20148444175720215 0.2030695676803589 0.21042418479919434 0.2138439416885376 0.22170186042785645 0.2291189432144165 0.2459191083908081 0.2573709487915039 0.27092456817626953 0.3178187608718872 0.0 0.0 0.0 0.0 0.0 0.0 0.0
1.7122595310211182 0.15382051467895508 0.15510070323944092 0.16555893421173096 0.16707098484039307 0.1724705696105957 0.17071211338043213 0.17703962326049805 0.1849682331085205 0.18255603313446045 0.1870417594909668 0.18517076969146729 0.19494640827178955 0.1918271780014038 0.19425749778747559 0.1990811824798584 0.19944226741790771 0.2051229476928711 0.21344399452209473 0.2364182472229004 0.21998274326324463 0.230332612991333 0.24617397785186768 0.2594118118286133 0.27032196521759033 0.3161168098449707 0.0 0.0 0.0 0.0 0.0 0.0
1.7108967304229736 0.15656542778015137 0.15700829029083252 0.16335773468017578 0.16577506065368652 0.16595172882080078 0.16745281219482422 0.16725897789001465 0.1677316427230835 0.1706603765487671 0.1758289337158203 0.19945132732391357 0.19049739837646484 0.1922447681427002 0.20359838008880615 0.19608449935913086 0.19013464450836182 0.1973949670791626 0.2041705846786499 0.21220111846923828 0.2092357873916626 0.21556532382965088 0.2280597686767578 0.2440119981765747 0.2558321952819824 0.27449965476989746 0.316422700881958 0.0 0.0 0.0 0.0 0.0
1.7040367126464844 0.1583881378173828 0.16116034984588623 0.16293931007385254 0.16326582431793213 0.16150033473968506 0.16539597511291504 0.1678304672241211 0.16801726818084717 0.16995620727539062 0.17283082008361816 0.1956629753112793 0.18350601196289062 0.19262099266052246 0.19087648391723633 0.1909182071685791 0.18744432926177979 0.19179296493530273 0.19974088668823242 0.21053564548492432 0.20350253582000732 0.21027672290802002 0.21855902671813965 0.22950077056884766 0.23982906341552734 0.2595170736312866 0.27130699157714844 0.31699657440185547 0.0 0.0 0.0 0.0
1.6984201669692993 0.15341722965240479 0.15890538692474365 0.16247594356536865 0.16136372089385986 0.15952801704406738 0.1610558032989502 0.1647127866744995 0.1678551435470581 0.17078185081481934 0.17007505893707275 0.18419742584228516 0.18032968044281006 0.18667185306549072 0.18544578552246094 0.193442702293396 0.18716609477996826 0.1874164342880249 0.19421803951263428 0.19937467575073242 0.20127177238464355 0.20749247074127197 0.2126462459564209 0.22215580940246582 0.22787535190582275 0.24360573291778564 0.25806570053100586 0.27134037017822266 0.3141986131668091 0.0 0.0 0.0
1.693074107170105 0.1504201889038086 0.16076219081878662 0.16680693626403809 0.16303813457489014 0.15723204612731934 0.15830981731414795 0.16076457500457764 0.16888093948364258 0.1688600778579712 0.1706235408782959 0.17818379402160645 0.17306900024414062 0.17805564403533936 0.1808840036392212 0.1896657943725586 0.18353652954101562 0.18688786029815674 0.1898190975189209 0.19474422931671143 0.19459426403045654 0.20295727252960205 0.20809388160705566 0.21322119235992432 0.21864056587219238 0.22856879234313965 0.2434837818145752 0.2560998201370239 0.26763129234313965 0.31548023223876953 0.0 0.0
1.6874648332595825 0.14200329780578613 0.15192437171936035 0.1631300449371338 0.15989744663238525 0.1599675416946411 0.1608736515045166 0.16127002239227295 0.16444885730743408 0.16943490505218506 0.16675031185150146 0.16737627983093262 0.17541050910949707 0.17109429836273193 0.176047682762146 0.18582117557525635 0.18624353408813477 0.188912034034729 0.20712685585021973 0.190393328666687 0.19102370738983154 0.19481027126312256 0.20578265190124512 0.20736587047576904 0.20894765853881836 0.2165830135345459 0.2286078929901123 0.2397596836090088 0.2516516447067261 0.2655137777328491 0.3140963315963745 0.0
1.6710047721862793 0.14620208740234375 0.15042603015899658 0.16289329528808594 0.17242133617401123 0.15951871871948242 0.15729570388793945 0.15839076042175293 0.17253029346466064 0.17946457862854004 0.1749279499053955 0.17241477966308594 0.17841601371765137 0.17721247673034668 0.1763070821762085 0.17705726623535156 0.1833968162536621 0.18807566165924072 0.20900344848632812 0.19125616550445557 0.18685519695281982 0.1966540813446045 0.2027188539505005 0.20394062995910645 0.2051854133605957 0.2080615758895874 0.2149108648300171 0.22961485385894775 0.2384355068206787 0.24956083297729492 0.26813197135925293 0.3210381269454956
