1.9999799728393555 0.0 0.0 0.0 0.0 0.0 0.0 0.0 0.0 0.0 0.0 0.0 0.0 0.0 0.0 0.0 0.0 0.0 0.0 0.0 0.0 0.0 0.0 0.0 0.0 0.0 0.0 0.0 0.0 0.0 0.0 0.0
1.985231637954712 0.24222326278686523 0.0 0.0 0.0 0.0 0.0 0.0 0.0 0.0 0.0 0.0 0.0 0.0 0.0 0.0 0.0 0.0 0.0 0.0 0.0 0.0 0.0 0.0 0.0 0.0 0.0 0.0 0.0 0.0 0.0 0.0
1.9802366495132446 0.19093656539916992 0.2051752805709839 0.0 0.0 0.0 0.0 0.0 0.0 0.0 0.0 0.0 0.0 0.0 0.0 0.0 0.0 0.0 0.0 0.0 0.0 0.0 0.0 0.0 0.0 0.0 0.0 0.0 0.0 0.0 0.0 0.0
1.9718948602676392 0.19083547592163086 0.1771245002746582 0.20911133289337158 0.0 0.0 0.0 0.0 0.0 0.0 0.0 0.0 0.0 0.0 0.0 0.0 0.0 0.0 0.0 0.0 0.0 0.0 0.0 0.0 0.0 0.0 0.0 0.0 0.0 0.0 0.0 0.0
1.9630202054977417 0.194726824760437 0.18136167526245117 0.1777806282043457 0.20977795124053955 0.0 0.0 0.0 0.0 0.0 0.0 0.0 0.0 0.0 0.0 0.0 0.0 0.0 0.0 0.0 0.0 0.0 0.0 0.0 0.0 0.0 0.0 0.0 0.0 0.0 0.0 0.0
1.9578065872192383 0.18425500392913818 0.17485463619232178 0.1742703914642334 0.17565226554870605 0.20277607440948486 0.0 0.0 0.0 0.0 0.0 0.0 0.0 0.0 0.0 0.0 0.0 0.0 0.0 0.0 0.0 0.0 0.0 0.0 0.0 0.0 0.0 0.0 0.0 0.0 0.0 0.0
1.9524562358856201 0.18699204921722412 0.16636860370635986 0.1670461893081665 0.1618349552154541 0.16631793975830078 0.20824182033538818 0.0 0.0 0.0 0.0 0.0 0.0 0.0 0.0 0.0 0.0 0.0 0.0 0.0 0.0 0.0 0.0 0.0 0.0 0.0 0.0 0.0 0.0 0.0 0.0 0.0
1.9435548782348633 0.21032261848449707 0.16575777530670166 0.16385483741760254 0.1619657278060913 0.16428565979003906 0.17030608654022217 0.20417344570159912 0.0 0.0 0.0 0.0 0.0 0.0 0.0 0.0 0.0 0.0 0.0 0.0 0.0 0.0 0.0 0.0 0.0 0.0 0.0 0.0 0.0 0.0 0.0 0.0
1.9404826164245605 0.18662428855895996 0.1663515567779541 0.16197943687438965 0.15920209884643555 0.15859806537628174 0.16465234756469727 0.16757476329803467 0.19984030723571777 0.0 0.0 0.0 0.0 0.0 0.0 0.0 0.0 0.0 0.0 0.0 0.0 0.0 0.0 0.0 0.0 0.0 0.0 0.0 0.0 0.0 0.0 0.0
1.9338765144348145 0.18590855598449707 0.1680772304534912 0.16003870964050293 0.15995168685913086 0.15411138534545898 0.1611722707748413 0.1605825424194336 0.1657567024230957 0.20727765560150146 0.0 0.0 0.0 0.0 0.0 0.0 0.0 0.0 0.0 0.0 0.0 0.0 0.0 0.0 0.0 0.0 0.0 0.0 0.0 0.0 0.0 0.0
1.9314104318618774 0.17936038970947266 0.1650611162185669 0.15662932395935059 0.15196645259857178 0.14950883388519287 0.15393662452697754 0.15783929824829102 0.15626764297485352 0.16250300407409668 0.20166873931884766 0.0 0.0 0.0 0.0 0.0 0.0 0.0 0.0 0.0 0.0 0.0 0.0 0.0 0.0 0.0 0.0 0.0 0.0 0.0 0.0 0.0
1.9256855249404907 0.18515539169311523 0.1653832197189331 0.15652143955230713 0.149993896484375 0.14970088005065918 0.15137696266174316 0.14908719062805176 0.15127873420715332 0.15703141689300537 0.16331934928894043 0.20297753810882568 0.0 0.0 0.0 0.0 0.0 0.0 0.0 0.0 0.0 0.0 0.0 0.0 0.0 0.0 0.0 0.0 0.0 0.0 0.0 0.0
1.920623540878296 0.18415093421936035 0.1653822660446167 0.157554030418396 0.14999127388000488 0.14551866054534912 0.15061461925506592 0.1476447582244873 0.144889235496521 0.15090250968933105 0.15624594688415527 0.16409456729888916 0.20420002937316895 0.0 0.0 0.0 0.0 0.0 0.0 0.0 0.0 0.0 0.0 0.0 0.0 0.0 0.0 0.0 0.0 0.0 0.0 0.0
1.91535484790802 0.18107545375823975 0.16308629512786865 0.158300518989563 0.14924204349517822 0.14812326431274414 0.14950478076934814 0.14555597305297852 0.14339089393615723 0.14814674854278564 0.1540433168411255 0.15684592723846436 0.16264772415161133 0.20437681674957275 0.0 0.0 0.0 0.0 0.0 0.0 0.0 0.0 0.0 0.0 0.0 0.0 0.0 0.0 0.0 0.0 0.0 0.0
1.9084872007369995 0.18281233310699463 0.1662999391555786 0.15979456901550293 0.14842569828033447 0.147330641746521 0.14923477172851562 0.14592230319976807 0.1437586545944214 0.1464693546295166 0.14940989017486572 0.15419816970825195 0.1594715118408203 0.17049753665924072 0.202123761177063 0.0 0.0 0.0 0.0 0.0 0.0 0.0 0.0 0.0 0.0 0.0 0.0 0.0 0.0 0.0 0.0 0.0
1.901553750038147 0.1858959197998047 0.16747736930847168 0.16161584854125977 0.15193939208984375 0.14633846282958984 0.14642798900604248 0.14771366119384766 0.14264380931854248 0.14292359352111816 0.1467798948287964 0.15205025672912598 0.156866192817688 0.1648324728012085 0.16513025760650635 0.20723581314086914 0.0 0.0 0.0 0.0 0.0 0.0 0.0 0.0 0.0 0.0 0.0 0.0 0.0 0.0 0.0 0.0
1.8953866958618164 0.18656408786773682 0.16689109802246094 0.16178977489471436 0.15361809730529785 0.1478126049041748 0.1471480131149292 0.1463996171951294 0.14141583442687988 0.14499640464782715 0.14720094203948975 0.14649438858032227 0.1509411334991455 0.15734827518463135 0.16176915168762207 0.16786611080169678 0.20957732200622559 0.0 0.0 0.0 0.0 0.0 0.0 0.0 0.0 0.0 0.0 0.0 0.0 0.0 0.0 0.0
1.8918170928955078 0.1834501028060913 0.17287039756774902 0.16080093383789062 0.15093684196472168 0.14783895015716553 0.14959275722503662 0.1460740566253662 0.14092636108398438 0.141196608543396 0.1412264108657837 0.14610207080841064 0.14376187324523926 0.15562641620635986 0.15516161918640137 0.15996956825256348 0.16408097743988037 0.20138263702392578 0.0 0.0 0.0 0.0 0.0 0.0 0.0 0.0 0.0 0.0 0.0 0.0 0.0 0.0
1.8865978717803955 0.1817159652709961 0.1704578399658203 0.15928912162780762 0.15121674537658691 0.14876818656921387 0.14820802211761475 0.14583933353424072 0.13927185535430908 0.14269804954528809 0.14143884181976318 0.14545869827270508 0.14268147945404053 0.1528780460357666 0.1476905345916748 0.15498435497283936 0.15965473651885986 0.16455376148223877 0.2044769525527954 0.0 0.0 0.0 0.0 0.0 0.0 0.0 0.0 0.0 0.0 0.0 0.0 0.0
1.876897931098938 0.18376171588897705 0.17029547691345215 0.1596318483352661 0.1531614065170288 0.1475818157196045 0.14995956420898438 0.14913249015808105 0.1418933868408203 0.14362359046936035 0.14287221431732178 0.14598727226257324 0.1469430923461914 0.16449832916259766 0.1472609043121338 0.1547868251800537 0.1577359437942505 0.16608285903930664 0.1665095090866089 0.20464420318603516 0.0 0.0 0.0 0.0 0.0 0.0 0.0 0.0 0.0 0.0 0.0 0.0
1.8761907815933228 0.18454957008361816 0.1720517873764038 0.1597294807434082 0.15230798721313477 0.1460418701171875 0.14769577980041504 0.14711415767669678 0.14258921146392822 0.1415104866027832 0.14129817485809326 0.14148211479187012 0.14011883735656738 0.15305864810943604 0.14312076568603516 0.14272582530975342 0.14643871784210205 0.15153813362121582 0.15904498100280762 0.1632009744644165 0.2048797607421875 0.0 0.0 0.0 0.0 0.0 0.0 0.0 0.0 0.0 0.0 0.0
1.8671584129333496 0.19458353519439697 0.17255401611328125 0.16045308113098145 0.1576824188232422 0.1552722454071045 0.1522350311279297 0.14574170112609863 0.14610719680786133 0.1426682472229004 0.14805948734283447 0.14313626289367676 0.14415836334228516 0.15009844303131104 0.1432408094406128 0.14285016059875488 0.1406780481338501 0.1481468677520752 0.15393805503845215 0.15686798095703125 0.16532182693481445 0.20252978801727295 0.0 0.0 0.0 0.0 0.0 0.0 0.0 0.0 0.0 0.0
1.863974928855896 0.1812582015991211 0.17036163806915283 0.16136491298675537 0.15136539936065674 0.14899051189422607 0.1493391990661621 0.14649009704589844 0.14139032363891602 0.14432871341705322 0.14407885074615479 0.14574027061462402 0.14119553565979004 0.1576772928237915 0.1425783634185791 0.14088821411132812 0.14115214347839355 0.14389896392822266 0.14615261554718018 0.15184533596038818 0.16518616676330566 0.16426634788513184 0.20369529724121094 0.0 0.0 0.0 0.0 0.0 0.0 0.0 0.0 0.0
1.8620359897613525 0.1817026138305664 0.17237389087677002 0.15819287300109863 0.14918768405914307 0.14847207069396973 0.14730572700500488 0.14386212825775146 0.13988244533538818 0.14093410968780518 0.1455059051513672 0.14490270614624023 0.14273548126220703 0.1502286195755005 0.1356297731399536 0.13718438148498535 0.1389244794845581 0.14392387866973877 0.14090728759765625 0.14460039138793945 0.15191781520843506 0.15800988674163818 0.1635509729385376 0.20204389095306396 0.0 0.0 0.0 0.0 0.0 0.0 0.0 0.0
1.8549044132232666 0.18104112148284912 0.16882765293121338 0.15884864330291748 0.15072274208068848 0.1430879831314087 0.14719486236572266 0.1522749662399292 0.14265036582946777 0.14506006240844727 0.142081618309021 0.1441349983215332 0.14081203937530518 0.1538524627685547 0.1373652219772339 0.13765227794647217 0.13572585582733154 0.1378699541091919 0.13825976848602295 0.14013218879699707 0.15629160404205322 0.15439248085021973 0.15502703189849854 0.16348028182983398 0.21371734142303467 0.0 0.0 0.0 0.0 0.0 0.0 0.0
1.8454887866973877 0.17882680892944336 0.16940510272979736 0.16251850128173828 0.14971256256103516 0.14782202243804932 0.14496850967407227 0.15327239036560059 0.1424875259399414 0.14203405380249023 0.14304661750793457 0.14275121688842773 0.14268410205841064 0.15893077850341797 0.1380016803741455 0.1393585205078125 0.1382359266281128 0.14391005039215088 0.14281880855560303 0.14184820652008057 0.17043113708496094 0.15556013584136963 0.1517568826675415 0.15815472602844238 0.16935861110687256 0.20586609840393066 0.0 0.0 0.0 0.0 0.0 0.0
1.847294569015503 0.17481863498687744 0.17011940479278564 0.15653491020202637 0.14835727214813232 0.14556503295898438 0.14583373069763184 0.14541888236999512 0.1419365406036377 0.13924121856689453 0.14042460918426514 0.14760994911193848 0.14233076572418213 0.15698611736297607 0.14011013507843018 0.1373077630996704 0.1351010799407959 0.1397552490234375 0.13770580291748047 0.1369403600692749 0.14223170280456543 0.14173436164855957 0.1433020830154419 0.1512967348098755 0.1652846336364746 0.16123998165130615 0.20164430141448975 0.0 0.0 0.0 0.0 0.0
1.8449506759643555 0.1758875846862793 0.1664820909500122 0.15554320812225342 0.14789509773254395 0.14528357982635498 0.14816009998321533 0.14481139183044434 0.14159047603607178 0.13824999332427979 0.13892817497253418 0.14391732215881348 0.14107537269592285 0.15221381187438965 0.1388998031616211 0.13716864585876465 0.13565313816070557 0.13338994979858398 0.13628506660461426 0.13186240196228027 0.13748884201049805 0.13926208019256592 0.13985443115234375 0.14277982711791992 0.15566611289978027 0.15491962432861328 0.16212177276611328 0.2047429084777832 0.0 0.0 0.0 0.0
1.8419904708862305 0.17478466033935547 0.1693476438522339 0.1562514305114746 0.148797869682312 0.1447603702545166 0.14316749572753906 0.14495909214019775 0.14098095893859863 0.14076805114746094 0.13754892349243164 0.14496958255767822 0.13912618160247803 0.14329218864440918 0.13601720333099365 0.1393892765045166 0.13724279403686523 0.13409459590911865 0.1345137357711792 0.13375377655029297 0.13751506805419922 0.13825523853302002 0.13579773902893066 0.13865268230438232 0.14470934867858887 0.14761888980865479 0.15432727336883545 0.1608419418334961 0.20055902004241943 0.0 0.0 0.0
1.8350225687026978 0.1751021146774292 0.17016863822937012 0.15557682514190674 0.1514265537261963 0.14362335205078125 0.1465926170349121 0.14159178733825684 0.14024078845977783 0.14144563674926758 0.13940346240997314 0.14338338375091553 0.13817167282104492 0.1635909080505371 0.14119184017181396 0.14018917083740234 0.13476347923278809 0.13292348384857178 0.1341313123703003 0.13433527946472168 0.1361398696899414 0.13689517974853516 0.13308477401733398 0.13464081287384033 0.1427677869796753 0.14234769344329834 0.14926397800445557 0.1543581485748291 0.1617274284362793 0.20134592056274414 0.0 0.0
1.8276687860488892 0.17854821681976318 0.16893815994262695 0.15660274028778076 0.1482846736907959 0.14976906776428223 0.15117716789245605 0.14687180519104004 0.14022409915924072 0.13988006114959717 0.1438581943511963 0.1415501832962036 0.13950753211975098 0.14362597465515137 0.14083433151245117 0.14250528812408447 0.14085566997528076 0.1475313901901245 0.14107131958007812 0.13068509101867676 0.14382684230804443 0.13765883445739746 0.13740003108978271 0.13350176811218262 0.13535690307617188 0.1405268907546997 0.14407992362976074 0.14882111549377441 0.1556541919708252 0.15934526920318604 0.19971144199371338 0.0
1.824874997138977 0.1777704954147339 0.17136037349700928 0.15836286544799805 0.14853167533874512 0.1488351821899414 0.14901959896087646 0.1411985158920288 0.13987469673156738 0.1415647268295288 0.14036428928375244 0.14226937294006348 0.1383984088897705 0.14863312244415283 0.1358649730682373 0.14088749885559082 0.13544321060180664 0.14247703552246094 0.1359633207321167 0.13153505325317383 0.1405888795852661 0.13939297199249268 0.1322312355041504 0.1335453987121582 0.1359494924545288 0.13487446308135986 0.13834989070892334 0.14271271228790283 0.15114820003509521 0.15471863746643066 0.1579759120941162 0.20302903652191162
