1.9999799728393555 0.0 0.0 0.0 0.0 0.0 0.0 0.0 0.0 0.0 0.0 0.0 0.0 0.0 0.0 0.0 0.0 0.0 0.0 0.0 0.0 0.0 0.0 0.0 0.0 0.0 0.0 0.0 0.0 0.0 0.0 0.0
1.9803301095962524 0.279746413230896 0.0 0.0 0.0 0.0 0.0 0.0 0.0 0.0 0.0 0.0 0.0 0.0 0.0 0.0 0.0 0.0 0.0 0.0 0.0 0.0 0.0 0.0 0.0 0.0 0.0 0.0 0.0 0.0 0.0 0.0
1.9760606288909912 0.20517253875732422 0.2302917242050171 0.0 0.0 0.0 0.0 0.0 0.0 0.0 0.0 0.0 0.0 0.0 0.0 0.0 0.0 0.0 0.0 0.0 0.0 0.0 0.0 0.0 0.0 0.0 0.0 0.0 0.0 0.0 0.0 0.0
1.9689782857894897 0.1877448558807373 0.19024276733398438 0.22712838649749756 0.0 0.0 0.0 0.0 0.0 0.0 0.0 0.0 0.0 0.0 0.0 0.0 0.0 0.0 0.0 0.0 0.0 0.0 0.0 0.0 0.0 0.0 0.0 0.0 0.0 0.0 0.0 0.0
1.9622405767440796 0.1774510145187378 0.17197012901306152 0.19076001644134521 0.22815454006195068 0.0 0.0 0.0 0.0 0.0 0.0 0.0 0.0 0.0 0.0 0.0 0.0 0.0 0.0 0.0 0.0 0.0 0.0 0.0 0.0 0.0 0.0 0.0 0.0 0.0 0.0 0.0
1.956120491027832 0.16626954078674316 0.15971684455871582 0.17422807216644287 0.19276320934295654 0.2297605276107788 0.0 0.0 0.0 0.0 0.0 0.0 0.0 0.0 0.0 0.0 0.0 0.0 0.0 0.0 0.0 0.0 0.0 0.0 0.0 0.0 0.0 0.0 0.0 0.0 0.0 0.0
1.9497374296188354 0.16302835941314697 0.15110671520233154 0.1632232666015625 0.17937636375427246 0.19687938690185547 0.22674930095672607 0.0 0.0 0.0 0.0 0.0 0.0 0.0 0.0 0.0 0.0 0.0 0.0 0.0 0.0 0.0 0.0 0.0 0.0 0.0 0.0 0.0 0.0 0.0 0.0 0.0
1.9450737237930298 0.1569586992263794 0.14498627185821533 0.15531718730926514 0.16698050498962402 0.18147170543670654 0.18951308727264404 0.22370779514312744 0.0 0.0 0.0 0.0 0.0 0.0 0.0 0.0 0.0 0.0 0.0 0.0 0.0 0.0 0.0 0.0 0.0 0.0 0.0 0.0 0.0 0.0 0.0 0.0
1.9391156435012817 0.14937365055084229 0.1417100429534912 0.15109360218048096 0.15925002098083496 0.17294073104858398 0.17892718315124512 0.19098317623138428 0.22522056102752686 0.0 0.0 0.0 0.0 0.0 0.0 0.0 0.0 0.0 0.0 0.0 0.0 0.0 0.0 0.0 0.0 0.0 0.0 0.0 0.0 0.0 0.0 0.0
1.9340254068374634 0.14553284645080566 0.1374950408935547 0.14695894718170166 0.15484941005706787 0.1637728214263916 0.168509840965271 0.17728972434997559 0.19104087352752686 0.2249537706375122 0.0 0.0 0.0 0.0 0.0 0.0 0.0 0.0 0.0 0.0 0.0 0.0 0.0 0.0 0.0 0.0 0.0 0.0 0.0 0.0 0.0 0.0
1.9305680990219116 0.13714182376861572 0.13055670261383057 0.14146161079406738 0.14973855018615723 0.15779101848602295 0.1611804962158203 0.1653980016708374 0.1766066551208496 0.18785297870635986 0.22304964065551758 0.0 0.0 0.0 0.0 0.0 0.0 0.0 0.0 0.0 0.0 0.0 0.0 0.0 0.0 0.0 0.0 0.0 0.0 0.0 0.0 0.0
1.926969051361084 0.13048779964447021 0.12426674365997314 0.13627052307128906 0.14456188678741455 0.1534489393234253 0.15588629245758057 0.15758991241455078 0.1643543243408203 0.17423319816589355 0.18753576278686523 0.2224278450012207 0.0 0.0 0.0 0.0 0.0 0.0 0.0 0.0 0.0 0.0 0.0 0.0 0.0 0.0 0.0 0.0 0.0 0.0 0.0 0.0
1.923073649406433 0.12608230113983154 0.11932075023651123 0.1307830810546875 0.1400737762451172 0.14868247509002686 0.15131962299346924 0.15389418601989746 0.1591106653213501 0.16312062740325928 0.1751185655593872 0.18668735027313232 0.22054100036621094 0.0 0.0 0.0 0.0 0.0 0.0 0.0 0.0 0.0 0.0 0.0 0.0 0.0 0.0 0.0 0.0 0.0 0.0 0.0
1.9206163883209229 0.12286806106567383 0.11662805080413818 0.12712633609771729 0.13518774509429932 0.1427476406097412 0.14591634273529053 0.14850687980651855 0.15333616733551025 0.15555894374847412 0.16331744194030762 0.17081189155578613 0.1839543581008911 0.21635937690734863 0.0 0.0 0.0 0.0 0.0 0.0 0.0 0.0 0.0 0.0 0.0 0.0 0.0 0.0 0.0 0.0 0.0 0.0
1.917407751083374 0.11968958377838135 0.11442911624908447 0.12354135513305664 0.13150715827941895 0.13814032077789307 0.14153409004211426 0.14438366889953613 0.14803540706634521 0.15122103691101074 0.15648531913757324 0.16131341457366943 0.16935992240905762 0.18044209480285645 0.21661007404327393 0.0 0.0 0.0 0.0 0.0 0.0 0.0 0.0 0.0 0.0 0.0 0.0 0.0 0.0 0.0 0.0 0.0
1.9125438928604126 0.11927628517150879 0.1140671968460083 0.12216067314147949 0.12882208824157715 0.13613319396972656 0.13889706134796143 0.1402873992919922 0.14578163623809814 0.14898979663848877 0.15185856819152832 0.15513932704925537 0.1605067253112793 0.16703295707702637 0.18401062488555908 0.21823346614837646 0.0 0.0 0.0 0.0 0.0 0.0 0.0 0.0 0.0 0.0 0.0 0.0 0.0 0.0 0.0 0.0
1.9091118574142456 0.1166452169418335 0.11408841609954834 0.12104237079620361 0.12691140174865723 0.13249576091766357 0.1339406967163086 0.13521766662597656 0.1404653787612915 0.14299237728118896 0.15121853351593018 0.15203320980072021 0.15496671199798584 0.15865933895111084 0.17000818252563477 0.18267309665679932 0.21525967121124268 0.0 0.0 0.0 0.0 0.0 0.0 0.0 0.0 0.0 0.0 0.0 0.0 0.0 0.0 0.0
1.9072660207748413 0.1136854887008667 0.11302292346954346 0.11992204189300537 0.12604475021362305 0.13035917282104492 0.13063263893127441 0.1322007179260254 0.13588666915893555 0.13753187656402588 0.14302921295166016 0.14558613300323486 0.14822101593017578 0.15173125267028809 0.1590021848678589 0.16640758514404297 0.17984414100646973 0.21287500858306885 0.0 0.0 0.0 0.0 0.0 0.0 0.0 0.0 0.0 0.0 0.0 0.0 0.0 0.0
1.9027823209762573 0.11283016204833984 0.11165153980255127 0.11989521980285645 0.12572383880615234 0.1296907663345337 0.1288996934890747 0.129685640335083 0.13300371170043945 0.13461875915527344 0.14055132865905762 0.14268648624420166 0.14561641216278076 0.1468362808227539 0.1539250612258911 0.15910029411315918 0.16770482063293457 0.17860949039459229 0.21418261528015137 0.0 0.0 0.0 0.0 0.0 0.0 0.0 0.0 0.0 0.0 0.0 0.0 0.0
1.901955008506775 0.10883712768554688 0.10886383056640625 0.11661839485168457 0.12215220928192139 0.12731528282165527 0.12712407112121582 0.1261988878250122 0.12824928760528564 0.1302579641342163 0.1344442367553711 0.1358029842376709 0.13947391510009766 0.14158082008361816 0.146653413772583 0.15185678005218506 0.15629887580871582 0.16379904747009277 0.1775146722793579 0.21239101886749268 0.0 0.0 0.0 0.0 0.0 0.0 0.0 0.0 0.0 0.0 0.0 0.0
1.9001080989837646 0.10707056522369385 0.10719740390777588 0.11476755142211914 0.12054061889648438 0.1250375509262085 0.12552428245544434 0.12483954429626465 0.12624633312225342 0.1264127492904663 0.12936151027679443 0.13047778606414795 0.13381731510162354 0.13650059700012207 0.14173924922943115 0.1454305648803711 0.14926958084106445 0.15483498573303223 0.16387677192687988 0.1763385534286499 0.2099703550338745 0.0 0.0 0.0 0.0 0.0 0.0 0.0 0.0 0.0 0.0 0.0
1.8977160453796387 0.10590183734893799 0.10573256015777588 0.11264967918395996 0.11876225471496582 0.12430870532989502 0.12373113632202148 0.12373208999633789 0.12354254722595215 0.12402725219726562 0.12659096717834473 0.12670159339904785 0.12913012504577637 0.13096284866333008 0.13693475723266602 0.1411724090576172 0.14435124397277832 0.14852547645568848 0.15443146228790283 0.16311407089233398 0.17517077922821045 0.20968878269195557 0.0 0.0 0.0 0.0 0.0 0.0 0.0 0.0 0.0 0.0
1.8937917947769165 0.10630738735198975 0.10472941398620605 0.11299693584442139 0.11769211292266846 0.12272262573242188 0.12341976165771484 0.122428297996521 0.12299275398254395 0.12332725524902344 0.12516868114471436 0.12524187564849854 0.12704026699066162 0.12770235538482666 0.13378989696502686 0.13709700107574463 0.1406087875366211 0.14409732818603516 0.14840805530548096 0.15640687942504883 0.1632624864578247 0.17542850971221924 0.20951223373413086 0.0 0.0 0.0 0.0 0.0 0.0 0.0 0.0 0.0
1.8913393020629883 0.10549116134643555 0.1043093204498291 0.11082351207733154 0.11560404300689697 0.12109148502349854 0.12106239795684814 0.12166893482208252 0.12258875370025635 0.12163281440734863 0.12417054176330566 0.12364387512207031 0.12382245063781738 0.1247795820236206 0.13012909889221191 0.13297641277313232 0.13550078868865967 0.13972210884094238 0.14423096179962158 0.14933419227600098 0.1542191505432129 0.16294145584106445 0.17399132251739502 0.2078695297241211 0.0 0.0 0.0 0.0 0.0 0.0 0.0 0.0
1.8888967037200928 0.10478329658508301 0.10319340229034424 0.10990333557128906 0.11453902721405029 0.11928045749664307 0.11877322196960449 0.11993157863616943 0.12095212936401367 0.1209636926651001 0.12271606922149658 0.12125551700592041 0.12125873565673828 0.12241852283477783 0.12658333778381348 0.1275935173034668 0.13047540187835693 0.1347510814666748 0.13910198211669922 0.1451268196105957 0.14872193336486816 0.1548295021057129 0.16240358352661133 0.17375516891479492 0.2074655294418335 0.0 0.0 0.0 0.0 0.0 0.0 0.0
1.8859412670135498 0.10368180274963379 0.10215091705322266 0.10883545875549316 0.11358582973480225 0.11801636219024658 0.11756777763366699 0.11732220649719238 0.11947381496429443 0.1193162202835083 0.12161540985107422 0.12002158164978027 0.11963272094726562 0.11983072757720947 0.12467944622039795 0.1243124008178711 0.12705397605895996 0.13085365295410156 0.13556504249572754 0.14026176929473877 0.14359641075134277 0.14856410026550293 0.1545008420944214 0.16320288181304932 0.17455613613128662 0.2078869342803955 0.0 0.0 0.0 0.0 0.0 0.0
1.8812053203582764 0.10266172885894775 0.10099673271179199 0.10816562175750732 0.11255037784576416 0.11649060249328613 0.11688733100891113 0.1159505844116211 0.1188431978225708 0.11822235584259033 0.1208336353302002 0.12140047550201416 0.11978042125701904 0.11920511722564697 0.12389874458312988 0.1228715181350708 0.12523412704467773 0.1274811029434204 0.13210201263427734 0.13966095447540283 0.14063620567321777 0.14439845085144043 0.14869272708892822 0.15560567378997803 0.1633164882659912 0.17754483222961426 0.21112263202667236 0.0 0.0 0.0 0.0 0.0
1.8787075281143188 0.1024937629699707 0.10188591480255127 0.10788905620574951 0.11172628402709961 0.11588490009307861 0.11659693717956543 0.11470150947570801 0.11602580547332764 0.11692273616790771 0.12066841125488281 0.12112212181091309 0.11846113204956055 0.11835062503814697 0.12139832973480225 0.1203387975692749 0.12202024459838867 0.12374615669250488 0.12796545028686523 0.1367349624633789 0.13588786125183105 0.14047574996948242 0.1452014446258545 0.1495227813720703 0.1546931266784668 0.16399550437927246 0.1753535270690918 0.20724248886108398 0.0 0.0 0.0 0.0
1.8754972219467163 0.10085761547088623 0.09915435314178467 0.10553514957427979 0.11013484001159668 0.1153327226638794 0.11528563499450684 0.11398196220397949 0.11567282676696777 0.11488044261932373 0.11796367168426514 0.12021291255950928 0.11753213405609131 0.11728978157043457 0.11983847618103027 0.11994075775146484 0.12089145183563232 0.12149667739868164 0.12476873397827148 0.13131332397460938 0.13235414028167725 0.13721299171447754 0.14055895805358887 0.14590871334075928 0.14975523948669434 0.15557336807250977 0.16607701778411865 0.17464923858642578 0.2095036506652832 0.0 0.0 0.0
1.873140573501587 0.09857499599456787 0.09750640392303467 0.10416924953460693 0.10921525955200195 0.1138225793838501 0.11320781707763672 0.1133044958114624 0.1133565902709961 0.11234867572784424 0.11610758304595947 0.11683964729309082 0.11638939380645752 0.11615049839019775 0.12088775634765625 0.1186286211013794 0.11968231201171875 0.11908984184265137 0.12294566631317139 0.12753140926361084 0.12923169136047363 0.13338208198547363 0.13735687732696533 0.1419144868850708 0.1472264528274536 0.14969158172607422 0.1564173698425293 0.16389906406402588 0.17471539974212646 0.20704317092895508 0.0 0.0
1.873390555381775 0.09612095355987549 0.09522366523742676 0.10130012035369873 0.10670328140258789 0.11214470863342285 0.1124882698059082 0.11099684238433838 0.11230897903442383 0.11183083057403564 0.112648606300354 0.1118626594543457 0.11334455013275146 0.11230611801147461 0.11845970153808594 0.11689162254333496 0.1171029806137085 0.1164771318435669 0.1187295913696289 0.12424588203430176 0.12347722053527832 0.12708580493927002 0.13093984127044678 0.135528564453125 0.13957130908966064 0.14414584636688232 0.15195703506469727 0.15531396865844727 0.16367745399475098 0.17128229141235352 0.20464396476745605 0.0
1.873106837272644 0.09480547904968262 0.09479176998138428 0.10031569004058838 0.1051020622253418 0.10911405086517334 0.1099100112915039 0.10957789421081543 0.11108660697937012 0.11004519462585449 0.11071741580963135 0.11000204086303711 0.10993492603302002 0.10982704162597656 0.11356484889984131 0.11365079879760742 0.1141347885131836 0.11483597755432129 0.1165083646774292 0.12003612518310547 0.12018823623657227 0.12354373931884766 0.12643516063690186 0.12970435619354248 0.13473105430603027 0.13831591606140137 0.1452571153640747 0.14785659313201904 0.15372729301452637 0.1602879762649536 0.17148268222808838 0.20416247844696045
