1.9999799728393555 0.0 0.0 0.0 0.0 0.0 0.0 0.0 0.0 0.0 0.0 0.0 0.0 0.0 0.0 0.0 0.0 0.0 0.0 0.0 0.0 0.0 0.0 0.0 0.0 0.0 0.0 0.0 0.0 0.0 0.0 0.0
1.958909511566162 0.4030640125274658 0.0 0.0 0.0 0.0 0.0 0.0 0.0 0.0 0.0 0.0 0.0 0.0 0.0 0.0 0.0 0.0 0.0 0.0 0.0 0.0 0.0 0.0 0.0 0.0 0.0 0.0 0.0 0.0 0.0 0.0
1.9035956859588623 0.42483246326446533 0.4424628019332886 0.0 0.0 0.0 0.0 0.0 0.0 0.0 0.0 0.0 0.0 0.0 0.0 0.0 0.0 0.0 0.0 0.0 0.0 0.0 0.0 0.0 0.0 0.0 0.0 0.0 0.0 0.0 0.0 0.0
1.8759154081344604 0.20984768867492676 0.47677648067474365 0.4576761722564697 0.0 0.0 0.0 0.0 0.0 0.0 0.0 0.0 0.0 0.0 0.0 0.0 0.0 0.0 0.0 0.0 0.0 0.0 0.0 0.0 0.0 0.0 0.0 0.0 0.0 0.0 0.0 0.0
1.870926856994629 0.11403048038482666 0.22955870628356934 0.46996963024139404 0.46143555641174316 0.0 0.0 0.0 0.0 0.0 0.0 0.0 0.0 0.0 0.0 0.0 0.0 0.0 0.0 0.0 0.0 0.0 0.0 0.0 0.0 0.0 0.0 0.0 0.0 0.0 0.0 0.0
1.8566066026687622 0.08199858665466309 0.11925005912780762 0.2322707176208496 0.505652666091919 0.47148311138153076 0.0 0.0 0.0 0.0 0.0 0.0 0.0 0.0 0.0 0.0 0.0 0.0 0.0 0.0 0.0 0.0 0.0 0.0 0.0 0.0 0.0 0.0 0.0 0.0 0.0 0.0
1.8484584093093872 0.07495856285095215 0.08558320999145508 0.12633609771728516 0.2524566650390625 0.5143982172012329 0.4751906394958496 0.0 0.0 0.0 0.0 0.0 0.0 0.0 0.0 0.0 0.0 0.0 0.0 0.0 0.0 0.0 0.0 0.0 0.0 0.0 0.0 0.0 0.0 0.0 0.0 0.0
1.8543939590454102 0.07414007186889648 0.0752248764038086 0.0884253978729248 0.12608909606933594 0.24742841720581055 0.4995722770690918 0.46413278579711914 0.0 0.0 0.0 0.0 0.0 0.0 0.0 0.0 0.0 0.0 0.0 0.0 0.0 0.0 0.0 0.0 0.0 0.0 0.0 0.0 0.0 0.0 0.0 0.0
1.8448313474655151 0.06661653518676758 0.07221317291259766 0.07728004455566406 0.09060811996459961 0.12898635864257812 0.24098610877990723 0.5156689882278442 0.4816582202911377 0.0 0.0 0.0 0.0 0.0 0.0 0.0 0.0 0.0 0.0 0.0 0.0 0.0 0.0 0.0 0.0 0.0 0.0 0.0 0.0 0.0 0.0 0.0
1.8400682210922241 0.05512833595275879 0.06431818008422852 0.07504737377166748 0.08069872856140137 0.0923910140991211 0.1298309564590454 0.2481445074081421 0.5253452062606812 0.48135948181152344 0.0 0.0 0.0 0.0 0.0 0.0 0.0 0.0 0.0 0.0 0.0 0.0 0.0 0.0 0.0 0.0 0.0 0.0 0.0 0.0 0.0 0.0
1.8392903804779053 0.04681825637817383 0.05143022537231445 0.06545734405517578 0.07478594779968262 0.08003783226013184 0.09212052822113037 0.1282433271408081 0.24625134468078613 0.5158944129943848 0.49399375915527344 0.0 0.0 0.0 0.0 0.0 0.0 0.0 0.0 0.0 0.0 0.0 0.0 0.0 0.0 0.0 0.0 0.0 0.0 0.0 0.0 0.0
1.8339710235595703 0.0462338924407959 0.04254162311553955 0.0514298677444458 0.06617224216461182 0.0754697322845459 0.07950150966644287 0.0932232141494751 0.13193631172180176 0.25270771980285645 0.5431849956512451 0.4779306650161743 0.0 0.0 0.0 0.0 0.0 0.0 0.0 0.0 0.0 0.0 0.0 0.0 0.0 0.0 0.0 0.0 0.0 0.0 0.0 0.0
1.8328689336776733 0.05410194396972656 0.04356718063354492 0.04240727424621582 0.05252683162689209 0.06704354286193848 0.07687389850616455 0.08359038829803467 0.09605991840362549 0.13691210746765137 0.28336000442504883 0.5271925926208496 0.4769265651702881 0.0 0.0 0.0 0.0 0.0 0.0 0.0 0.0 0.0 0.0 0.0 0.0 0.0 0.0 0.0 0.0 0.0 0.0 0.0
1.843569278717041 0.0579068660736084 0.048674702644348145 0.04151928424835205 0.04273271560668945 0.0532231330871582 0.06646692752838135 0.07507979869842529 0.08447813987731934 0.09309148788452148 0.13259828090667725 0.2508540153503418 0.5140895843505859 0.46727490425109863 0.0 0.0 0.0 0.0 0.0 0.0 0.0 0.0 0.0 0.0 0.0 0.0 0.0 0.0 0.0 0.0 0.0 0.0
1.8417600393295288 0.05157732963562012 0.05235719680786133 0.0462946891784668 0.04196369647979736 0.043775200843811035 0.05241560935974121 0.06536316871643066 0.07585704326629639 0.08208000659942627 0.0943077802658081 0.13147401809692383 0.2505791187286377 0.5161852836608887 0.4707573652267456 0.0 0.0 0.0 0.0 0.0 0.0 0.0 0.0 0.0 0.0 0.0 0.0 0.0 0.0 0.0 0.0 0.0
1.8360158205032349 0.036215901374816895 0.04680168628692627 0.05154979228973389 0.047287821769714355 0.04353439807891846 0.043383121490478516 0.05251026153564453 0.06739068031311035 0.07685220241546631 0.08570706844329834 0.09853482246398926 0.13274931907653809 0.25513243675231934 0.5206680297851562 0.4823256731033325 0.0 0.0 0.0 0.0 0.0 0.0 0.0 0.0 0.0 0.0 0.0 0.0 0.0 0.0 0.0 0.0
1.8354740142822266 0.024800658226013184 0.03191721439361572 0.04650402069091797 0.051778554916381836 0.04832124710083008 0.04279601573944092 0.044052720069885254 0.052808403968811035 0.06685769557952881 0.0812537670135498 0.08299684524536133 0.09302055835723877 0.13409650325775146 0.2538440227508545 0.5299403667449951 0.47498607635498047 0.0 0.0 0.0 0.0 0.0 0.0 0.0 0.0 0.0 0.0 0.0 0.0 0.0 0.0 0.0
1.8391962051391602 0.021856307983398438 0.020972728729248047 0.03179788589477539 0.04569292068481445 0.05051076412200928 0.04643261432647705 0.04159998893737793 0.043770790100097656 0.054596662521362305 0.07311272621154785 0.07477116584777832 0.08058345317840576 0.09411334991455078 0.1313340663909912 0.25300025939941406 0.522444486618042 0.4704887866973877 0.0 0.0 0.0 0.0 0.0 0.0 0.0 0.0 0.0 0.0 0.0 0.0 0.0 0.0
1.8378742933273315 0.025882601737976074 0.017324090003967285 0.021002650260925293 0.03360950946807861 0.046855807304382324 0.05057656764984131 0.04703962802886963 0.04321610927581787 0.04272043704986572 0.05628395080566406 0.06736791133880615 0.07544481754302979 0.0808718204498291 0.09403765201568604 0.1350564956665039 0.2538917064666748 0.5265107154846191 0.4692230224609375 0.0 0.0 0.0 0.0 0.0 0.0 0.0 0.0 0.0 0.0 0.0 0.0 0.0
1.8424266576766968 0.033745408058166504 0.020075559616088867 0.01735210418701172 0.021443724632263184 0.032868385314941406 0.04629695415496826 0.05177795886993408 0.04807448387145996 0.04140019416809082 0.0436406135559082 0.05195510387420654 0.06416559219360352 0.07807362079620361 0.08146655559539795 0.09421718120574951 0.1333075761795044 0.2503066062927246 0.5138307809829712 0.467218279838562 0.0 0.0 0.0 0.0 0.0 0.0 0.0 0.0 0.0 0.0 0.0 0.0
1.8420677185058594 0.039876699447631836 0.026608943939208984 0.020119905471801758 0.01784956455230713 0.022162675857543945 0.032414793968200684 0.04532468318939209 0.050898075103759766 0.0460582971572876 0.04225647449493408 0.04220616817474365 0.05089366436004639 0.06400549411773682 0.07373082637786865 0.08065509796142578 0.09426164627075195 0.1330246925354004 0.25013160705566406 0.5154576301574707 0.46719861030578613 0.0 0.0 0.0 0.0 0.0 0.0 0.0 0.0 0.0 0.0 0.0
1.8411164283752441 0.03834033012390137 0.03156638145446777 0.025252103805541992 0.019955873489379883 0.018207430839538574 0.02192401885986328 0.032271623611450195 0.045383334159851074 0.049843788146972656 0.04667031764984131 0.0412297248840332 0.04119133949279785 0.050679802894592285 0.06413662433624268 0.07503867149353027 0.08042538166046143 0.09256422519683838 0.13093769550323486 0.2525041103363037 0.5196709632873535 0.4651346206665039 0.0 0.0 0.0 0.0 0.0 0.0 0.0 0.0 0.0 0.0
1.837177038192749 0.03178524971008301 0.03177177906036377 0.031184673309326172 0.025864481925964355 0.019798755645751953 0.01790142059326172 0.02184581756591797 0.03260362148284912 0.04522299766540527 0.05035555362701416 0.04720437526702881 0.0394822359085083 0.04103434085845947 0.050215840339660645 0.0648883581161499 0.07570385932922363 0.08034026622772217 0.09262895584106445 0.13393330574035645 0.25735628604888916 0.5236274003982544 0.472015380859375 0.0 0.0 0.0 0.0 0.0 0.0 0.0 0.0 0.0
1.8364965915679932 0.02731645107269287 0.026775002479553223 0.03140556812286377 0.031859517097473145 0.027567028999328613 0.02000868320465088 0.018090009689331055 0.02201664447784424 0.03264951705932617 0.0478438138961792 0.05036795139312744 0.04471850395202637 0.04075050354003906 0.04185664653778076 0.050221920013427734 0.06463313102722168 0.07477140426635742 0.08110833168029785 0.0949850082397461 0.13466572761535645 0.2604219913482666 0.527506947517395 0.46720099449157715 0.0 0.0 0.0 0.0 0.0 0.0 0.0 0.0
1.838409185409546 0.02709949016571045 0.023092985153198242 0.026486873626708984 0.03130149841308594 0.03122425079345703 0.02570664882659912 0.02029275894165039 0.018695950508117676 0.022075772285461426 0.034368276596069336 0.04459643363952637 0.048932433128356934 0.04606938362121582 0.03994572162628174 0.0407414436340332 0.05044198036193848 0.0643383264541626 0.0754173994064331 0.08262765407562256 0.09536802768707275 0.13808202743530273 0.2545977830886841 0.5235215425491333 0.4659031629562378 0.0 0.0 0.0 0.0 0.0 0.0 0.0
1.8417129516601562 0.028037548065185547 0.022718429565429688 0.02199852466583252 0.025849103927612305 0.03058922290802002 0.03046238422393799 0.025720715522766113 0.0198667049407959 0.017530322074890137 0.022556424140930176 0.03143715858459473 0.04346764087677002 0.048397183418273926 0.045099854469299316 0.040641069412231445 0.04101872444152832 0.05052685737609863 0.06413805484771729 0.07641851902008057 0.08140075206756592 0.09547615051269531 0.1347343921661377 0.2510719299316406 0.5179637670516968 0.461963415145874 0.0 0.0 0.0 0.0 0.0 0.0
1.8386598825454712 0.02753770351409912 0.0242997407913208 0.022045254707336426 0.02232837677001953 0.026398181915283203 0.03013598918914795 0.030028939247131348 0.025175094604492188 0.019416213035583496 0.017929434776306152 0.021456122398376465 0.030804991722106934 0.043404459953308105 0.047957539558410645 0.04537796974182129 0.04028284549713135 0.04099893569946289 0.051027774810791016 0.06392574310302734 0.07334625720977783 0.08159351348876953 0.09392666816711426 0.13366353511810303 0.2577028274536133 0.5234074592590332 0.4650115966796875 0.0 0.0 0.0 0.0 0.0
1.8373020887374878 0.02292799949645996 0.0236666202545166 0.0237424373626709 0.022168397903442383 0.022803544998168945 0.025382518768310547 0.03028726577758789 0.02983570098876953 0.024625062942504883 0.0206606388092041 0.017548561096191406 0.020919322967529297 0.030349254608154297 0.042923688888549805 0.04734146595001221 0.04422807693481445 0.03966665267944336 0.0412290096282959 0.049690842628479004 0.06333982944488525 0.07394659519195557 0.0810546875 0.09498918056488037 0.13341951370239258 0.259505033493042 0.5289814472198486 0.4631788730621338 0.0 0.0 0.0 0.0
1.8414850234985352 0.01780867576599121 0.019352316856384277 0.023477673530578613 0.023678183555603027 0.022269129753112793 0.021877527236938477 0.025153756141662598 0.028856515884399414 0.02952563762664795 0.026726961135864258 0.018987178802490234 0.01713418960571289 0.020490050315856934 0.031206607818603516 0.04272735118865967 0.047779202461242676 0.044726014137268066 0.04011690616607666 0.04132974147796631 0.05041396617889404 0.06407558917999268 0.0751645565032959 0.08004295825958252 0.09453356266021729 0.13474953174591064 0.2552300691604614 0.5146408081054688 0.4643970727920532 0.0 0.0 0.0
1.84101140499115 0.015570521354675293 0.014804363250732422 0.01958465576171875 0.02348029613494873 0.023667335510253906 0.02160477638244629 0.021568894386291504 0.02494025230407715 0.028768062591552734 0.030309081077575684 0.024376511573791504 0.01887965202331543 0.016622543334960938 0.02050459384918213 0.030712604522705078 0.042896270751953125 0.04784226417541504 0.04440450668334961 0.040419936180114746 0.04152321815490723 0.05051696300506592 0.0642554759979248 0.07468032836914062 0.08111143112182617 0.09413158893585205 0.1349736452102661 0.25565195083618164 0.5188546180725098 0.46122026443481445 0.0 0.0
1.8383135795593262 0.017871618270874023 0.012839674949645996 0.014796018600463867 0.019495368003845215 0.023729920387268066 0.023398995399475098 0.021755218505859375 0.021395087242126465 0.02417469024658203 0.02921164035797119 0.029067158699035645 0.023538827896118164 0.01847219467163086 0.01710367202758789 0.02065598964691162 0.03078317642211914 0.04266393184661865 0.04825186729431152 0.045052289962768555 0.04064047336578369 0.04122650623321533 0.05018496513366699 0.06334710121154785 0.07355356216430664 0.08255219459533691 0.09535562992095947 0.13405585289001465 0.2522554397583008 0.5281449556350708 0.4631892442703247 0.0
1.8349188566207886 0.024587154388427734 0.014587044715881348 0.012972116470336914 0.015357255935668945 0.022465109825134277 0.02332019805908203 0.023512959480285645 0.021680116653442383 0.021555781364440918 0.02729642391204834 0.02803504467010498 0.02785193920135498 0.024584293365478516 0.019259929656982422 0.01702713966369629 0.020899415016174316 0.029560089111328125 0.043204545974731445 0.04736053943634033 0.04371929168701172 0.03980660438537598 0.04115617275238037 0.04942739009857178 0.06347596645355225 0.075020432472229 0.0813823938369751 0.09514904022216797 0.13483881950378418 0.25682270526885986 0.5216238498687744 0.4805765151977539
