1.9999799728393555 0.0 0.0 0.0 0.0 0.0 0.0 0.0 0.0 0.0 0.0 0.0 0.0 0.0 0.0 0.0 0.0 0.0 0.0 0.0 0.0 0.0 0.0 0.0 0.0 0.0 0.0 0.0 0.0 0.0 0.0 0.0
1.8719892501831055 0.7039313316345215 0.0 0.0 0.0 0.0 0.0 0.0 0.0 0.0 0.0 0.0 0.0 0.0 0.0 0.0 0.0 0.0 0.0 0.0 0.0 0.0 0.0 0.0 0.0 0.0 0.0 0.0 0.0 0.0 0.0 0.0
1.6715162992477417 0.9376168251037598 0.57166588306427 0.0 0.0 0.0 0.0 0.0 0.0 0.0 0.0 0.0 0.0 0.0 0.0 0.0 0.0 0.0 0.0 0.0 0.0 0.0 0.0 0.0 0.0 0.0 0.0 0.0 0.0 0.0 0.0 0.0
1.5414655208587646 0.69927978515625 0.9261209964752197 0.5263419151306152 0.0 0.0 0.0 0.0 0.0 0.0 0.0 0.0 0.0 0.0 0.0 0.0 0.0 0.0 0.0 0.0 0.0 0.0 0.0 0.0 0.0 0.0 0.0 0.0 0.0 0.0 0.0 0.0
1.4694652557373047 0.550430417060852 0.7230875492095947 0.8615806102752686 0.5218751430511475 0.0 0.0 0.0 0.0 0.0 0.0 0.0 0.0 0.0 0.0 0.0 0.0 0.0 0.0 0.0 0.0 0.0 0.0 0.0 0.0 0.0 0.0 0.0 0.0 0.0 0.0 0.0
1.4419673681259155 0.4679142236709595 0.54008948802948 0.6793534755706787 0.8262940645217896 0.5153968334197998 0.0 0.0 0.0 0.0 0.0 0.0 0.0 0.0 0.0 0.0 0.0 0.0 0.0 0.0 0.0 0.0 0.0 0.0 0.0 0.0 0.0 0.0 0.0 0.0 0.0 0.0
1.4297860860824585 0.4103025197982788 0.4222029447555542 0.5126020908355713 0.661562442779541 0.8024020195007324 0.514423131942749 0.0 0.0 0.0 0.0 0.0 0.0 0.0 0.0 0.0 0.0 0.0 0.0 0.0 0.0 0.0 0.0 0.0 0.0 0.0 0.0 0.0 0.0 0.0 0.0 0.0
1.4141159057617188 0.3657569885253906 0.3690232038497925 0.4174736738204956 0.504443883895874 0.643997311592102 0.7942488193511963 0.5057575702667236 0.0 0.0 0.0 0.0 0.0 0.0 0.0 0.0 0.0 0.0 0.0 0.0 0.0 0.0 0.0 0.0 0.0 0.0 0.0 0.0 0.0 0.0 0.0 0.0
1.4054921865463257 0.3405723571777344 0.3378504514694214 0.36462128162384033 0.41287219524383545 0.4888308048248291 0.6289979219436646 0.7742459774017334 0.5067458152770996 0.0 0.0 0.0 0.0 0.0 0.0 0.0 0.0 0.0 0.0 0.0 0.0 0.0 0.0 0.0 0.0 0.0 0.0 0.0 0.0 0.0 0.0 0.0
1.4080525636672974 0.29667866230010986 0.30150365829467773 0.3290055990219116 0.3578786849975586 0.3976414203643799 0.48085057735443115 0.6082829236984253 0.7633352279663086 0.5098044872283936 0.0 0.0 0.0 0.0 0.0 0.0 0.0 0.0 0.0 0.0 0.0 0.0 0.0 0.0 0.0 0.0 0.0 0.0 0.0 0.0 0.0 0.0
1.399674892425537 0.2707948684692383 0.26476430892944336 0.29971957206726074 0.3235896825790405 0.34645915031433105 0.4011104106903076 0.4677199125289917 0.6056609153747559 0.7603369951248169 0.5080219507217407 0.0 0.0 0.0 0.0 0.0 0.0 0.0 0.0 0.0 0.0 0.0 0.0 0.0 0.0 0.0 0.0 0.0 0.0 0.0 0.0 0.0
1.4049105644226074 0.24744975566864014 0.2327965497970581 0.26157236099243164 0.2940049171447754 0.31399035453796387 0.34791994094848633 0.3819847106933594 0.46265745162963867 0.5938398838043213 0.7495179176330566 0.5115442276000977 0.0 0.0 0.0 0.0 0.0 0.0 0.0 0.0 0.0 0.0 0.0 0.0 0.0 0.0 0.0 0.0 0.0 0.0 0.0 0.0
1.398134469985962 0.2343902587890625 0.21703314781188965 0.22976469993591309 0.25469374656677246 0.2782837152481079 0.3072230815887451 0.34120190143585205 0.3918689489364624 0.4632643461227417 0.5942608118057251 0.7475786209106445 0.5067934989929199 0.0 0.0 0.0 0.0 0.0 0.0 0.0 0.0 0.0 0.0 0.0 0.0 0.0 0.0 0.0 0.0 0.0 0.0 0.0
1.4054991006851196 0.22148537635803223 0.21329617500305176 0.21532881259918213 0.22429966926574707 0.24724817276000977 0.2703430652618408 0.29713666439056396 0.3258531093597412 0.36944472789764404 0.4574011564254761 0.5910806655883789 0.7453658580780029 0.5037291049957275 0.0 0.0 0.0 0.0 0.0 0.0 0.0 0.0 0.0 0.0 0.0 0.0 0.0 0.0 0.0 0.0 0.0 0.0
1.3955070972442627 0.20660626888275146 0.21449804306030273 0.21427273750305176 0.2124462127685547 0.21967816352844238 0.2547872066497803 0.26963138580322266 0.3078796863555908 0.33179771900177 0.38184452056884766 0.4557063579559326 0.5889205932617188 0.7304204702377319 0.4979889392852783 0.0 0.0 0.0 0.0 0.0 0.0 0.0 0.0 0.0 0.0 0.0 0.0 0.0 0.0 0.0 0.0 0.0
1.407059907913208 0.18965041637420654 0.1991668939590454 0.21390175819396973 0.21195650100708008 0.20921862125396729 0.21698462963104248 0.23107600212097168 0.26236021518707275 0.29625916481018066 0.32687830924987793 0.37705540657043457 0.456587553024292 0.5749291181564331 0.7188131809234619 0.4980483055114746 0.0 0.0 0.0 0.0 0.0 0.0 0.0 0.0 0.0 0.0 0.0 0.0 0.0 0.0 0.0 0.0
1.4035125970840454 0.18001461029052734 0.1722484827041626 0.19948029518127441 0.21210050582885742 0.20457446575164795 0.21229827404022217 0.21299362182617188 0.24117660522460938 0.2788879871368408 0.31144821643829346 0.3230726718902588 0.36651647090911865 0.43551206588745117 0.5682271718978882 0.7151882648468018 0.5050228834152222 0.0 0.0 0.0 0.0 0.0 0.0 0.0 0.0 0.0 0.0 0.0 0.0 0.0 0.0 0.0
1.4114989042282104 0.1777324676513672 0.15549874305725098 0.17746877670288086 0.19701874256134033 0.19925200939178467 0.1990901231765747 0.19375431537628174 0.20563030242919922 0.232346773147583 0.2601642608642578 0.28429973125457764 0.31568288803100586 0.35625600814819336 0.4354943037033081 0.5679219961166382 0.7210519313812256 0.5108702182769775 0.0 0.0 0.0 0.0 0.0 0.0 0.0 0.0 0.0 0.0 0.0 0.0 0.0 0.0
1.4125018119812012 0.17909502983093262 0.14417505264282227 0.15639925003051758 0.17639994621276855 0.19224131107330322 0.20117080211639404 0.19247663021087646 0.19689345359802246 0.20670390129089355 0.2279430627822876 0.26318907737731934 0.2870306968688965 0.31070780754089355 0.35656797885894775 0.43703675270080566 0.5667321681976318 0.7159472703933716 0.49807262420654297 0.0 0.0 0.0 0.0 0.0 0.0 0.0 0.0 0.0 0.0 0.0 0.0 0.0
1.4072282314300537 0.18571698665618896 0.14432990550994873 0.14480042457580566 0.15609002113342285 0.17377769947052002 0.20541155338287354 0.18992900848388672 0.1928865909576416 0.20938456058502197 0.21413421630859375 0.23072099685668945 0.25809335708618164 0.28134024143218994 0.31225454807281494 0.35303211212158203 0.4375654458999634 0.5616418123245239 0.7080124616622925 0.5040562152862549 0.0 0.0 0.0 0.0 0.0 0.0 0.0 0.0 0.0 0.0 0.0 0.0
1.4197924137115479 0.18008124828338623 0.14881980419158936 0.14397835731506348 0.14376020431518555 0.1496424674987793 0.1676541566848755 0.1853036880493164 0.19737720489501953 0.18928050994873047 0.18719446659088135 0.19844484329223633 0.2196565866470337 0.2460688352584839 0.2749631404876709 0.3033785820007324 0.35193371772766113 0.42937731742858887 0.5566813945770264 0.7094602584838867 0.5059672594070435 0.0 0.0 0.0 0.0 0.0 0.0 0.0 0.0 0.0 0.0 0.0
1.412192463874817 0.16638898849487305 0.15416252613067627 0.1479274034500122 0.1406024694442749 0.1393136978149414 0.14691758155822754 0.1617830991744995 0.18188798427581787 0.18442487716674805 0.18440556526184082 0.18889129161834717 0.19718384742736816 0.2174239158630371 0.2464689016342163 0.27454471588134766 0.30362749099731445 0.34775078296661377 0.4282863140106201 0.5651952028274536 0.7197048664093018 0.5021401643753052 0.0 0.0 0.0 0.0 0.0 0.0 0.0 0.0 0.0 0.0
1.4118767976760864 0.15411174297332764 0.14839303493499756 0.15414679050445557 0.15019011497497559 0.1407705545425415 0.1404350996017456 0.14860939979553223 0.16904044151306152 0.18017816543579102 0.18581247329711914 0.19540154933929443 0.20326149463653564 0.19374966621398926 0.2205899953842163 0.2491905689239502 0.277607798576355 0.3028024435043335 0.3449575901031494 0.43064284324645996 0.5660157203674316 0.7016047239303589 0.4933781623840332 0.0 0.0 0.0 0.0 0.0 0.0 0.0 0.0 0.0
1.4144706726074219 0.1485658884048462 0.13469994068145752 0.14808356761932373 0.14675450325012207 0.1411069631576538 0.1377243995666504 0.13775634765625 0.14618539810180664 0.1607731580734253 0.1757974624633789 0.18568146228790283 0.18143177032470703 0.1834273338317871 0.19875526428222656 0.21765995025634766 0.2482612133026123 0.2753748893737793 0.3016752004623413 0.3540874719619751 0.4431338310241699 0.5553613901138306 0.6958918571472168 0.49849820137023926 0.0 0.0 0.0 0.0 0.0 0.0 0.0 0.0
1.4121372699737549 0.15724873542785645 0.12080526351928711 0.13682198524475098 0.1534949541091919 0.14633023738861084 0.15203535556793213 0.1363445520401001 0.1514275074005127 0.1563253402709961 0.17185163497924805 0.17828452587127686 0.18333649635314941 0.17835581302642822 0.18378663063049316 0.1914762258529663 0.2162541151046753 0.239088773727417 0.2664339542388916 0.300520658493042 0.3477224111557007 0.4255683422088623 0.5517314672470093 0.7057323455810547 0.4965735673904419 0.0 0.0 0.0 0.0 0.0 0.0 0.0
1.4121021032333374 0.19942939281463623 0.1177598237991333 0.12229883670806885 0.14297819137573242 0.14100944995880127 0.14422261714935303 0.13067877292633057 0.14093351364135742 0.13507211208343506 0.14492154121398926 0.15961742401123047 0.1707775592803955 0.17493963241577148 0.17627167701721191 0.17966675758361816 0.19415593147277832 0.21131515502929688 0.2420051097869873 0.2816023826599121 0.3086202144622803 0.34420156478881836 0.4225616455078125 0.5523452758789062 0.6978914737701416 0.49651873111724854 0.0 0.0 0.0 0.0 0.0 0.0
1.4176992177963257 0.15176427364349365 0.11649274826049805 0.11594772338867188 0.11914777755737305 0.12081718444824219 0.12926602363586426 0.1320408582687378 0.13421177864074707 0.12950372695922852 0.13252031803131104 0.13993215560913086 0.15478837490081787 0.1693429946899414 0.17705070972442627 0.1783437728881836 0.1814337968826294 0.18988025188446045 0.2125009298324585 0.25288093090057373 0.2755906581878662 0.30027294158935547 0.3457068204879761 0.4286233186721802 0.5554590225219727 0.7005295753479004 0.4923725128173828 0.0 0.0 0.0 0.0 0.0
1.4236295223236084 0.14338397979736328 0.1176677942276001 0.12628400325775146 0.11785769462585449 0.11241018772125244 0.11612439155578613 0.13258111476898193 0.13331186771392822 0.1294856071472168 0.13142061233520508 0.13329672813415527 0.14057743549346924 0.15533125400543213 0.16975820064544678 0.17746996879577637 0.17430996894836426 0.17910361289978027 0.19377446174621582 0.2199946641921997 0.24157142639160156 0.2639656066894531 0.29503607749938965 0.3451887369155884 0.4294769763946533 0.5463640689849854 0.6930983066558838 0.4952106475830078 0.0 0.0 0.0 0.0
1.42487370967865 0.13264775276184082 0.11112105846405029 0.12421488761901855 0.12044215202331543 0.11192524433135986 0.11068487167358398 0.1137080192565918 0.12222456932067871 0.1274247169494629 0.12665879726409912 0.12619686126708984 0.12680363655090332 0.13567745685577393 0.15337443351745605 0.16826343536376953 0.1706387996673584 0.17184782028198242 0.17518770694732666 0.19595074653625488 0.2136235237121582 0.2376331090927124 0.26483309268951416 0.29816246032714844 0.34471774101257324 0.4274047613143921 0.5506218671798706 0.6938939094543457 0.49730873107910156 0.0 0.0 0.0
1.4254652261734009 0.13000881671905518 0.10544395446777344 0.1181180477142334 0.12422490119934082 0.1180882453918457 0.11188340187072754 0.1092076301574707 0.11387813091278076 0.12090671062469482 0.1255664825439453 0.12373018264770508 0.12264704704284668 0.12626159191131592 0.13666117191314697 0.15377938747406006 0.16599798202514648 0.16990447044372559 0.1750398874282837 0.17941224575042725 0.19157469272613525 0.2132354974746704 0.24065232276916504 0.2713892459869385 0.30043113231658936 0.3468252420425415 0.4223816394805908 0.5460097789764404 0.6900830268859863 0.49364447593688965 0.0 0.0
1.4251359701156616 0.12650418281555176 0.09923374652862549 0.1107414960861206 0.11758577823638916 0.12214040756225586 0.11618781089782715 0.10589635372161865 0.1071707010269165 0.11277735233306885 0.12056005001068115 0.12635338306427002 0.12376964092254639 0.12368834018707275 0.1276007890701294 0.13886606693267822 0.15198111534118652 0.16503524780273438 0.16967558860778809 0.17241621017456055 0.1786036491394043 0.18835151195526123 0.2101536989212036 0.239548921585083 0.26759958267211914 0.29748988151550293 0.3437458276748657 0.4189720153808594 0.5454428195953369 0.6933505535125732 0.4963948726654053 0.0
1.4231444597244263 0.12999558448791504 0.10573136806488037 0.10517621040344238 0.11040306091308594 0.13119196891784668 0.17271697521209717 0.11679697036743164 0.1136559247970581 0.11016130447387695 0.11137914657592773 0.11991071701049805 0.12363958358764648 0.12165999412536621 0.12171053886413574 0.13220536708831787 0.13946449756622314 0.1481790542602539 0.16011512279510498 0.16781508922576904 0.1724870204925537 0.1718897819519043 0.18392205238342285 0.2109464406967163 0.23517823219299316 0.2627490758895874 0.2941070795059204 0.3370835781097412 0.4178588390350342 0.5424203872680664 0.6908144950866699 0.49472641944885254
