1.9999799728393555 0.0 0.0 0.0 0.0 0.0 0.0 0.0 0.0 0.0 0.0 0.0 0.0 0.0 0.0 0.0 0.0 0.0 0.0 0.0 0.0 0.0 0.0 0.0 0.0 0.0 0.0 0.0 0.0 0.0 0.0 0.0
1.9867066144943237 0.22995054721832275 0.0 0.0 0.0 0.0 0.0 0.0 0.0 0.0 0.0 0.0 0.0 0.0 0.0 0.0 0.0 0.0 0.0 0.0 0.0 0.0 0.0 0.0 0.0 0.0 0.0 0.0 0.0 0.0 0.0 0.0
1.979369878768921 0.14806139469146729 0.24514555931091309 0.0 0.0 0.0 0.0 0.0 0.0 0.0 0.0 0.0 0.0 0.0 0.0 0.0 0.0 0.0 0.0 0.0 0.0 0.0 0.0 0.0 0.0 0.0 0.0 0.0 0.0 0.0 0.0 0.0
1.977066159248352 0.12779295444488525 0.16064083576202393 0.22125625610351562 0.0 0.0 0.0 0.0 0.0 0.0 0.0 0.0 0.0 0.0 0.0 0.0 0.0 0.0 0.0 0.0 0.0 0.0 0.0 0.0 0.0 0.0 0.0 0.0 0.0 0.0 0.0 0.0
1.974958062171936 0.11508452892303467 0.13679373264312744 0.145646333694458 0.21509742736816406 0.0 0.0 0.0 0.0 0.0 0.0 0.0 0.0 0.0 0.0 0.0 0.0 0.0 0.0 0.0 0.0 0.0 0.0 0.0 0.0 0.0 0.0 0.0 0.0 0.0 0.0 0.0
1.972590684890747 0.11058187484741211 0.12338721752166748 0.12827694416046143 0.14434337615966797 0.2098386287689209 0.0 0.0 0.0 0.0 0.0 0.0 0.0 0.0 0.0 0.0 0.0 0.0 0.0 0.0 0.0 0.0 0.0 0.0 0.0 0.0 0.0 0.0 0.0 0.0 0.0 0.0
1.9712224006652832 0.11231768131256104 0.11431682109832764 0.1163172721862793 0.12317442893981934 0.13524270057678223 0.20370054244995117 0.0 0.0 0.0 0.0 0.0 0.0 0.0 0.0 0.0 0.0 0.0 0.0 0.0 0.0 0.0 0.0 0.0 0.0 0.0 0.0 0.0 0.0 0.0 0.0 0.0
1.9704467058181763 0.09994888305664062 0.10677468776702881 0.10825920104980469 0.11033904552459717 0.11739087104797363 0.13094162940979004 0.20248126983642578 0.0 0.0 0.0 0.0 0.0 0.0 0.0 0.0 0.0 0.0 0.0 0.0 0.0 0.0 0.0 0.0 0.0 0.0 0.0 0.0 0.0 0.0 0.0 0.0
1.967903971672058 0.10395467281341553 0.11053740978240967 0.10766017436981201 0.10934269428253174 0.10858786106109619 0.11506843566894531 0.13640105724334717 0.192366361618042 0.0 0.0 0.0 0.0 0.0 0.0 0.0 0.0 0.0 0.0 0.0 0.0 0.0 0.0 0.0 0.0 0.0 0.0 0.0 0.0 0.0 0.0 0.0
1.968674659729004 0.09555459022521973 0.10201454162597656 0.0992887020111084 0.10117101669311523 0.10095036029815674 0.1043018102645874 0.10931038856506348 0.1274052858352661 0.1879584789276123 0.0 0.0 0.0 0.0 0.0 0.0 0.0 0.0 0.0 0.0 0.0 0.0 0.0 0.0 0.0 0.0 0.0 0.0 0.0 0.0 0.0 0.0
1.9671977758407593 0.09566974639892578 0.09532558917999268 0.09622979164123535 0.0978999137878418 0.09685623645782471 0.09828174114227295 0.1011127233505249 0.10701632499694824 0.12033247947692871 0.19424474239349365 0.0 0.0 0.0 0.0 0.0 0.0 0.0 0.0 0.0 0.0 0.0 0.0 0.0 0.0 0.0 0.0 0.0 0.0 0.0 0.0 0.0
1.967083215713501 0.09149348735809326 0.09365224838256836 0.0958479642868042 0.09456908702850342 0.09517049789428711 0.09458434581756592 0.09586238861083984 0.09781086444854736 0.10764217376708984 0.12496399879455566 0.17667973041534424 0.0 0.0 0.0 0.0 0.0 0.0 0.0 0.0 0.0 0.0 0.0 0.0 0.0 0.0 0.0 0.0 0.0 0.0 0.0 0.0
1.9642632007598877 0.09592342376708984 0.09183645248413086 0.09503912925720215 0.09794127941131592 0.09143829345703125 0.09537184238433838 0.09328103065490723 0.10223531723022461 0.10191893577575684 0.11229944229125977 0.11737728118896484 0.17861127853393555 0.0 0.0 0.0 0.0 0.0 0.0 0.0 0.0 0.0 0.0 0.0 0.0 0.0 0.0 0.0 0.0 0.0 0.0 0.0
1.9652639627456665 0.08409035205841064 0.09114623069763184 0.09297239780426025 0.09363186359405518 0.0886850357055664 0.089974045753479 0.08973455429077148 0.08935999870300293 0.0920867919921875 0.10059404373168945 0.09978914260864258 0.11793804168701172 0.17422819137573242 0.0 0.0 0.0 0.0 0.0 0.0 0.0 0.0 0.0 0.0 0.0 0.0 0.0 0.0 0.0 0.0 0.0 0.0
1.9626749753952026 0.0836937427520752 0.09149742126464844 0.0910571813583374 0.09190821647644043 0.08850038051605225 0.08963251113891602 0.08919715881347656 0.08946049213409424 0.09075212478637695 0.10329961776733398 0.09431111812591553 0.10308837890625 0.11947166919708252 0.17643368244171143 0.0 0.0 0.0 0.0 0.0 0.0 0.0 0.0 0.0 0.0 0.0 0.0 0.0 0.0 0.0 0.0 0.0
1.9628796577453613 0.08334672451019287 0.08630990982055664 0.08834588527679443 0.09287917613983154 0.0887829065322876 0.08588850498199463 0.08853578567504883 0.08889532089233398 0.08829283714294434 0.08725810050964355 0.0891575813293457 0.09523355960845947 0.10001444816589355 0.11549770832061768 0.17140638828277588 0.0 0.0 0.0 0.0 0.0 0.0 0.0 0.0 0.0 0.0 0.0 0.0 0.0 0.0 0.0 0.0
1.9610556364059448 0.08511817455291748 0.08271336555480957 0.08849787712097168 0.09083020687103271 0.08757376670837402 0.08630681037902832 0.08685433864593506 0.0882042646408081 0.08741283416748047 0.0958404541015625 0.08799374103546143 0.09230029582977295 0.09520363807678223 0.10163164138793945 0.11356425285339355 0.16776442527770996 0.0 0.0 0.0 0.0 0.0 0.0 0.0 0.0 0.0 0.0 0.0 0.0 0.0 0.0 0.0
1.9604146480560303 0.08680427074432373 0.08188986778259277 0.08515822887420654 0.08862555027008057 0.08704805374145508 0.08559012413024902 0.08563780784606934 0.08677291870117188 0.08428585529327393 0.08533811569213867 0.08531701564788818 0.0915149450302124 0.0902937650680542 0.09407901763916016 0.10061323642730713 0.10910630226135254 0.16868066787719727 0.0 0.0 0.0 0.0 0.0 0.0 0.0 0.0 0.0 0.0 0.0 0.0 0.0 0.0
1.959214687347412 0.0848156213760376 0.08285284042358398 0.08514094352722168 0.08371841907501221 0.08707964420318604 0.08430051803588867 0.08569192886352539 0.08617889881134033 0.08308100700378418 0.09499514102935791 0.08476424217224121 0.08449029922485352 0.08593201637268066 0.08846056461334229 0.0922555923461914 0.09687602519989014 0.11182069778442383 0.1664060354232788 0.0 0.0 0.0 0.0 0.0 0.0 0.0 0.0 0.0 0.0 0.0 0.0 0.0
1.9571962356567383 0.0864267349243164 0.0820472240447998 0.08557260036468506 0.08596301078796387 0.08348917961120605 0.08265531063079834 0.08253347873687744 0.08313429355621338 0.08435702323913574 0.08656251430511475 0.08296751976013184 0.09294688701629639 0.08552992343902588 0.08986759185791016 0.0891333818435669 0.09113669395446777 0.10163271427154541 0.12010180950164795 0.16208219528198242 0.0 0.0 0.0 0.0 0.0 0.0 0.0 0.0 0.0 0.0 0.0 0.0
1.9549123048782349 0.08831596374511719 0.08188700675964355 0.08523154258728027 0.08637881278991699 0.08274126052856445 0.08316898345947266 0.08366429805755615 0.08268284797668457 0.08543860912322998 0.09503912925720215 0.08189082145690918 0.08378148078918457 0.08685636520385742 0.08942592144012451 0.08473074436187744 0.08864223957061768 0.09355342388153076 0.10037434101104736 0.10916697978973389 0.1730821132659912 0.0 0.0 0.0 0.0 0.0 0.0 0.0 0.0 0.0 0.0 0.0
1.9524962902069092 0.08281409740447998 0.08238637447357178 0.08470308780670166 0.08679234981536865 0.08107495307922363 0.08183431625366211 0.08273744583129883 0.08433258533477783 0.08563363552093506 0.10155606269836426 0.08186769485473633 0.08327257633209229 0.08521866798400879 0.0882868766784668 0.08369755744934082 0.08970975875854492 0.0890049934387207 0.094443678855896 0.09478902816772461 0.12226557731628418 0.1727839708328247 0.0 0.0 0.0 0.0 0.0 0.0 0.0 0.0 0.0 0.0
1.9525178670883179 0.07987260818481445 0.081512451171875 0.08400821685791016 0.08357882499694824 0.07991302013397217 0.08234822750091553 0.08109176158905029 0.08128035068511963 0.08787071704864502 0.11929666996002197 0.08557498455047607 0.08323085308074951 0.08052587509155273 0.08399009704589844 0.08092939853668213 0.08689391613006592 0.08551561832427979 0.08678960800170898 0.08821940422058105 0.09742951393127441 0.10892772674560547 0.1620417833328247 0.0 0.0 0.0 0.0 0.0 0.0 0.0 0.0 0.0
1.9537127017974854 0.08280670642852783 0.07971048355102539 0.08364701271057129 0.08425784111022949 0.0811004638671875 0.08071660995483398 0.07923758029937744 0.07937848567962646 0.08108413219451904 0.09299266338348389 0.07956647872924805 0.08558452129364014 0.08093607425689697 0.08172345161437988 0.07894933223724365 0.08088326454162598 0.08247482776641846 0.08371126651763916 0.08345532417297363 0.09321987628936768 0.09606802463531494 0.10538721084594727 0.1587303876876831 0.0 0.0 0.0 0.0 0.0 0.0 0.0 0.0
1.9520601034164429 0.08676314353942871 0.07999157905578613 0.0827263593673706 0.08378589153289795 0.08079111576080322 0.0799863338470459 0.07821869850158691 0.08175230026245117 0.0811777114868164 0.09325516223907471 0.07917261123657227 0.0819171667098999 0.08163607120513916 0.08360612392425537 0.07947254180908203 0.0787421464920044 0.0790407657623291 0.08276939392089844 0.08106446266174316 0.08811867237091064 0.08966708183288574 0.09444248676300049 0.10415351390838623 0.1615985631942749 0.0 0.0 0.0 0.0 0.0 0.0 0.0
1.9510338306427002 0.08364534378051758 0.0761723518371582 0.08154833316802979 0.08191156387329102 0.07993090152740479 0.08114099502563477 0.07935333251953125 0.08754730224609375 0.07985210418701172 0.08422958850860596 0.07784247398376465 0.08346366882324219 0.07906448841094971 0.0844348669052124 0.08014953136444092 0.0801839828491211 0.07901012897491455 0.07784807682037354 0.07937443256378174 0.08247792720794678 0.08707726001739502 0.0887528657913208 0.09281730651855469 0.10576963424682617 0.16380178928375244 0.0 0.0 0.0 0.0 0.0 0.0
1.9493272304534912 0.10023856163024902 0.0758124589920044 0.07965922355651855 0.08284318447113037 0.07805418968200684 0.07860517501831055 0.08029890060424805 0.07892131805419922 0.08089995384216309 0.08182001113891602 0.07818460464477539 0.08471107482910156 0.07823753356933594 0.08503580093383789 0.07882368564605713 0.07807064056396484 0.08191347122192383 0.07931411266326904 0.07608258724212646 0.08205056190490723 0.08466589450836182 0.08318829536437988 0.08931958675384521 0.09403610229492188 0.11131203174591064 0.1580507755279541 0.0 0.0 0.0 0.0 0.0
1.9499731063842773 0.08674848079681396 0.07685971260070801 0.08032166957855225 0.0796961784362793 0.07842981815338135 0.07964503765106201 0.07914352416992188 0.07801330089569092 0.07850682735443115 0.0823214054107666 0.07778358459472656 0.08148229122161865 0.07782065868377686 0.08119308948516846 0.07852351665496826 0.07634449005126953 0.07685232162475586 0.07815933227539062 0.07641732692718506 0.08170342445373535 0.07755303382873535 0.07848215103149414 0.08215212821960449 0.08669531345367432 0.09903919696807861 0.10596156120300293 0.15511059761047363 0.0 0.0 0.0 0.0
1.948091983795166 0.0894312858581543 0.07504665851593018 0.07924175262451172 0.07952344417572021 0.07858777046203613 0.07985711097717285 0.0791168212890625 0.07803452014923096 0.07817518711090088 0.07906997203826904 0.07627058029174805 0.07828903198242188 0.07814466953277588 0.0787438154220581 0.07784914970397949 0.07750153541564941 0.07787370681762695 0.07729208469390869 0.07717525959014893 0.07858502864837646 0.07937133312225342 0.0773540735244751 0.08111369609832764 0.08203864097595215 0.08981633186340332 0.10121536254882812 0.10742068290710449 0.15915870666503906 0.0 0.0 0.0
1.9466999769210815 0.08269929885864258 0.07776129245758057 0.07987105846405029 0.07932889461517334 0.07699429988861084 0.077445387840271 0.07703506946563721 0.08275163173675537 0.0785902738571167 0.08424139022827148 0.08428072929382324 0.07749497890472412 0.07580935955047607 0.07912492752075195 0.07855510711669922 0.075431227684021 0.07882869243621826 0.07779335975646973 0.08010923862457275 0.08399558067321777 0.07865571975708008 0.07761240005493164 0.07774198055267334 0.08116161823272705 0.08887481689453125 0.08987736701965332 0.09228122234344482 0.10651516914367676 0.15252423286437988 0.0 0.0
1.9456939697265625 0.07751750946044922 0.07477378845214844 0.07888400554656982 0.07795500755310059 0.0761411190032959 0.07826530933380127 0.07592856884002686 0.07640218734741211 0.07877504825592041 0.08208918571472168 0.0765458345413208 0.08481872081756592 0.07884407043457031 0.08918094635009766 0.07950961589813232 0.08120131492614746 0.07768285274505615 0.07709622383117676 0.0752485990524292 0.08136224746704102 0.0768204927444458 0.07701277732849121 0.07938182353973389 0.08143091201782227 0.08304059505462646 0.0872800350189209 0.08570384979248047 0.09297800064086914 0.10170924663543701 0.1539703607559204 0.0
1.941270351409912 0.10485827922821045 0.07563376426696777 0.08203363418579102 0.08082056045532227 0.07601594924926758 0.07590329647064209 0.07600748538970947 0.07728230953216553 0.07800900936126709 0.12913644313812256 0.07721507549285889 0.0790172815322876 0.07743501663208008 0.07894253730773926 0.07597208023071289 0.0761411190032959 0.08161985874176025 0.07773923873901367 0.07438051700592041 0.07683658599853516 0.07920300960540771 0.07842957973480225 0.07784533500671387 0.07452189922332764 0.08396553993225098 0.07983219623565674 0.08217191696166992 0.089194655418396 0.09411084651947021 0.10382139682769775 0.1526336669921875
