1.9999799728393555 0.0 0.0 0.0 0.0 0.0 0.0 0.0 0.0 0.0 0.0 0.0 0.0 0.0 0.0 0.0 0.0 0.0 0.0 0.0 0.0 0.0 0.0 0.0 0.0 0.0 0.0 0.0 0.0 0.0 0.0 0.0
1.9928534030914307 0.1685199737548828 0.0 0.0 0.0 0.0 0.0 0.0 0.0 0.0 0.0 0.0 0.0 0.0 0.0 0.0 0.0 0.0 0.0 0.0 0.0 0.0 0.0 0.0 0.0 0.0 0.0 0.0 0.0 0.0 0.0 0.0
1.992398738861084 0.09831273555755615 0.14360523223876953 0.0 0.0 0.0 0.0 0.0 0.0 0.0 0.0 0.0 0.0 0.0 0.0 0.0 0.0 0.0 0.0 0.0 0.0 0.0 0.0 0.0 0.0 0.0 0.0 0.0 0.0 0.0 0.0 0.0
1.990365982055664 0.09051978588104248 0.10651350021362305 0.13730263710021973 0.0 0.0 0.0 0.0 0.0 0.0 0.0 0.0 0.0 0.0 0.0 0.0 0.0 0.0 0.0 0.0 0.0 0.0 0.0 0.0 0.0 0.0 0.0 0.0 0.0 0.0 0.0 0.0
1.9885565042495728 0.08661139011383057 0.09818637371063232 0.10698652267456055 0.1303119659423828 0.0 0.0 0.0 0.0 0.0 0.0 0.0 0.0 0.0 0.0 0.0 0.0 0.0 0.0 0.0 0.0 0.0 0.0 0.0 0.0 0.0 0.0 0.0 0.0 0.0 0.0 0.0
1.9865100383758545 0.08474183082580566 0.09857547283172607 0.09577953815460205 0.09863162040710449 0.13370954990386963 0.0 0.0 0.0 0.0 0.0 0.0 0.0 0.0 0.0 0.0 0.0 0.0 0.0 0.0 0.0 0.0 0.0 0.0 0.0 0.0 0.0 0.0 0.0 0.0 0.0 0.0
1.985641360282898 0.08070516586303711 0.0981065034866333 0.09251904487609863 0.0858834981918335 0.09596359729766846 0.12585580348968506 0.0 0.0 0.0 0.0 0.0 0.0 0.0 0.0 0.0 0.0 0.0 0.0 0.0 0.0 0.0 0.0 0.0 0.0 0.0 0.0 0.0 0.0 0.0 0.0 0.0
1.9849892854690552 0.0781099796295166 0.09215223789215088 0.08661937713623047 0.08287632465362549 0.08875799179077148 0.09100484848022461 0.12078225612640381 0.0 0.0 0.0 0.0 0.0 0.0 0.0 0.0 0.0 0.0 0.0 0.0 0.0 0.0 0.0 0.0 0.0 0.0 0.0 0.0 0.0 0.0 0.0 0.0
1.9836488962173462 0.07458817958831787 0.08789575099945068 0.08549654483795166 0.08834671974182129 0.08543050289154053 0.08336472511291504 0.08677256107330322 0.12177276611328125 0.0 0.0 0.0 0.0 0.0 0.0 0.0 0.0 0.0 0.0 0.0 0.0 0.0 0.0 0.0 0.0 0.0 0.0 0.0 0.0 0.0 0.0 0.0
1.98306405544281 0.07341396808624268 0.08642256259918213 0.08173072338104248 0.07731008529663086 0.07991552352905273 0.07969915866851807 0.07950162887573242 0.08935809135437012 0.12151038646697998 0.0 0.0 0.0 0.0 0.0 0.0 0.0 0.0 0.0 0.0 0.0 0.0 0.0 0.0 0.0 0.0 0.0 0.0 0.0 0.0 0.0 0.0
1.9817193746566772 0.07364368438720703 0.08724355697631836 0.08144140243530273 0.07671284675598145 0.07691299915313721 0.07967984676361084 0.07667422294616699 0.08271956443786621 0.08646738529205322 0.12106442451477051 0.0 0.0 0.0 0.0 0.0 0.0 0.0 0.0 0.0 0.0 0.0 0.0 0.0 0.0 0.0 0.0 0.0 0.0 0.0 0.0 0.0
1.9808341264724731 0.0719614028930664 0.0817725658416748 0.07974028587341309 0.07724356651306152 0.07708168029785156 0.07489371299743652 0.07365632057189941 0.07942318916320801 0.07991576194763184 0.08358824253082275 0.12383103370666504 0.0 0.0 0.0 0.0 0.0 0.0 0.0 0.0 0.0 0.0 0.0 0.0 0.0 0.0 0.0 0.0 0.0 0.0 0.0 0.0
1.9792166948318481 0.0741269588470459 0.08046019077301025 0.07976794242858887 0.07503509521484375 0.07332396507263184 0.07566940784454346 0.072151780128479 0.07987701892852783 0.07699823379516602 0.07858896255493164 0.09956502914428711 0.11803090572357178 0.0 0.0 0.0 0.0 0.0 0.0 0.0 0.0 0.0 0.0 0.0 0.0 0.0 0.0 0.0 0.0 0.0 0.0 0.0
1.9793494939804077 0.06880021095275879 0.07931005954742432 0.07935070991516113 0.07446742057800293 0.0736008882522583 0.0738823413848877 0.07133603096008301 0.07563924789428711 0.07222676277160645 0.07467341423034668 0.08383011817932129 0.08109796047210693 0.11449980735778809 0.0 0.0 0.0 0.0 0.0 0.0 0.0 0.0 0.0 0.0 0.0 0.0 0.0 0.0 0.0 0.0 0.0 0.0
1.9779576063156128 0.06808948516845703 0.07840240001678467 0.07606983184814453 0.07472825050354004 0.07500267028808594 0.07488274574279785 0.07127130031585693 0.07176470756530762 0.07335817813873291 0.07232105731964111 0.08304142951965332 0.07841360569000244 0.08176231384277344 0.11665594577789307 0.0 0.0 0.0 0.0 0.0 0.0 0.0 0.0 0.0 0.0 0.0 0.0 0.0 0.0 0.0 0.0 0.0
1.9771264791488647 0.06827259063720703 0.07929825782775879 0.07582950592041016 0.07343900203704834 0.07467591762542725 0.0727546215057373 0.07037734985351562 0.07173526287078857 0.07332277297973633 0.06888961791992188 0.07622277736663818 0.07512378692626953 0.07784068584442139 0.08098483085632324 0.11659228801727295 0.0 0.0 0.0 0.0 0.0 0.0 0.0 0.0 0.0 0.0 0.0 0.0 0.0 0.0 0.0 0.0
1.9745286703109741 0.07019662857055664 0.07673275470733643 0.07619094848632812 0.07740724086761475 0.07629919052124023 0.07512462139129639 0.07276701927185059 0.07544934749603271 0.07373225688934326 0.07312452793121338 0.07550036907196045 0.07729363441467285 0.07648634910583496 0.08192920684814453 0.08616113662719727 0.11669552326202393 0.0 0.0 0.0 0.0 0.0 0.0 0.0 0.0 0.0 0.0 0.0 0.0 0.0 0.0 0.0
1.9743890762329102 0.06852757930755615 0.0775442123413086 0.07738780975341797 0.07533299922943115 0.07406449317932129 0.07526040077209473 0.07000303268432617 0.07274782657623291 0.07375741004943848 0.07036304473876953 0.07422232627868652 0.07175886631011963 0.07239925861358643 0.07491171360015869 0.08199167251586914 0.08114039897918701 0.1128082275390625 0.0 0.0 0.0 0.0 0.0 0.0 0.0 0.0 0.0 0.0 0.0 0.0 0.0 0.0
1.9731401205062866 0.06868493556976318 0.08130311965942383 0.07741737365722656 0.07294940948486328 0.0732886791229248 0.0754932165145874 0.07167172431945801 0.07253873348236084 0.07370364665985107 0.07065653800964355 0.07535922527313232 0.07026457786560059 0.06959712505340576 0.07361578941345215 0.07715129852294922 0.07699131965637207 0.07942521572113037 0.1138763427734375 0.0 0.0 0.0 0.0 0.0 0.0 0.0 0.0 0.0 0.0 0.0 0.0 0.0
1.9677506685256958 0.06957614421844482 0.07853484153747559 0.07536625862121582 0.07416582107543945 0.07094275951385498 0.07552230358123779 0.07470262050628662 0.07286429405212402 0.07395243644714355 0.07130169868469238 0.12828338146209717 0.08065629005432129 0.0717998743057251 0.07990586757659912 0.07930874824523926 0.07577085494995117 0.0838630199432373 0.08349871635437012 0.11355185508728027 0.0 0.0 0.0 0.0 0.0 0.0 0.0 0.0 0.0 0.0 0.0 0.0
1.9700744152069092 0.06912016868591309 0.08236515522003174 0.07725310325622559 0.07563221454620361 0.07416510581970215 0.07389378547668457 0.07278978824615479 0.0727243423461914 0.07346522808074951 0.07277786731719971 0.07436788082122803 0.07187795639038086 0.07147157192230225 0.07607829570770264 0.07569432258605957 0.07234013080596924 0.07204151153564453 0.0770866870880127 0.07975196838378906 0.11453032493591309 0.0 0.0 0.0 0.0 0.0 0.0 0.0 0.0 0.0 0.0 0.0
1.9684871435165405 0.06927704811096191 0.0819394588470459 0.08424901962280273 0.07728636264801025 0.07388246059417725 0.07492196559906006 0.07179653644561768 0.07327628135681152 0.07356834411621094 0.07251358032226562 0.07677507400512695 0.07331669330596924 0.06888043880462646 0.07815670967102051 0.07601523399353027 0.06820333003997803 0.0694197416305542 0.07343804836273193 0.07483935356140137 0.08133947849273682 0.11443161964416504 0.0 0.0 0.0 0.0 0.0 0.0 0.0 0.0 0.0 0.0
1.9673633575439453 0.06943321228027344 0.07907211780548096 0.07820439338684082 0.07504582405090332 0.0747917890548706 0.0752631425857544 0.07228481769561768 0.07081294059753418 0.07392382621765137 0.07187104225158691 0.08556723594665527 0.07658398151397705 0.06940793991088867 0.07810854911804199 0.07218348979949951 0.06750321388244629 0.06819939613342285 0.0692138671875 0.07437801361083984 0.07707691192626953 0.08022189140319824 0.11462688446044922 0.0 0.0 0.0 0.0 0.0 0.0 0.0 0.0 0.0
1.9671871662139893 0.06893765926361084 0.07723164558410645 0.07421207427978516 0.07467710971832275 0.07406032085418701 0.07350766658782959 0.07152462005615234 0.07128465175628662 0.07522618770599365 0.07091403007507324 0.07618319988250732 0.07067179679870605 0.07074785232543945 0.07326388359069824 0.07248818874359131 0.0698080062866211 0.06551229953765869 0.07022750377655029 0.07069861888885498 0.07203793525695801 0.07581472396850586 0.08045923709869385 0.11628091335296631 0.0 0.0 0.0 0.0 0.0 0.0 0.0 0.0
1.9654308557510376 0.06682741641998291 0.07931435108184814 0.07694220542907715 0.07418966293334961 0.07118487358093262 0.07373511791229248 0.07091712951660156 0.07422041893005371 0.07691013813018799 0.07205700874328613 0.07662701606750488 0.07192444801330566 0.07220935821533203 0.07662761211395264 0.07639443874359131 0.06851363182067871 0.06670832633972168 0.06814491748809814 0.07188773155212402 0.06949388980865479 0.07567727565765381 0.07536029815673828 0.07997846603393555 0.11415314674377441 0.0 0.0 0.0 0.0 0.0 0.0 0.0
1.9619256258010864 0.06761014461517334 0.08031463623046875 0.07620120048522949 0.07391488552093506 0.07460284233093262 0.07450151443481445 0.07544350624084473 0.07343161106109619 0.07583260536193848 0.07440018653869629 0.1035233736038208 0.07407164573669434 0.07108712196350098 0.0798335075378418 0.07542073726654053 0.0692671537399292 0.07025086879730225 0.07160329818725586 0.07114362716674805 0.06824791431427002 0.07098793983459473 0.07980656623840332 0.07577633857727051 0.0874708890914917 0.11051404476165771 0.0 0.0 0.0 0.0 0.0 0.0
1.956459641456604 0.06607389450073242 0.07857120037078857 0.07544553279876709 0.07408618927001953 0.07182395458221436 0.07332122325897217 0.072029709815979 0.07275760173797607 0.07364630699157715 0.07399308681488037 0.1580517292022705 0.07645153999328613 0.0726006031036377 0.09091103076934814 0.08244359493255615 0.0679699182510376 0.0698399543762207 0.06773102283477783 0.06963062286376953 0.068717360496521 0.06970250606536865 0.07120132446289062 0.0731496810913086 0.09912514686584473 0.07931697368621826 0.11081409454345703 0.0 0.0 0.0 0.0 0.0
1.960929274559021 0.06665647029876709 0.07613968849182129 0.07507288455963135 0.07421386241912842 0.07263588905334473 0.07331538200378418 0.07245147228240967 0.07205677032470703 0.07314431667327881 0.07243382930755615 0.10930418968200684 0.07246541976928711 0.07423222064971924 0.0792393684387207 0.08496809005737305 0.06777584552764893 0.06700420379638672 0.06831419467926025 0.06487166881561279 0.0666654109954834 0.0667794942855835 0.06770384311676025 0.07072579860687256 0.07194352149963379 0.07406365871429443 0.0777214765548706 0.1103508472442627 0.0 0.0 0.0 0.0
1.9614454507827759 0.06443202495574951 0.07633388042449951 0.07646489143371582 0.07385015487670898 0.07468807697296143 0.07140326499938965 0.07052779197692871 0.07186293601989746 0.07299566268920898 0.07111310958862305 0.09127509593963623 0.07250022888183594 0.07399582862854004 0.07334256172180176 0.07435870170593262 0.06838512420654297 0.067771315574646 0.0659174919128418 0.06647992134094238 0.06844961643218994 0.06807959079742432 0.06941068172454834 0.06744694709777832 0.06971681118011475 0.07093894481658936 0.07505583763122559 0.07708680629730225 0.10914337635040283 0.0 0.0 0.0
1.9590065479278564 0.06784451007843018 0.08080530166625977 0.07681310176849365 0.07407510280609131 0.07248580455780029 0.07513070106506348 0.07398068904876709 0.07600820064544678 0.07563352584838867 0.07308363914489746 0.07848119735717773 0.07561218738555908 0.0732879638671875 0.07463860511779785 0.07766008377075195 0.0698704719543457 0.0686941146850586 0.06911242008209229 0.06782007217407227 0.06681203842163086 0.06970953941345215 0.06924855709075928 0.06813609600067139 0.07215392589569092 0.07105302810668945 0.0710289478302002 0.07302188873291016 0.07846570014953613 0.11410903930664062 0.0 0.0
1.9576236009597778 0.06626033782958984 0.07935571670532227 0.07763481140136719 0.07524681091308594 0.07363271713256836 0.07606077194213867 0.07257533073425293 0.07216286659240723 0.07287168502807617 0.07268691062927246 0.07788896560668945 0.07500624656677246 0.07167947292327881 0.07634568214416504 0.078774094581604 0.07167816162109375 0.07519388198852539 0.08031606674194336 0.06523120403289795 0.0666276216506958 0.06863152980804443 0.07463717460632324 0.06940233707427979 0.06801390647888184 0.06870293617248535 0.07119762897491455 0.06946969032287598 0.0723719596862793 0.07931077480316162 0.11056041717529297 0.0
1.955257534980774 0.06550836563110352 0.07889175415039062 0.07801651954650879 0.07440078258514404 0.07526254653930664 0.07418954372406006 0.07154536247253418 0.07552015781402588 0.07356977462768555 0.07407796382904053 0.0796884298324585 0.07401084899902344 0.07168388366699219 0.07480740547180176 0.07590031623840332 0.07275271415710449 0.07348096370697021 0.08871972560882568 0.06658458709716797 0.06907236576080322 0.07236957550048828 0.08313512802124023 0.07418477535247803 0.07089352607727051 0.0649789571762085 0.06725728511810303 0.06921184062957764 0.07027316093444824 0.07533729076385498 0.07693362236022949 0.11368727684020996
