1.9999799728393555 0.0 0.0 0.0 0.0 0.0 0.0 0.0 0.0 0.0 0.0 0.0 0.0 0.0 0.0 0.0 0.0 0.0 0.0 0.0 0.0 0.0 0.0 0.0 0.0 0.0 0.0 0.0 0.0 0.0 0.0 0.0
1.9831955432891846 0.2585916519165039 0.0 0.0 0.0 0.0 0.0 0.0 0.0 0.0 0.0 0.0 0.0 0.0 0.0 0.0 0.0 0.0 0.0 0.0 0.0 0.0 0.0 0.0 0.0 0.0 0.0 0.0 0.0 0.0 0.0 0.0
1.9662644863128662 0.2486792802810669 0.26803672313690186 0.0 0.0 0.0 0.0 0.0 0.0 0.0 0.0 0.0 0.0 0.0 0.0 0.0 0.0 0.0 0.0 0.0 0.0 0.0 0.0 0.0 0.0 0.0 0.0 0.0 0.0 0.0 0.0 0.0
1.9562808275222778 0.23822021484375 0.21938693523406982 0.26073503494262695 0.0 0.0 0.0 0.0 0.0 0.0 0.0 0.0 0.0 0.0 0.0 0.0 0.0 0.0 0.0 0.0 0.0 0.0 0.0 0.0 0.0 0.0 0.0 0.0 0.0 0.0 0.0 0.0
1.9472159147262573 0.22505879402160645 0.21426129341125488 0.2136911153793335 0.25689923763275146 0.0 0.0 0.0 0.0 0.0 0.0 0.0 0.0 0.0 0.0 0.0 0.0 0.0 0.0 0.0 0.0 0.0 0.0 0.0 0.0 0.0 0.0 0.0 0.0 0.0 0.0 0.0
1.9386287927627563 0.21773076057434082 0.2086392641067505 0.20802569389343262 0.21095061302185059 0.2507762908935547 0.0 0.0 0.0 0.0 0.0 0.0 0.0 0.0 0.0 0.0 0.0 0.0 0.0 0.0 0.0 0.0 0.0 0.0 0.0 0.0 0.0 0.0 0.0 0.0 0.0 0.0
1.9299525022506714 0.21309614181518555 0.20356130599975586 0.20579349994659424 0.20656847953796387 0.20877206325531006 0.24432623386383057 0.0 0.0 0.0 0.0 0.0 0.0 0.0 0.0 0.0 0.0 0.0 0.0 0.0 0.0 0.0 0.0 0.0 0.0 0.0 0.0 0.0 0.0 0.0 0.0 0.0
1.9223041534423828 0.20876860618591309 0.1987096071243286 0.2008519172668457 0.20515525341033936 0.20303642749786377 0.20067667961120605 0.24002718925476074 0.0 0.0 0.0 0.0 0.0 0.0 0.0 0.0 0.0 0.0 0.0 0.0 0.0 0.0 0.0 0.0 0.0 0.0 0.0 0.0 0.0 0.0 0.0 0.0
1.9156688451766968 0.20265913009643555 0.19321870803833008 0.19515013694763184 0.19989407062530518 0.2007225751876831 0.19701611995697021 0.1955883502960205 0.23723912239074707 0.0 0.0 0.0 0.0 0.0 0.0 0.0 0.0 0.0 0.0 0.0 0.0 0.0 0.0 0.0 0.0 0.0 0.0 0.0 0.0 0.0 0.0 0.0
1.9085414409637451 0.20065772533416748 0.1899334192276001 0.1914677619934082 0.19510364532470703 0.19657278060913086 0.1968444585800171 0.1930750608444214 0.19518637657165527 0.23127079010009766 0.0 0.0 0.0 0.0 0.0 0.0 0.0 0.0 0.0 0.0 0.0 0.0 0.0 0.0 0.0 0.0 0.0 0.0 0.0 0.0 0.0 0.0
1.9020801782608032 0.19793462753295898 0.18797826766967773 0.18659234046936035 0.18923044204711914 0.19164800643920898 0.19144713878631592 0.19116878509521484 0.19229674339294434 0.19022786617279053 0.23171520233154297 0.0 0.0 0.0 0.0 0.0 0.0 0.0 0.0 0.0 0.0 0.0 0.0 0.0 0.0 0.0 0.0 0.0 0.0 0.0 0.0 0.0
1.8955684900283813 0.1978510618209839 0.1838216781616211 0.18361735343933105 0.18634891510009766 0.1872870922088623 0.18823707103729248 0.18738865852355957 0.19093108177185059 0.18697404861450195 0.189916729927063 0.22843241691589355 0.0 0.0 0.0 0.0 0.0 0.0 0.0 0.0 0.0 0.0 0.0 0.0 0.0 0.0 0.0 0.0 0.0 0.0 0.0 0.0
1.8895854949951172 0.19394445419311523 0.1834017038345337 0.1802356243133545 0.18206501007080078 0.18284904956817627 0.18526911735534668 0.18416142463684082 0.18704211711883545 0.18723881244659424 0.18542277812957764 0.1871047019958496 0.22652649879455566 0.0 0.0 0.0 0.0 0.0 0.0 0.0 0.0 0.0 0.0 0.0 0.0 0.0 0.0 0.0 0.0 0.0 0.0 0.0
1.884610652923584 0.19169414043426514 0.18094158172607422 0.17868685722351074 0.1775515079498291 0.18050634860992432 0.18055307865142822 0.17934393882751465 0.18332326412200928 0.1824808120727539 0.18330729007720947 0.18127357959747314 0.1840367317199707 0.22479629516601562 0.0 0.0 0.0 0.0 0.0 0.0 0.0 0.0 0.0 0.0 0.0 0.0 0.0 0.0 0.0 0.0 0.0 0.0
1.8783290386199951 0.19110548496246338 0.17985248565673828 0.17717933654785156 0.17644739151000977 0.17710590362548828 0.17787039279937744 0.1762549877166748 0.18015742301940918 0.17928588390350342 0.1815781593322754 0.18037843704223633 0.17909908294677734 0.18449878692626953 0.22366869449615479 0.0 0.0 0.0 0.0 0.0 0.0 0.0 0.0 0.0 0.0 0.0 0.0 0.0 0.0 0.0 0.0 0.0
1.8754255771636963 0.18731176853179932 0.17716538906097412 0.1736431121826172 0.1732337474822998 0.17432117462158203 0.1725376844406128 0.17109954357147217 0.1732395887374878 0.17387402057647705 0.17603850364685059 0.17524099349975586 0.17566359043121338 0.17818665504455566 0.18112528324127197 0.22172915935516357 0.0 0.0 0.0 0.0 0.0 0.0 0.0 0.0 0.0 0.0 0.0 0.0 0.0 0.0 0.0 0.0
1.8702491521835327 0.18618285655975342 0.175819993019104 0.17191946506500244 0.17191028594970703 0.17120325565338135 0.1696312427520752 0.1682497262954712 0.1696082353591919 0.17133259773254395 0.17260217666625977 0.17324340343475342 0.17393028736114502 0.176055908203125 0.1752331256866455 0.18006205558776855 0.22042465209960938 0.0 0.0 0.0 0.0 0.0 0.0 0.0 0.0 0.0 0.0 0.0 0.0 0.0 0.0 0.0
1.8655142784118652 0.18378198146820068 0.1732499599456787 0.17001044750213623 0.16989588737487793 0.1696077585220337 0.1685868501663208 0.16635656356811523 0.16664206981658936 0.16774749755859375 0.168748140335083 0.16955900192260742 0.17196202278137207 0.17481732368469238 0.17373275756835938 0.17343401908874512 0.178460955619812 0.21878910064697266 0.0 0.0 0.0 0.0 0.0 0.0 0.0 0.0 0.0 0.0 0.0 0.0 0.0 0.0
1.85999596118927 0.18107593059539795 0.1724555492401123 0.16879451274871826 0.16827392578125 0.16875648498535156 0.16806256771087646 0.16592633724212646 0.16660618782043457 0.16512393951416016 0.16498219966888428 0.1657339334487915 0.1675400733947754 0.17078256607055664 0.1717817783355713 0.17207098007202148 0.17197275161743164 0.17699766159057617 0.22281408309936523 0.0 0.0 0.0 0.0 0.0 0.0 0.0 0.0 0.0 0.0 0.0 0.0 0.0
1.856249451637268 0.17895817756652832 0.17030107975006104 0.16671669483184814 0.16704082489013672 0.1661853790283203 0.16650378704071045 0.16470623016357422 0.16462385654449463 0.1633775234222412 0.16273415088653564 0.16164445877075195 0.16289758682250977 0.16637933254241943 0.16872751712799072 0.1697533130645752 0.17047607898712158 0.16991662979125977 0.17797422409057617 0.21778488159179688 0.0 0.0 0.0 0.0 0.0 0.0 0.0 0.0 0.0 0.0 0.0 0.0
1.851108431816101 0.17703020572662354 0.16902375221252441 0.1652696132659912 0.16431128978729248 0.16595685482025146 0.1668412685394287 0.1637033224105835 0.16407549381256104 0.16264796257019043 0.16227900981903076 0.16026532649993896 0.15948259830474854 0.1632024049758911 0.16585767269134521 0.16726398468017578 0.16786789894104004 0.16734659671783447 0.17141997814178467 0.17510366439819336 0.2181408405303955 0.0 0.0 0.0 0.0 0.0 0.0 0.0 0.0 0.0 0.0 0.0
1.8496458530426025 0.17279815673828125 0.16593682765960693 0.16249489784240723 0.16192209720611572 0.1618342399597168 0.16133570671081543 0.15894293785095215 0.16003787517547607 0.1595698595046997 0.15920734405517578 0.15772545337677002 0.15654504299163818 0.15894699096679688 0.16140151023864746 0.16295385360717773 0.1647723913192749 0.1644129753112793 0.16907715797424316 0.16722571849822998 0.17356789112091064 0.21579110622406006 0.0 0.0 0.0 0.0 0.0 0.0 0.0 0.0 0.0 0.0
1.8452739715576172 0.17182469367980957 0.16471898555755615 0.16019272804260254 0.16032838821411133 0.161124587059021 0.160453200340271 0.15681767463684082 0.15803277492523193 0.15673744678497314 0.15793049335479736 0.15729379653930664 0.15539085865020752 0.15595078468322754 0.15795421600341797 0.15955805778503418 0.16255927085876465 0.1624126434326172 0.16733884811401367 0.1658945083618164 0.16623032093048096 0.1732785701751709 0.21525073051452637 0.0 0.0 0.0 0.0 0.0 0.0 0.0 0.0 0.0
1.8408783674240112 0.17033672332763672 0.16307973861694336 0.15636718273162842 0.1575472354888916 0.15958642959594727 0.15860891342163086 0.15548300743103027 0.1570580005645752 0.15402817726135254 0.15574932098388672 0.15572047233581543 0.15451550483703613 0.15842056274414062 0.15673863887786865 0.15669941902160645 0.1596689224243164 0.1586686372756958 0.16705918312072754 0.16383028030395508 0.1656883955001831 0.16524457931518555 0.17236852645874023 0.21536517143249512 0.0 0.0 0.0 0.0 0.0 0.0 0.0 0.0
1.8378528356552124 0.16932106018066406 0.16240239143371582 0.15553617477416992 0.15557539463043213 0.15699923038482666 0.15676236152648926 0.1532747745513916 0.15429651737213135 0.15284836292266846 0.15361452102661133 0.15322232246398926 0.1529254913330078 0.15851044654846191 0.15444374084472656 0.15313541889190674 0.1554579734802246 0.15547490119934082 0.16143763065338135 0.16224408149719238 0.16353893280029297 0.16333794593811035 0.16280913352966309 0.17125344276428223 0.21414899826049805 0.0 0.0 0.0 0.0 0.0 0.0 0.0
1.8351131677627563 0.1684340238571167 0.16106104850769043 0.15478885173797607 0.15471398830413818 0.1531670093536377 0.15346252918243408 0.151694655418396 0.15328764915466309 0.1525357961654663 0.15149295330047607 0.15068840980529785 0.15035319328308105 0.15513932704925537 0.1526550054550171 0.15198755264282227 0.1509084701538086 0.15168261528015137 0.15828895568847656 0.15877580642700195 0.1617659330368042 0.16251897811889648 0.1623169183731079 0.16224920749664307 0.16953206062316895 0.21063709259033203 0.0 0.0 0.0 0.0 0.0 0.0
1.8312299251556396 0.16648471355438232 0.15965616703033447 0.15412616729736328 0.15262949466705322 0.1516408920288086 0.15167737007141113 0.14976215362548828 0.15138983726501465 0.15085673332214355 0.14983868598937988 0.14870202541351318 0.14917874336242676 0.15195715427398682 0.15219461917877197 0.15164589881896973 0.15095257759094238 0.14976990222930908 0.15509307384490967 0.15593433380126953 0.15937578678131104 0.1601724624633789 0.16129982471466064 0.1616055965423584 0.1634906530380249 0.16723811626434326 0.21083688735961914 0.0 0.0 0.0 0.0 0.0
1.8295010328292847 0.16392838954925537 0.15816783905029297 0.1526017189025879 0.15047204494476318 0.1493016481399536 0.14717161655426025 0.14673423767089844 0.14761674404144287 0.1474522352218628 0.14690816402435303 0.147241473197937 0.14699435234069824 0.14960217475891113 0.14955568313598633 0.1490800380706787 0.1494349241256714 0.14878582954406738 0.15269851684570312 0.15145564079284668 0.15434622764587402 0.1562485694885254 0.1587766408920288 0.15983378887176514 0.1612720489501953 0.15962350368499756 0.1683117151260376 0.21094202995300293 0.0 0.0 0.0 0.0
1.8242511749267578 0.16406989097595215 0.15775465965270996 0.15151333808898926 0.15039432048797607 0.14922070503234863 0.1484220027923584 0.14648103713989258 0.14786994457244873 0.1468435525894165 0.14610326290130615 0.14612841606140137 0.1464599370956421 0.1501309871673584 0.14792251586914062 0.14760041236877441 0.14742159843444824 0.14759695529937744 0.15229928493499756 0.15113699436187744 0.15200769901275635 0.153783917427063 0.15637588500976562 0.15890872478485107 0.16055941581726074 0.15970230102539062 0.16047120094299316 0.16770672798156738 0.2092430591583252 0.0 0.0 0.0
1.8228278160095215 0.16268908977508545 0.15638041496276855 0.15026187896728516 0.14937639236450195 0.1474907398223877 0.14572405815124512 0.1443108320236206 0.1444568634033203 0.14274978637695312 0.14304828643798828 0.14286339282989502 0.1436086893081665 0.14701354503631592 0.1448458433151245 0.14568591117858887 0.14561021327972412 0.14593303203582764 0.1513817310333252 0.14878296852111816 0.14881932735443115 0.15046930313110352 0.1520392894744873 0.15518224239349365 0.15792477130889893 0.15816545486450195 0.1588590145111084 0.15931940078735352 0.16538333892822266 0.20834076404571533 0.0 0.0
1.8209282159805298 0.16140854358673096 0.15468120574951172 0.1490269899368286 0.14802300930023193 0.1460179090499878 0.14512670040130615 0.1426079273223877 0.14178979396820068 0.1407068967819214 0.14015984535217285 0.1411525011062622 0.14146387577056885 0.14506566524505615 0.14330637454986572 0.14391911029815674 0.14323115348815918 0.14356577396392822 0.14885592460632324 0.14760398864746094 0.14773833751678467 0.14732468128204346 0.14844083786010742 0.15070676803588867 0.15402960777282715 0.15557241439819336 0.1576826572418213 0.15640926361083984 0.15692102909088135 0.1634613275527954 0.2083646059036255 0.0
1.8160070180892944 0.16243410110473633 0.15516352653503418 0.14787256717681885 0.14739370346069336 0.14937031269073486 0.14572978019714355 0.14217102527618408 0.14231586456298828 0.1408923864364624 0.1392422914505005 0.1381319761276245 0.1394209861755371 0.14296722412109375 0.14318370819091797 0.14211833477020264 0.14203739166259766 0.14171218872070312 0.1466466188430786 0.14584529399871826 0.14745080471038818 0.1486661434173584 0.14711689949035645 0.14863717555999756 0.1512618064880371 0.15231597423553467 0.15767371654510498 0.1560903787612915 0.15655243396759033 0.15542185306549072 0.16392827033996582 0.20845985412597656
