1.9999799728393555 0.0 0.0 0.0 0.0 0.0 0.0 0.0 0.0 0.0 0.0 0.0 0.0 0.0 0.0 0.0 0.0 0.0 0.0 0.0 0.0 0.0 0.0 0.0 0.0 0.0 0.0 0.0 0.0 0.0 0.0 0.0
1.9390703439712524 0.4898543357849121 0.0 0.0 0.0 0.0 0.0 0.0 0.0 0.0 0.0 0.0 0.0 0.0 0.0 0.0 0.0 0.0 0.0 0.0 0.0 0.0 0.0 0.0 0.0 0.0 0.0 0.0 0.0 0.0 0.0 0.0
1.9053560495376587 0.4721667766571045 0.3828434944152832 0.0 0.0 0.0 0.0 0.0 0.0 0.0 0.0 0.0 0.0 0.0 0.0 0.0 0.0 0.0 0.0 0.0 0.0 0.0 0.0 0.0 0.0 0.0 0.0 0.0 0.0 0.0 0.0 0.0
1.8729969263076782 0.4312591552734375 0.39627575874328613 0.38566386699676514 0.0 0.0 0.0 0.0 0.0 0.0 0.0 0.0 0.0 0.0 0.0 0.0 0.0 0.0 0.0 0.0 0.0 0.0 0.0 0.0 0.0 0.0 0.0 0.0 0.0 0.0 0.0 0.0
1.8416088819503784 0.389326810836792 0.37604808807373047 0.397480845451355 0.396659255027771 0.0 0.0 0.0 0.0 0.0 0.0 0.0 0.0 0.0 0.0 0.0 0.0 0.0 0.0 0.0 0.0 0.0 0.0 0.0 0.0 0.0 0.0 0.0 0.0 0.0 0.0 0.0
1.812124490737915 0.35953497886657715 0.3462405204772949 0.37515461444854736 0.40003669261932373 0.4075911045074463 0.0 0.0 0.0 0.0 0.0 0.0 0.0 0.0 0.0 0.0 0.0 0.0 0.0 0.0 0.0 0.0 0.0 0.0 0.0 0.0 0.0 0.0 0.0 0.0 0.0 0.0
1.7844985723495483 0.34299981594085693 0.31400179862976074 0.3438807725906372 0.37459826469421387 0.4101680517196655 0.41515517234802246 0.0 0.0 0.0 0.0 0.0 0.0 0.0 0.0 0.0 0.0 0.0 0.0 0.0 0.0 0.0 0.0 0.0 0.0 0.0 0.0 0.0 0.0 0.0 0.0 0.0
1.756783366203308 0.3294503688812256 0.29708778858184814 0.318243145942688 0.3523557186126709 0.38638246059417725 0.40436887741088867 0.42250120639801025 0.0 0.0 0.0 0.0 0.0 0.0 0.0 0.0 0.0 0.0 0.0 0.0 0.0 0.0 0.0 0.0 0.0 0.0 0.0 0.0 0.0 0.0 0.0 0.0
1.7367455959320068 0.31739020347595215 0.28657805919647217 0.2977488040924072 0.3162648677825928 0.3538419008255005 0.3760557174682617 0.40825819969177246 0.4227205514907837 0.0 0.0 0.0 0.0 0.0 0.0 0.0 0.0 0.0 0.0 0.0 0.0 0.0 0.0 0.0 0.0 0.0 0.0 0.0 0.0 0.0 0.0 0.0
1.7204846143722534 0.3073996305465698 0.27262556552886963 0.2790987491607666 0.2959020137786865 0.32510900497436523 0.3426327705383301 0.37680554389953613 0.40457892417907715 0.4203892946243286 0.0 0.0 0.0 0.0 0.0 0.0 0.0 0.0 0.0 0.0 0.0 0.0 0.0 0.0 0.0 0.0 0.0 0.0 0.0 0.0 0.0 0.0
1.7079651355743408 0.2914004325866699 0.25688421726226807 0.27020764350891113 0.2784324884414673 0.29484498500823975 0.3153090476989746 0.34808349609375 0.3708237409591675 0.3993031978607178 0.4204322099685669 0.0 0.0 0.0 0.0 0.0 0.0 0.0 0.0 0.0 0.0 0.0 0.0 0.0 0.0 0.0 0.0 0.0 0.0 0.0 0.0 0.0
1.687669038772583 0.28295743465423584 0.24777698516845703 0.27240240573883057 0.27457451820373535 0.28641366958618164 0.2923102378845215 0.31476330757141113 0.3447638750076294 0.36867058277130127 0.39980292320251465 0.42349040508270264 0.0 0.0 0.0 0.0 0.0 0.0 0.0 0.0 0.0 0.0 0.0 0.0 0.0 0.0 0.0 0.0 0.0 0.0 0.0 0.0
1.670642614364624 0.27487242221832275 0.23156476020812988 0.2587951421737671 0.2650642395019531 0.2750251293182373 0.2785966396331787 0.2940237522125244 0.32287657260894775 0.34096717834472656 0.3778998851776123 0.40121328830718994 0.4222755432128906 0.0 0.0 0.0 0.0 0.0 0.0 0.0 0.0 0.0 0.0 0.0 0.0 0.0 0.0 0.0 0.0 0.0 0.0 0.0
1.6569052934646606 0.26379919052124023 0.22147035598754883 0.24030518531799316 0.2528374195098877 0.26805782318115234 0.26924049854278564 0.27989840507507324 0.2984672784805298 0.3138324022293091 0.3456854820251465 0.3740154504776001 0.3993687629699707 0.4300881624221802 0.0 0.0 0.0 0.0 0.0 0.0 0.0 0.0 0.0 0.0 0.0 0.0 0.0 0.0 0.0 0.0 0.0 0.0
1.6447937488555908 0.25376152992248535 0.21689772605895996 0.22755253314971924 0.23741674423217773 0.2553062438964844 0.26317787170410156 0.2718534469604492 0.2802734375 0.2948603630065918 0.32529306411743164 0.3453104496002197 0.37075984477996826 0.4023057222366333 0.42024993896484375 0.0 0.0 0.0 0.0 0.0 0.0 0.0 0.0 0.0 0.0 0.0 0.0 0.0 0.0 0.0 0.0 0.0
1.6294609308242798 0.23881781101226807 0.2144545316696167 0.22438693046569824 0.23191916942596436 0.2526216506958008 0.2553950548171997 0.2650240659713745 0.27193593978881836 0.2821364402770996 0.29808998107910156 0.3257967233657837 0.34343183040618896 0.3720966577529907 0.39305663108825684 0.4227621555328369 0.0 0.0 0.0 0.0 0.0 0.0 0.0 0.0 0.0 0.0 0.0 0.0 0.0 0.0 0.0 0.0
1.6114065647125244 0.22639060020446777 0.20789575576782227 0.22262847423553467 0.22766220569610596 0.2356417179107666 0.24315643310546875 0.26098906993865967 0.2734994888305664 0.2837718725204468 0.295163631439209 0.297548770904541 0.317180871963501 0.34546613693237305 0.36720454692840576 0.4013007879257202 0.42151570320129395 0.0 0.0 0.0 0.0 0.0 0.0 0.0 0.0 0.0 0.0 0.0 0.0 0.0 0.0 0.0
1.6041336059570312 0.2194575071334839 0.19676899909973145 0.22021901607513428 0.2283034324645996 0.22986221313476562 0.2337648868560791 0.24446892738342285 0.258206844329834 0.2759242057800293 0.27602386474609375 0.2817702293395996 0.2945578098297119 0.3199903964996338 0.34004390239715576 0.36986005306243896 0.39668917655944824 0.41762280464172363 0.0 0.0 0.0 0.0 0.0 0.0 0.0 0.0 0.0 0.0 0.0 0.0 0.0 0.0
1.5871689319610596 0.21852469444274902 0.18713629245758057 0.21030890941619873 0.22237324714660645 0.23304688930511475 0.2315216064453125 0.23636901378631592 0.24468600749969482 0.26328206062316895 0.2758849859237671 0.2773631811141968 0.28114163875579834 0.29517269134521484 0.3164939880371094 0.34862852096557617 0.3740187883377075 0.391066312789917 0.42126333713531494 0.0 0.0 0.0 0.0 0.0 0.0 0.0 0.0 0.0 0.0 0.0 0.0 0.0
1.5734440088272095 0.22147345542907715 0.18083322048187256 0.20205414295196533 0.2151111364364624 0.22623324394226074 0.23130416870117188 0.2319188117980957 0.23635828495025635 0.2517441511154175 0.2651200294494629 0.27256906032562256 0.2745474576950073 0.28079307079315186 0.2934452295303345 0.319443941116333 0.34512150287628174 0.3706550598144531 0.3975890874862671 0.41941189765930176 0.0 0.0 0.0 0.0 0.0 0.0 0.0 0.0 0.0 0.0 0.0 0.0
1.5656191110610962 0.22218191623687744 0.18016374111175537 0.19441485404968262 0.205963134765625 0.21788299083709717 0.22384107112884521 0.2311687469482422 0.23743093013763428 0.24193120002746582 0.2518104314804077 0.25782763957977295 0.266684889793396 0.2744278907775879 0.2829192876815796 0.2943127155303955 0.3155646324157715 0.33830809593200684 0.36957550048828125 0.39101266860961914 0.41725265979766846 0.0 0.0 0.0 0.0 0.0 0.0 0.0 0.0 0.0 0.0 0.0
1.5530835390090942 0.215934157371521 0.18249726295471191 0.19310498237609863 0.19866132736206055 0.21092939376831055 0.21625280380249023 0.22700488567352295 0.2327442169189453 0.2349327802658081 0.24099743366241455 0.24878430366516113 0.25639021396636963 0.267370343208313 0.2758749723434448 0.2766052484512329 0.29315733909606934 0.3112673759460449 0.3483692407608032 0.3692847490310669 0.39395976066589355 0.41622352600097656 0.0 0.0 0.0 0.0 0.0 0.0 0.0 0.0 0.0 0.0
1.540684700012207 0.21041107177734375 0.18354582786560059 0.2067418098449707 0.2010815143585205 0.20947575569152832 0.20802807807922363 0.21851098537445068 0.23140668869018555 0.23346209526062012 0.24157512187957764 0.24598467350006104 0.24810791015625 0.2573496103286743 0.2690380811691284 0.26841020584106445 0.2768266201019287 0.2895437479019165 0.318233847618103 0.337604284286499 0.3643364906311035 0.3856726884841919 0.4166489839553833 0.0 0.0 0.0 0.0 0.0 0.0 0.0 0.0 0.0
1.5257890224456787 0.20295166969299316 0.17817044258117676 0.20084869861602783 0.19654250144958496 0.20076417922973633 0.20040929317474365 0.209342360496521 0.22083044052124023 0.22964966297149658 0.240228533744812 0.23965215682983398 0.2385808229446411 0.24873852729797363 0.25984489917755127 0.2615011930465698 0.2696809768676758 0.28024113178253174 0.2947479486465454 0.3101513385772705 0.33946704864501953 0.37018322944641113 0.4008064270019531 0.42055022716522217 0.0 0.0 0.0 0.0 0.0 0.0 0.0 0.0
1.5183242559432983 0.20427489280700684 0.17168331146240234 0.19986438751220703 0.1975635290145874 0.19836831092834473 0.19842469692230225 0.20256030559539795 0.21872329711914062 0.2219001054763794 0.23579049110412598 0.23993659019470215 0.23716628551483154 0.24442172050476074 0.24921691417694092 0.24944257736206055 0.2613658905029297 0.26831865310668945 0.27479255199432373 0.2868778705596924 0.3098721504211426 0.3413846492767334 0.37401890754699707 0.3856440782546997 0.41784894466400146 0.0 0.0 0.0 0.0 0.0 0.0 0.0
1.5124447345733643 0.20806169509887695 0.16839814186096191 0.18555164337158203 0.194000244140625 0.197717547416687 0.19854235649108887 0.20053017139434814 0.21124625205993652 0.21435821056365967 0.22493064403533936 0.23484599590301514 0.23456621170043945 0.23667454719543457 0.2409992218017578 0.2416856288909912 0.25335097312927246 0.2586483955383301 0.26914381980895996 0.27424609661102295 0.28791284561157227 0.3131828308105469 0.34059393405914307 0.3640824556350708 0.3855205774307251 0.41110658645629883 0.0 0.0 0.0 0.0 0.0 0.0
1.504551887512207 0.20603489875793457 0.167008638381958 0.1800837516784668 0.18690013885498047 0.19455993175506592 0.1964033842086792 0.20056140422821045 0.20931339263916016 0.20648300647735596 0.2167983055114746 0.22188293933868408 0.23122036457061768 0.2374119758605957 0.24133312702178955 0.2349228858947754 0.24304676055908203 0.24959325790405273 0.25981247425079346 0.26538562774658203 0.2763932943344116 0.29087817668914795 0.3082503080368042 0.33714771270751953 0.3617701530456543 0.3838917016983032 0.4104433059692383 0.0 0.0 0.0 0.0 0.0
1.4936493635177612 0.19960999488830566 0.17038488388061523 0.17871570587158203 0.17965054512023926 0.18512392044067383 0.19126248359680176 0.19728243350982666 0.20345771312713623 0.20162761211395264 0.2095479965209961 0.21718502044677734 0.22558867931365967 0.23385536670684814 0.23265624046325684 0.23309409618377686 0.23596394062042236 0.24539732933044434 0.25636982917785645 0.260986328125 0.2659757137298584 0.2748432159423828 0.2872042655944824 0.31309711933135986 0.33496177196502686 0.3619847297668457 0.3820943832397461 0.41582632064819336 0.0 0.0 0.0 0.0
1.484805941581726 0.1884979009628296 0.1698007583618164 0.1811542510986328 0.18052458763122559 0.1829235553741455 0.18773174285888672 0.19380080699920654 0.20238614082336426 0.20152509212493896 0.20825791358947754 0.21111810207366943 0.21793150901794434 0.22841382026672363 0.23227930068969727 0.23118317127227783 0.2317349910736084 0.2334456443786621 0.24846529960632324 0.2520749568939209 0.25801706314086914 0.2685815095901489 0.27165162563323975 0.2902630567550659 0.31008827686309814 0.33521389961242676 0.36039042472839355 0.38793766498565674 0.4040645360946655 0.0 0.0 0.0
1.4738507270812988 0.17794907093048096 0.16387939453125 0.18284249305725098 0.18339300155639648 0.18315517902374268 0.18489861488342285 0.1906447410583496 0.1977376937866211 0.2029780149459839 0.2066943645477295 0.2127702236175537 0.21287035942077637 0.2211836576461792 0.22509253025054932 0.2314053773880005 0.22989678382873535 0.23000562191009521 0.23609137535095215 0.2482161521911621 0.2484135627746582 0.26303184032440186 0.2678639888763428 0.2765136957168579 0.29146456718444824 0.31076669692993164 0.32920122146606445 0.36587953567504883 0.372403621673584 0.4078788757324219 0.0 0.0
1.463120460510254 0.17217183113098145 0.15275859832763672 0.17714738845825195 0.18303394317626953 0.1854255199432373 0.18447434902191162 0.186303973197937 0.19384002685546875 0.199998140335083 0.2057250738143921 0.2138822078704834 0.20855474472045898 0.21058034896850586 0.21827399730682373 0.2300344705581665 0.22813987731933594 0.22971117496490479 0.2538318634033203 0.2413482666015625 0.2375319004058838 0.24946701526641846 0.25861573219299316 0.27522027492523193 0.2706608772277832 0.28242719173431396 0.3043025732040405 0.34225893020629883 0.35299062728881836 0.37695538997650146 0.4070405960083008 0.0
1.4563604593276978 0.17588651180267334 0.15006470680236816 0.1675264835357666 0.18019580841064453 0.19608771800994873 0.1864171028137207 0.19024252891540527 0.19295239448547363 0.1962890625 0.21022582054138184 0.20955657958984375 0.2076793909072876 0.20988035202026367 0.21161234378814697 0.21824753284454346 0.2235276699066162 0.2243809700012207 0.2514326572418213 0.23670339584350586 0.2306002378463745 0.2412174940109253 0.25429069995880127 0.26848363876342773 0.2609717845916748 0.26715874671936035 0.2816920280456543 0.3038051128387451 0.32480180263519287 0.35179638862609863 0.3723844289779663 0.4063127040863037
