1.9999799728393555 0.0 0.0 0.0 0.0 0.0 0.0 0.0 0.0 0.0 0.0 0.0 0.0 0.0 0.0 0.0 0.0 0.0 0.0 0.0 0.0 0.0 0.0 0.0 0.0 0.0 0.0 0.0 0.0 0.0 0.0 0.0
1.956392765045166 0.4151144027709961 0.0 0.0 0.0 0.0 0.0 0.0 0.0 0.0 0.0 0.0 0.0 0.0 0.0 0.0 0.0 0.0 0.0 0.0 0.0 0.0 0.0 0.0 0.0 0.0 0.0 0.0 0.0 0.0 0.0 0.0
1.9351060390472412 0.29041588306427 0.4134230613708496 0.0 0.0 0.0 0.0 0.0 0.0 0.0 0.0 0.0 0.0 0.0 0.0 0.0 0.0 0.0 0.0 0.0 0.0 0.0 0.0 0.0 0.0 0.0 0.0 0.0 0.0 0.0 0.0 0.0
1.9120515584945679 0.26175355911254883 0.3210033178329468 0.41518592834472656 0.0 0.0 0.0 0.0 0.0 0.0 0.0 0.0 0.0 0.0 0.0 0.0 0.0 0.0 0.0 0.0 0.0 0.0 0.0 0.0 0.0 0.0 0.0 0.0 0.0 0.0 0.0 0.0
1.896592140197754 0.2326747179031372 0.27409589290618896 0.3146716356277466 0.41774916648864746 0.0 0.0 0.0 0.0 0.0 0.0 0.0 0.0 0.0 0.0 0.0 0.0 0.0 0.0 0.0 0.0 0.0 0.0 0.0 0.0 0.0 0.0 0.0 0.0 0.0 0.0 0.0
1.8849865198135376 0.21825504302978516 0.2501227855682373 0.2645314931869507 0.30414915084838867 0.4171323776245117 0.0 0.0 0.0 0.0 0.0 0.0 0.0 0.0 0.0 0.0 0.0 0.0 0.0 0.0 0.0 0.0 0.0 0.0 0.0 0.0 0.0 0.0 0.0 0.0 0.0 0.0
1.8738338947296143 0.20683026313781738 0.24007081985473633 0.24418389797210693 0.2565281391143799 0.306520938873291 0.41086649894714355 0.0 0.0 0.0 0.0 0.0 0.0 0.0 0.0 0.0 0.0 0.0 0.0 0.0 0.0 0.0 0.0 0.0 0.0 0.0 0.0 0.0 0.0 0.0 0.0 0.0
1.863570213317871 0.1930330991744995 0.2287909984588623 0.23444592952728271 0.23836445808410645 0.25684094429016113 0.2991523742675781 0.4124271869659424 0.0 0.0 0.0 0.0 0.0 0.0 0.0 0.0 0.0 0.0 0.0 0.0 0.0 0.0 0.0 0.0 0.0 0.0 0.0 0.0 0.0 0.0 0.0 0.0
1.851286768913269 0.18639397621154785 0.21693801879882812 0.22172009944915771 0.22977149486541748 0.2427358627319336 0.25322771072387695 0.3073151111602783 0.4138951301574707 0.0 0.0 0.0 0.0 0.0 0.0 0.0 0.0 0.0 0.0 0.0 0.0 0.0 0.0 0.0 0.0 0.0 0.0 0.0 0.0 0.0 0.0 0.0
1.8450536727905273 0.18017876148223877 0.20832407474517822 0.21141135692596436 0.21458137035369873 0.2242528200149536 0.23248553276062012 0.25243306159973145 0.30025506019592285 0.41327953338623047 0.0 0.0 0.0 0.0 0.0 0.0 0.0 0.0 0.0 0.0 0.0 0.0 0.0 0.0 0.0 0.0 0.0 0.0 0.0 0.0 0.0 0.0
1.8370342254638672 0.17836785316467285 0.2027968168258667 0.20597624778747559 0.20600390434265137 0.21410846710205078 0.21851050853729248 0.2351299524307251 0.24806177616119385 0.2962590456008911 0.41128742694854736 0.0 0.0 0.0 0.0 0.0 0.0 0.0 0.0 0.0 0.0 0.0 0.0 0.0 0.0 0.0 0.0 0.0 0.0 0.0 0.0 0.0
1.8265743255615234 0.1747051477432251 0.1954965591430664 0.20029306411743164 0.20009303092956543 0.20574533939361572 0.21172356605529785 0.22734355926513672 0.22937321662902832 0.24676072597503662 0.3015258312225342 0.41387009620666504 0.0 0.0 0.0 0.0 0.0 0.0 0.0 0.0 0.0 0.0 0.0 0.0 0.0 0.0 0.0 0.0 0.0 0.0 0.0 0.0
1.816054344177246 0.16835439205169678 0.19439172744750977 0.1967078447341919 0.19679725170135498 0.20341098308563232 0.2061750888824463 0.21662724018096924 0.2215029001235962 0.22713971138000488 0.25530827045440674 0.3033316135406494 0.4117624759674072 0.0 0.0 0.0 0.0 0.0 0.0 0.0 0.0 0.0 0.0 0.0 0.0 0.0 0.0 0.0 0.0 0.0 0.0 0.0
1.8097076416015625 0.1631450653076172 0.18864703178405762 0.1916334629058838 0.1901540756225586 0.19615256786346436 0.2002965211868286 0.20637619495391846 0.21151912212371826 0.21763288974761963 0.23191499710083008 0.24881386756896973 0.2974255084991455 0.41501569747924805 0.0 0.0 0.0 0.0 0.0 0.0 0.0 0.0 0.0 0.0 0.0 0.0 0.0 0.0 0.0 0.0 0.0 0.0
1.795967936515808 0.16028296947479248 0.18586015701293945 0.18893754482269287 0.18733251094818115 0.19153928756713867 0.19501042366027832 0.2009526491165161 0.20817506313323975 0.21194982528686523 0.2416529655456543 0.23388493061065674 0.24804365634918213 0.31026458740234375 0.41114723682403564 0.0 0.0 0.0 0.0 0.0 0.0 0.0 0.0 0.0 0.0 0.0 0.0 0.0 0.0 0.0 0.0 0.0
1.794998049736023 0.15805912017822266 0.1799774169921875 0.1823105812072754 0.18331849575042725 0.18531739711761475 0.18835854530334473 0.19594323635101318 0.2002185583114624 0.19994425773620605 0.21279096603393555 0.22048282623291016 0.22744500637054443 0.24687433242797852 0.29622769355773926 0.41346073150634766 0.0 0.0 0.0 0.0 0.0 0.0 0.0 0.0 0.0 0.0 0.0 0.0 0.0 0.0 0.0 0.0
1.7825932502746582 0.15412867069244385 0.17880988121032715 0.18063724040985107 0.17881524562835693 0.18742835521697998 0.18898940086364746 0.19018816947937012 0.20030713081359863 0.2034156322479248 0.21577489376068115 0.2143477201461792 0.22011196613311768 0.23759543895721436 0.2464430332183838 0.29636502265930176 0.40907132625579834 0.0 0.0 0.0 0.0 0.0 0.0 0.0 0.0 0.0 0.0 0.0 0.0 0.0 0.0 0.0
1.7769626379013062 0.15215706825256348 0.17556333541870117 0.17791485786437988 0.17679083347320557 0.18091249465942383 0.1827448606491089 0.18644940853118896 0.18960213661193848 0.192155122756958 0.20374345779418945 0.20917534828186035 0.20991134643554688 0.2274545431137085 0.22532761096954346 0.25023066997528076 0.2933838367462158 0.4135371446609497 0.0 0.0 0.0 0.0 0.0 0.0 0.0 0.0 0.0 0.0 0.0 0.0 0.0 0.0
1.7668331861495972 0.14937293529510498 0.1754840612411499 0.17775893211364746 0.17230486869812012 0.17995595932006836 0.17724299430847168 0.18571245670318604 0.18605148792266846 0.18816030025482178 0.20373010635375977 0.20461797714233398 0.2009897232055664 0.21014642715454102 0.21490037441253662 0.2304438352584839 0.24920105934143066 0.30583083629608154 0.41538798809051514 0.0 0.0 0.0 0.0 0.0 0.0 0.0 0.0 0.0 0.0 0.0 0.0 0.0
1.7543320655822754 0.14727723598480225 0.17224037647247314 0.17557966709136963 0.17278778553009033 0.1771712303161621 0.17848336696624756 0.18176758289337158 0.18136823177337646 0.18887102603912354 0.20373070240020752 0.1967564821243286 0.19878625869750977 0.20519423484802246 0.21070897579193115 0.22336018085479736 0.23030364513397217 0.2538057565689087 0.3180142641067505 0.41289710998535156 0.0 0.0 0.0 0.0 0.0 0.0 0.0 0.0 0.0 0.0 0.0 0.0
1.7563626766204834 0.14548563957214355 0.1705796718597412 0.1718975305557251 0.17069315910339355 0.17044782638549805 0.175010085105896 0.18084359169006348 0.1777275800704956 0.18275952339172363 0.18880915641784668 0.18877387046813965 0.18935048580169678 0.19518542289733887 0.20041871070861816 0.20415496826171875 0.21591854095458984 0.22789716720581055 0.2511322498321533 0.29940366744995117 0.41264867782592773 0.0 0.0 0.0 0.0 0.0 0.0 0.0 0.0 0.0 0.0 0.0
1.7489101886749268 0.1464710235595703 0.1745164394378662 0.17299270629882812 0.16770422458648682 0.16961264610290527 0.17451632022857666 0.18013346195220947 0.17437314987182617 0.1767585277557373 0.19058477878570557 0.18894743919372559 0.18677949905395508 0.19427812099456787 0.1947561502456665 0.19869005680084229 0.2041916847229004 0.2196648120880127 0.22576987743377686 0.24201035499572754 0.2964668273925781 0.4103130102157593 0.0 0.0 0.0 0.0 0.0 0.0 0.0 0.0 0.0 0.0
1.7370105981826782 0.14714562892913818 0.17051422595977783 0.17507505416870117 0.16806888580322266 0.16871750354766846 0.17050528526306152 0.17381596565246582 0.17342305183410645 0.17581355571746826 0.1892995834350586 0.18901026248931885 0.18514561653137207 0.19137752056121826 0.19323670864105225 0.19228708744049072 0.19538044929504395 0.20550954341888428 0.2218186855316162 0.22511827945709229 0.24952292442321777 0.30633342266082764 0.41352689266204834 0.0 0.0 0.0 0.0 0.0 0.0 0.0 0.0 0.0
1.7369718551635742 0.14646172523498535 0.1684361696243286 0.1696256399154663 0.16528034210205078 0.1683199405670166 0.16605830192565918 0.1689218282699585 0.1715259552001953 0.17277956008911133 0.18277788162231445 0.1792236566543579 0.1800328493118286 0.18705272674560547 0.18474948406219482 0.18757665157318115 0.19079148769378662 0.20188117027282715 0.20400476455688477 0.2141718864440918 0.22275876998901367 0.24980616569519043 0.293190598487854 0.4101027250289917 0.0 0.0 0.0 0.0 0.0 0.0 0.0 0.0
1.7334975004196167 0.14339184761047363 0.16551148891448975 0.17286574840545654 0.1646881103515625 0.16781330108642578 0.1644275188446045 0.16546082496643066 0.17028915882110596 0.17322933673858643 0.17624425888061523 0.17395710945129395 0.17854535579681396 0.18521928787231445 0.18474960327148438 0.18146181106567383 0.18498587608337402 0.1898890733718872 0.19542133808135986 0.20273065567016602 0.210748553276062 0.2249516248703003 0.24263393878936768 0.2890775203704834 0.40816497802734375 0.0 0.0 0.0 0.0 0.0 0.0 0.0
1.7261357307434082 0.14131879806518555 0.163659930229187 0.1671597957611084 0.1614062786102295 0.16301500797271729 0.1614929437637329 0.16377830505371094 0.1687183380126953 0.17029714584350586 0.17164146900177002 0.17173409461975098 0.1764744520187378 0.17659461498260498 0.18359804153442383 0.17811644077301025 0.1823488473892212 0.18665218353271484 0.18991577625274658 0.1959904432296753 0.20190489292144775 0.21369576454162598 0.2240276336669922 0.24333667755126953 0.29350876808166504 0.4137752056121826 0.0 0.0 0.0 0.0 0.0 0.0
1.7188795804977417 0.14172935485839844 0.16215121746063232 0.16675901412963867 0.161749005317688 0.16006386280059814 0.1594834327697754 0.1596982479095459 0.16148650646209717 0.16347432136535645 0.17167377471923828 0.17256295680999756 0.1750119924545288 0.17864441871643066 0.19047760963439941 0.17504394054412842 0.17789089679718018 0.1830911636352539 0.1842738389968872 0.187849760055542 0.1945502758026123 0.20007288455963135 0.20902001857757568 0.21933603286743164 0.24281930923461914 0.3114842176437378 0.4083045721054077 0.0 0.0 0.0 0.0 0.0
1.7153184413909912 0.13861680030822754 0.16093599796295166 0.16445183753967285 0.15788471698760986 0.15900921821594238 0.15879857540130615 0.15834450721740723 0.1592235565185547 0.16115188598632812 0.16830134391784668 0.1707899570465088 0.17029261589050293 0.17812883853912354 0.17555642127990723 0.1727234125137329 0.17481625080108643 0.1750657558441162 0.1813873052597046 0.183113694190979 0.18785691261291504 0.19221949577331543 0.20227813720703125 0.20910418033599854 0.2238903045654297 0.2624979019165039 0.2928504943847656 0.4064953327178955 0.0 0.0 0.0 0.0
1.7064998149871826 0.1370105743408203 0.15949702262878418 0.1640322208404541 0.1585150957107544 0.1594996452331543 0.1593925952911377 0.15910804271697998 0.1591663360595703 0.15977776050567627 0.16548287868499756 0.1684718132019043 0.1678295135498047 0.17432010173797607 0.17162835597991943 0.17521131038665771 0.17250967025756836 0.17371630668640137 0.1796637773513794 0.18059301376342773 0.18476033210754395 0.18831133842468262 0.1945180892944336 0.20136380195617676 0.2111952304840088 0.22758686542510986 0.24431943893432617 0.29835236072540283 0.41463279724121094 0.0 0.0 0.0
1.704006314277649 0.13706481456756592 0.16060733795166016 0.16203057765960693 0.15653085708618164 0.159093976020813 0.15674805641174316 0.15891921520233154 0.15826201438903809 0.15754377841949463 0.16381430625915527 0.16868305206298828 0.1659834384918213 0.16752290725708008 0.1669522523880005 0.17149090766906738 0.1703547239303589 0.17137956619262695 0.1797870397567749 0.17696702480316162 0.17765235900878906 0.1824326515197754 0.18853759765625 0.19034183025360107 0.20364367961883545 0.21847987174987793 0.22191619873046875 0.24235749244689941 0.2945162057876587 0.4061838388442993 0.0 0.0
1.697967290878296 0.13503682613372803 0.15834271907806396 0.16028332710266113 0.15524077415466309 0.15722405910491943 0.1590285301208496 0.15528154373168945 0.1570911407470703 0.15625762939453125 0.1625819206237793 0.1622157096862793 0.1626800298690796 0.1678828001022339 0.16684842109680176 0.17537426948547363 0.17477452754974365 0.17333674430847168 0.18741106986999512 0.1713324785232544 0.1750849485397339 0.17712438106536865 0.1823662519454956 0.1876845359802246 0.19143664836883545 0.21645426750183105 0.2054539918899536 0.21941649913787842 0.23990905284881592 0.2886282205581665 0.40496206283569336 0.0
1.6962224245071411 0.1363598108291626 0.1598968505859375 0.16103076934814453 0.1549079418182373 0.15413880348205566 0.15275287628173828 0.1559314727783203 0.16188108921051025 0.15963733196258545 0.16482329368591309 0.1600332260131836 0.15794825553894043 0.16231250762939453 0.1618657112121582 0.16268014907836914 0.1657167673110962 0.16955876350402832 0.18683290481567383 0.16839706897735596 0.17052125930786133 0.17281389236450195 0.17710578441619873 0.17853474617004395 0.18408751487731934 0.19276249408721924 0.1957874298095703 0.20679354667663574 0.21781432628631592 0.23667001724243164 0.29463815689086914 0.40563809871673584
