1.9999799728393555 0.0 0.0 0.0 0.0 0.0 0.0 0.0 0.0 0.0 0.0 0.0 0.0 0.0 0.0 0.0 0.0 0.0 0.0 0.0 0.0 0.0 0.0 0.0 0.0 0.0 0.0 0.0 0.0 0.0 0.0 0.0
1.9323829412460327 0.5155010223388672 0.0 0.0 0.0 0.0 0.0 0.0 0.0 0.0 0.0 0.0 0.0 0.0 0.0 0.0 0.0 0.0 0.0 0.0 0.0 0.0 0.0 0.0 0.0 0.0 0.0 0.0 0.0 0.0 0.0 0.0
1.9171068668365479 0.3425459861755371 0.4552168846130371 0.0 0.0 0.0 0.0 0.0 0.0 0.0 0.0 0.0 0.0 0.0 0.0 0.0 0.0 0.0 0.0 0.0 0.0 0.0 0.0 0.0 0.0 0.0 0.0 0.0 0.0 0.0 0.0 0.0
1.9155335426330566 0.28652095794677734 0.2904345989227295 0.40518832206726074 0.0 0.0 0.0 0.0 0.0 0.0 0.0 0.0 0.0 0.0 0.0 0.0 0.0 0.0 0.0 0.0 0.0 0.0 0.0 0.0 0.0 0.0 0.0 0.0 0.0 0.0 0.0 0.0
1.904594898223877 0.252113938331604 0.23996996879577637 0.2691171169281006 0.4228557348251343 0.0 0.0 0.0 0.0 0.0 0.0 0.0 0.0 0.0 0.0 0.0 0.0 0.0 0.0 0.0 0.0 0.0 0.0 0.0 0.0 0.0 0.0 0.0 0.0 0.0 0.0 0.0
1.8954627513885498 0.24773836135864258 0.24004411697387695 0.22797119617462158 0.2658545970916748 0.4067385196685791 0.0 0.0 0.0 0.0 0.0 0.0 0.0 0.0 0.0 0.0 0.0 0.0 0.0 0.0 0.0 0.0 0.0 0.0 0.0 0.0 0.0 0.0 0.0 0.0 0.0 0.0
1.9055427312850952 0.23264241218566895 0.19481134414672852 0.19032466411590576 0.21115517616271973 0.2527894973754883 0.3632941246032715 0.0 0.0 0.0 0.0 0.0 0.0 0.0 0.0 0.0 0.0 0.0 0.0 0.0 0.0 0.0 0.0 0.0 0.0 0.0 0.0 0.0 0.0 0.0 0.0 0.0
1.9042032957077026 0.21984803676605225 0.17901623249053955 0.1775197982788086 0.1931830644607544 0.21195769309997559 0.23461973667144775 0.35312020778656006 0.0 0.0 0.0 0.0 0.0 0.0 0.0 0.0 0.0 0.0 0.0 0.0 0.0 0.0 0.0 0.0 0.0 0.0 0.0 0.0 0.0 0.0 0.0 0.0
1.9046647548675537 0.21151793003082275 0.16503369808197021 0.16164910793304443 0.18460726737976074 0.1825878620147705 0.18861913681030273 0.22816967964172363 0.34487271308898926 0.0 0.0 0.0 0.0 0.0 0.0 0.0 0.0 0.0 0.0 0.0 0.0 0.0 0.0 0.0 0.0 0.0 0.0 0.0 0.0 0.0 0.0 0.0
1.904550552368164 0.20538699626922607 0.1589984893798828 0.15156936645507812 0.15674495697021484 0.19960451126098633 0.16704165935516357 0.17956435680389404 0.21685349941253662 0.3324553966522217 0.0 0.0 0.0 0.0 0.0 0.0 0.0 0.0 0.0 0.0 0.0 0.0 0.0 0.0 0.0 0.0 0.0 0.0 0.0 0.0 0.0 0.0
1.9057832956314087 0.1988612413406372 0.14616429805755615 0.14393258094787598 0.14719438552856445 0.15544724464416504 0.16274762153625488 0.16512107849121094 0.1775432825088501 0.21478962898254395 0.3301236629486084 0.0 0.0 0.0 0.0 0.0 0.0 0.0 0.0 0.0 0.0 0.0 0.0 0.0 0.0 0.0 0.0 0.0 0.0 0.0 0.0 0.0
1.9009116888046265 0.19708669185638428 0.14492416381835938 0.1377866268157959 0.13951241970062256 0.14929425716400146 0.1439722776412964 0.17138397693634033 0.16050708293914795 0.17207717895507812 0.23376679420471191 0.32506585121154785 0.0 0.0 0.0 0.0 0.0 0.0 0.0 0.0 0.0 0.0 0.0 0.0 0.0 0.0 0.0 0.0 0.0 0.0 0.0 0.0
1.8986486196517944 0.19668078422546387 0.14156007766723633 0.13266253471374512 0.13413166999816895 0.14085876941680908 0.13785552978515625 0.14422452449798584 0.17469096183776855 0.1558300256729126 0.1915123462677002 0.20931363105773926 0.3251636028289795 0.0 0.0 0.0 0.0 0.0 0.0 0.0 0.0 0.0 0.0 0.0 0.0 0.0 0.0 0.0 0.0 0.0 0.0 0.0
1.9015997648239136 0.19589972496032715 0.14060735702514648 0.12881910800933838 0.12697851657867432 0.129996657371521 0.12914061546325684 0.13488614559173584 0.14102602005004883 0.14840877056121826 0.16094732284545898 0.1670856475830078 0.20977628231048584 0.3183786869049072 0.0 0.0 0.0 0.0 0.0 0.0 0.0 0.0 0.0 0.0 0.0 0.0 0.0 0.0 0.0 0.0 0.0 0.0
1.9019246101379395 0.19012057781219482 0.13796460628509521 0.12786316871643066 0.12386453151702881 0.126237154006958 0.12307953834533691 0.12553095817565918 0.13195645809173584 0.1341491937637329 0.1536167860031128 0.15188944339752197 0.16858530044555664 0.20354413986206055 0.31125831604003906 0.0 0.0 0.0 0.0 0.0 0.0 0.0 0.0 0.0 0.0 0.0 0.0 0.0 0.0 0.0 0.0 0.0
1.9031773805618286 0.18817198276519775 0.13066792488098145 0.12501287460327148 0.12402379512786865 0.12244784832000732 0.11917376518249512 0.1205744743347168 0.12687087059020996 0.12913179397583008 0.1350383758544922 0.13700556755065918 0.1478118896484375 0.1617107391357422 0.19916653633117676 0.3050839900970459 0.0 0.0 0.0 0.0 0.0 0.0 0.0 0.0 0.0 0.0 0.0 0.0 0.0 0.0 0.0 0.0
1.9012213945388794 0.1830604076385498 0.12268614768981934 0.11940264701843262 0.12016701698303223 0.11983954906463623 0.11493408679962158 0.11524248123168945 0.11869263648986816 0.12175774574279785 0.1402897834777832 0.12556195259094238 0.1364917755126953 0.1475663185119629 0.1650383472442627 0.19338464736938477 0.31254255771636963 0.0 0.0 0.0 0.0 0.0 0.0 0.0 0.0 0.0 0.0 0.0 0.0 0.0 0.0 0.0
1.9020293951034546 0.18382060527801514 0.11778998374938965 0.11627483367919922 0.11729705333709717 0.11989331245422363 0.11551260948181152 0.11451387405395508 0.11414289474487305 0.11661052703857422 0.125785231590271 0.12154102325439453 0.12457489967346191 0.13251209259033203 0.14239883422851562 0.15985286235809326 0.19559240341186523 0.30324220657348633 0.0 0.0 0.0 0.0 0.0 0.0 0.0 0.0 0.0 0.0 0.0 0.0 0.0 0.0
1.9006905555725098 0.18634819984436035 0.11725997924804688 0.11316108703613281 0.1119992733001709 0.11573350429534912 0.11571311950683594 0.11122119426727295 0.11172032356262207 0.1136622428894043 0.11857640743255615 0.11541378498077393 0.11844289302825928 0.12078416347503662 0.13101887702941895 0.1412285566329956 0.158760666847229 0.19098258018493652 0.3066368103027344 0.0 0.0 0.0 0.0 0.0 0.0 0.0 0.0 0.0 0.0 0.0 0.0 0.0
1.897642970085144 0.18926167488098145 0.1205589771270752 0.11429476737976074 0.10965251922607422 0.11158573627471924 0.11151742935180664 0.11199009418487549 0.11148607730865479 0.113677978515625 0.1145162582397461 0.11028051376342773 0.1130363941192627 0.1199880838394165 0.12208116054534912 0.13427352905273438 0.14416325092315674 0.1555798053741455 0.1899886131286621 0.30673372745513916 0.0 0.0 0.0 0.0 0.0 0.0 0.0 0.0 0.0 0.0 0.0 0.0
1.8995065689086914 0.1818699836730957 0.12068021297454834 0.1148371696472168 0.10791325569152832 0.10718238353729248 0.10311341285705566 0.10595393180847168 0.10749876499176025 0.10870933532714844 0.10975468158721924 0.10541760921478271 0.10792756080627441 0.11244833469390869 0.11758172512054443 0.11918330192565918 0.1332249641418457 0.13662314414978027 0.15345287322998047 0.1848844289779663 0.30478501319885254 0.0 0.0 0.0 0.0 0.0 0.0 0.0 0.0 0.0 0.0 0.0
1.897171974182129 0.17312407493591309 0.11852157115936279 0.1163947582244873 0.11036479473114014 0.10791659355163574 0.10077273845672607 0.101784348487854 0.10384774208068848 0.10627377033233643 0.11053526401519775 0.10459232330322266 0.10313248634338379 0.1063302755355835 0.1136026382446289 0.11706030368804932 0.12169539928436279 0.13308215141296387 0.14048004150390625 0.15262222290039062 0.18840575218200684 0.3062795400619507 0.0 0.0 0.0 0.0 0.0 0.0 0.0 0.0 0.0 0.0
1.8971928358078003 0.16529250144958496 0.11462318897247314 0.11763346195220947 0.11216795444488525 0.11192607879638672 0.10234081745147705 0.09887301921844482 0.10014903545379639 0.10251295566558838 0.10676312446594238 0.10540139675140381 0.10055553913116455 0.10200142860412598 0.10723471641540527 0.11130785942077637 0.11490905284881592 0.1190330982208252 0.12983691692352295 0.13940322399139404 0.15581285953521729 0.18635034561157227 0.30113542079925537 0.0 0.0 0.0 0.0 0.0 0.0 0.0 0.0 0.0
1.8955457210540771 0.16364550590515137 0.1053537130355835 0.10853028297424316 0.10877358913421631 0.11119568347930908 0.10528767108917236 0.1001213788986206 0.09747946262359619 0.0975884199142456 0.10527682304382324 0.10108232498168945 0.10035228729248047 0.0998997688293457 0.10378909111022949 0.10498905181884766 0.1128380298614502 0.11231911182403564 0.11811375617980957 0.12764501571655273 0.13684487342834473 0.15400028228759766 0.18292927742004395 0.3131558895111084 0.0 0.0 0.0 0.0 0.0 0.0 0.0 0.0
1.8912752866744995 0.16248929500579834 0.10202419757843018 0.10349571704864502 0.10356271266937256 0.10856735706329346 0.10726583003997803 0.10328197479248047 0.09980201721191406 0.09663081169128418 0.10188579559326172 0.0997551679611206 0.10074281692504883 0.10271334648132324 0.10144269466400146 0.10171341896057129 0.10638773441314697 0.10930347442626953 0.11471724510192871 0.11998474597930908 0.13174188137054443 0.14233148097991943 0.15224242210388184 0.18853139877319336 0.32025372982025146 0.0 0.0 0.0 0.0 0.0 0.0 0.0
1.8940696716308594 0.15985488891601562 0.10099029541015625 0.10015606880187988 0.09802436828613281 0.10227036476135254 0.10159170627593994 0.10128533840179443 0.09953022003173828 0.09528148174285889 0.09681487083435059 0.09388566017150879 0.09574341773986816 0.09929847717285156 0.09935891628265381 0.09824621677398682 0.10153853893280029 0.10325765609741211 0.10963761806488037 0.11746478080749512 0.11826086044311523 0.1311436891555786 0.13330888748168945 0.15211641788482666 0.18813860416412354 0.30958759784698486 0.0 0.0 0.0 0.0 0.0 0.0
1.8933792114257812 0.16028964519500732 0.10079705715179443 0.10067582130432129 0.09526467323303223 0.09781622886657715 0.09699273109436035 0.09882879257202148 0.10206878185272217 0.09756815433502197 0.09652185440063477 0.09202694892883301 0.09279012680053711 0.09473931789398193 0.09847724437713623 0.09776186943054199 0.09988915920257568 0.09868574142456055 0.10340166091918945 0.10890781879425049 0.11081647872924805 0.1154632568359375 0.12823891639709473 0.13706767559051514 0.15691757202148438 0.1852705478668213 0.3073453903198242 0.0 0.0 0.0 0.0 0.0
1.8921643495559692 0.151322603225708 0.10094022750854492 0.1006772518157959 0.09289658069610596 0.09267127513885498 0.09034466743469238 0.09370458126068115 0.09790658950805664 0.09950685501098633 0.1038442850112915 0.09299564361572266 0.09028172492980957 0.09253859519958496 0.09608018398284912 0.09558236598968506 0.09560763835906982 0.09726119041442871 0.10006880760192871 0.1050337553024292 0.10835456848144531 0.11184191703796387 0.11596977710723877 0.13000619411468506 0.13675081729888916 0.15265202522277832 0.1813797950744629 0.3146017789840698 0.0 0.0 0.0 0.0
1.8929756879806519 0.144989013671875 0.09706366062164307 0.09826219081878662 0.09367847442626953 0.09086346626281738 0.08674085140228271 0.0880126953125 0.09223020076751709 0.09630012512207031 0.0997699499130249 0.09369254112243652 0.09027957916259766 0.08824467658996582 0.09149134159088135 0.09295046329498291 0.0949779748916626 0.09641647338867188 0.0981752872467041 0.10069108009338379 0.10374438762664795 0.10760736465454102 0.11004757881164551 0.11719870567321777 0.13366484642028809 0.13605737686157227 0.15071678161621094 0.18009614944458008 0.3110758066177368 0.0 0.0 0.0
1.8901338577270508 0.1420379877090454 0.0942530632019043 0.09551310539245605 0.09158480167388916 0.0911397933959961 0.08526206016540527 0.0852358341217041 0.08700346946716309 0.0891563892364502 0.0997011661529541 0.09485459327697754 0.09299600124359131 0.09218156337738037 0.08971619606018066 0.0903252363204956 0.0923992395401001 0.09451794624328613 0.09722626209259033 0.09873974323272705 0.1013948917388916 0.10526001453399658 0.10659873485565186 0.11394894123077393 0.1197131872177124 0.13202786445617676 0.13787078857421875 0.15286564826965332 0.18181657791137695 0.3168208599090576 0.0 0.0
1.889530897140503 0.14180421829223633 0.0928797721862793 0.09177172183990479 0.0896449089050293 0.09122920036315918 0.08573174476623535 0.08340001106262207 0.08348250389099121 0.08441925048828125 0.0968853235244751 0.09243416786193848 0.09344720840454102 0.09415137767791748 0.08988451957702637 0.08780157566070557 0.09124445915222168 0.09096395969390869 0.09511327743530273 0.09925401210784912 0.09833121299743652 0.1022568941116333 0.10352754592895508 0.10823845863342285 0.11520493030548096 0.11812484264373779 0.12951338291168213 0.1361708641052246 0.14820396900177002 0.1814746856689453 0.31739044189453125 0.0
1.8887357711791992 0.14160561561584473 0.09263277053833008 0.09032821655273438 0.08714425563812256 0.0932687520980835 0.08695006370544434 0.08429288864135742 0.08396363258361816 0.08082985877990723 0.08861160278320312 0.08664119243621826 0.09029221534729004 0.09279966354370117 0.092201828956604 0.08773064613342285 0.0888206958770752 0.08782100677490234 0.09258115291595459 0.09340429306030273 0.09471535682678223 0.09584033489227295 0.09697842597961426 0.10146331787109375 0.10839366912841797 0.1121373176574707 0.11612403392791748 0.1312246322631836 0.1326848268508911 0.14812159538269043 0.18226182460784912 0.3228803873062134
