1.9999799728393555 0.0 0.0 0.0 0.0 0.0 0.0 0.0 0.0 0.0 0.0 0.0 0.0 0.0 0.0 0.0 0.0 0.0 0.0 0.0 0.0 0.0 0.0 0.0 0.0 0.0 0.0 0.0 0.0 0.0 0.0 0.0
1.9833461046218872 0.25740623474121094 0.0 0.0 0.0 0.0 0.0 0.0 0.0 0.0 0.0 0.0 0.0 0.0 0.0 0.0 0.0 0.0 0.0 0.0 0.0 0.0 0.0 0.0 0.0 0.0 0.0 0.0 0.0 0.0 0.0 0.0
1.9770604372024536 0.1620239019393921 0.2547447681427002 0.0 0.0 0.0 0.0 0.0 0.0 0.0 0.0 0.0 0.0 0.0 0.0 0.0 0.0 0.0 0.0 0.0 0.0 0.0 0.0 0.0 0.0 0.0 0.0 0.0 0.0 0.0 0.0 0.0
1.9770889282226562 0.12751007080078125 0.1373692750930786 0.2363748550415039 0.0 0.0 0.0 0.0 0.0 0.0 0.0 0.0 0.0 0.0 0.0 0.0 0.0 0.0 0.0 0.0 0.0 0.0 0.0 0.0 0.0 0.0 0.0 0.0 0.0 0.0 0.0 0.0
1.9762614965438843 0.11752736568450928 0.10988020896911621 0.12846219539642334 0.22785067558288574 0.0 0.0 0.0 0.0 0.0 0.0 0.0 0.0 0.0 0.0 0.0 0.0 0.0 0.0 0.0 0.0 0.0 0.0 0.0 0.0 0.0 0.0 0.0 0.0 0.0 0.0 0.0
1.9745374917984009 0.11884081363677979 0.1009824275970459 0.10191488265991211 0.12527894973754883 0.22516107559204102 0.0 0.0 0.0 0.0 0.0 0.0 0.0 0.0 0.0 0.0 0.0 0.0 0.0 0.0 0.0 0.0 0.0 0.0 0.0 0.0 0.0 0.0 0.0 0.0 0.0 0.0
1.974503993988037 0.11338949203491211 0.09537696838378906 0.09410560131072998 0.10098409652709961 0.12403714656829834 0.2117924690246582 0.0 0.0 0.0 0.0 0.0 0.0 0.0 0.0 0.0 0.0 0.0 0.0 0.0 0.0 0.0 0.0 0.0 0.0 0.0 0.0 0.0 0.0 0.0 0.0 0.0
1.972352385520935 0.1166682243347168 0.09486806392669678 0.0920255184173584 0.09476912021636963 0.10304880142211914 0.11595988273620605 0.2134692668914795 0.0 0.0 0.0 0.0 0.0 0.0 0.0 0.0 0.0 0.0 0.0 0.0 0.0 0.0 0.0 0.0 0.0 0.0 0.0 0.0 0.0 0.0 0.0 0.0
1.970408320426941 0.10953843593597412 0.09241032600402832 0.09103882312774658 0.09206855297088623 0.09424793720245361 0.09902644157409668 0.11987853050231934 0.2168262004852295 0.0 0.0 0.0 0.0 0.0 0.0 0.0 0.0 0.0 0.0 0.0 0.0 0.0 0.0 0.0 0.0 0.0 0.0 0.0 0.0 0.0 0.0 0.0
1.9696383476257324 0.10776984691619873 0.0927276611328125 0.09061920642852783 0.08941245079040527 0.09262275695800781 0.09239482879638672 0.0971752405166626 0.11539578437805176 0.21005916595458984 0.0 0.0 0.0 0.0 0.0 0.0 0.0 0.0 0.0 0.0 0.0 0.0 0.0 0.0 0.0 0.0 0.0 0.0 0.0 0.0 0.0 0.0
1.9669212102890015 0.10995924472808838 0.08705270290374756 0.09202849864959717 0.0904548168182373 0.08983135223388672 0.09070611000061035 0.08985865116119385 0.09560871124267578 0.11419844627380371 0.2195497751235962 0.0 0.0 0.0 0.0 0.0 0.0 0.0 0.0 0.0 0.0 0.0 0.0 0.0 0.0 0.0 0.0 0.0 0.0 0.0 0.0 0.0
1.966504693031311 0.10301530361175537 0.08244919776916504 0.08430194854736328 0.08942890167236328 0.09082841873168945 0.08854067325592041 0.09131741523742676 0.0886605978012085 0.09302043914794922 0.11645257472991943 0.21383094787597656 0.0 0.0 0.0 0.0 0.0 0.0 0.0 0.0 0.0 0.0 0.0 0.0 0.0 0.0 0.0 0.0 0.0 0.0 0.0 0.0
1.966257929801941 0.10141849517822266 0.08034563064575195 0.08120965957641602 0.08521175384521484 0.08916890621185303 0.08729064464569092 0.08976805210113525 0.08995389938354492 0.08538496494293213 0.09387242794036865 0.11421334743499756 0.2054980993270874 0.0 0.0 0.0 0.0 0.0 0.0 0.0 0.0 0.0 0.0 0.0 0.0 0.0 0.0 0.0 0.0 0.0 0.0 0.0
1.9657548666000366 0.09727275371551514 0.07961487770080566 0.07945561408996582 0.08029913902282715 0.08387267589569092 0.08629751205444336 0.08562147617340088 0.08947241306304932 0.08364284038543701 0.08515000343322754 0.0912320613861084 0.11234605312347412 0.2052062749862671 0.0 0.0 0.0 0.0 0.0 0.0 0.0 0.0 0.0 0.0 0.0 0.0 0.0 0.0 0.0 0.0 0.0 0.0
1.9638813734054565 0.09647250175476074 0.07908284664154053 0.07940244674682617 0.07934176921844482 0.07999610900878906 0.08450496196746826 0.08519744873046875 0.08874976634979248 0.0848093032836914 0.08816909790039062 0.08554017543792725 0.09125256538391113 0.11331665515899658 0.20678377151489258 0.0 0.0 0.0 0.0 0.0 0.0 0.0 0.0 0.0 0.0 0.0 0.0 0.0 0.0 0.0 0.0 0.0
1.9632830619812012 0.09425902366638184 0.07565140724182129 0.07832491397857666 0.07927775382995605 0.0797574520111084 0.07928752899169922 0.08386945724487305 0.08426952362060547 0.08422887325286865 0.08944416046142578 0.08495938777923584 0.0845327377319336 0.090118408203125 0.11137306690216064 0.20402240753173828 0.0 0.0 0.0 0.0 0.0 0.0 0.0 0.0 0.0 0.0 0.0 0.0 0.0 0.0 0.0 0.0
1.9622511863708496 0.0936511754989624 0.07240164279937744 0.07494592666625977 0.07828652858734131 0.07901179790496826 0.07911944389343262 0.07861781120300293 0.08090496063232422 0.08219921588897705 0.08672332763671875 0.08300375938415527 0.08578896522521973 0.08411085605621338 0.09153199195861816 0.11400985717773438 0.20364022254943848 0.0 0.0 0.0 0.0 0.0 0.0 0.0 0.0 0.0 0.0 0.0 0.0 0.0 0.0 0.0
1.9615566730499268 0.09452295303344727 0.07202935218811035 0.07353031635284424 0.07617747783660889 0.07865047454833984 0.07781636714935303 0.07767164707183838 0.0786292552947998 0.07822465896606445 0.0817258358001709 0.08421313762664795 0.08819389343261719 0.0822749137878418 0.08352506160736084 0.0890117883682251 0.1083078384399414 0.20328772068023682 0.0 0.0 0.0 0.0 0.0 0.0 0.0 0.0 0.0 0.0 0.0 0.0 0.0 0.0
1.9602962732315063 0.09772670269012451 0.07298564910888672 0.07296514511108398 0.07399439811706543 0.07658827304840088 0.07775890827178955 0.07859420776367188 0.07903730869293213 0.07731151580810547 0.07920384407043457 0.08339464664459229 0.08218681812286377 0.08192384243011475 0.08252847194671631 0.08331930637359619 0.0896080732345581 0.10985219478607178 0.20137667655944824 0.0 0.0 0.0 0.0 0.0 0.0 0.0 0.0 0.0 0.0 0.0 0.0 0.0
1.9587986469268799 0.09845829010009766 0.07485091686248779 0.07457625865936279 0.07359898090362549 0.07415807247161865 0.07809007167816162 0.07757294178009033 0.07698297500610352 0.07823383808135986 0.07936763763427734 0.08076786994934082 0.08118796348571777 0.08091843128204346 0.08178472518920898 0.08217573165893555 0.08206820487976074 0.08750343322753906 0.11028909683227539 0.20256054401397705 0.0 0.0 0.0 0.0 0.0 0.0 0.0 0.0 0.0 0.0 0.0 0.0
1.9570543766021729 0.09453308582305908 0.07504487037658691 0.0751715898513794 0.07443106174468994 0.07330238819122314 0.0736769437789917 0.07541012763977051 0.07740068435668945 0.08011198043823242 0.08852803707122803 0.07813763618469238 0.07838177680969238 0.08113431930541992 0.08489501476287842 0.08954095840454102 0.08054804801940918 0.08185315132141113 0.08748519420623779 0.10820496082305908 0.20173144340515137 0.0 0.0 0.0 0.0 0.0 0.0 0.0 0.0 0.0 0.0 0.0
1.956318974494934 0.09131085872650146 0.0736079216003418 0.07496058940887451 0.07546436786651611 0.07407975196838379 0.07322061061859131 0.07392299175262451 0.07622480392456055 0.07984018325805664 0.08091998100280762 0.07725751399993896 0.07690882682800293 0.07812881469726562 0.0825808048248291 0.08371913433074951 0.08087480068206787 0.07929956912994385 0.08059930801391602 0.08753275871276855 0.10882139205932617 0.20472419261932373 0.0 0.0 0.0 0.0 0.0 0.0 0.0 0.0 0.0 0.0
1.956195592880249 0.08883798122406006 0.07088220119476318 0.07289266586303711 0.07527196407318115 0.07497954368591309 0.07308125495910645 0.07225584983825684 0.07389891147613525 0.07589733600616455 0.07883226871490479 0.07975220680236816 0.07690703868865967 0.0758213996887207 0.07830226421356201 0.07942056655883789 0.08194828033447266 0.08005154132843018 0.08042681217193604 0.08146512508392334 0.08671116828918457 0.10866820812225342 0.19903743267059326 0.0 0.0 0.0 0.0 0.0 0.0 0.0 0.0 0.0
1.9536887407302856 0.08918130397796631 0.06937623023986816 0.07100725173950195 0.07444274425506592 0.07595407962799072 0.07451486587524414 0.07230281829833984 0.07192254066467285 0.07224392890930176 0.0757145881652832 0.07827925682067871 0.07705247402191162 0.07664227485656738 0.07704973220825195 0.07921707630157471 0.08052611351013184 0.0787203311920166 0.07890033721923828 0.07929706573486328 0.08045291900634766 0.08848059177398682 0.10902738571166992 0.21298611164093018 0.0 0.0 0.0 0.0 0.0 0.0 0.0 0.0
1.9532809257507324 0.08950591087341309 0.07079243659973145 0.0702589750289917 0.0739668607711792 0.07524049282073975 0.07485365867614746 0.07308435440063477 0.07342469692230225 0.07268881797790527 0.0753169059753418 0.07759809494018555 0.07663440704345703 0.07579910755157471 0.07588768005371094 0.0760565996170044 0.07632625102996826 0.0783764123916626 0.08044826984405518 0.07950365543365479 0.07938289642333984 0.08288347721099854 0.0870816707611084 0.10754549503326416 0.20466089248657227 0.0 0.0 0.0 0.0 0.0 0.0 0.0
1.9523104429244995 0.0882575511932373 0.07106399536132812 0.07139205932617188 0.07214033603668213 0.07175838947296143 0.07365226745605469 0.07311594486236572 0.07341539859771729 0.07353031635284424 0.07420527935028076 0.07504355907440186 0.0745093822479248 0.07553541660308838 0.07759702205657959 0.07610464096069336 0.07508695125579834 0.07722151279449463 0.07960236072540283 0.07911837100982666 0.0803307294845581 0.08404898643493652 0.08219695091247559 0.0867995023727417 0.10744273662567139 0.20172858238220215 0.0 0.0 0.0 0.0 0.0 0.0
1.951254963874817 0.08788895606994629 0.07025980949401855 0.07089030742645264 0.07167303562164307 0.0701289176940918 0.07086384296417236 0.07154607772827148 0.07297384738922119 0.07278621196746826 0.0735321044921875 0.07284116744995117 0.07335841655731201 0.07464849948883057 0.07692980766296387 0.07541513442993164 0.07464408874511719 0.07478666305541992 0.07766377925872803 0.08073091506958008 0.07821822166442871 0.08159983158111572 0.07930052280426025 0.08032059669494629 0.08758926391601562 0.10672712326049805 0.20581936836242676 0.0 0.0 0.0 0.0 0.0
1.9502482414245605 0.08677423000335693 0.06885659694671631 0.07196128368377686 0.07290232181549072 0.07049357891082764 0.06984913349151611 0.07017195224761963 0.07175719738006592 0.07265579700469971 0.07477915287017822 0.07534778118133545 0.07240128517150879 0.07335376739501953 0.0752873420715332 0.07566416263580322 0.07440042495727539 0.07405412197113037 0.07495760917663574 0.07574522495269775 0.07930862903594971 0.07945835590362549 0.07946372032165527 0.07755637168884277 0.07840287685394287 0.08550083637237549 0.10513925552368164 0.20811879634857178 0.0 0.0 0.0 0.0
1.9496841430664062 0.08492898941040039 0.06562292575836182 0.06976318359375 0.07132720947265625 0.07068872451782227 0.06945812702178955 0.06945168972015381 0.06977927684783936 0.07132411003112793 0.07374656200408936 0.07676053047180176 0.07149338722229004 0.07151401042938232 0.0743715763092041 0.07721459865570068 0.07367217540740967 0.073944091796875 0.0739297866821289 0.07285070419311523 0.0750046968460083 0.08165836334228516 0.07902014255523682 0.07880795001983643 0.07844293117523193 0.07901334762573242 0.08549368381500244 0.10392653942108154 0.20619440078735352 0.0 0.0 0.0
1.9479459524154663 0.08664059638977051 0.06650793552398682 0.0695410966873169 0.07008373737335205 0.07139801979064941 0.07141923904418945 0.07022309303283691 0.0691065788269043 0.06946134567260742 0.07312929630279541 0.07454752922058105 0.07262587547302246 0.0710211992263794 0.07156682014465332 0.0744478702545166 0.07289934158325195 0.07341039180755615 0.07426631450653076 0.07432687282562256 0.07393336296081543 0.07736742496490479 0.08090424537658691 0.08132636547088623 0.08128440380096436 0.07814741134643555 0.08054757118225098 0.08422410488128662 0.10538089275360107 0.20806467533111572 0.0 0.0
1.9466273784637451 0.08689987659454346 0.06541311740875244 0.06818079948425293 0.06858229637145996 0.07015514373779297 0.07113325595855713 0.07062602043151855 0.06915426254272461 0.06901955604553223 0.07084369659423828 0.0733644962310791 0.07399940490722656 0.07191610336303711 0.07234323024749756 0.0743558406829834 0.07206058502197266 0.07182347774505615 0.07358193397521973 0.07442283630371094 0.07358717918395996 0.07534492015838623 0.07927000522613525 0.08531010150909424 0.07793211936950684 0.07639968395233154 0.08052456378936768 0.0785752534866333 0.08361458778381348 0.10332643985748291 0.21156251430511475 0.0
1.945469856262207 0.08668112754821777 0.06574380397796631 0.06615817546844482 0.06712663173675537 0.06981790065765381 0.07031404972076416 0.07262492179870605 0.07235562801361084 0.06842565536499023 0.06975305080413818 0.07036375999450684 0.07184493541717529 0.07247591018676758 0.07321584224700928 0.07427704334259033 0.07192802429199219 0.07171356678009033 0.07455778121948242 0.07234692573547363 0.07134461402893066 0.07403159141540527 0.0775223970413208 0.08249986171722412 0.07640182971954346 0.07684826850891113 0.0812612771987915 0.07738387584686279 0.07802462577819824 0.08273601531982422 0.10455811023712158 0.2132178544998169
