1.9999799728393555 0.0 0.0 0.0 0.0 0.0 0.0 0.0 0.0 0.0 0.0 0.0 0.0 0.0 0.0 0.0 0.0 0.0 0.0 0.0 0.0 0.0 0.0 0.0 0.0 0.0 0.0 0.0 0.0 0.0 0.0 0.0
1.9639135599136353 0.37813401222229004 0.0 0.0 0.0 0.0 0.0 0.0 0.0 0.0 0.0 0.0 0.0 0.0 0.0 0.0 0.0 0.0 0.0 0.0 0.0 0.0 0.0 0.0 0.0 0.0 0.0 0.0 0.0 0.0 0.0 0.0
1.8051588535308838 0.7620875835418701 0.4006139039993286 0.0 0.0 0.0 0.0 0.0 0.0 0.0 0.0 0.0 0.0 0.0 0.0 0.0 0.0 0.0 0.0 0.0 0.0 0.0 0.0 0.0 0.0 0.0 0.0 0.0 0.0 0.0 0.0 0.0
1.7825058698654175 0.5918066501617432 0.5010039806365967 0.4704402685165405 0.0 0.0 0.0 0.0 0.0 0.0 0.0 0.0 0.0 0.0 0.0 0.0 0.0 0.0 0.0 0.0 0.0 0.0 0.0 0.0 0.0 0.0 0.0 0.0 0.0 0.0 0.0 0.0
1.728769302368164 0.4992673397064209 0.4560493230819702 0.5513429641723633 0.499996542930603 0.0 0.0 0.0 0.0 0.0 0.0 0.0 0.0 0.0 0.0 0.0 0.0 0.0 0.0 0.0 0.0 0.0 0.0 0.0 0.0 0.0 0.0 0.0 0.0 0.0 0.0 0.0
1.7293329238891602 0.37738800048828125 0.3279522657394409 0.4669651985168457 0.5521562099456787 0.486148476600647 0.0 0.0 0.0 0.0 0.0 0.0 0.0 0.0 0.0 0.0 0.0 0.0 0.0 0.0 0.0 0.0 0.0 0.0 0.0 0.0 0.0 0.0 0.0 0.0 0.0 0.0
1.7017521858215332 0.3375105857849121 0.2654600143432617 0.36982131004333496 0.4881865978240967 0.5385804176330566 0.5043072700500488 0.0 0.0 0.0 0.0 0.0 0.0 0.0 0.0 0.0 0.0 0.0 0.0 0.0 0.0 0.0 0.0 0.0 0.0 0.0 0.0 0.0 0.0 0.0 0.0 0.0
1.6990420818328857 0.31191885471343994 0.22558557987213135 0.2875009775161743 0.3786482810974121 0.47621679306030273 0.5443611145019531 0.4644968509674072 0.0 0.0 0.0 0.0 0.0 0.0 0.0 0.0 0.0 0.0 0.0 0.0 0.0 0.0 0.0 0.0 0.0 0.0 0.0 0.0 0.0 0.0 0.0 0.0
1.6814552545547485 0.29140591621398926 0.21543574333190918 0.2608999013900757 0.30515146255493164 0.379382848739624 0.48216986656188965 0.53619384765625 0.4648451805114746 0.0 0.0 0.0 0.0 0.0 0.0 0.0 0.0 0.0 0.0 0.0 0.0 0.0 0.0 0.0 0.0 0.0 0.0 0.0 0.0 0.0 0.0 0.0
1.6707782745361328 0.26615166664123535 0.20145606994628906 0.2399369478225708 0.2607574462890625 0.3033190965652466 0.39484477043151855 0.47466492652893066 0.5283279418945312 0.46796715259552 0.0 0.0 0.0 0.0 0.0 0.0 0.0 0.0 0.0 0.0 0.0 0.0 0.0 0.0 0.0 0.0 0.0 0.0 0.0 0.0 0.0 0.0
1.650724172592163 0.2462245225906372 0.18561506271362305 0.2226341962814331 0.24181878566741943 0.26163971424102783 0.31939053535461426 0.38088083267211914 0.47431468963623047 0.5528380870819092 0.4750370979309082 0.0 0.0 0.0 0.0 0.0 0.0 0.0 0.0 0.0 0.0 0.0 0.0 0.0 0.0 0.0 0.0 0.0 0.0 0.0 0.0 0.0
1.659591794013977 0.21846485137939453 0.16550958156585693 0.20219683647155762 0.22776639461517334 0.2400515079498291 0.27452683448791504 0.312929630279541 0.3798571825027466 0.4620356559753418 0.5212104320526123 0.4661670923233032 0.0 0.0 0.0 0.0 0.0 0.0 0.0 0.0 0.0 0.0 0.0 0.0 0.0 0.0 0.0 0.0 0.0 0.0 0.0 0.0
1.6480928659439087 0.20911598205566406 0.15070796012878418 0.182745099067688 0.20768630504608154 0.22400271892547607 0.2585660219192505 0.27279388904571533 0.3113522529602051 0.37887144088745117 0.46021199226379395 0.5235497951507568 0.47197771072387695 0.0 0.0 0.0 0.0 0.0 0.0 0.0 0.0 0.0 0.0 0.0 0.0 0.0 0.0 0.0 0.0 0.0 0.0 0.0
1.6371012926101685 0.207611083984375 0.14738106727600098 0.17220067977905273 0.18789684772491455 0.20549964904785156 0.2353038787841797 0.2482774257659912 0.26619231700897217 0.3118189573287964 0.37703514099121094 0.4551961421966553 0.5356051921844482 0.475749135017395 0.0 0.0 0.0 0.0 0.0 0.0 0.0 0.0 0.0 0.0 0.0 0.0 0.0 0.0 0.0 0.0 0.0 0.0
1.6090946197509766 0.20283901691436768 0.14728498458862305 0.16850674152374268 0.17756938934326172 0.1873856782913208 0.21572363376617432 0.23076796531677246 0.26089608669281006 0.2705801725387573 0.3081784248352051 0.3777869939804077 0.4898139238357544 0.5411739349365234 0.491072416305542 0.0 0.0 0.0 0.0 0.0 0.0 0.0 0.0 0.0 0.0 0.0 0.0 0.0 0.0 0.0 0.0 0.0
1.621241569519043 0.1912546157836914 0.14746713638305664 0.16578269004821777 0.17077302932739258 0.17470884323120117 0.19716453552246094 0.2107563018798828 0.22645843029022217 0.2496967315673828 0.26757967472076416 0.3085176944732666 0.3834935426712036 0.46056461334228516 0.528963565826416 0.4723857641220093 0.0 0.0 0.0 0.0 0.0 0.0 0.0 0.0 0.0 0.0 0.0 0.0 0.0 0.0 0.0 0.0
1.6053274869918823 0.17861521244049072 0.1420961618423462 0.1633319854736328 0.17530345916748047 0.16886496543884277 0.1850680112838745 0.19491732120513916 0.2075507640838623 0.23704373836517334 0.2455451488494873 0.2686716318130493 0.32220399379730225 0.38123905658721924 0.4788966178894043 0.5297263860702515 0.47070860862731934 0.0 0.0 0.0 0.0 0.0 0.0 0.0 0.0 0.0 0.0 0.0 0.0 0.0 0.0 0.0
1.6006122827529907 0.1654726266860962 0.13243842124938965 0.15676283836364746 0.16748452186584473 0.16791951656341553 0.1857013702392578 0.18137216567993164 0.191062331199646 0.2089557647705078 0.2310734987258911 0.24896979331970215 0.27331531047821045 0.304534912109375 0.3831217288970947 0.47926807403564453 0.5322180986404419 0.471099853515625 0.0 0.0 0.0 0.0 0.0 0.0 0.0 0.0 0.0 0.0 0.0 0.0 0.0 0.0
1.5855704545974731 0.15701580047607422 0.12322723865509033 0.14605700969696045 0.15775823593139648 0.16531860828399658 0.17448174953460693 0.17648327350616455 0.17669057846069336 0.19010019302368164 0.2059919834136963 0.23268258571624756 0.25197720527648926 0.26650071144104004 0.3258707523345947 0.37816810607910156 0.4715322256088257 0.5544531345367432 0.4830361604690552 0.0 0.0 0.0 0.0 0.0 0.0 0.0 0.0 0.0 0.0 0.0 0.0 0.0
1.5818411111831665 0.14854133129119873 0.1211857795715332 0.140619158744812 0.15164196491241455 0.15867984294891357 0.17490828037261963 0.1848611831665039 0.17481720447540283 0.18003761768341064 0.18928849697113037 0.21380019187927246 0.23227989673614502 0.24481499195098877 0.27753782272338867 0.33666038513183594 0.3870856761932373 0.46904873847961426 0.5340554714202881 0.47351646423339844 0.0 0.0 0.0 0.0 0.0 0.0 0.0 0.0 0.0 0.0 0.0 0.0
1.585770845413208 0.13159823417663574 0.11545169353485107 0.13313865661621094 0.140394926071167 0.14920592308044434 0.1656341552734375 0.17130327224731445 0.1718834638595581 0.17501330375671387 0.17611122131347656 0.19170939922332764 0.21624040603637695 0.23114383220672607 0.25486278533935547 0.27118194103240967 0.31769633293151855 0.37767064571380615 0.4723093509674072 0.5293014049530029 0.47383737564086914 0.0 0.0 0.0 0.0 0.0 0.0 0.0 0.0 0.0 0.0 0.0
1.5721038579940796 0.11961722373962402 0.10727560520172119 0.12741458415985107 0.13721716403961182 0.14159488677978516 0.15305984020233154 0.16064369678497314 0.1682494878768921 0.17331230640411377 0.171478271484375 0.1813105344772339 0.1958761215209961 0.21410393714904785 0.23997795581817627 0.24598193168640137 0.277612566947937 0.3117952346801758 0.38799262046813965 0.46731996536254883 0.5476340055465698 0.481691837310791 0.0 0.0 0.0 0.0 0.0 0.0 0.0 0.0 0.0 0.0
1.560713291168213 0.10839724540710449 0.0956575870513916 0.11553549766540527 0.13196027278900146 0.13452374935150146 0.14849257469177246 0.15169882774353027 0.15884876251220703 0.17083168029785156 0.1705566644668579 0.17257237434387207 0.18863701820373535 0.1915440559387207 0.22137951850891113 0.23541975021362305 0.2562098503112793 0.268760085105896 0.3210732936859131 0.39565813541412354 0.47591614723205566 0.5381264686584473 0.49547433853149414 0.0 0.0 0.0 0.0 0.0 0.0 0.0 0.0 0.0
1.5615979433059692 0.1068727970123291 0.08840668201446533 0.10759246349334717 0.1191180944442749 0.13027572631835938 0.14253652095794678 0.1441047191619873 0.1482853889465332 0.16264092922210693 0.1655808687210083 0.17412960529327393 0.17573916912078857 0.17863965034484863 0.19849586486816406 0.21075129508972168 0.23601508140563965 0.2441796064376831 0.27539944648742676 0.3213242292404175 0.390472412109375 0.48037028312683105 0.5448172092437744 0.4804307222366333 0.0 0.0 0.0 0.0 0.0 0.0 0.0 0.0
1.5638821125030518 0.11581242084503174 0.08420777320861816 0.09785699844360352 0.10833954811096191 0.11901509761810303 0.13653218746185303 0.1401900053024292 0.1415700912475586 0.148260235786438 0.15588152408599854 0.16747474670410156 0.1710507869720459 0.17287778854370117 0.18529582023620605 0.19136524200439453 0.21159696578979492 0.22725999355316162 0.2517390251159668 0.27937912940979004 0.3129734992980957 0.3828463554382324 0.4888780117034912 0.5384498834609985 0.47320353984832764 0.0 0.0 0.0 0.0 0.0 0.0 0.0
1.55984365940094 0.12173473834991455 0.0906151533126831 0.09608232975006104 0.1003943681716919 0.10868668556213379 0.12369513511657715 0.13049077987670898 0.13599514961242676 0.14225995540618896 0.14763319492340088 0.1599423885345459 0.1677401065826416 0.17052102088928223 0.18102455139160156 0.17872929573059082 0.19165301322937012 0.20774388313293457 0.23216557502746582 0.25382518768310547 0.272463321685791 0.31392085552215576 0.39366698265075684 0.47726523876190186 0.5299456119537354 0.4873383045196533 0.0 0.0 0.0 0.0 0.0 0.0
1.5469532012939453 0.11799728870391846 0.09598386287689209 0.09990596771240234 0.09788799285888672 0.09902417659759521 0.11105155944824219 0.11940288543701172 0.13037800788879395 0.13620102405548096 0.1389908790588379 0.1493067741394043 0.15883898735046387 0.16456568241119385 0.17574989795684814 0.1747283935546875 0.18084585666656494 0.18998515605926514 0.21250462532043457 0.24797308444976807 0.2447037696838379 0.27091312408447266 0.3291335105895996 0.4128382205963135 0.4751242399215698 0.5428574085235596 0.47827041149139404 0.0 0.0 0.0 0.0 0.0
1.5441761016845703 0.10403168201446533 0.10016846656799316 0.10868072509765625 0.10284435749053955 0.0992438793182373 0.10346829891204834 0.10925686359405518 0.11944401264190674 0.13015615940093994 0.13565146923065186 0.14392948150634766 0.1504291296005249 0.15941190719604492 0.17317044734954834 0.17157089710235596 0.1767721176147461 0.17661499977111816 0.19325923919677734 0.21967923641204834 0.23135077953338623 0.248801589012146 0.28227853775024414 0.32279062271118164 0.3937244415283203 0.4873471260070801 0.5328912734985352 0.48771214485168457 0.0 0.0 0.0 0.0
1.5391908884048462 0.08612477779388428 0.09142899513244629 0.10961794853210449 0.1087876558303833 0.10639333724975586 0.1006317138671875 0.10008406639099121 0.10862874984741211 0.12029314041137695 0.1298161745071411 0.13749051094055176 0.1454160213470459 0.1481841802597046 0.16675150394439697 0.16735363006591797 0.17393290996551514 0.17140424251556396 0.18303704261779785 0.1981656551361084 0.21339893341064453 0.2336747646331787 0.25610625743865967 0.2876608371734619 0.3259180784225464 0.404066801071167 0.47658848762512207 0.5370354652404785 0.48230695724487305 0.0 0.0 0.0
1.5416244268417358 0.07553064823150635 0.07922542095184326 0.10251915454864502 0.11042213439941406 0.11116504669189453 0.10832023620605469 0.0988396406173706 0.1002507209777832 0.10891878604888916 0.1194300651550293 0.13171648979187012 0.13878154754638672 0.1412372589111328 0.15545570850372314 0.15945196151733398 0.1707228422164917 0.17145264148712158 0.1775836944580078 0.19050359725952148 0.1925290822982788 0.21375954151153564 0.24044561386108398 0.25444352626800537 0.280245304107666 0.32708680629730225 0.38789916038513184 0.4806290864944458 0.5362379550933838 0.47538256645202637 0.0 0.0
1.5383714437484741 0.07566606998443604 0.07116496562957764 0.08922219276428223 0.10419785976409912 0.1131049394607544 0.11352658271789551 0.10476744174957275 0.09771323204040527 0.10158288478851318 0.10933578014373779 0.12276184558868408 0.13183319568634033 0.1353003978729248 0.14871299266815186 0.15079927444458008 0.1617717742919922 0.1682424545288086 0.17580747604370117 0.17866432666778564 0.1797236204147339 0.19310271739959717 0.2192744016647339 0.23920822143554688 0.25566649436950684 0.27844667434692383 0.3201179504394531 0.39284050464630127 0.4741191864013672 0.5402928590774536 0.48042476177215576 0.0
1.5419880151748657 0.08547043800354004 0.07121944427490234 0.08008456230163574 0.08972573280334473 0.10164272785186768 0.11304736137390137 0.10982990264892578 0.10232400894165039 0.09799182415008545 0.098335862159729 0.10912775993347168 0.12141335010528564 0.1290268898010254 0.14097070693969727 0.1421259641647339 0.14891958236694336 0.15864825248718262 0.17109692096710205 0.17822492122650146 0.17668676376342773 0.18061184883117676 0.1981884241104126 0.21329784393310547 0.23508226871490479 0.26110172271728516 0.28133583068847656 0.31988322734832764 0.3932454586029053 0.4718533754348755 0.5321259498596191 0.47378814220428467
