1.9999799728393555 0.0 0.0 0.0 0.0 0.0 0.0 0.0 0.0 0.0 0.0 0.0 0.0 0.0 0.0 0.0 0.0 0.0 0.0 0.0 0.0 0.0 0.0 0.0 0.0 0.0 0.0 0.0 0.0 0.0 0.0 0.0
1.9575092792510986 0.41014671325683594 0.0 0.0 0.0 0.0 0.0 0.0 0.0 0.0 0.0 0.0 0.0 0.0 0.0 0.0 0.0 0.0 0.0 0.0 0.0 0.0 0.0 0.0 0.0 0.0 0.0 0.0 0.0 0.0 0.0 0.0
1.8897461891174316 0.42724108695983887 0.4962083101272583 0.0 0.0 0.0 0.0 0.0 0.0 0.0 0.0 0.0 0.0 0.0 0.0 0.0 0.0 0.0 0.0 0.0 0.0 0.0 0.0 0.0 0.0 0.0 0.0 0.0 0.0 0.0 0.0 0.0
1.8389317989349365 0.3667210340499878 0.5142003297805786 0.4683176279067993 0.0 0.0 0.0 0.0 0.0 0.0 0.0 0.0 0.0 0.0 0.0 0.0 0.0 0.0 0.0 0.0 0.0 0.0 0.0 0.0 0.0 0.0 0.0 0.0 0.0 0.0 0.0 0.0
1.795799970626831 0.3148401975631714 0.4550870656967163 0.526456356048584 0.43770503997802734 0.0 0.0 0.0 0.0 0.0 0.0 0.0 0.0 0.0 0.0 0.0 0.0 0.0 0.0 0.0 0.0 0.0 0.0 0.0 0.0 0.0 0.0 0.0 0.0 0.0 0.0 0.0
1.765219807624817 0.2860562801361084 0.3943932056427002 0.4587249755859375 0.5130225419998169 0.41574859619140625 0.0 0.0 0.0 0.0 0.0 0.0 0.0 0.0 0.0 0.0 0.0 0.0 0.0 0.0 0.0 0.0 0.0 0.0 0.0 0.0 0.0 0.0 0.0 0.0 0.0 0.0
1.7472739219665527 0.2449955940246582 0.3377786874771118 0.39743685722351074 0.45530128479003906 0.4999343156814575 0.396938681602478 0.0 0.0 0.0 0.0 0.0 0.0 0.0 0.0 0.0 0.0 0.0 0.0 0.0 0.0 0.0 0.0 0.0 0.0 0.0 0.0 0.0 0.0 0.0 0.0 0.0
1.7254518270492554 0.22775697708129883 0.3060396909713745 0.3528188467025757 0.40618741512298584 0.4417167901992798 0.4914513826370239 0.3885812759399414 0.0 0.0 0.0 0.0 0.0 0.0 0.0 0.0 0.0 0.0 0.0 0.0 0.0 0.0 0.0 0.0 0.0 0.0 0.0 0.0 0.0 0.0 0.0 0.0
1.7119297981262207 0.214447021484375 0.2740464210510254 0.31807374954223633 0.3703498840332031 0.384365439414978 0.4265749454498291 0.48301100730895996 0.382993221282959 0.0 0.0 0.0 0.0 0.0 0.0 0.0 0.0 0.0 0.0 0.0 0.0 0.0 0.0 0.0 0.0 0.0 0.0 0.0 0.0 0.0 0.0 0.0
1.7031569480895996 0.20081615447998047 0.2580922842025757 0.28650784492492676 0.3215773105621338 0.34693264961242676 0.3723313808441162 0.4207184314727783 0.48121368885040283 0.3729153871536255 0.0 0.0 0.0 0.0 0.0 0.0 0.0 0.0 0.0 0.0 0.0 0.0 0.0 0.0 0.0 0.0 0.0 0.0 0.0 0.0 0.0 0.0
1.6904727220535278 0.18809354305267334 0.23992609977722168 0.26916682720184326 0.2936699390411377 0.31696319580078125 0.3362617492675781 0.3665313720703125 0.41598236560821533 0.4816720485687256 0.37085163593292236 0.0 0.0 0.0 0.0 0.0 0.0 0.0 0.0 0.0 0.0 0.0 0.0 0.0 0.0 0.0 0.0 0.0 0.0 0.0 0.0 0.0
1.6828815937042236 0.17142558097839355 0.22598958015441895 0.2552218437194824 0.27777862548828125 0.2884870767593384 0.304563045501709 0.3271428346633911 0.3611726760864258 0.41109347343444824 0.47285497188568115 0.37268638610839844 0.0 0.0 0.0 0.0 0.0 0.0 0.0 0.0 0.0 0.0 0.0 0.0 0.0 0.0 0.0 0.0 0.0 0.0 0.0 0.0
1.668591856956482 0.15892410278320312 0.21117615699768066 0.24022936820983887 0.2601662874221802 0.2691580057144165 0.28316736221313477 0.30150043964385986 0.33148300647735596 0.3623204231262207 0.4080212116241455 0.4872168302536011 0.3630061149597168 0.0 0.0 0.0 0.0 0.0 0.0 0.0 0.0 0.0 0.0 0.0 0.0 0.0 0.0 0.0 0.0 0.0 0.0 0.0
1.6624754667282104 0.14481842517852783 0.19805467128753662 0.22376525402069092 0.24367034435272217 0.2555809020996094 0.26236236095428467 0.28001177310943604 0.30221128463745117 0.3223079442977905 0.36058998107910156 0.422682523727417 0.4641987085342407 0.36657822132110596 0.0 0.0 0.0 0.0 0.0 0.0 0.0 0.0 0.0 0.0 0.0 0.0 0.0 0.0 0.0 0.0 0.0 0.0
1.6502552032470703 0.1371687650680542 0.18720269203186035 0.21137642860412598 0.22974920272827148 0.2409684658050537 0.2496734857559204 0.2639896869659424 0.27845287322998047 0.3025461435317993 0.32628393173217773 0.3700147867202759 0.4049938917160034 0.48191118240356445 0.3554043769836426 0.0 0.0 0.0 0.0 0.0 0.0 0.0 0.0 0.0 0.0 0.0 0.0 0.0 0.0 0.0 0.0 0.0
1.647965669631958 0.13252317905426025 0.17815589904785156 0.2009950876235962 0.2154548168182373 0.22826087474822998 0.2361910343170166 0.24933600425720215 0.2651437520980835 0.2755110263824463 0.294111967086792 0.3293112516403198 0.3610231876373291 0.40590953826904297 0.468103289604187 0.3498985767364502 0.0 0.0 0.0 0.0 0.0 0.0 0.0 0.0 0.0 0.0 0.0 0.0 0.0 0.0 0.0 0.0
1.6379321813583374 0.1315838098526001 0.1704949140548706 0.19336116313934326 0.21005010604858398 0.2159435749053955 0.22791647911071777 0.23554837703704834 0.24987196922302246 0.2605248689651489 0.2778208255767822 0.31303656101226807 0.3230527639389038 0.3609023094177246 0.3987009525299072 0.4654078483581543 0.34541845321655273 0.0 0.0 0.0 0.0 0.0 0.0 0.0 0.0 0.0 0.0 0.0 0.0 0.0 0.0 0.0
1.642492413520813 0.1321582794189453 0.16424930095672607 0.1850888729095459 0.1980499029159546 0.2047278881072998 0.2111591100692749 0.22077035903930664 0.2362806797027588 0.2451639175415039 0.25737571716308594 0.27281689643859863 0.2895965576171875 0.3192402124404907 0.3488863706588745 0.3978351354598999 0.4545435905456543 0.346158504486084 0.0 0.0 0.0 0.0 0.0 0.0 0.0 0.0 0.0 0.0 0.0 0.0 0.0 0.0
1.6315397024154663 0.12850666046142578 0.16153764724731445 0.17948246002197266 0.1905149221420288 0.19834601879119873 0.2046976089477539 0.21137309074401855 0.22226834297180176 0.23176181316375732 0.24657106399536133 0.2613004446029663 0.2716017961502075 0.2959822416305542 0.32028818130493164 0.3537728786468506 0.3929342031478882 0.4556725025177002 0.3426891565322876 0.0 0.0 0.0 0.0 0.0 0.0 0.0 0.0 0.0 0.0 0.0 0.0 0.0
1.617210030555725 0.12407112121582031 0.15952730178833008 0.17215561866760254 0.18178200721740723 0.19585943222045898 0.1939105987548828 0.20587122440338135 0.21666038036346436 0.22945654392242432 0.23383855819702148 0.24961042404174805 0.26281046867370605 0.28358685970306396 0.3021814823150635 0.3172839879989624 0.3455401659011841 0.3994177579879761 0.45810866355895996 0.34005677700042725 0.0 0.0 0.0 0.0 0.0 0.0 0.0 0.0 0.0 0.0 0.0 0.0
1.6272196769714355 0.11839926242828369 0.15811526775360107 0.17034292221069336 0.1744401454925537 0.17803001403808594 0.1877751350402832 0.19409215450286865 0.20144712924957275 0.20952260494232178 0.21846580505371094 0.23067665100097656 0.2402857542037964 0.25675880908966064 0.26714634895324707 0.283794641494751 0.308233380317688 0.34815025329589844 0.39103710651397705 0.4510509967803955 0.33946967124938965 0.0 0.0 0.0 0.0 0.0 0.0 0.0 0.0 0.0 0.0 0.0
1.6277073621749878 0.11197268962860107 0.1536036729812622 0.16846323013305664 0.17134761810302734 0.17123878002166748 0.17548906803131104 0.1832733154296875 0.1931692361831665 0.19978570938110352 0.2086484432220459 0.2200617790222168 0.2272961139678955 0.2432861328125 0.2511932849884033 0.26713550090789795 0.2801051139831543 0.3114781379699707 0.3432919979095459 0.3851741552352905 0.4433271884918213 0.33167552947998047 0.0 0.0 0.0 0.0 0.0 0.0 0.0 0.0 0.0 0.0
1.6197932958602905 0.11134612560272217 0.1471308469772339 0.17331039905548096 0.17851853370666504 0.17005062103271484 0.16794872283935547 0.17432546615600586 0.18440532684326172 0.19740772247314453 0.20575368404388428 0.2121288776397705 0.21604204177856445 0.245833158493042 0.23890435695648193 0.2527790069580078 0.26033174991607666 0.2827904224395752 0.3061797618865967 0.33479833602905273 0.38067710399627686 0.44058775901794434 0.3339879512786865 0.0 0.0 0.0 0.0 0.0 0.0 0.0 0.0 0.0
1.612342357635498 0.10675704479217529 0.13671207427978516 0.16088271141052246 0.1681370735168457 0.16807901859283447 0.16395139694213867 0.16592776775360107 0.1719532012939453 0.18233203887939453 0.1952683925628662 0.20162224769592285 0.2051548957824707 0.22382760047912598 0.22388625144958496 0.23578166961669922 0.2505756616592407 0.2631700038909912 0.2799328565597534 0.3049812316894531 0.3352586030960083 0.3904069662094116 0.4592651128768921 0.3384265899658203 0.0 0.0 0.0 0.0 0.0 0.0 0.0 0.0
1.6067363023757935 0.11060070991516113 0.13878381252288818 0.16214334964752197 0.18647253513336182 0.16879689693450928 0.1750791072845459 0.16628813743591309 0.17388296127319336 0.18123209476470947 0.18924736976623535 0.20008325576782227 0.1999044418334961 0.20526838302612305 0.21326518058776855 0.22600793838500977 0.23948264122009277 0.2432851791381836 0.26085877418518066 0.27953314781188965 0.30341625213623047 0.3365023136138916 0.3860592842102051 0.4394848346710205 0.33311891555786133 0.0 0.0 0.0 0.0 0.0 0.0 0.0
1.6124961376190186 0.11790800094604492 0.13123011589050293 0.14768385887145996 0.17552590370178223 0.16495239734649658 0.17386412620544434 0.1655186414718628 0.16791856288909912 0.16643929481506348 0.17340242862701416 0.18008935451507568 0.18587207794189453 0.19430792331695557 0.20033001899719238 0.20807015895843506 0.22320199012756348 0.2302926778793335 0.2452392578125 0.25702106952667236 0.2740645408630371 0.29798758029937744 0.3350365161895752 0.378115177154541 0.4469277858734131 0.3300344944000244 0.0 0.0 0.0 0.0 0.0 0.0
1.607444167137146 0.099631667137146 0.1191941499710083 0.13292479515075684 0.1472911834716797 0.15179431438446045 0.16011285781860352 0.16122865676879883 0.16692519187927246 0.1726928949356079 0.18295061588287354 0.1744844913482666 0.18109405040740967 0.18713343143463135 0.1955801248550415 0.20031392574310303 0.21477210521697998 0.21692800521850586 0.23327434062957764 0.24585402011871338 0.25821661949157715 0.2754943370819092 0.3054666519165039 0.33457982540130615 0.39190590381622314 0.43904006481170654 0.3281029462814331 0.0 0.0 0.0 0.0 0.0
1.6059143543243408 0.0953214168548584 0.11751115322113037 0.13136696815490723 0.13849782943725586 0.14147794246673584 0.148087739944458 0.15468966960906982 0.1650681495666504 0.1664106845855713 0.1636906862258911 0.17247486114501953 0.16923868656158447 0.18523955345153809 0.19350135326385498 0.2299410104751587 0.200539231300354 0.20533037185668945 0.2203655242919922 0.22929859161376953 0.24068593978881836 0.25652122497558594 0.2819584608078003 0.30307304859161377 0.33815884590148926 0.3769519329071045 0.4332289695739746 0.3287370204925537 0.0 0.0 0.0 0.0
1.6136952638626099 0.0925436019897461 0.11198961734771729 0.12509381771087646 0.13015997409820557 0.1340419054031372 0.13992714881896973 0.14718139171600342 0.15576350688934326 0.15888607501983643 0.1622774600982666 0.1601729393005371 0.1616230010986328 0.16650807857513428 0.17664015293121338 0.18234217166900635 0.1887497901916504 0.19529831409454346 0.20689129829406738 0.21541261672973633 0.22932493686676025 0.24195575714111328 0.2573893070220947 0.2729910612106323 0.3047405481338501 0.33506762981414795 0.3808891773223877 0.43470120429992676 0.3300814628601074 0.0 0.0 0.0
1.6111024618148804 0.09363210201263428 0.10960590839385986 0.12350785732269287 0.12962555885314941 0.13234329223632812 0.134238600730896 0.14087486267089844 0.14827239513397217 0.15479576587677002 0.1602252721786499 0.16069161891937256 0.15917468070983887 0.15838611125946045 0.16755950450897217 0.17307746410369873 0.1797351837158203 0.1872241497039795 0.1972435712814331 0.20307493209838867 0.21647429466247559 0.22926664352416992 0.24225032329559326 0.259912371635437 0.27802562713623047 0.2986452579498291 0.33298420906066895 0.3778587579727173 0.43711423873901367 0.32493066787719727 0.0 0.0
1.6129893064498901 0.09748697280883789 0.10879075527191162 0.1213146448135376 0.1283642053604126 0.1305224895477295 0.13015377521514893 0.13408207893371582 0.14239346981048584 0.14998257160186768 0.16057121753692627 0.16214263439178467 0.15862774848937988 0.16008210182189941 0.16293692588806152 0.16895246505737305 0.17084240913391113 0.17815983295440674 0.18751275539398193 0.19260942935943604 0.20074570178985596 0.21447956562042236 0.22968053817749023 0.24051141738891602 0.25669705867767334 0.2697376012802124 0.29756784439086914 0.3264188766479492 0.3720836639404297 0.43062591552734375 0.32410430908203125 0.0
1.6119799613952637 0.10455596446990967 0.10987555980682373 0.11774253845214844 0.13026535511016846 0.13193392753601074 0.12908422946929932 0.13039612770080566 0.13643372058868408 0.1511385440826416 0.1519531011581421 0.15706706047058105 0.15617990493774414 0.17087650299072266 0.16274487972259521 0.15976989269256592 0.16061437129974365 0.16835439205169678 0.18016386032104492 0.18460476398468018 0.19034481048583984 0.1987849473953247 0.21196913719177246 0.2239089012145996 0.23606157302856445 0.24935507774353027 0.27010464668273926 0.29278564453125 0.32659363746643066 0.37004518508911133 0.4306291341781616 0.3230612277984619
