1.9999799728393555 0.0 0.0 0.0 0.0 0.0 0.0 0.0 0.0 0.0 0.0 0.0 0.0 0.0 0.0 0.0 0.0 0.0 0.0 0.0 0.0 0.0 0.0 0.0 0.0 0.0 0.0 0.0 0.0 0.0 0.0 0.0
1.9703537225723267 0.34295690059661865 0.0 0.0 0.0 0.0 0.0 0.0 0.0 0.0 0.0 0.0 0.0 0.0 0.0 0.0 0.0 0.0 0.0 0.0 0.0 0.0 0.0 0.0 0.0 0.0 0.0 0.0 0.0 0.0 0.0 0.0
1.9307324886322021 0.35210657119750977 0.3849412202835083 0.0 0.0 0.0 0.0 0.0 0.0 0.0 0.0 0.0 0.0 0.0 0.0 0.0 0.0 0.0 0.0 0.0 0.0 0.0 0.0 0.0 0.0 0.0 0.0 0.0 0.0 0.0 0.0 0.0
1.902648687362671 0.3428993225097656 0.31438755989074707 0.40421152114868164 0.0 0.0 0.0 0.0 0.0 0.0 0.0 0.0 0.0 0.0 0.0 0.0 0.0 0.0 0.0 0.0 0.0 0.0 0.0 0.0 0.0 0.0 0.0 0.0 0.0 0.0 0.0 0.0
1.8707213401794434 0.3362516164779663 0.3406643867492676 0.33580994606018066 0.39799177646636963 0.0 0.0 0.0 0.0 0.0 0.0 0.0 0.0 0.0 0.0 0.0 0.0 0.0 0.0 0.0 0.0 0.0 0.0 0.0 0.0 0.0 0.0 0.0 0.0 0.0 0.0 0.0
1.8434771299362183 0.3184700012207031 0.3438602685928345 0.35960686206817627 0.3206303119659424 0.38686275482177734 0.0 0.0 0.0 0.0 0.0 0.0 0.0 0.0 0.0 0.0 0.0 0.0 0.0 0.0 0.0 0.0 0.0 0.0 0.0 0.0 0.0 0.0 0.0 0.0 0.0 0.0
1.8212367296218872 0.29969334602355957 0.3249955177307129 0.3635200262069702 0.34555649757385254 0.3183645009994507 0.3668785095214844 0.0 0.0 0.0 0.0 0.0 0.0 0.0 0.0 0.0 0.0 0.0 0.0 0.0 0.0 0.0 0.0 0.0 0.0 0.0 0.0 0.0 0.0 0.0 0.0 0.0
1.7980594635009766 0.28023195266723633 0.3086785078048706 0.3572824001312256 0.363924503326416 0.3466496467590332 0.2937004566192627 0.3556680679321289 0.0 0.0 0.0 0.0 0.0 0.0 0.0 0.0 0.0 0.0 0.0 0.0 0.0 0.0 0.0 0.0 0.0 0.0 0.0 0.0 0.0 0.0 0.0 0.0
1.7835724353790283 0.269580602645874 0.28522157669067383 0.32852017879486084 0.34857404232025146 0.35891246795654297 0.31970667839050293 0.2859656810760498 0.34990692138671875 0.0 0.0 0.0 0.0 0.0 0.0 0.0 0.0 0.0 0.0 0.0 0.0 0.0 0.0 0.0 0.0 0.0 0.0 0.0 0.0 0.0 0.0 0.0
1.7616230249404907 0.2643381357192993 0.2788724899291992 0.30937278270721436 0.33466851711273193 0.3519110679626465 0.3345390558242798 0.31989479064941406 0.28725123405456543 0.34718525409698486 0.0 0.0 0.0 0.0 0.0 0.0 0.0 0.0 0.0 0.0 0.0 0.0 0.0 0.0 0.0 0.0 0.0 0.0 0.0 0.0 0.0 0.0
1.7499473094940186 0.24900460243225098 0.2675672769546509 0.29937219619750977 0.3116992712020874 0.3307896852493286 0.33272361755371094 0.3292200565338135 0.3109215497970581 0.2761101722717285 0.340160608291626 0.0 0.0 0.0 0.0 0.0 0.0 0.0 0.0 0.0 0.0 0.0 0.0 0.0 0.0 0.0 0.0 0.0 0.0 0.0 0.0 0.0
1.7324961423873901 0.2386927604675293 0.26022768020629883 0.2980155944824219 0.3033318519592285 0.3182809352874756 0.3177156448364258 0.32424259185791016 0.32402825355529785 0.3022911548614502 0.2718946933746338 0.33920252323150635 0.0 0.0 0.0 0.0 0.0 0.0 0.0 0.0 0.0 0.0 0.0 0.0 0.0 0.0 0.0 0.0 0.0 0.0 0.0 0.0
1.7173830270767212 0.22928249835968018 0.2481621503829956 0.28415775299072266 0.29979801177978516 0.30286073684692383 0.3039371967315674 0.3121833801269531 0.3266165256500244 0.3181178569793701 0.29953134059906006 0.27622365951538086 0.33192598819732666 0.0 0.0 0.0 0.0 0.0 0.0 0.0 0.0 0.0 0.0 0.0 0.0 0.0 0.0 0.0 0.0 0.0 0.0 0.0
1.7057956457138062 0.21591103076934814 0.2310047149658203 0.2645533084869385 0.2846388816833496 0.2921938896179199 0.2960730791091919 0.30392777919769287 0.31788015365600586 0.3177448511123657 0.3156358003616333 0.3002166748046875 0.26751065254211426 0.3321620225906372 0.0 0.0 0.0 0.0 0.0 0.0 0.0 0.0 0.0 0.0 0.0 0.0 0.0 0.0 0.0 0.0 0.0 0.0
1.6886799335479736 0.21323251724243164 0.22156894207000732 0.24660265445709229 0.2718085050582886 0.29530155658721924 0.2929786443710327 0.29659831523895264 0.30286478996276855 0.3118550777435303 0.32525813579559326 0.31751036643981934 0.29170942306518555 0.26304006576538086 0.32863497734069824 0.0 0.0 0.0 0.0 0.0 0.0 0.0 0.0 0.0 0.0 0.0 0.0 0.0 0.0 0.0 0.0 0.0
1.6743727922439575 0.20831060409545898 0.2176990509033203 0.2410895824432373 0.25796353816986084 0.2714712619781494 0.2869575023651123 0.290053129196167 0.2971634864807129 0.3032650947570801 0.3090670108795166 0.3201563358306885 0.3081620931625366 0.29446983337402344 0.26738405227661133 0.330371618270874 0.0 0.0 0.0 0.0 0.0 0.0 0.0 0.0 0.0 0.0 0.0 0.0 0.0 0.0 0.0 0.0
1.660972237586975 0.2065356969833374 0.2127218246459961 0.23784983158111572 0.24846267700195312 0.26242876052856445 0.27314138412475586 0.2844080924987793 0.29401206970214844 0.29912447929382324 0.3001471757888794 0.31032073497772217 0.30966949462890625 0.30642378330230713 0.29300129413604736 0.2608901262283325 0.3230201005935669 0.0 0.0 0.0 0.0 0.0 0.0 0.0 0.0 0.0 0.0 0.0 0.0 0.0 0.0 0.0
1.6429916620254517 0.20102131366729736 0.2036188840866089 0.23493194580078125 0.24631524085998535 0.2513248920440674 0.25816643238067627 0.27080273628234863 0.28699982166290283 0.2903858423233032 0.30301356315612793 0.3032093048095703 0.3123713731765747 0.3182450532913208 0.31041622161865234 0.2880887985229492 0.2626224756240845 0.31912171840667725 0.0 0.0 0.0 0.0 0.0 0.0 0.0 0.0 0.0 0.0 0.0 0.0 0.0 0.0
1.6243714094161987 0.1972036361694336 0.1948986053466797 0.2292923927307129 0.24593591690063477 0.24784862995147705 0.25482428073883057 0.26193153858184814 0.28086090087890625 0.29398345947265625 0.2978421449661255 0.30482327938079834 0.3141123056411743 0.31110668182373047 0.31284260749816895 0.3052581548690796 0.2827768325805664 0.25162315368652344 0.31550347805023193 0.0 0.0 0.0 0.0 0.0 0.0 0.0 0.0 0.0 0.0 0.0 0.0 0.0
1.615155816078186 0.19720745086669922 0.18719232082366943 0.2166602611541748 0.23962020874023438 0.24969983100891113 0.24976873397827148 0.2540019750595093 0.26433491706848145 0.27573204040527344 0.2878751754760742 0.30231714248657227 0.300983190536499 0.3022620677947998 0.30554962158203125 0.31347835063934326 0.30161499977111816 0.27775752544403076 0.25277960300445557 0.3125479221343994 0.0 0.0 0.0 0.0 0.0 0.0 0.0 0.0 0.0 0.0 0.0 0.0
1.6044899225234985 0.19386112689971924 0.18546831607818604 0.20814871788024902 0.22826433181762695 0.24091899394989014 0.24873101711273193 0.25138580799102783 0.2547808885574341 0.2707078456878662 0.2762930393218994 0.2897566556930542 0.2880210876464844 0.2873654365539551 0.29341232776641846 0.31489336490631104 0.3059549331665039 0.28823375701904297 0.2836862802505493 0.26479458808898926 0.3134535551071167 0.0 0.0 0.0 0.0 0.0 0.0 0.0 0.0 0.0 0.0 0.0
1.5952414274215698 0.189650297164917 0.18607091903686523 0.20222735404968262 0.21770739555358887 0.23385322093963623 0.24214327335357666 0.24734508991241455 0.2503317594528198 0.2561361789703369 0.2653069496154785 0.2800135612487793 0.28096556663513184 0.28554320335388184 0.2939876317977905 0.29894375801086426 0.3011951446533203 0.2946624755859375 0.29351890087127686 0.29025864601135254 0.25336766242980957 0.30993831157684326 0.0 0.0 0.0 0.0 0.0 0.0 0.0 0.0 0.0 0.0
1.5842833518981934 0.18878698348999023 0.18679285049438477 0.20713937282562256 0.21658241748809814 0.23097538948059082 0.23308348655700684 0.2422163486480713 0.24801945686340332 0.24888360500335693 0.2565431594848633 0.26988697052001953 0.2731860876083374 0.2819671630859375 0.2911546230316162 0.3020503520965576 0.2891045808792114 0.2884843349456787 0.2915118932723999 0.2917907238006592 0.2725108861923218 0.2513068914413452 0.3105736970901489 0.0 0.0 0.0 0.0 0.0 0.0 0.0 0.0 0.0
1.580273151397705 0.17929494380950928 0.18042981624603271 0.20537781715393066 0.21350646018981934 0.22120022773742676 0.22416448593139648 0.23281371593475342 0.24314868450164795 0.24713706970214844 0.2516603469848633 0.2602236270904541 0.2607675790786743 0.27350330352783203 0.28486430644989014 0.29359006881713867 0.2844275236129761 0.27899718284606934 0.28307437896728516 0.28781723976135254 0.28368866443634033 0.2713831663131714 0.2504007816314697 0.31095099449157715 0.0 0.0 0.0 0.0 0.0 0.0 0.0 0.0
1.5703086853027344 0.17958080768585205 0.1734851598739624 0.2049616575241089 0.217057466506958 0.21929991245269775 0.2180114984512329 0.22276508808135986 0.23762071132659912 0.246168851852417 0.25156307220458984 0.2560971975326538 0.2526357173919678 0.2646660804748535 0.27582645416259766 0.27532339096069336 0.27813100814819336 0.274169921875 0.2750229835510254 0.2848116159439087 0.2886791229248047 0.28251099586486816 0.2701765298843384 0.2556924819946289 0.3075982332229614 0.0 0.0 0.0 0.0 0.0 0.0 0.0
1.5620734691619873 0.18013429641723633 0.16647791862487793 0.19677996635437012 0.21683919429779053 0.21723031997680664 0.21482157707214355 0.21542572975158691 0.2257688045501709 0.23831868171691895 0.24722838401794434 0.2530534267425537 0.2500956058502197 0.25585246086120605 0.26360058784484863 0.2705421447753906 0.27205944061279297 0.27152419090270996 0.27338993549346924 0.2811613082885742 0.27988219261169434 0.28389930725097656 0.2825052738189697 0.2735487222671509 0.24898755550384521 0.30537259578704834 0.0 0.0 0.0 0.0 0.0 0.0
1.5520343780517578 0.17300689220428467 0.16164278984069824 0.18650078773498535 0.20662295818328857 0.21268129348754883 0.2108309268951416 0.2122795581817627 0.21989226341247559 0.2292708158493042 0.2413545846939087 0.24768638610839844 0.25148606300354004 0.2538083791732788 0.25995779037475586 0.2629050016403198 0.2690458297729492 0.27245116233825684 0.2724257707595825 0.27727365493774414 0.2741878032684326 0.2790694236755371 0.28252148628234863 0.28122520446777344 0.2751927375793457 0.24487745761871338 0.30390238761901855 0.0 0.0 0.0 0.0 0.0
1.5465037822723389 0.17201507091522217 0.16272830963134766 0.18140172958374023 0.19298803806304932 0.20353221893310547 0.20903539657592773 0.2116469144821167 0.21373915672302246 0.21694111824035645 0.22541654109954834 0.23741424083709717 0.24694013595581055 0.24956738948822021 0.2586939334869385 0.2551325559616089 0.26012349128723145 0.2643251419067383 0.2703702449798584 0.27302348613739014 0.27010107040405273 0.2705117464065552 0.2795135974884033 0.2824850082397461 0.28375399112701416 0.26739656925201416 0.2499157190322876 0.304884672164917 0.0 0.0 0.0 0.0
1.5279011726379395 0.169661283493042 0.16437435150146484 0.18151724338531494 0.18854355812072754 0.1962757110595703 0.20433998107910156 0.20796692371368408 0.21513879299163818 0.21491777896881104 0.22308087348937988 0.23171424865722656 0.24042391777038574 0.2516275644302368 0.25490522384643555 0.2579599618911743 0.2555732727050781 0.2588850259780884 0.26476192474365234 0.27472078800201416 0.2718968391418457 0.2698209285736084 0.2753922939300537 0.2802708148956299 0.28889942169189453 0.28027963638305664 0.27580392360687256 0.24677813053131104 0.301310658454895 0.0 0.0 0.0
1.5235953330993652 0.1689223051071167 0.16388368606567383 0.18430209159851074 0.18730998039245605 0.19021308422088623 0.19736123085021973 0.2043083906173706 0.21302330493927002 0.21600592136383057 0.21856284141540527 0.221094012260437 0.2309044599533081 0.24384677410125732 0.24879682064056396 0.25683438777923584 0.25095653533935547 0.24993669986724854 0.25550568103790283 0.26561880111694336 0.26520609855651855 0.26873743534088135 0.27132248878479004 0.27357935905456543 0.2837015390396118 0.2825429439544678 0.2769293785095215 0.26536858081817627 0.2400531768798828 0.30053043365478516 0.0 0.0
1.5147427320480347 0.16374969482421875 0.1576220989227295 0.18400359153747559 0.19090378284454346 0.18857693672180176 0.19068479537963867 0.19580674171447754 0.20530188083648682 0.21278166770935059 0.21669042110443115 0.22368597984313965 0.22724628448486328 0.23410844802856445 0.24036407470703125 0.251623272895813 0.24933397769927979 0.24483656883239746 0.24919605255126953 0.2635536193847656 0.2588386535644531 0.2633686065673828 0.2658834457397461 0.27091896533966064 0.2718183994293213 0.27338385581970215 0.2824082374572754 0.2755187749862671 0.26627135276794434 0.2472844123840332 0.3009747266769409 0.0
1.5120720863342285 0.16747713088989258 0.14963126182556152 0.1748945713043213 0.19140493869781494 0.2003185749053955 0.19302582740783691 0.19135797023773193 0.19953584671020508 0.20860564708709717 0.2162719964981079 0.22096240520477295 0.22150564193725586 0.22594940662384033 0.2317899465560913 0.24303209781646729 0.2458362579345703 0.24442017078399658 0.2516833543777466 0.25725114345550537 0.25067710876464844 0.25684332847595215 0.26533734798431396 0.26856470108032227 0.2621273994445801 0.260176420211792 0.2681283950805664 0.27390265464782715 0.2681354284286499 0.25972700119018555 0.2394552230834961 0.29790639877319336
