1.9999799728393555 0.0 0.0 0.0 0.0 0.0 0.0 0.0 0.0 0.0 0.0 0.0 0.0 0.0 0.0 0.0 0.0 0.0 0.0 0.0 0.0 0.0 0.0 0.0 0.0 0.0 0.0 0.0 0.0 0.0 0.0 0.0
1.9475445747375488 0.4549586772918701 0.0 0.0 0.0 0.0 0.0 0.0 0.0 0.0 0.0 0.0 0.0 0.0 0.0 0.0 0.0 0.0 0.0 0.0 0.0 0.0 0.0 0.0 0.0 0.0 0.0 0.0 0.0 0.0 0.0 0.0
1.9656373262405396 0.22907114028930664 0.2892714738845825 0.0 0.0 0.0 0.0 0.0 0.0 0.0 0.0 0.0 0.0 0.0 0.0 0.0 0.0 0.0 0.0 0.0 0.0 0.0 0.0 0.0 0.0 0.0 0.0 0.0 0.0 0.0 0.0 0.0
1.965604305267334 0.18238389492034912 0.18680953979492188 0.26102280616760254 0.0 0.0 0.0 0.0 0.0 0.0 0.0 0.0 0.0 0.0 0.0 0.0 0.0 0.0 0.0 0.0 0.0 0.0 0.0 0.0 0.0 0.0 0.0 0.0 0.0 0.0 0.0 0.0
1.9602603912353516 0.16792023181915283 0.15846455097198486 0.18929517269134521 0.26104140281677246 0.0 0.0 0.0 0.0 0.0 0.0 0.0 0.0 0.0 0.0 0.0 0.0 0.0 0.0 0.0 0.0 0.0 0.0 0.0 0.0 0.0 0.0 0.0 0.0 0.0 0.0 0.0
1.956647276878357 0.16019999980926514 0.14075720310211182 0.1562272310256958 0.17856121063232422 0.2639552354812622 0.0 0.0 0.0 0.0 0.0 0.0 0.0 0.0 0.0 0.0 0.0 0.0 0.0 0.0 0.0 0.0 0.0 0.0 0.0 0.0 0.0 0.0 0.0 0.0 0.0 0.0
1.956271767616272 0.15449488162994385 0.1247243881225586 0.1300901174545288 0.14766299724578857 0.1762906312942505 0.2522928714752197 0.0 0.0 0.0 0.0 0.0 0.0 0.0 0.0 0.0 0.0 0.0 0.0 0.0 0.0 0.0 0.0 0.0 0.0 0.0 0.0 0.0 0.0 0.0 0.0 0.0
1.9573663473129272 0.14555788040161133 0.12014997005462646 0.11816489696502686 0.12629103660583496 0.141668438911438 0.16306328773498535 0.23745429515838623 0.0 0.0 0.0 0.0 0.0 0.0 0.0 0.0 0.0 0.0 0.0 0.0 0.0 0.0 0.0 0.0 0.0 0.0 0.0 0.0 0.0 0.0 0.0 0.0
1.95810067653656 0.1359347105026245 0.11242341995239258 0.1089092493057251 0.11283087730407715 0.1202690601348877 0.13295865058898926 0.15789413452148438 0.2300647497177124 0.0 0.0 0.0 0.0 0.0 0.0 0.0 0.0 0.0 0.0 0.0 0.0 0.0 0.0 0.0 0.0 0.0 0.0 0.0 0.0 0.0 0.0 0.0
1.9582768678665161 0.1297076940536499 0.1047588586807251 0.10193276405334473 0.10515904426574707 0.11029374599456787 0.11564004421234131 0.1301642656326294 0.15684163570404053 0.22067248821258545 0.0 0.0 0.0 0.0 0.0 0.0 0.0 0.0 0.0 0.0 0.0 0.0 0.0 0.0 0.0 0.0 0.0 0.0 0.0 0.0 0.0 0.0
1.958133578300476 0.12421751022338867 0.09587574005126953 0.09578883647918701 0.09833908081054688 0.10318970680236816 0.1087270975112915 0.11359500885009766 0.1245187520980835 0.14655494689941406 0.2230527400970459 0.0 0.0 0.0 0.0 0.0 0.0 0.0 0.0 0.0 0.0 0.0 0.0 0.0 0.0 0.0 0.0 0.0 0.0 0.0 0.0 0.0
1.9589390754699707 0.11858808994293213 0.08959054946899414 0.09097063541412354 0.09460580348968506 0.09812355041503906 0.09989321231842041 0.10401058197021484 0.1097409725189209 0.12031960487365723 0.1486455202102661 0.20995044708251953 0.0 0.0 0.0 0.0 0.0 0.0 0.0 0.0 0.0 0.0 0.0 0.0 0.0 0.0 0.0 0.0 0.0 0.0 0.0 0.0
1.9586811065673828 0.11733031272888184 0.08726918697357178 0.08847439289093018 0.08993124961853027 0.09455084800720215 0.09565556049346924 0.09824085235595703 0.10315084457397461 0.1055757999420166 0.11851346492767334 0.13958477973937988 0.20759820938110352 0.0 0.0 0.0 0.0 0.0 0.0 0.0 0.0 0.0 0.0 0.0 0.0 0.0 0.0 0.0 0.0 0.0 0.0 0.0
1.9573075771331787 0.11639547348022461 0.08615243434906006 0.0865410566329956 0.08632957935333252 0.08921241760253906 0.0930713415145874 0.09586691856384277 0.09785449504852295 0.10107898712158203 0.10731744766235352 0.11525440216064453 0.13649976253509521 0.20941174030303955 0.0 0.0 0.0 0.0 0.0 0.0 0.0 0.0 0.0 0.0 0.0 0.0 0.0 0.0 0.0 0.0 0.0 0.0
1.9552834033966064 0.1151038408279419 0.0860830545425415 0.0872046947479248 0.08466291427612305 0.08493733406066895 0.08732044696807861 0.09235608577728271 0.09607136249542236 0.09596133232116699 0.1007465124130249 0.10458958148956299 0.11400485038757324 0.13939344882965088 0.2144014835357666 0.0 0.0 0.0 0.0 0.0 0.0 0.0 0.0 0.0 0.0 0.0 0.0 0.0 0.0 0.0 0.0 0.0
1.9547992944717407 0.11271655559539795 0.08382534980773926 0.08618307113647461 0.08369565010070801 0.08385419845581055 0.08576500415802002 0.08717679977416992 0.09157896041870117 0.0936894416809082 0.09642338752746582 0.09818661212921143 0.10235440731048584 0.11388635635375977 0.13833379745483398 0.20925915241241455 0.0 0.0 0.0 0.0 0.0 0.0 0.0 0.0 0.0 0.0 0.0 0.0 0.0 0.0 0.0 0.0
1.9531590938568115 0.11299598217010498 0.08188486099243164 0.0848078727722168 0.08297395706176758 0.08388221263885498 0.08354735374450684 0.08380687236785889 0.08968663215637207 0.09005081653594971 0.09420311450958252 0.09440672397613525 0.09729218482971191 0.10327720642089844 0.11459136009216309 0.1363966464996338 0.21127665042877197 0.0 0.0 0.0 0.0 0.0 0.0 0.0 0.0 0.0 0.0 0.0 0.0 0.0 0.0 0.0
1.9511207342147827 0.10936152935028076 0.07904410362243652 0.0816645622253418 0.08260691165924072 0.08356630802154541 0.08439898490905762 0.08306407928466797 0.08550775051116943 0.08600783348083496 0.09429669380187988 0.09595465660095215 0.09543180465698242 0.09994387626647949 0.10454821586608887 0.12028193473815918 0.13634204864501953 0.2106877565383911 0.0 0.0 0.0 0.0 0.0 0.0 0.0 0.0 0.0 0.0 0.0 0.0 0.0 0.0
1.9503382444381714 0.10990309715270996 0.07884883880615234 0.08056044578552246 0.08017468452453613 0.08278346061706543 0.08403003215789795 0.08394360542297363 0.08349323272705078 0.08252847194671631 0.08883965015411377 0.09208095073699951 0.09145402908325195 0.09299242496490479 0.0977557897567749 0.10560941696166992 0.11409914493560791 0.13524961471557617 0.21136212348937988 0.0 0.0 0.0 0.0 0.0 0.0 0.0 0.0 0.0 0.0 0.0 0.0 0.0
1.9480406045913696 0.10996031761169434 0.0790410041809082 0.0787503719329834 0.07778012752532959 0.08094704151153564 0.0827261209487915 0.08332347869873047 0.08545827865600586 0.08297622203826904 0.08629751205444336 0.08732259273529053 0.08774363994598389 0.09485459327697754 0.09565269947052002 0.10250163078308105 0.10360980033874512 0.11414718627929688 0.1359933614730835 0.21493041515350342 0.0 0.0 0.0 0.0 0.0 0.0 0.0 0.0 0.0 0.0 0.0 0.0
1.9471094608306885 0.1069192886352539 0.07903265953063965 0.0788041353225708 0.07686102390289307 0.07822668552398682 0.07866168022155762 0.08135652542114258 0.08571326732635498 0.08398032188415527 0.08590102195739746 0.08411872386932373 0.08474254608154297 0.08893227577209473 0.09241032600402832 0.09523987770080566 0.09786128997802734 0.10223007202148438 0.11322486400604248 0.13649988174438477 0.21644234657287598 0.0 0.0 0.0 0.0 0.0 0.0 0.0 0.0 0.0 0.0 0.0
1.9467382431030273 0.10399436950683594 0.07757246494293213 0.07886624336242676 0.07647669315338135 0.07657074928283691 0.07727706432342529 0.07841336727142334 0.08255183696746826 0.08397245407104492 0.0846332311630249 0.08381521701812744 0.08176636695861816 0.08437037467956543 0.08787155151367188 0.09148061275482178 0.0928046703338623 0.09574532508850098 0.10177004337310791 0.1131889820098877 0.13458847999572754 0.2148294448852539 0.0 0.0 0.0 0.0 0.0 0.0 0.0 0.0 0.0 0.0
1.945371150970459 0.10391736030578613 0.07631075382232666 0.07790541648864746 0.07804203033447266 0.07872283458709717 0.07964396476745605 0.07832872867584229 0.0794597864151001 0.08183956146240234 0.0844186544418335 0.08526444435119629 0.08264279365539551 0.08197855949401855 0.08410155773162842 0.0882483720779419 0.08984053134918213 0.09131944179534912 0.0964663028717041 0.10040283203125 0.11167430877685547 0.13430500030517578 0.21397829055786133 0.0 0.0 0.0 0.0 0.0 0.0 0.0 0.0 0.0
1.942104458808899 0.11209356784820557 0.07540023326873779 0.07681608200073242 0.07790064811706543 0.0792229175567627 0.08085012435913086 0.07664251327514648 0.07912063598632812 0.07708632946014404 0.08471095561981201 0.08506619930267334 0.08445596694946289 0.08351707458496094 0.0842214822769165 0.08867001533508301 0.08674049377441406 0.09142255783081055 0.09150457382202148 0.09888350963592529 0.10134196281433105 0.11019408702850342 0.13662505149841309 0.2199779748916626 0.0 0.0 0.0 0.0 0.0 0.0 0.0 0.0
1.9418983459472656 0.112815260887146 0.07560253143310547 0.07526445388793945 0.07632017135620117 0.0773611068725586 0.0806875228881836 0.07843542098999023 0.07690584659576416 0.07768619060516357 0.08197832107543945 0.08202338218688965 0.08023667335510254 0.07967209815979004 0.08162820339202881 0.0836113691329956 0.08201444149017334 0.084023118019104 0.08851218223571777 0.09028661251068115 0.09379720687866211 0.10019946098327637 0.10953593254089355 0.13353538513183594 0.22361695766448975 0.0 0.0 0.0 0.0 0.0 0.0 0.0
1.9404484033584595 0.10984742641448975 0.07642650604248047 0.07505941390991211 0.07436156272888184 0.0758359432220459 0.07778382301330566 0.0807417631149292 0.07846307754516602 0.07636058330535889 0.07806003093719482 0.07816565036773682 0.07866168022155762 0.07998430728912354 0.08251237869262695 0.08255624771118164 0.08164632320404053 0.08249199390411377 0.08663129806518555 0.09228372573852539 0.09277963638305664 0.09495782852172852 0.09903132915496826 0.10838019847869873 0.13740670680999756 0.2216637134552002 0.0 0.0 0.0 0.0 0.0 0.0
1.9405755996704102 0.10914099216461182 0.07983076572418213 0.0768207311630249 0.07556617259979248 0.0729379653930664 0.07357668876647949 0.07344269752502441 0.07502877712249756 0.07357203960418701 0.07585775852203369 0.07713353633880615 0.07723784446716309 0.07889735698699951 0.08023345470428467 0.07953834533691406 0.07903969287872314 0.07892405986785889 0.08217668533325195 0.08522868156433105 0.0867452621459961 0.08924686908721924 0.09293341636657715 0.0984184741973877 0.11215519905090332 0.13792133331298828 0.21996498107910156 0.0 0.0 0.0 0.0 0.0
1.9392069578170776 0.10643935203552246 0.07798051834106445 0.07797956466674805 0.07290971279144287 0.07195818424224854 0.0708855390548706 0.07213342189788818 0.07402396202087402 0.07484877109527588 0.07687461376190186 0.07707107067108154 0.07550668716430664 0.07860362529754639 0.07924401760101318 0.07976531982421875 0.08036303520202637 0.07988381385803223 0.08112633228302002 0.08520674705505371 0.0852818489074707 0.08824431896209717 0.08986127376556396 0.09295082092285156 0.10214853286743164 0.11418473720550537 0.1323380470275879 0.21952247619628906 0.0 0.0 0.0 0.0
1.9389801025390625 0.10261571407318115 0.07535398006439209 0.07650256156921387 0.07409369945526123 0.071755051612854 0.07048702239990234 0.07223546504974365 0.07235634326934814 0.07291090488433838 0.07467257976531982 0.07538163661956787 0.0745323896408081 0.07750082015991211 0.07991468906402588 0.07809960842132568 0.07958471775054932 0.0794680118560791 0.081695556640625 0.08320307731628418 0.08207285404205322 0.08459508419036865 0.08701038360595703 0.0887988805770874 0.0946582555770874 0.0987480878829956 0.10680091381072998 0.13169097900390625 0.21992099285125732 0.0 0.0 0.0
1.9385838508605957 0.10150289535522461 0.07322824001312256 0.0750579833984375 0.07392573356628418 0.07292604446411133 0.07254910469055176 0.07066977024078369 0.07070398330688477 0.0698385238647461 0.0734175443649292 0.07428455352783203 0.07380664348602295 0.07462620735168457 0.07641470432281494 0.07980525493621826 0.0776526927947998 0.0791776180267334 0.08178544044494629 0.08202564716339111 0.08074712753295898 0.08326876163482666 0.0852886438369751 0.0883491039276123 0.09003078937530518 0.09167361259460449 0.0955888032913208 0.10542178153991699 0.13052856922149658 0.21754229068756104 0.0 0.0
1.9368914365768433 0.1019524335861206 0.07237792015075684 0.0731130838394165 0.07239055633544922 0.07292115688323975 0.07221567630767822 0.07066786289215088 0.07001614570617676 0.069862961769104 0.0729910135269165 0.07290518283843994 0.07253134250640869 0.07389485836029053 0.07686710357666016 0.0783846378326416 0.07812070846557617 0.07896614074707031 0.08246123790740967 0.08046340942382812 0.0785301923751831 0.08080863952636719 0.08223557472229004 0.08637130260467529 0.0875389575958252 0.09343314170837402 0.08990752696990967 0.09521722793579102 0.10539507865905762 0.131158709526062 0.22123777866363525 0.0
1.9360040426254272 0.10736620426177979 0.07349216938018799 0.07229077816009521 0.0716850757598877 0.07718396186828613 0.07746601104736328 0.07416009902954102 0.07176840305328369 0.06973326206207275 0.07027816772460938 0.0705575942993164 0.0717015266418457 0.07371270656585693 0.07477462291717529 0.07442665100097656 0.07728123664855957 0.0779879093170166 0.07917284965515137 0.07742059230804443 0.07733321189880371 0.07803988456726074 0.07879948616027832 0.0823204517364502 0.08397400379180908 0.08721065521240234 0.0887291431427002 0.09016084671020508 0.09358346462249756 0.1034783124923706 0.13139832019805908 0.22034025192260742
