1.9999799728393555 0.0 0.0 0.0 0.0 0.0 0.0 0.0 0.0 0.0 0.0 0.0 0.0 0.0 0.0 0.0 0.0 0.0 0.0 0.0 0.0 0.0 0.0 0.0 0.0 0.0 0.0 0.0 0.0 0.0 0.0 0.0
1.8417471647262573 0.7796032428741455 0.0 0.0 0.0 0.0 0.0 0.0 0.0 0.0 0.0 0.0 0.0 0.0 0.0 0.0 0.0 0.0 0.0 0.0 0.0 0.0 0.0 0.0 0.0 0.0 0.0 0.0 0.0 0.0 0.0 0.0
1.7491135597229004 0.6612091064453125 0.7094178199768066 0.0 0.0 0.0 0.0 0.0 0.0 0.0 0.0 0.0 0.0 0.0 0.0 0.0 0.0 0.0 0.0 0.0 0.0 0.0 0.0 0.0 0.0 0.0 0.0 0.0 0.0 0.0 0.0 0.0
1.6616172790527344 0.6452062129974365 0.6163567304611206 0.6653592586517334 0.0 0.0 0.0 0.0 0.0 0.0 0.0 0.0 0.0 0.0 0.0 0.0 0.0 0.0 0.0 0.0 0.0 0.0 0.0 0.0 0.0 0.0 0.0 0.0 0.0 0.0 0.0 0.0
1.5790047645568848 0.6312645673751831 0.6142826080322266 0.5541679859161377 0.6508786678314209 0.0 0.0 0.0 0.0 0.0 0.0 0.0 0.0 0.0 0.0 0.0 0.0 0.0 0.0 0.0 0.0 0.0 0.0 0.0 0.0 0.0 0.0 0.0 0.0 0.0 0.0 0.0
1.5056835412979126 0.5985801219940186 0.612884521484375 0.5758452415466309 0.5229989290237427 0.6274417638778687 0.0 0.0 0.0 0.0 0.0 0.0 0.0 0.0 0.0 0.0 0.0 0.0 0.0 0.0 0.0 0.0 0.0 0.0 0.0 0.0 0.0 0.0 0.0 0.0 0.0 0.0
1.450968861579895 0.5660761594772339 0.5833169221878052 0.5565606355667114 0.5413804054260254 0.5003201961517334 0.616940975189209 0.0 0.0 0.0 0.0 0.0 0.0 0.0 0.0 0.0 0.0 0.0 0.0 0.0 0.0 0.0 0.0 0.0 0.0 0.0 0.0 0.0 0.0 0.0 0.0 0.0
1.3841923475265503 0.5443062782287598 0.5649809837341309 0.5430521965026855 0.5456304550170898 0.5243058204650879 0.494099497795105 0.5972191095352173 0.0 0.0 0.0 0.0 0.0 0.0 0.0 0.0 0.0 0.0 0.0 0.0 0.0 0.0 0.0 0.0 0.0 0.0 0.0 0.0 0.0 0.0 0.0 0.0
1.3393168449401855 0.5302846431732178 0.5326416492462158 0.5106432437896729 0.5198347568511963 0.5306901931762695 0.5052037239074707 0.4857255220413208 0.5807926654815674 0.0 0.0 0.0 0.0 0.0 0.0 0.0 0.0 0.0 0.0 0.0 0.0 0.0 0.0 0.0 0.0 0.0 0.0 0.0 0.0 0.0 0.0 0.0
1.296362280845642 0.5106887817382812 0.5138849020004272 0.4915792942047119 0.5024312734603882 0.5007126331329346 0.517296314239502 0.49218857288360596 0.4701474905014038 0.5644731521606445 0.0 0.0 0.0 0.0 0.0 0.0 0.0 0.0 0.0 0.0 0.0 0.0 0.0 0.0 0.0 0.0 0.0 0.0 0.0 0.0 0.0 0.0
1.2585049867630005 0.4892725944519043 0.5038152933120728 0.4693136215209961 0.4687519073486328 0.4796020984649658 0.5047307014465332 0.5005712509155273 0.47898268699645996 0.4578438997268677 0.5552634000778198 0.0 0.0 0.0 0.0 0.0 0.0 0.0 0.0 0.0 0.0 0.0 0.0 0.0 0.0 0.0 0.0 0.0 0.0 0.0 0.0 0.0
1.2228868007659912 0.468963623046875 0.48737239837646484 0.45817816257476807 0.44969642162323 0.4607110023498535 0.46889376640319824 0.48315298557281494 0.4877718687057495 0.4674391746520996 0.45561957359313965 0.552369236946106 0.0 0.0 0.0 0.0 0.0 0.0 0.0 0.0 0.0 0.0 0.0 0.0 0.0 0.0 0.0 0.0 0.0 0.0 0.0 0.0
1.1859045028686523 0.46439826488494873 0.46714234352111816 0.44204723834991455 0.43991518020629883 0.4430112838745117 0.450860857963562 0.46253013610839844 0.4760708808898926 0.4810516834259033 0.46111273765563965 0.44323694705963135 0.5384628772735596 0.0 0.0 0.0 0.0 0.0 0.0 0.0 0.0 0.0 0.0 0.0 0.0 0.0 0.0 0.0 0.0 0.0 0.0 0.0
1.1502646207809448 0.4489051103591919 0.44906580448150635 0.42580389976501465 0.4242706298828125 0.4331909418106079 0.4428112506866455 0.44793224334716797 0.45878446102142334 0.46833527088165283 0.4706449508666992 0.4568185806274414 0.43034493923187256 0.5315424203872681 0.0 0.0 0.0 0.0 0.0 0.0 0.0 0.0 0.0 0.0 0.0 0.0 0.0 0.0 0.0 0.0 0.0 0.0
1.1256519556045532 0.42896854877471924 0.4322611093521118 0.4093952178955078 0.4080674648284912 0.4162811040878296 0.41796183586120605 0.43443727493286133 0.45556116104125977 0.44228243827819824 0.4542332887649536 0.4693492650985718 0.4464702606201172 0.4244767427444458 0.5306800603866577 0.0 0.0 0.0 0.0 0.0 0.0 0.0 0.0 0.0 0.0 0.0 0.0 0.0 0.0 0.0 0.0 0.0
1.0870559215545654 0.4215885400772095 0.42551517486572266 0.4012436866760254 0.3955584764480591 0.40163278579711914 0.4172319173812866 0.41559576988220215 0.41874122619628906 0.43293440341949463 0.44845521450042725 0.4656698703765869 0.4631690979003906 0.4465867280960083 0.4195725917816162 0.5127252340316772 0.0 0.0 0.0 0.0 0.0 0.0 0.0 0.0 0.0 0.0 0.0 0.0 0.0 0.0 0.0 0.0
1.0662261247634888 0.40842878818511963 0.41324925422668457 0.3953366279602051 0.38597965240478516 0.3871731758117676 0.3973325490951538 0.4044380187988281 0.4098459482192993 0.41561686992645264 0.4222550392150879 0.4367576837539673 0.4546773433685303 0.4610137939453125 0.43936192989349365 0.4100135564804077 0.508379340171814 0.0 0.0 0.0 0.0 0.0 0.0 0.0 0.0 0.0 0.0 0.0 0.0 0.0 0.0 0.0
1.0329669713974 0.3964775800704956 0.4041794538497925 0.384981632232666 0.376126766204834 0.3791472911834717 0.3852882385253906 0.39736104011535645 0.4094576835632324 0.4015287160873413 0.41689610481262207 0.43568456172943115 0.4272533655166626 0.45155608654022217 0.44264817237854004 0.4293566942214966 0.4035193920135498 0.5002522468566895 0.0 0.0 0.0 0.0 0.0 0.0 0.0 0.0 0.0 0.0 0.0 0.0 0.0 0.0
1.0199178457260132 0.3873344659805298 0.3892204761505127 0.3717416524887085 0.3710951805114746 0.3696892261505127 0.37239325046539307 0.3813842535018921 0.38552892208099365 0.39332103729248047 0.40030646324157715 0.4175509214401245 0.41043853759765625 0.43382155895233154 0.43521344661712646 0.43490922451019287 0.4206122159957886 0.40056610107421875 0.5007054805755615 0.0 0.0 0.0 0.0 0.0 0.0 0.0 0.0 0.0 0.0 0.0 0.0 0.0
0.9836388826370239 0.3690950870513916 0.37671709060668945 0.36877965927124023 0.35818982124328613 0.3624686002731323 0.3732726573944092 0.37132489681243896 0.3753831386566162 0.37830984592437744 0.39843273162841797 0.42198681831359863 0.3988800048828125 0.4099537134170532 0.4437572956085205 0.4309278726577759 0.4286245107650757 0.41846227645874023 0.38607513904571533 0.4924938678741455 0.0 0.0 0.0 0.0 0.0 0.0 0.0 0.0 0.0 0.0 0.0 0.0
0.9645290374755859 0.37186169624328613 0.3710075616836548 0.3533623218536377 0.3511013984680176 0.35589659214019775 0.3619842529296875 0.3701528310775757 0.3715369701385498 0.3716146945953369 0.37932324409484863 0.38965511322021484 0.39647865295410156 0.4054661989212036 0.4033370018005371 0.415530800819397 0.4257986545562744 0.43727219104766846 0.4142286777496338 0.38196027278900146 0.48143231868743896 0.0 0.0 0.0 0.0 0.0 0.0 0.0 0.0 0.0 0.0 0.0
0.9477694034576416 0.3663557767868042 0.3652379512786865 0.34559035301208496 0.3434547185897827 0.3443605899810791 0.3504244089126587 0.3577127456665039 0.3578634262084961 0.3680109977722168 0.3703547716140747 0.377166748046875 0.38287317752838135 0.3984251022338867 0.39517951011657715 0.39957284927368164 0.41079235076904297 0.42038094997406006 0.4278141260147095 0.40264761447906494 0.37877702713012695 0.4784032106399536 0.0 0.0 0.0 0.0 0.0 0.0 0.0 0.0 0.0 0.0
0.929246187210083 0.35341954231262207 0.3619014024734497 0.340179443359375 0.32971060276031494 0.3294752836227417 0.33639299869537354 0.34519386291503906 0.3520163297653198 0.3510233163833618 0.3663818836212158 0.38276994228363037 0.36981427669525146 0.37902843952178955 0.4039558172225952 0.3931213617324829 0.3908066749572754 0.40771937370300293 0.4138902425765991 0.41740548610687256 0.39306092262268066 0.3749377727508545 0.4789079427719116 0.0 0.0 0.0 0.0 0.0 0.0 0.0 0.0 0.0
0.9125956296920776 0.3478989601135254 0.3545454740524292 0.33766651153564453 0.3292045593261719 0.32738828659057617 0.32912731170654297 0.33775484561920166 0.34609735012054443 0.35116493701934814 0.3527277708053589 0.36098968982696533 0.3644763231277466 0.3745877742767334 0.37779951095581055 0.38262248039245605 0.385111927986145 0.39671337604522705 0.40194129943847656 0.40464067459106445 0.4060053825378418 0.3952716588973999 0.36949241161346436 0.46836698055267334 0.0 0.0 0.0 0.0 0.0 0.0 0.0 0.0
0.896376371383667 0.3372323513031006 0.3469810485839844 0.3302462100982666 0.3257840871810913 0.32039546966552734 0.32255446910858154 0.3305894136428833 0.3347811698913574 0.33876967430114746 0.3495906591415405 0.35733461380004883 0.35198092460632324 0.3642350435256958 0.3647383451461792 0.3696446418762207 0.37352192401885986 0.3875129222869873 0.3850972652435303 0.3986198902130127 0.40027952194213867 0.4061166048049927 0.387340784072876 0.3668175935745239 0.47035646438598633 0.0 0.0 0.0 0.0 0.0 0.0 0.0
0.8764314651489258 0.33432507514953613 0.3346937894821167 0.3233221769332886 0.3187013864517212 0.3174015283584595 0.32413554191589355 0.31680727005004883 0.32177460193634033 0.3298192024230957 0.3395620584487915 0.3422788381576538 0.34708476066589355 0.36063504219055176 0.3495943546295166 0.36267924308776855 0.3652888536453247 0.3688623905181885 0.3781942129135132 0.39287567138671875 0.39276325702667236 0.4013397693634033 0.40479278564453125 0.3876364231109619 0.36005210876464844 0.469441294670105 0.0 0.0 0.0 0.0 0.0 0.0
0.8634438514709473 0.32251179218292236 0.3272054195404053 0.31279659271240234 0.31135010719299316 0.3117424249649048 0.3163909912109375 0.31765270233154297 0.31569504737854004 0.31934309005737305 0.32837605476379395 0.3392428159713745 0.3403143882751465 0.3466463088989258 0.34523260593414307 0.35033702850341797 0.35543155670166016 0.3643345832824707 0.36510169506073 0.3694922924041748 0.3738805055618286 0.38545680046081543 0.43411099910736084 0.39818859100341797 0.3817756175994873 0.35861241817474365 0.457073450088501 0.0 0.0 0.0 0.0 0.0
0.846987247467041 0.3141897916793823 0.31758785247802734 0.3039708137512207 0.29998064041137695 0.30478644371032715 0.3101454973220825 0.31658124923706055 0.3229271173477173 0.31287646293640137 0.31833863258361816 0.32804369926452637 0.3325604200363159 0.34393012523651123 0.3408776521682739 0.3417484760284424 0.34205949306488037 0.36852455139160156 0.3565880060195923 0.3565490245819092 0.3637915849685669 0.37387561798095703 0.37738990783691406 0.3935375213623047 0.42576801776885986 0.3825181722640991 0.3550831079483032 0.4557684659957886 0.0 0.0 0.0 0.0
0.8386269807815552 0.3144758939743042 0.31479477882385254 0.2972443103790283 0.29399573802948 0.2946627140045166 0.30423665046691895 0.3079935312271118 0.3090641498565674 0.312237024307251 0.31417036056518555 0.3161306381225586 0.3272300958633423 0.3377530574798584 0.3369297981262207 0.33969783782958984 0.33585989475250244 0.3431512117385864 0.3511180877685547 0.3531687259674072 0.3578265905380249 0.3634212017059326 0.37004804611206055 0.3853328227996826 0.3919675350189209 0.396740198135376 0.3786764144897461 0.35309481620788574 0.45202040672302246 0.0 0.0 0.0
0.8210999965667725 0.3127717971801758 0.3099350929260254 0.29494237899780273 0.28703296184539795 0.28745436668395996 0.29403626918792725 0.303617000579834 0.30894935131073 0.3084920644760132 0.30937469005584717 0.3148062229156494 0.31344079971313477 0.333746075630188 0.32844460010528564 0.33044254779815674 0.3318747282028198 0.34113478660583496 0.34922707080841064 0.3439141511917114 0.35053586959838867 0.3557950258255005 0.3582155704498291 0.3638955354690552 0.3764157295227051 0.39607179164886475 0.3874626159667969 0.37411201000213623 0.3484593629837036 0.44907569885253906 0.0 0.0
0.8050264120101929 0.30169034004211426 0.3064250946044922 0.2901003360748291 0.2813289165496826 0.2809206247329712 0.28660905361175537 0.2889089584350586 0.2973597049713135 0.3042808771133423 0.31095385551452637 0.3245861530303955 0.30967044830322266 0.31973767280578613 0.31348156929016113 0.3298243284225464 0.32552027702331543 0.3338751792907715 0.33423638343811035 0.3528848886489868 0.339341402053833 0.34563958644866943 0.35184478759765625 0.35306763648986816 0.3574408292770386 0.3891865015029907 0.38684093952178955 0.38333654403686523 0.37143099308013916 0.34835684299468994 0.4456835985183716 0.0
0.7973423004150391 0.3008456230163574 0.2988055944442749 0.2867851257324219 0.28014230728149414 0.2803894281387329 0.2847651243209839 0.2886483669281006 0.2916814088821411 0.2963144779205322 0.3033663034439087 0.3080594539642334 0.30732226371765137 0.3110673427581787 0.316364049911499 0.3154560327529907 0.3234771490097046 0.3278723955154419 0.3266812562942505 0.3222564458847046 0.3291630744934082 0.3363114595413208 0.3466765880584717 0.3497750759124756 0.3529670238494873 0.3589613437652588 0.3731827735900879 0.3873898983001709 0.38211607933044434 0.374320387840271 0.34213006496429443 0.4438316822052002
