1.9999799728393555 0.0 0.0 0.0 0.0 0.0 0.0 0.0 0.0 0.0 0.0 0.0 0.0 0.0 0.0 0.0 0.0 0.0 0.0 0.0 0.0 0.0 0.0 0.0 0.0 0.0 0.0 0.0 0.0 0.0 0.0 0.0
1.9333306550979614 0.5119764804840088 0.0 0.0 0.0 0.0 0.0 0.0 0.0 0.0 0.0 0.0 0.0 0.0 0.0 0.0 0.0 0.0 0.0 0.0 0.0 0.0 0.0 0.0 0.0 0.0 0.0 0.0 0.0 0.0 0.0 0.0
1.9413686990737915 0.3591630458831787 0.31938910484313965 0.0 0.0 0.0 0.0 0.0 0.0 0.0 0.0 0.0 0.0 0.0 0.0 0.0 0.0 0.0 0.0 0.0 0.0 0.0 0.0 0.0 0.0 0.0 0.0 0.0 0.0 0.0 0.0 0.0
1.941036343574524 0.28369641304016113 0.2657132148742676 0.2848755121231079 0.0 0.0 0.0 0.0 0.0 0.0 0.0 0.0 0.0 0.0 0.0 0.0 0.0 0.0 0.0 0.0 0.0 0.0 0.0 0.0 0.0 0.0 0.0 0.0 0.0 0.0 0.0 0.0
1.9403393268585205 0.22977209091186523 0.2129746675491333 0.2524867057800293 0.2703249454498291 0.0 0.0 0.0 0.0 0.0 0.0 0.0 0.0 0.0 0.0 0.0 0.0 0.0 0.0 0.0 0.0 0.0 0.0 0.0 0.0 0.0 0.0 0.0 0.0 0.0 0.0 0.0
1.935282588005066 0.2026681900024414 0.18442869186401367 0.2076280117034912 0.2496812343597412 0.27208220958709717 0.0 0.0 0.0 0.0 0.0 0.0 0.0 0.0 0.0 0.0 0.0 0.0 0.0 0.0 0.0 0.0 0.0 0.0 0.0 0.0 0.0 0.0 0.0 0.0 0.0 0.0
1.933406114578247 0.17883193492889404 0.1586238145828247 0.17335903644561768 0.2068384885787964 0.2563880681991577 0.25707805156707764 0.0 0.0 0.0 0.0 0.0 0.0 0.0 0.0 0.0 0.0 0.0 0.0 0.0 0.0 0.0 0.0 0.0 0.0 0.0 0.0 0.0 0.0 0.0 0.0 0.0
1.9317635297775269 0.16415274143218994 0.1465855836868286 0.15512895584106445 0.17505061626434326 0.2154397964477539 0.2385648488998413 0.24833250045776367 0.0 0.0 0.0 0.0 0.0 0.0 0.0 0.0 0.0 0.0 0.0 0.0 0.0 0.0 0.0 0.0 0.0 0.0 0.0 0.0 0.0 0.0 0.0 0.0
1.9292157888412476 0.15258252620697021 0.13764142990112305 0.14206182956695557 0.15502691268920898 0.19011998176574707 0.20197200775146484 0.2368760108947754 0.24186277389526367 0.0 0.0 0.0 0.0 0.0 0.0 0.0 0.0 0.0 0.0 0.0 0.0 0.0 0.0 0.0 0.0 0.0 0.0 0.0 0.0 0.0 0.0 0.0
1.9295542240142822 0.1403658390045166 0.1290968656539917 0.1338672637939453 0.14017176628112793 0.16454923152923584 0.16923797130584717 0.19853878021240234 0.23028147220611572 0.23363924026489258 0.0 0.0 0.0 0.0 0.0 0.0 0.0 0.0 0.0 0.0 0.0 0.0 0.0 0.0 0.0 0.0 0.0 0.0 0.0 0.0 0.0 0.0
1.927520513534546 0.13192451000213623 0.11950945854187012 0.12566137313842773 0.13240456581115723 0.14586448669433594 0.14986419677734375 0.16953611373901367 0.19489014148712158 0.23697805404663086 0.2300029993057251 0.0 0.0 0.0 0.0 0.0 0.0 0.0 0.0 0.0 0.0 0.0 0.0 0.0 0.0 0.0 0.0 0.0 0.0 0.0 0.0 0.0
1.925224781036377 0.13111114501953125 0.11342120170593262 0.11633539199829102 0.12450063228607178 0.13880205154418945 0.13892757892608643 0.14856350421905518 0.1672046184539795 0.2001805305480957 0.2325606346130371 0.22699594497680664 0.0 0.0 0.0 0.0 0.0 0.0 0.0 0.0 0.0 0.0 0.0 0.0 0.0 0.0 0.0 0.0 0.0 0.0 0.0 0.0
1.9221662282943726 0.1329209804534912 0.1095649003982544 0.11058497428894043 0.11606419086456299 0.13132405281066895 0.1303262710571289 0.13615989685058594 0.14704406261444092 0.1711968183517456 0.21373307704925537 0.22545552253723145 0.2225642204284668 0.0 0.0 0.0 0.0 0.0 0.0 0.0 0.0 0.0 0.0 0.0 0.0 0.0 0.0 0.0 0.0 0.0 0.0 0.0
1.9245407581329346 0.13352274894714355 0.1080859899520874 0.10533547401428223 0.11087441444396973 0.12309324741363525 0.12292563915252686 0.1292346715927124 0.13628292083740234 0.15036725997924805 0.1628737449645996 0.18820476531982422 0.21596956253051758 0.2152925729751587 0.0 0.0 0.0 0.0 0.0 0.0 0.0 0.0 0.0 0.0 0.0 0.0 0.0 0.0 0.0 0.0 0.0 0.0
1.9263092279434204 0.12645351886749268 0.10402238368988037 0.10152840614318848 0.10243654251098633 0.11428391933441162 0.11339020729064941 0.11949217319488525 0.12650561332702637 0.13426995277404785 0.14124643802642822 0.1542530059814453 0.18346357345581055 0.21275782585144043 0.21127855777740479 0.0 0.0 0.0 0.0 0.0 0.0 0.0 0.0 0.0 0.0 0.0 0.0 0.0 0.0 0.0 0.0 0.0
1.9246660470962524 0.1211252212524414 0.10226082801818848 0.10082769393920898 0.10141515731811523 0.11034965515136719 0.10615324974060059 0.11072301864624023 0.1191641092300415 0.129935622215271 0.1326613426208496 0.13854587078094482 0.1543184518814087 0.18112313747406006 0.2132561206817627 0.21033251285552979 0.0 0.0 0.0 0.0 0.0 0.0 0.0 0.0 0.0 0.0 0.0 0.0 0.0 0.0 0.0 0.0
1.9252476692199707 0.1097872257232666 0.09444355964660645 0.09611999988555908 0.09969508647918701 0.1076669692993164 0.10029911994934082 0.10169172286987305 0.1080547571182251 0.11834180355072021 0.12559986114501953 0.1267385482788086 0.13622093200683594 0.15090620517730713 0.1817018985748291 0.2100532054901123 0.21244466304779053 0.0 0.0 0.0 0.0 0.0 0.0 0.0 0.0 0.0 0.0 0.0 0.0 0.0 0.0 0.0
1.925331711769104 0.106894850730896 0.08917498588562012 0.09170341491699219 0.0968940258026123 0.10718560218811035 0.10057485103607178 0.09708642959594727 0.10056412220001221 0.10793328285217285 0.11511349678039551 0.12015390396118164 0.12470602989196777 0.13402295112609863 0.15209364891052246 0.17699813842773438 0.21385133266448975 0.2039428949356079 0.0 0.0 0.0 0.0 0.0 0.0 0.0 0.0 0.0 0.0 0.0 0.0 0.0 0.0
1.9272160530090332 0.10590517520904541 0.0854952335357666 0.08439183235168457 0.09044897556304932 0.10330748558044434 0.0992056131362915 0.09501469135284424 0.0954277515411377 0.1001582145690918 0.10494744777679443 0.11122500896453857 0.11646866798400879 0.12128019332885742 0.13308608531951904 0.1485762596130371 0.1763221025466919 0.20198452472686768 0.19955313205718994 0.0 0.0 0.0 0.0 0.0 0.0 0.0 0.0 0.0 0.0 0.0 0.0 0.0
1.9274543523788452 0.10556697845458984 0.08425652980804443 0.08068084716796875 0.08494091033935547 0.0978766679763794 0.0951310396194458 0.09541547298431396 0.09277570247650146 0.09484720230102539 0.09904825687408447 0.10270261764526367 0.10748648643493652 0.11471271514892578 0.12323284149169922 0.13053464889526367 0.14808225631713867 0.16808557510375977 0.2016439437866211 0.1982424259185791 0.0 0.0 0.0 0.0 0.0 0.0 0.0 0.0 0.0 0.0 0.0 0.0
1.926684021949768 0.10207009315490723 0.08344030380249023 0.07955873012542725 0.08205282688140869 0.09229850769042969 0.09028303623199463 0.0931389331817627 0.0933229923248291 0.09393346309661865 0.09322559833526611 0.09346401691436768 0.09968292713165283 0.10619795322418213 0.11684668064117432 0.11989283561706543 0.1339888572692871 0.14150714874267578 0.17231321334838867 0.19985902309417725 0.20030319690704346 0.0 0.0 0.0 0.0 0.0 0.0 0.0 0.0 0.0 0.0 0.0
1.9253255128860474 0.09979259967803955 0.08258497714996338 0.07916915416717529 0.08287572860717773 0.08923101425170898 0.08587002754211426 0.0872873067855835 0.0915675163269043 0.09458184242248535 0.09183681011199951 0.09019863605499268 0.09260618686676025 0.09744012355804443 0.11148571968078613 0.11520099639892578 0.12301743030548096 0.12685060501098633 0.1471712589263916 0.16739356517791748 0.20153236389160156 0.20222771167755127 0.0 0.0 0.0 0.0 0.0 0.0 0.0 0.0 0.0 0.0
1.9265109300613403 0.09372198581695557 0.07934379577636719 0.07855188846588135 0.07953488826751709 0.08547830581665039 0.08054065704345703 0.08176040649414062 0.08646059036254883 0.09185492992401123 0.09359991550445557 0.0903095006942749 0.08859598636627197 0.09005510807037354 0.0991595983505249 0.10493934154510498 0.11289477348327637 0.11768984794616699 0.12982797622680664 0.14364874362945557 0.16797161102294922 0.2004847526550293 0.1954190731048584 0.0 0.0 0.0 0.0 0.0 0.0 0.0 0.0 0.0
1.9267213344573975 0.09363985061645508 0.07719135284423828 0.07664740085601807 0.07781434059143066 0.08497750759124756 0.07932257652282715 0.07814431190490723 0.08009874820709229 0.08489394187927246 0.08983612060546875 0.08996939659118652 0.08874928951263428 0.0876305103302002 0.09122359752655029 0.09710931777954102 0.10545229911804199 0.10981881618499756 0.11859428882598877 0.12633371353149414 0.14135873317718506 0.16650664806365967 0.19524800777435303 0.19785690307617188 0.0 0.0 0.0 0.0 0.0 0.0 0.0 0.0
1.9243978261947632 0.09673535823822021 0.07642519474029541 0.07503211498260498 0.07580840587615967 0.0848931074142456 0.07804954051971436 0.07576537132263184 0.07681465148925781 0.0783240795135498 0.09015834331512451 0.08755207061767578 0.08893859386444092 0.08773565292358398 0.08853960037231445 0.09033346176147461 0.0951995849609375 0.1018831729888916 0.11042845249176025 0.12000656127929688 0.1253575086593628 0.14223039150238037 0.16610002517700195 0.20125579833984375 0.2034592628479004 0.0 0.0 0.0 0.0 0.0 0.0 0.0
1.922938346862793 0.10170412063598633 0.07721281051635742 0.07474470138549805 0.07838881015777588 0.08044683933258057 0.07711672782897949 0.07525467872619629 0.0749354362487793 0.07554233074188232 0.07950949668884277 0.08218276500701904 0.0867847204208374 0.08749544620513916 0.09092330932617188 0.08713090419769287 0.09010577201843262 0.09403228759765625 0.10148859024047852 0.11101698875427246 0.11733615398406982 0.12742352485656738 0.14025533199310303 0.1679065227508545 0.21359097957611084 0.19362735748291016 0.0 0.0 0.0 0.0 0.0 0.0
1.9242970943450928 0.10005223751068115 0.07914650440216064 0.0747227668762207 0.07422399520874023 0.07920515537261963 0.0743781328201294 0.0734550952911377 0.0745549201965332 0.07386314868927002 0.07372164726257324 0.07597208023071289 0.08143508434295654 0.08477866649627686 0.08804512023925781 0.08485043048858643 0.08503985404968262 0.08755254745483398 0.09342491626739502 0.10250198841094971 0.1099996566772461 0.11535167694091797 0.12339413166046143 0.14524459838867188 0.17580091953277588 0.1971217393875122 0.18897318840026855 0.0 0.0 0.0 0.0 0.0
1.9243712425231934 0.09538102149963379 0.07896685600280762 0.07506167888641357 0.07381939888000488 0.07733476161956787 0.07252812385559082 0.07245659828186035 0.07291924953460693 0.07396340370178223 0.07439994812011719 0.07275831699371338 0.07508516311645508 0.08039629459381104 0.08597338199615479 0.08565819263458252 0.08442103862762451 0.08319365978240967 0.08687436580657959 0.09636998176574707 0.10310614109039307 0.1097639799118042 0.11528635025024414 0.12757837772369385 0.14286434650421143 0.16658389568328857 0.19603562355041504 0.188543438911438 0.0 0.0 0.0 0.0
1.9242157936096191 0.08856236934661865 0.07750284671783447 0.07480227947235107 0.07487499713897705 0.07520389556884766 0.07127213478088379 0.07251405715942383 0.07133173942565918 0.07256662845611572 0.07259094715118408 0.06961572170257568 0.07089269161224365 0.0750657320022583 0.0809781551361084 0.08512687683105469 0.08709478378295898 0.08386814594268799 0.08401918411254883 0.08689916133880615 0.09338021278381348 0.103188157081604 0.10769355297088623 0.11984574794769287 0.12735497951507568 0.14016103744506836 0.16628849506378174 0.19402563571929932 0.18842029571533203 0.0 0.0 0.0
1.923082709312439 0.08358752727508545 0.0742957592010498 0.0727165937423706 0.07472062110900879 0.07722127437591553 0.07123851776123047 0.06878805160522461 0.07074916362762451 0.06989502906799316 0.07254278659820557 0.06991004943847656 0.06966972351074219 0.07078409194946289 0.0760117769241333 0.08193027973175049 0.08333837985992432 0.0836188793182373 0.08304870128631592 0.08507096767425537 0.08752310276031494 0.09410035610198975 0.10089778900146484 0.11191582679748535 0.11859071254730225 0.12353146076202393 0.14273464679718018 0.16633963584899902 0.1975235939025879 0.19061791896820068 0.0 0.0
1.9228410720825195 0.08210158348083496 0.07271754741668701 0.06998157501220703 0.07483410835266113 0.0810776948928833 0.07359886169433594 0.0687791109085083 0.06890869140625 0.06854856014251709 0.06947648525238037 0.06970345973968506 0.06972241401672363 0.06865239143371582 0.07088661193847656 0.07466936111450195 0.07814431190490723 0.08163654804229736 0.08505630493164062 0.08475315570831299 0.08296120166778564 0.08620631694793701 0.09274303913116455 0.10333549976348877 0.11302614212036133 0.11460864543914795 0.1255704164505005 0.14047729969024658 0.1654372215270996 0.19640421867370605 0.18918490409851074 0.0
1.9205962419509888 0.08155632019042969 0.07145035266876221 0.06773889064788818 0.07176685333251953 0.08173167705535889 0.07402622699737549 0.07047462463378906 0.06975924968719482 0.06914174556732178 0.0683286190032959 0.06827437877655029 0.0703192949295044 0.06964337825775146 0.0720599889755249 0.07067537307739258 0.07360124588012695 0.07752859592437744 0.08289194107055664 0.08456277847290039 0.08385789394378662 0.08463287353515625 0.0872488021850586 0.09582185745239258 0.10785400867462158 0.11063873767852783 0.11826860904693604 0.12819910049438477 0.1403520107269287 0.1677178144454956 0.19530773162841797 0.19188666343688965
