1.9999799728393555 0.0 0.0 0.0 0.0 0.0 0.0 0.0 0.0 0.0 0.0 0.0 0.0 0.0 0.0 0.0 0.0 0.0 0.0 0.0 0.0 0.0 0.0 0.0 0.0 0.0 0.0 0.0 0.0 0.0 0.0 0.0
1.9711312055587769 0.3384593725204468 0.0 0.0 0.0 0.0 0.0 0.0 0.0 0.0 0.0 0.0 0.0 0.0 0.0 0.0 0.0 0.0 0.0 0.0 0.0 0.0 0.0 0.0 0.0 0.0 0.0 0.0 0.0 0.0 0.0 0.0
1.9467719793319702 0.26995110511779785 0.37027549743652344 0.0 0.0 0.0 0.0 0.0 0.0 0.0 0.0 0.0 0.0 0.0 0.0 0.0 0.0 0.0 0.0 0.0 0.0 0.0 0.0 0.0 0.0 0.0 0.0 0.0 0.0 0.0 0.0 0.0
1.9332233667373657 0.2485802173614502 0.27931642532348633 0.3503148555755615 0.0 0.0 0.0 0.0 0.0 0.0 0.0 0.0 0.0 0.0 0.0 0.0 0.0 0.0 0.0 0.0 0.0 0.0 0.0 0.0 0.0 0.0 0.0 0.0 0.0 0.0 0.0 0.0
1.918191909790039 0.23505473136901855 0.2570303678512573 0.2628669738769531 0.36055517196655273 0.0 0.0 0.0 0.0 0.0 0.0 0.0 0.0 0.0 0.0 0.0 0.0 0.0 0.0 0.0 0.0 0.0 0.0 0.0 0.0 0.0 0.0 0.0 0.0 0.0 0.0 0.0
1.9082616567611694 0.22831499576568604 0.23834216594696045 0.23479032516479492 0.2692052125930786 0.3491237163543701 0.0 0.0 0.0 0.0 0.0 0.0 0.0 0.0 0.0 0.0 0.0 0.0 0.0 0.0 0.0 0.0 0.0 0.0 0.0 0.0 0.0 0.0 0.0 0.0 0.0 0.0
1.9009385108947754 0.21452081203460693 0.22083091735839844 0.21811044216156006 0.23513388633728027 0.2628833055496216 0.3457726240158081 0.0 0.0 0.0 0.0 0.0 0.0 0.0 0.0 0.0 0.0 0.0 0.0 0.0 0.0 0.0 0.0 0.0 0.0 0.0 0.0 0.0 0.0 0.0 0.0 0.0
1.8935456275939941 0.20707833766937256 0.20968782901763916 0.20318377017974854 0.21827960014343262 0.23187923431396484 0.25816965103149414 0.3437075614929199 0.0 0.0 0.0 0.0 0.0 0.0 0.0 0.0 0.0 0.0 0.0 0.0 0.0 0.0 0.0 0.0 0.0 0.0 0.0 0.0 0.0 0.0 0.0 0.0
1.883449912071228 0.19824647903442383 0.20618999004364014 0.19358956813812256 0.2129654884338379 0.21462905406951904 0.2310088872909546 0.2559746503829956 0.35053277015686035 0.0 0.0 0.0 0.0 0.0 0.0 0.0 0.0 0.0 0.0 0.0 0.0 0.0 0.0 0.0 0.0 0.0 0.0 0.0 0.0 0.0 0.0 0.0
1.87253999710083 0.18956732749938965 0.19013774394989014 0.1847747564315796 0.19483542442321777 0.20145893096923828 0.21499979496002197 0.23347747325897217 0.26001131534576416 0.3745828866958618 0.0 0.0 0.0 0.0 0.0 0.0 0.0 0.0 0.0 0.0 0.0 0.0 0.0 0.0 0.0 0.0 0.0 0.0 0.0 0.0 0.0 0.0
1.8698776960372925 0.18923819065093994 0.18371593952178955 0.176588773727417 0.18247699737548828 0.1907508373260498 0.19779753684997559 0.2135014533996582 0.23331642150878906 0.2656041383743286 0.35112226009368896 0.0 0.0 0.0 0.0 0.0 0.0 0.0 0.0 0.0 0.0 0.0 0.0 0.0 0.0 0.0 0.0 0.0 0.0 0.0 0.0 0.0
1.8662389516830444 0.17316460609436035 0.174788236618042 0.1713564395904541 0.1816185712814331 0.1824946403503418 0.18982172012329102 0.19604873657226562 0.21305441856384277 0.23345088958740234 0.25797581672668457 0.3462103605270386 0.0 0.0 0.0 0.0 0.0 0.0 0.0 0.0 0.0 0.0 0.0 0.0 0.0 0.0 0.0 0.0 0.0 0.0 0.0 0.0
1.856752634048462 0.17066800594329834 0.17058467864990234 0.1694016456604004 0.17217791080474854 0.17762768268585205 0.1832352876663208 0.1898249387741089 0.20657682418823242 0.2176891565322876 0.22922194004058838 0.26313483715057373 0.35029828548431396 0.0 0.0 0.0 0.0 0.0 0.0 0.0 0.0 0.0 0.0 0.0 0.0 0.0 0.0 0.0 0.0 0.0 0.0 0.0
1.8515695333480835 0.1634962558746338 0.1649225950241089 0.16302990913391113 0.16707515716552734 0.17192888259887695 0.17758488655090332 0.18407654762268066 0.19359707832336426 0.19994735717773438 0.21611571311950684 0.2322176694869995 0.2616558074951172 0.3486824035644531 0.0 0.0 0.0 0.0 0.0 0.0 0.0 0.0 0.0 0.0 0.0 0.0 0.0 0.0 0.0 0.0 0.0 0.0
1.8441632986068726 0.16315293312072754 0.16202497482299805 0.1585376262664795 0.16362380981445312 0.16729521751403809 0.17103266716003418 0.17523491382598877 0.19021320343017578 0.19323086738586426 0.20722699165344238 0.2206813097000122 0.23012328147888184 0.2602614164352417 0.3468317985534668 0.0 0.0 0.0 0.0 0.0 0.0 0.0 0.0 0.0 0.0 0.0 0.0 0.0 0.0 0.0 0.0 0.0
1.8305425643920898 0.16078197956085205 0.15737688541412354 0.15524554252624512 0.15730977058410645 0.15993356704711914 0.1674104928970337 0.17293214797973633 0.1785827875137329 0.18129396438598633 0.18627715110778809 0.2037820816040039 0.217748761177063 0.22879183292388916 0.2522166967391968 0.40197181701660156 0.0 0.0 0.0 0.0 0.0 0.0 0.0 0.0 0.0 0.0 0.0 0.0 0.0 0.0 0.0 0.0
1.8307442665100098 0.15930330753326416 0.15457534790039062 0.15136754512786865 0.15670669078826904 0.15659666061401367 0.16198968887329102 0.16399097442626953 0.1794952154159546 0.19177091121673584 0.19096708297729492 0.19009876251220703 0.20033001899719238 0.21346700191497803 0.22579288482666016 0.27054786682128906 0.34975290298461914 0.0 0.0 0.0 0.0 0.0 0.0 0.0 0.0 0.0 0.0 0.0 0.0 0.0 0.0 0.0
1.8263401985168457 0.15693676471710205 0.1523202657699585 0.14507675170898438 0.15458929538726807 0.1530470848083496 0.1584479808807373 0.16076791286468506 0.1686168909072876 0.19193005561828613 0.17813587188720703 0.18526005744934082 0.18603777885437012 0.2018824815750122 0.21003389358520508 0.2316727638244629 0.2557028532028198 0.3567345142364502 0.0 0.0 0.0 0.0 0.0 0.0 0.0 0.0 0.0 0.0 0.0 0.0 0.0 0.0
1.819718837738037 0.15588557720184326 0.15327203273773193 0.1462019681930542 0.15051400661468506 0.15216434001922607 0.1540083885192871 0.157525897026062 0.16146445274353027 0.17395257949829102 0.17934155464172363 0.17780077457427979 0.18280744552612305 0.18820714950561523 0.19756841659545898 0.22214961051940918 0.22902560234069824 0.26180148124694824 0.35581278800964355 0.0 0.0 0.0 0.0 0.0 0.0 0.0 0.0 0.0 0.0 0.0 0.0 0.0
1.8152765035629272 0.1589827537536621 0.14863669872283936 0.14283692836761475 0.14921903610229492 0.14921903610229492 0.15464603900909424 0.15600848197937012 0.15833508968353271 0.17520570755004883 0.17110013961791992 0.17135226726531982 0.17873668670654297 0.1778656244277954 0.18802881240844727 0.20537340641021729 0.21432054042816162 0.22987055778503418 0.25821471214294434 0.35074079036712646 0.0 0.0 0.0 0.0 0.0 0.0 0.0 0.0 0.0 0.0 0.0 0.0
1.8111371994018555 0.1499389410018921 0.14429700374603271 0.13995540142059326 0.15327167510986328 0.14744865894317627 0.14851641654968262 0.1509159803390503 0.15179085731506348 0.1745375394821167 0.165452241897583 0.16282200813293457 0.16775381565093994 0.1723160743713379 0.17840147018432617 0.18734323978424072 0.1966620683670044 0.2162022590637207 0.22650837898254395 0.2619091272354126 0.3593258857727051 0.0 0.0 0.0 0.0 0.0 0.0 0.0 0.0 0.0 0.0 0.0
1.8033363819122314 0.14772021770477295 0.1452951431274414 0.1377115249633789 0.1506894826889038 0.14456140995025635 0.14420270919799805 0.14840328693389893 0.1509774923324585 0.15706419944763184 0.19370079040527344 0.16006231307983398 0.1650526523590088 0.16693353652954102 0.17304933071136475 0.18208789825439453 0.18566501140594482 0.19776558876037598 0.20721876621246338 0.22891414165496826 0.26041948795318604 0.365897536277771 0.0 0.0 0.0 0.0 0.0 0.0 0.0 0.0 0.0 0.0
1.7990407943725586 0.14583516120910645 0.14376938343048096 0.1369633674621582 0.1449195146560669 0.14346230030059814 0.14511704444885254 0.14451313018798828 0.1500166654586792 0.15327715873718262 0.16071534156799316 0.15991413593292236 0.16398680210113525 0.1656808853149414 0.16805517673492432 0.17979121208190918 0.18386459350585938 0.18482506275177002 0.19673967361450195 0.21411943435668945 0.23187577724456787 0.264522910118103 0.36115705966949463 0.0 0.0 0.0 0.0 0.0 0.0 0.0 0.0 0.0
1.8003629446029663 0.14590728282928467 0.14001786708831787 0.13278818130493164 0.14077365398406982 0.14012622833251953 0.1422131061553955 0.14235782623291016 0.14476168155670166 0.14771509170532227 0.14925968647003174 0.15134263038635254 0.15572214126586914 0.15820038318634033 0.1591503620147705 0.16739892959594727 0.17141711711883545 0.17576062679290771 0.1821824312210083 0.19638097286224365 0.21496915817260742 0.23121428489685059 0.25978267192840576 0.3608602285385132 0.0 0.0 0.0 0.0 0.0 0.0 0.0 0.0
1.7926057577133179 0.1568150520324707 0.1415187120437622 0.13637375831604004 0.1400967836380005 0.13722050189971924 0.14372694492340088 0.1406346559524536 0.14425039291381836 0.14907920360565186 0.15047895908355713 0.1511244773864746 0.1563243865966797 0.1533299684524536 0.1565471887588501 0.1617889404296875 0.16502320766448975 0.17004644870758057 0.17475581169128418 0.18477272987365723 0.19715261459350586 0.21616089344024658 0.23031377792358398 0.2622948884963989 0.35889744758605957 0.0 0.0 0.0 0.0 0.0 0.0 0.0
1.7904162406921387 0.14445483684539795 0.1380927562713623 0.13332247734069824 0.13828229904174805 0.1342785358428955 0.13762199878692627 0.14300644397735596 0.14296293258666992 0.1457061767578125 0.1473759412765503 0.14717209339141846 0.14959979057312012 0.15017735958099365 0.15405213832855225 0.15783298015594482 0.16076302528381348 0.16563796997070312 0.16714167594909668 0.1749098300933838 0.1826101541519165 0.19776511192321777 0.21333181858062744 0.235701322555542 0.2627248764038086 0.3562922477722168 0.0 0.0 0.0 0.0 0.0 0.0
1.7886992692947388 0.14193761348724365 0.13658678531646729 0.13127541542053223 0.13349854946136475 0.13396239280700684 0.13488423824310303 0.13421893119812012 0.13710594177246094 0.14153850078582764 0.14309453964233398 0.1520620584487915 0.14975976943969727 0.14476168155670166 0.14952373504638672 0.15103590488433838 0.15554487705230713 0.16221487522125244 0.16179466247558594 0.1693251132965088 0.17637205123901367 0.18288230895996094 0.1924372911453247 0.21127355098724365 0.23560965061187744 0.26057732105255127 0.3554422855377197 0.0 0.0 0.0 0.0 0.0
1.7852362394332886 0.14230918884277344 0.1339644193649292 0.12834763526916504 0.13286209106445312 0.1312415599822998 0.1342240571975708 0.13325059413909912 0.1359119415283203 0.13966703414916992 0.1427844762802124 0.14677250385284424 0.14552521705627441 0.1465522050857544 0.14681518077850342 0.1499546766281128 0.15022850036621094 0.15564477443695068 0.15963876247406006 0.16630184650421143 0.17072296142578125 0.17488336563110352 0.18027997016906738 0.19694030284881592 0.21410107612609863 0.23180055618286133 0.2551424503326416 0.35373830795288086 0.0 0.0 0.0 0.0
1.7817294597625732 0.13798177242279053 0.13055384159088135 0.12825608253479004 0.1316366195678711 0.13210785388946533 0.13269448280334473 0.13180863857269287 0.13403117656707764 0.13703370094299316 0.1388559341430664 0.14641153812408447 0.14332139492034912 0.14284956455230713 0.14365768432617188 0.14820528030395508 0.14659476280212402 0.15150773525238037 0.15236210823059082 0.1584925651550293 0.1620882749557495 0.1681351661682129 0.17366623878479004 0.1819627285003662 0.1945565938949585 0.21186232566833496 0.2268749475479126 0.2555384635925293 0.3630044460296631 0.0 0.0 0.0
1.7741727828979492 0.13966214656829834 0.13206660747528076 0.12566673755645752 0.12952005863189697 0.1300060749053955 0.1315445899963379 0.1324373483657837 0.13249969482421875 0.13548064231872559 0.1373741626739502 0.1402149200439453 0.1406245231628418 0.142669677734375 0.1438906192779541 0.14592576026916504 0.14459443092346191 0.14435625076293945 0.14932334423065186 0.15580081939697266 0.15635395050048828 0.16557621955871582 0.1658262014389038 0.17473936080932617 0.18806707859039307 0.1983346939086914 0.20710444450378418 0.22973334789276123 0.2786097526550293 0.35775959491729736 0.0 0.0
1.7745909690856934 0.13704168796539307 0.12856340408325195 0.12429523468017578 0.1284400224685669 0.1306217908859253 0.13170874118804932 0.13103234767913818 0.13293039798736572 0.13475751876831055 0.13722431659698486 0.13647174835205078 0.1374061107635498 0.13783180713653564 0.14216077327728271 0.14501476287841797 0.14718472957611084 0.14709055423736572 0.14848268032073975 0.1498725414276123 0.15364384651184082 0.15680301189422607 0.16097962856292725 0.16586589813232422 0.17371273040771484 0.18251276016235352 0.19159603118896484 0.21266067028045654 0.23098969459533691 0.25806725025177 0.35286760330200195 0.0
1.7683314085006714 0.1363593339920044 0.1301724910736084 0.12469494342803955 0.12642920017242432 0.12968754768371582 0.13593542575836182 0.13133955001831055 0.13512921333312988 0.13361382484436035 0.13537204265594482 0.13283967971801758 0.13690567016601562 0.13754475116729736 0.1402808427810669 0.14475727081298828 0.1479501724243164 0.1577678918838501 0.15493285655975342 0.1438373327255249 0.14702904224395752 0.1522839069366455 0.15651941299438477 0.1637866497039795 0.16624176502227783 0.17525315284729004 0.17844009399414062 0.19211697578430176 0.20950984954833984 0.22631442546844482 0.2568984031677246 0.3562734127044678
