1.9999799728393555 0.0 0.0 0.0 0.0 0.0 0.0 0.0 0.0 0.0 0.0 0.0 0.0 0.0 0.0 0.0 0.0 0.0 0.0 0.0 0.0 0.0 0.0 0.0 0.0 0.0 0.0 0.0 0.0 0.0 0.0 0.0
1.9658143520355225 0.36811697483062744 0.0 0.0 0.0 0.0 0.0 0.0 0.0 0.0 0.0 0.0 0.0 0.0 0.0 0.0 0.0 0.0 0.0 0.0 0.0 0.0 0.0 0.0 0.0 0.0 0.0 0.0 0.0 0.0 0.0 0.0
1.934882402420044 0.39850354194641113 0.31192517280578613 0.0 0.0 0.0 0.0 0.0 0.0 0.0 0.0 0.0 0.0 0.0 0.0 0.0 0.0 0.0 0.0 0.0 0.0 0.0 0.0 0.0 0.0 0.0 0.0 0.0 0.0 0.0 0.0 0.0
1.910765290260315 0.3925447463989258 0.30713140964508057 0.31690800189971924 0.0 0.0 0.0 0.0 0.0 0.0 0.0 0.0 0.0 0.0 0.0 0.0 0.0 0.0 0.0 0.0 0.0 0.0 0.0 0.0 0.0 0.0 0.0 0.0 0.0 0.0 0.0 0.0
1.877060890197754 0.40419602394104004 0.3213338851928711 0.3164658546447754 0.3312331438064575 0.0 0.0 0.0 0.0 0.0 0.0 0.0 0.0 0.0 0.0 0.0 0.0 0.0 0.0 0.0 0.0 0.0 0.0 0.0 0.0 0.0 0.0 0.0 0.0 0.0 0.0 0.0
1.8587428331375122 0.378959059715271 0.3114004135131836 0.31515681743621826 0.3125650882720947 0.32765305042266846 0.0 0.0 0.0 0.0 0.0 0.0 0.0 0.0 0.0 0.0 0.0 0.0 0.0 0.0 0.0 0.0 0.0 0.0 0.0 0.0 0.0 0.0 0.0 0.0 0.0 0.0
1.8327258825302124 0.376387357711792 0.30324888229370117 0.309128999710083 0.3151742219924927 0.31611156463623047 0.33542466163635254 0.0 0.0 0.0 0.0 0.0 0.0 0.0 0.0 0.0 0.0 0.0 0.0 0.0 0.0 0.0 0.0 0.0 0.0 0.0 0.0 0.0 0.0 0.0 0.0 0.0
1.812470555305481 0.3725818395614624 0.2940652370452881 0.30078208446502686 0.3080374002456665 0.31355369091033936 0.3152693510055542 0.3262484073638916 0.0 0.0 0.0 0.0 0.0 0.0 0.0 0.0 0.0 0.0 0.0 0.0 0.0 0.0 0.0 0.0 0.0 0.0 0.0 0.0 0.0 0.0 0.0 0.0
1.7868603467941284 0.3773024082183838 0.2936420440673828 0.29133307933807373 0.30330395698547363 0.30857133865356445 0.3144688606262207 0.31340718269348145 0.3304448127746582 0.0 0.0 0.0 0.0 0.0 0.0 0.0 0.0 0.0 0.0 0.0 0.0 0.0 0.0 0.0 0.0 0.0 0.0 0.0 0.0 0.0 0.0 0.0
1.7670040130615234 0.3725048303604126 0.2884918451309204 0.2836647033691406 0.2946275472640991 0.29851460456848145 0.3076910972595215 0.3110787868499756 0.31552183628082275 0.32884836196899414 0.0 0.0 0.0 0.0 0.0 0.0 0.0 0.0 0.0 0.0 0.0 0.0 0.0 0.0 0.0 0.0 0.0 0.0 0.0 0.0 0.0 0.0
1.747923731803894 0.36688780784606934 0.2876241207122803 0.2814483642578125 0.2879154682159424 0.29006969928741455 0.29731547832489014 0.30181610584259033 0.3130614757537842 0.3106968402862549 0.32701921463012695 0.0 0.0 0.0 0.0 0.0 0.0 0.0 0.0 0.0 0.0 0.0 0.0 0.0 0.0 0.0 0.0 0.0 0.0 0.0 0.0 0.0
1.7325565814971924 0.3585094213485718 0.28159618377685547 0.2800633907318115 0.28214550018310547 0.2847803831100464 0.2841005325317383 0.2902214527130127 0.3019559383392334 0.3064537048339844 0.3073887825012207 0.3264641761779785 0.0 0.0 0.0 0.0 0.0 0.0 0.0 0.0 0.0 0.0 0.0 0.0 0.0 0.0 0.0 0.0 0.0 0.0 0.0 0.0
1.7146073579788208 0.35663294792175293 0.27513718605041504 0.272932767868042 0.28100132942199707 0.28068017959594727 0.27800965309143066 0.280576229095459 0.29405975341796875 0.2985435724258423 0.30751967430114746 0.3037606477737427 0.3261042833328247 0.0 0.0 0.0 0.0 0.0 0.0 0.0 0.0 0.0 0.0 0.0 0.0 0.0 0.0 0.0 0.0 0.0 0.0 0.0
1.7009893655776978 0.3486196994781494 0.270868182182312 0.268357515335083 0.27440428733825684 0.27558648586273193 0.2759498357772827 0.27588021755218506 0.27968311309814453 0.2848644256591797 0.29834234714508057 0.3031191825866699 0.3008157014846802 0.32439422607421875 0.0 0.0 0.0 0.0 0.0 0.0 0.0 0.0 0.0 0.0 0.0 0.0 0.0 0.0 0.0 0.0 0.0 0.0
1.6878455877304077 0.3433002233505249 0.26583850383758545 0.26204729080200195 0.26863551139831543 0.26935267448425293 0.26841139793395996 0.2704061269760132 0.2724100351333618 0.2747795581817627 0.2846672534942627 0.29441750049591064 0.296242356300354 0.2985682487487793 0.33096814155578613 0.0 0.0 0.0 0.0 0.0 0.0 0.0 0.0 0.0 0.0 0.0 0.0 0.0 0.0 0.0 0.0 0.0
1.668723225593567 0.3413125276565552 0.2643580436706543 0.25858068466186523 0.262681245803833 0.26610636711120605 0.266338586807251 0.2692110538482666 0.2762939929962158 0.2715193033218384 0.2826848030090332 0.28433072566986084 0.289326548576355 0.30014002323150635 0.29912781715393066 0.32334470748901367 0.0 0.0 0.0 0.0 0.0 0.0 0.0 0.0 0.0 0.0 0.0 0.0 0.0 0.0 0.0 0.0
1.6619858741760254 0.3335307836532593 0.25913333892822266 0.2553420066833496 0.2579843997955322 0.25734031200408936 0.2592949867248535 0.26276421546936035 0.2677328586578369 0.2671072483062744 0.27143943309783936 0.2704581022262573 0.27581095695495605 0.28886842727661133 0.2942467927932739 0.29382240772247314 0.3203134536743164 0.0 0.0 0.0 0.0 0.0 0.0 0.0 0.0 0.0 0.0 0.0 0.0 0.0 0.0 0.0
1.6423653364181519 0.3294696807861328 0.25692832469940186 0.2535446882247925 0.2570747137069702 0.2586524486541748 0.25622355937957764 0.2601206302642822 0.26627349853515625 0.26566600799560547 0.2716904878616333 0.26712512969970703 0.269952654838562 0.280472993850708 0.28940534591674805 0.29477810859680176 0.29442429542541504 0.3189377784729004 0.0 0.0 0.0 0.0 0.0 0.0 0.0 0.0 0.0 0.0 0.0 0.0 0.0 0.0
1.6312761306762695 0.32392120361328125 0.2521456480026245 0.250732421875 0.2534264326095581 0.2547684907913208 0.2530912160873413 0.25298404693603516 0.2594637870788574 0.25952017307281494 0.26648736000061035 0.2645609378814697 0.26326966285705566 0.27040529251098633 0.27588164806365967 0.28595638275146484 0.290510892868042 0.29211902618408203 0.3231160640716553 0.0 0.0 0.0 0.0 0.0 0.0 0.0 0.0 0.0 0.0 0.0 0.0 0.0
1.6159874200820923 0.32094502449035645 0.24734175205230713 0.24616503715515137 0.25075721740722656 0.25363337993621826 0.25068068504333496 0.25124192237854004 0.2579551935195923 0.25554680824279785 0.26436686515808105 0.26140284538269043 0.2595834732055664 0.26543259620666504 0.2666966915130615 0.2756319046020508 0.28098392486572266 0.29450833797454834 0.29196619987487793 0.323156476020813 0.0 0.0 0.0 0.0 0.0 0.0 0.0 0.0 0.0 0.0 0.0 0.0
1.606928825378418 0.31537342071533203 0.24299907684326172 0.24247241020202637 0.2467813491821289 0.2491607666015625 0.2474513053894043 0.24731230735778809 0.25159788131713867 0.25063276290893555 0.2568753957748413 0.25606441497802734 0.25719690322875977 0.2624366283416748 0.26185905933380127 0.267225980758667 0.27131879329681396 0.2820688486099243 0.2892930507659912 0.2890756130218506 0.31894731521606445 0.0 0.0 0.0 0.0 0.0 0.0 0.0 0.0 0.0 0.0 0.0
1.5941835641860962 0.31049013137817383 0.2379453182220459 0.2381190061569214 0.24118340015411377 0.24604737758636475 0.24287676811218262 0.24383878707885742 0.24976658821105957 0.24667811393737793 0.2540937662124634 0.2522186040878296 0.25262022018432617 0.25970005989074707 0.25842225551605225 0.263110876083374 0.2626994848251343 0.2728520631790161 0.28156614303588867 0.28905928134918213 0.2915455102920532 0.31851887702941895 0.0 0.0 0.0 0.0 0.0 0.0 0.0 0.0 0.0 0.0
1.588658332824707 0.3047482967376709 0.2330111265182495 0.23237192630767822 0.23582041263580322 0.23860931396484375 0.2369520664215088 0.23996901512145996 0.24376702308654785 0.24074792861938477 0.24758422374725342 0.2463909387588501 0.24538660049438477 0.2526359558105469 0.2570613622665405 0.2585872411727905 0.2549588680267334 0.2644345760345459 0.26833975315093994 0.2782834768295288 0.28378117084503174 0.28435254096984863 0.32602572441101074 0.0 0.0 0.0 0.0 0.0 0.0 0.0 0.0 0.0
1.5804215669631958 0.29926860332489014 0.22597479820251465 0.22637522220611572 0.2295689582824707 0.23215186595916748 0.23187530040740967 0.23584985733032227 0.24482369422912598 0.23895394802093506 0.24420034885406494 0.24311888217926025 0.24149560928344727 0.24726450443267822 0.2530839443206787 0.2538943290710449 0.25206685066223145 0.25849366188049316 0.26305973529815674 0.2673001289367676 0.27711784839630127 0.28138458728790283 0.2879490852355957 0.31697964668273926 0.0 0.0 0.0 0.0 0.0 0.0 0.0 0.0
1.5719975233078003 0.29502320289611816 0.2250983715057373 0.2250080108642578 0.22450196743011475 0.2279602289199829 0.22683537006378174 0.23064160346984863 0.2359774112701416 0.23638904094696045 0.2442866563796997 0.24166083335876465 0.237007737159729 0.24145853519439697 0.24566173553466797 0.24870026111602783 0.24794602394104004 0.2574690580368042 0.25525963306427 0.26099300384521484 0.26505136489868164 0.27199995517730713 0.28278112411499023 0.28284716606140137 0.3187730312347412 0.0 0.0 0.0 0.0 0.0 0.0 0.0
1.5564069747924805 0.29577016830444336 0.22409725189208984 0.22134780883789062 0.22310912609100342 0.22532987594604492 0.2247384786605835 0.22756338119506836 0.23604142665863037 0.23518657684326172 0.24184846878051758 0.2372056245803833 0.23633325099945068 0.239030122756958 0.240683913230896 0.24509048461914062 0.2440953254699707 0.25236988067626953 0.25387537479400635 0.25588297843933105 0.2608616352081299 0.266745924949646 0.2758890390396118 0.2831442356109619 0.2816120386123657 0.3208887577056885 0.0 0.0 0.0 0.0 0.0 0.0
1.549696922302246 0.29078030586242676 0.22185301780700684 0.21826505661010742 0.2201443910598755 0.22067785263061523 0.21918213367462158 0.22371315956115723 0.23099231719970703 0.22959983348846436 0.23668265342712402 0.2349475622177124 0.2344580888748169 0.2374122142791748 0.23972558975219727 0.23929893970489502 0.23942351341247559 0.24967551231384277 0.2505537271499634 0.2509446144104004 0.25362956523895264 0.2553887367248535 0.2667659521102905 0.2735435962677002 0.2804766893386841 0.28517675399780273 0.3116931915283203 0.0 0.0 0.0 0.0 0.0
1.54231858253479 0.2828552722930908 0.218727707862854 0.21734082698822021 0.21867060661315918 0.21707606315612793 0.21487092971801758 0.21809566020965576 0.22616171836853027 0.22572481632232666 0.2317289113998413 0.23093831539154053 0.231215238571167 0.23470497131347656 0.2353203296661377 0.2361687421798706 0.23396587371826172 0.2419116497039795 0.2474597692489624 0.24835205078125 0.2527341842651367 0.2517108917236328 0.255540132522583 0.2621607780456543 0.2730216979980469 0.27983367443084717 0.2758326530456543 0.3193399906158447 0.0 0.0 0.0 0.0
1.532342791557312 0.2778111696243286 0.21628117561340332 0.21602416038513184 0.21736598014831543 0.2160935401916504 0.21122372150421143 0.21407771110534668 0.2230072021484375 0.22130191326141357 0.22902965545654297 0.22831320762634277 0.22761774063110352 0.23220360279083252 0.23362410068511963 0.2345820665359497 0.2307727336883545 0.240118145942688 0.24164271354675293 0.2448115348815918 0.24842536449432373 0.248215913772583 0.25399088859558105 0.25525856018066406 0.26117682456970215 0.27513253688812256 0.273252010345459 0.280794620513916 0.3135179281234741 0.0 0.0 0.0
1.522537112236023 0.2741408348083496 0.21078550815582275 0.21258056163787842 0.21649169921875 0.2150508165359497 0.21008527278900146 0.21200156211853027 0.21876823902130127 0.216278076171875 0.22395479679107666 0.22538208961486816 0.2240530252456665 0.23015010356903076 0.2343355417251587 0.23185384273529053 0.23017644882202148 0.23666775226593018 0.23807954788208008 0.23961114883422852 0.24582600593566895 0.24500548839569092 0.2512108087539673 0.25053954124450684 0.2542898654937744 0.263169527053833 0.26608455181121826 0.28049588203430176 0.27925944328308105 0.3103950023651123 0.0 0.0
1.5126773118972778 0.268768310546875 0.20607852935791016 0.2077242136001587 0.21316838264465332 0.21665549278259277 0.2108975648880005 0.21121466159820557 0.21780121326446533 0.2133101224899292 0.2202286720275879 0.21902859210968018 0.220816969871521 0.22636878490447998 0.22709167003631592 0.23138427734375 0.22907280921936035 0.23388326168060303 0.23441028594970703 0.23502182960510254 0.24190282821655273 0.2433546781539917 0.24723196029663086 0.24794113636016846 0.24791228771209717 0.2574871778488159 0.2566976547241211 0.2732299566268921 0.2783050537109375 0.2789430618286133 0.3103841543197632 0.0
1.5105488300323486 0.2726060152053833 0.20216965675354004 0.201310396194458 0.20681190490722656 0.21384406089782715 0.20901477336883545 0.20846998691558838 0.21141576766967773 0.20936131477355957 0.21411049365997314 0.21343660354614258 0.2139737606048584 0.22486722469329834 0.22229087352752686 0.22569406032562256 0.22435307502746582 0.23095130920410156 0.23205125331878662 0.23080456256866455 0.2338038682937622 0.23667240142822266 0.24283790588378906 0.24318790435791016 0.2436443567276001 0.2508586645126343 0.24839985370635986 0.25833988189697266 0.2683384418487549 0.27487635612487793 0.2753152847290039 0.310217022895813
