1.9999799728393555 0.0 0.0 0.0 0.0 0.0 0.0 0.0 0.0 0.0 0.0 0.0 0.0 0.0 0.0 0.0 0.0 0.0 0.0 0.0 0.0 0.0 0.0 0.0 0.0 0.0 0.0 0.0 0.0 0.0 0.0 0.0
1.9704561233520508 0.3425344228744507 0.0 0.0 0.0 0.0 0.0 0.0 0.0 0.0 0.0 0.0 0.0 0.0 0.0 0.0 0.0 0.0 0.0 0.0 0.0 0.0 0.0 0.0 0.0 0.0 0.0 0.0 0.0 0.0 0.0 0.0
1.94498610496521 0.2785736322402954 0.3732403516769409 0.0 0.0 0.0 0.0 0.0 0.0 0.0 0.0 0.0 0.0 0.0 0.0 0.0 0.0 0.0 0.0 0.0 0.0 0.0 0.0 0.0 0.0 0.0 0.0 0.0 0.0 0.0 0.0 0.0
1.9230635166168213 0.25516021251678467 0.327894926071167 0.359266996383667 0.0 0.0 0.0 0.0 0.0 0.0 0.0 0.0 0.0 0.0 0.0 0.0 0.0 0.0 0.0 0.0 0.0 0.0 0.0 0.0 0.0 0.0 0.0 0.0 0.0 0.0 0.0 0.0
1.9001178741455078 0.2370598316192627 0.3158729076385498 0.332690954208374 0.35037243366241455 0.0 0.0 0.0 0.0 0.0 0.0 0.0 0.0 0.0 0.0 0.0 0.0 0.0 0.0 0.0 0.0 0.0 0.0 0.0 0.0 0.0 0.0 0.0 0.0 0.0 0.0 0.0
1.8854261636734009 0.22619342803955078 0.27325403690338135 0.29999732971191406 0.3237431049346924 0.35268735885620117 0.0 0.0 0.0 0.0 0.0 0.0 0.0 0.0 0.0 0.0 0.0 0.0 0.0 0.0 0.0 0.0 0.0 0.0 0.0 0.0 0.0 0.0 0.0 0.0 0.0 0.0
1.8814767599105835 0.20889389514923096 0.24252581596374512 0.26120495796203613 0.28452110290527344 0.31121277809143066 0.3337850570678711 0.0 0.0 0.0 0.0 0.0 0.0 0.0 0.0 0.0 0.0 0.0 0.0 0.0 0.0 0.0 0.0 0.0 0.0 0.0 0.0 0.0 0.0 0.0 0.0 0.0
1.8724957704544067 0.2064427137374878 0.2329481840133667 0.2358701229095459 0.25183987617492676 0.28811323642730713 0.2993849515914917 0.32409632205963135 0.0 0.0 0.0 0.0 0.0 0.0 0.0 0.0 0.0 0.0 0.0 0.0 0.0 0.0 0.0 0.0 0.0 0.0 0.0 0.0 0.0 0.0 0.0 0.0
1.8740934133529663 0.19638967514038086 0.21934640407562256 0.2146855592727661 0.22264361381530762 0.24106526374816895 0.2685415744781494 0.28148841857910156 0.3095434904098511 0.0 0.0 0.0 0.0 0.0 0.0 0.0 0.0 0.0 0.0 0.0 0.0 0.0 0.0 0.0 0.0 0.0 0.0 0.0 0.0 0.0 0.0 0.0
1.8699326515197754 0.19272863864898682 0.2121431827545166 0.21065139770507812 0.2276819944381714 0.22086989879608154 0.22928833961486816 0.25777673721313477 0.2612912654876709 0.29788851737976074 0.0 0.0 0.0 0.0 0.0 0.0 0.0 0.0 0.0 0.0 0.0 0.0 0.0 0.0 0.0 0.0 0.0 0.0 0.0 0.0 0.0 0.0
1.8714849948883057 0.18991398811340332 0.20235061645507812 0.2010866403579712 0.200303316116333 0.20484066009521484 0.2085738182067871 0.2211158275604248 0.24188470840454102 0.2507750988006592 0.28993964195251465 0.0 0.0 0.0 0.0 0.0 0.0 0.0 0.0 0.0 0.0 0.0 0.0 0.0 0.0 0.0 0.0 0.0 0.0 0.0 0.0 0.0
1.869326114654541 0.18168532848358154 0.19740116596221924 0.19322621822357178 0.19381999969482422 0.19391191005706787 0.19693636894226074 0.20497441291809082 0.2154858112335205 0.23331987857818604 0.24073755741119385 0.28519749641418457 0.0 0.0 0.0 0.0 0.0 0.0 0.0 0.0 0.0 0.0 0.0 0.0 0.0 0.0 0.0 0.0 0.0 0.0 0.0 0.0
1.8648687601089478 0.17563748359680176 0.18986201286315918 0.18730640411376953 0.18593156337738037 0.18830585479736328 0.19275379180908203 0.19559717178344727 0.19863426685333252 0.2134636640548706 0.22872674465179443 0.237054705619812 0.2848541736602783 0.0 0.0 0.0 0.0 0.0 0.0 0.0 0.0 0.0 0.0 0.0 0.0 0.0 0.0 0.0 0.0 0.0 0.0 0.0
1.8638956546783447 0.16937315464019775 0.18075883388519287 0.17840933799743652 0.17822480201721191 0.18396210670471191 0.18402278423309326 0.18576419353485107 0.18817615509033203 0.1914365291595459 0.20165526866912842 0.21956264972686768 0.23569142818450928 0.2864474058151245 0.0 0.0 0.0 0.0 0.0 0.0 0.0 0.0 0.0 0.0 0.0 0.0 0.0 0.0 0.0 0.0 0.0 0.0
1.8581799268722534 0.1675053834915161 0.17624616622924805 0.17441439628601074 0.17468297481536865 0.17693769931793213 0.17974913120269775 0.18121790885925293 0.1806778907775879 0.18527305126190186 0.1886758804321289 0.20088768005371094 0.22001111507415771 0.23947668075561523 0.28599393367767334 0.0 0.0 0.0 0.0 0.0 0.0 0.0 0.0 0.0 0.0 0.0 0.0 0.0 0.0 0.0 0.0 0.0
1.854339599609375 0.16628289222717285 0.1709223985671997 0.16986262798309326 0.16931235790252686 0.1713273525238037 0.17415428161621094 0.17958974838256836 0.17661428451538086 0.17834508419036865 0.18031513690948486 0.1886913776397705 0.20173847675323486 0.22150397300720215 0.2434859275817871 0.27336347103118896 0.0 0.0 0.0 0.0 0.0 0.0 0.0 0.0 0.0 0.0 0.0 0.0 0.0 0.0 0.0 0.0
1.8552496433258057 0.16106939315795898 0.162872314453125 0.1644749641418457 0.1649388074874878 0.16628551483154297 0.16641557216644287 0.17119169235229492 0.17168259620666504 0.17138409614562988 0.1719416379928589 0.1751093864440918 0.1847379207611084 0.20283770561218262 0.215867280960083 0.22827744483947754 0.27093279361724854 0.0 0.0 0.0 0.0 0.0 0.0 0.0 0.0 0.0 0.0 0.0 0.0 0.0 0.0 0.0
1.8500910997390747 0.15802478790283203 0.1603621244430542 0.16200709342956543 0.1620960235595703 0.16286563873291016 0.163499116897583 0.16442465782165527 0.16868245601654053 0.16958653926849365 0.16988039016723633 0.17227661609649658 0.17827284336090088 0.18954765796661377 0.20249581336975098 0.21110713481903076 0.22640597820281982 0.27053630352020264 0.0 0.0 0.0 0.0 0.0 0.0 0.0 0.0 0.0 0.0 0.0 0.0 0.0 0.0
1.84696626663208 0.15704405307769775 0.15878760814666748 0.15959644317626953 0.15763843059539795 0.16004300117492676 0.15922164916992188 0.1617431640625 0.1641385555267334 0.16462671756744385 0.16595172882080078 0.16890549659729004 0.17144012451171875 0.17792832851409912 0.18483173847198486 0.19227218627929688 0.20799100399017334 0.2224283218383789 0.2759544849395752 0.0 0.0 0.0 0.0 0.0 0.0 0.0 0.0 0.0 0.0 0.0 0.0 0.0
1.8409172296524048 0.16748154163360596 0.15760576725006104 0.15712082386016846 0.1555614471435547 0.15829098224639893 0.1608295440673828 0.15937387943267822 0.1588362455368042 0.16141748428344727 0.16289067268371582 0.1662149429321289 0.16951990127563477 0.17036020755767822 0.17744076251983643 0.1814277172088623 0.1913442611694336 0.2057133913040161 0.22459983825683594 0.2752424478530884 0.0 0.0 0.0 0.0 0.0 0.0 0.0 0.0 0.0 0.0 0.0 0.0
1.8387116193771362 0.1569499969482422 0.15505802631378174 0.15483570098876953 0.15358376502990723 0.155556321144104 0.15368127822875977 0.15390145778656006 0.15526628494262695 0.15707933902740479 0.16754090785980225 0.16265761852264404 0.16442322731018066 0.16511523723602295 0.17120027542114258 0.17241263389587402 0.17890620231628418 0.18729817867279053 0.20814943313598633 0.2243119478225708 0.27169883251190186 0.0 0.0 0.0 0.0 0.0 0.0 0.0 0.0 0.0 0.0 0.0
1.8306692838668823 0.15434753894805908 0.15530157089233398 0.1544020175933838 0.15203380584716797 0.15562880039215088 0.15185344219207764 0.15042924880981445 0.1556183099746704 0.152990460395813 0.16015338897705078 0.1574246883392334 0.15998339653015137 0.16144609451293945 0.1881939172744751 0.1777794361114502 0.17609965801239014 0.17567682266235352 0.189186692237854 0.21308350563049316 0.22429847717285156 0.2711176872253418 0.0 0.0 0.0 0.0 0.0 0.0 0.0 0.0 0.0 0.0
1.8305659294128418 0.15315449237823486 0.15196239948272705 0.15332293510437012 0.15164422988891602 0.1496734619140625 0.14807796478271484 0.1505986452102661 0.1499425172805786 0.1503533124923706 0.15503883361816406 0.15777206420898438 0.16463494300842285 0.1609787940979004 0.1654367446899414 0.16459715366363525 0.17009234428405762 0.16774165630340576 0.17660820484161377 0.18885254859924316 0.20448648929595947 0.221030592918396 0.2695356607437134 0.0 0.0 0.0 0.0 0.0 0.0 0.0 0.0 0.0
1.828818678855896 0.15477418899536133 0.14906680583953857 0.15105164051055908 0.15002775192260742 0.14966118335723877 0.14816904067993164 0.1471787691116333 0.14652180671691895 0.14613628387451172 0.1491107940673828 0.1563490629196167 0.15569770336151123 0.15621602535247803 0.1599569320678711 0.15827655792236328 0.16323769092559814 0.1638122797012329 0.16885590553283691 0.17871761322021484 0.18800079822540283 0.2030797004699707 0.2166074514389038 0.2673194408416748 0.0 0.0 0.0 0.0 0.0 0.0 0.0 0.0
1.8224070072174072 0.16301393508911133 0.14840245246887207 0.1487133502960205 0.1477423906326294 0.1472715139389038 0.14839375019073486 0.14580535888671875 0.14514243602752686 0.14906346797943115 0.1479874849319458 0.15031051635742188 0.15263283252716064 0.16010820865631104 0.15976834297180176 0.1586301326751709 0.16038262844085693 0.15947818756103516 0.1625208854675293 0.16719555854797363 0.17894339561462402 0.18930768966674805 0.19995474815368652 0.2176952362060547 0.2700691223144531 0.0 0.0 0.0 0.0 0.0 0.0 0.0
1.8185728788375854 0.15099942684173584 0.14847290515899658 0.14629137516021729 0.1429082155227661 0.14587390422821045 0.15249836444854736 0.15098929405212402 0.14303886890411377 0.14686810970306396 0.14538347721099854 0.14401233196258545 0.14785373210906982 0.15271222591400146 0.15816962718963623 0.15545380115509033 0.1551145315170288 0.15704727172851562 0.1579192876815796 0.166762113571167 0.16649913787841797 0.1776425838470459 0.18552660942077637 0.20071542263031006 0.2187793254852295 0.2774510383605957 0.0 0.0 0.0 0.0 0.0 0.0
1.8177855014801025 0.15459871292114258 0.14800584316253662 0.144209623336792 0.14242160320281982 0.1434999704360962 0.141640305519104 0.14231669902801514 0.14197921752929688 0.14279043674468994 0.14013564586639404 0.1429140567779541 0.14674413204193115 0.1516101360321045 0.15073978900909424 0.1498774290084839 0.15249574184417725 0.15599477291107178 0.15800106525421143 0.15928435325622559 0.1595606803894043 0.16631531715393066 0.1704469919204712 0.18142807483673096 0.19931530952453613 0.22633397579193115 0.2707948684692383 0.0 0.0 0.0 0.0 0.0
1.8152369260787964 0.1521083116531372 0.14759695529937744 0.14494705200195312 0.14130783081054688 0.14005696773529053 0.14128291606903076 0.14306962490081787 0.1409447193145752 0.14099347591400146 0.14002525806427002 0.14230060577392578 0.14566826820373535 0.14822697639465332 0.1549006700515747 0.14748847484588623 0.1462574005126953 0.14992845058441162 0.15466535091400146 0.15524840354919434 0.1562504768371582 0.1601259708404541 0.1626596450805664 0.17048168182373047 0.18384146690368652 0.20472955703735352 0.21389424800872803 0.2669212818145752 0.0 0.0 0.0 0.0
1.8124948740005493 0.14644134044647217 0.14323318004608154 0.14361584186553955 0.14094293117523193 0.13991498947143555 0.13908147811889648 0.13629674911499023 0.13760054111480713 0.13999199867248535 0.1425769329071045 0.1401195526123047 0.14278852939605713 0.14369547367095947 0.14634978771209717 0.14942920207977295 0.14516210556030273 0.14625096321105957 0.1497185230255127 0.15313565731048584 0.15519225597381592 0.1572103500366211 0.15811657905578613 0.1624819040298462 0.17061996459960938 0.1876235008239746 0.19942355155944824 0.21535789966583252 0.269054651260376 0.0 0.0 0.0
1.8091068267822266 0.14606952667236328 0.1422823667526245 0.14318454265594482 0.1405395269393921 0.13814973831176758 0.1377643346786499 0.1375662088394165 0.13537490367889404 0.13762640953063965 0.13799691200256348 0.14008760452270508 0.14135563373565674 0.14072394371032715 0.1431572437286377 0.14542150497436523 0.1430760622024536 0.14360761642456055 0.1458888053894043 0.15096843242645264 0.1517239809036255 0.15515470504760742 0.1550748348236084 0.15751445293426514 0.16552448272705078 0.17575311660766602 0.18192541599273682 0.1971449851989746 0.2162916660308838 0.2693418264389038 0.0 0.0
1.8058124780654907 0.14319396018981934 0.1394209861755371 0.1411292552947998 0.14028942584991455 0.1395416259765625 0.13813459873199463 0.1356499195098877 0.135162353515625 0.13541603088378906 0.13495874404907227 0.13834524154663086 0.14026784896850586 0.14018166065216064 0.14193713665008545 0.14139974117279053 0.14201414585113525 0.14563262462615967 0.1455986499786377 0.1466282606124878 0.15006709098815918 0.15305805206298828 0.15450072288513184 0.15607202053070068 0.15855491161346436 0.16396522521972656 0.1710948944091797 0.18424713611602783 0.1965017318725586 0.21271240711212158 0.26736879348754883 0.0
1.8009694814682007 0.14424335956573486 0.1373525857925415 0.13716912269592285 0.1365060806274414 0.14141297340393066 0.1427900791168213 0.13711583614349365 0.13731753826141357 0.13771772384643555 0.13479816913604736 0.13601064682006836 0.13726985454559326 0.14073050022125244 0.14612579345703125 0.14077270030975342 0.13821351528167725 0.14273178577423096 0.14388537406921387 0.14350199699401855 0.14693903923034668 0.15179705619812012 0.14967036247253418 0.15381646156311035 0.15494322776794434 0.16143310070037842 0.1644136905670166 0.17220580577850342 0.18068599700927734 0.1993544101715088 0.2108287811279297 0.26566147804260254
