1.9999799728393555 0.0 0.0 0.0 0.0 0.0 0.0 0.0 0.0 0.0 0.0 0.0 0.0 0.0 0.0 0.0 0.0 0.0 0.0 0.0 0.0 0.0 0.0 0.0 0.0 0.0 0.0 0.0 0.0 0.0 0.0 0.0
1.9444772005081177 0.46780478954315186 0.0 0.0 0.0 0.0 0.0 0.0 0.0 0.0 0.0 0.0 0.0 0.0 0.0 0.0 0.0 0.0 0.0 0.0 0.0 0.0 0.0 0.0 0.0 0.0 0.0 0.0 0.0 0.0 0.0 0.0
1.9648866653442383 0.14407825469970703 0.3440392017364502 0.0 0.0 0.0 0.0 0.0 0.0 0.0 0.0 0.0 0.0 0.0 0.0 0.0 0.0 0.0 0.0 0.0 0.0 0.0 0.0 0.0 0.0 0.0 0.0 0.0 0.0 0.0 0.0 0.0
1.9647639989852905 0.11420464515686035 0.11113607883453369 0.33794617652893066 0.0 0.0 0.0 0.0 0.0 0.0 0.0 0.0 0.0 0.0 0.0 0.0 0.0 0.0 0.0 0.0 0.0 0.0 0.0 0.0 0.0 0.0 0.0 0.0 0.0 0.0 0.0 0.0
1.9599943161010742 0.11918914318084717 0.09167301654815674 0.11267423629760742 0.35073423385620117 0.0 0.0 0.0 0.0 0.0 0.0 0.0 0.0 0.0 0.0 0.0 0.0 0.0 0.0 0.0 0.0 0.0 0.0 0.0 0.0 0.0 0.0 0.0 0.0 0.0 0.0 0.0
1.961082935333252 0.10712599754333496 0.09665405750274658 0.09424722194671631 0.10535812377929688 0.3365069627761841 0.0 0.0 0.0 0.0 0.0 0.0 0.0 0.0 0.0 0.0 0.0 0.0 0.0 0.0 0.0 0.0 0.0 0.0 0.0 0.0 0.0 0.0 0.0 0.0 0.0 0.0
1.961816668510437 0.08938944339752197 0.0933537483215332 0.09328866004943848 0.08537518978118896 0.09983670711517334 0.3294254541397095 0.0 0.0 0.0 0.0 0.0 0.0 0.0 0.0 0.0 0.0 0.0 0.0 0.0 0.0 0.0 0.0 0.0 0.0 0.0 0.0 0.0 0.0 0.0 0.0 0.0
1.9588748216629028 0.08660423755645752 0.08760440349578857 0.10046172142028809 0.09136354923248291 0.08912479877471924 0.09837770462036133 0.33385634422302246 0.0 0.0 0.0 0.0 0.0 0.0 0.0 0.0 0.0 0.0 0.0 0.0 0.0 0.0 0.0 0.0 0.0 0.0 0.0 0.0 0.0 0.0 0.0 0.0
1.9558340311050415 0.12113785743713379 0.07809686660766602 0.09220898151397705 0.08967781066894531 0.09060609340667725 0.08466076850891113 0.09693992137908936 0.33542490005493164 0.0 0.0 0.0 0.0 0.0 0.0 0.0 0.0 0.0 0.0 0.0 0.0 0.0 0.0 0.0 0.0 0.0 0.0 0.0 0.0 0.0 0.0 0.0
1.9559954404830933 0.0815281867980957 0.07694387435913086 0.08101725578308105 0.12227129936218262 0.08967828750610352 0.08873200416564941 0.08245158195495605 0.09606051445007324 0.32854676246643066 0.0 0.0 0.0 0.0 0.0 0.0 0.0 0.0 0.0 0.0 0.0 0.0 0.0 0.0 0.0 0.0 0.0 0.0 0.0 0.0 0.0 0.0
1.9545851945877075 0.08121740818023682 0.08407676219940186 0.07922577857971191 0.08655786514282227 0.08168256282806396 0.10197627544403076 0.08479976654052734 0.0826866626739502 0.09644114971160889 0.334122896194458 0.0 0.0 0.0 0.0 0.0 0.0 0.0 0.0 0.0 0.0 0.0 0.0 0.0 0.0 0.0 0.0 0.0 0.0 0.0 0.0 0.0
1.9543386697769165 0.08254063129425049 0.08142435550689697 0.07934737205505371 0.08059906959533691 0.07840490341186523 0.08638119697570801 0.08493196964263916 0.08420836925506592 0.08077120780944824 0.09309899806976318 0.33330440521240234 0.0 0.0 0.0 0.0 0.0 0.0 0.0 0.0 0.0 0.0 0.0 0.0 0.0 0.0 0.0 0.0 0.0 0.0 0.0 0.0
1.9531960487365723 0.08346152305603027 0.07695329189300537 0.0830385684967041 0.08457744121551514 0.07889437675476074 0.08213305473327637 0.08297944068908691 0.08145380020141602 0.08517920970916748 0.07903075218200684 0.09448587894439697 0.3301807641983032 0.0 0.0 0.0 0.0 0.0 0.0 0.0 0.0 0.0 0.0 0.0 0.0 0.0 0.0 0.0 0.0 0.0 0.0 0.0
1.950143814086914 0.09905540943145752 0.08070850372314453 0.08687925338745117 0.08555030822753906 0.08036601543426514 0.09059691429138184 0.08163332939147949 0.08284604549407959 0.0830162763595581 0.08249437808990479 0.08229804039001465 0.09347927570343018 0.32896411418914795 0.0 0.0 0.0 0.0 0.0 0.0 0.0 0.0 0.0 0.0 0.0 0.0 0.0 0.0 0.0 0.0 0.0 0.0
1.9504492282867432 0.07947921752929688 0.0810847282409668 0.08207845687866211 0.08194971084594727 0.08106017112731934 0.07956743240356445 0.0771951675415039 0.08330881595611572 0.08040404319763184 0.08361923694610596 0.08945667743682861 0.083518385887146 0.0958019495010376 0.32535719871520996 0.0 0.0 0.0 0.0 0.0 0.0 0.0 0.0 0.0 0.0 0.0 0.0 0.0 0.0 0.0 0.0 0.0
1.9485671520233154 0.08056652545928955 0.07967138290405273 0.08166790008544922 0.08366751670837402 0.08127617835998535 0.08709859848022461 0.08063840866088867 0.07963204383850098 0.08110606670379639 0.08146405220031738 0.0835123062133789 0.0882185697555542 0.0823296308517456 0.09553611278533936 0.32484519481658936 0.0 0.0 0.0 0.0 0.0 0.0 0.0 0.0 0.0 0.0 0.0 0.0 0.0 0.0 0.0 0.0
1.9478325843811035 0.07321882247924805 0.07476234436035156 0.08092319965362549 0.08692383766174316 0.07829177379608154 0.0815739631652832 0.08064663410186768 0.07772672176361084 0.0772237777709961 0.07944488525390625 0.08155560493469238 0.08658218383789062 0.08918452262878418 0.0880805253982544 0.09429442882537842 0.32310736179351807 0.0 0.0 0.0 0.0 0.0 0.0 0.0 0.0 0.0 0.0 0.0 0.0 0.0 0.0 0.0
1.942024827003479 0.07533156871795654 0.07800495624542236 0.07765567302703857 0.09176945686340332 0.07659363746643066 0.08390986919403076 0.08271503448486328 0.10159897804260254 0.07787215709686279 0.09832799434661865 0.07978415489196777 0.09005892276763916 0.0919489860534668 0.09165513515472412 0.08389556407928467 0.09317541122436523 0.33066582679748535 0.0 0.0 0.0 0.0 0.0 0.0 0.0 0.0 0.0 0.0 0.0 0.0 0.0 0.0
1.9445252418518066 0.07376086711883545 0.07141602039337158 0.07842051982879639 0.08094203472137451 0.08306348323822021 0.07984638214111328 0.083709716796875 0.08233070373535156 0.08099150657653809 0.07701802253723145 0.07643771171569824 0.07884109020233154 0.09324288368225098 0.08877110481262207 0.0839163064956665 0.08033883571624756 0.0932002067565918 0.32411515712738037 0.0 0.0 0.0 0.0 0.0 0.0 0.0 0.0 0.0 0.0 0.0 0.0 0.0
1.9428596496582031 0.0739206075668335 0.07480287551879883 0.07986629009246826 0.0810399055480957 0.07919907569885254 0.08176970481872559 0.07788050174713135 0.0825575590133667 0.08213210105895996 0.08280205726623535 0.09031522274017334 0.07881021499633789 0.08121240139007568 0.087646484375 0.08631300926208496 0.08835124969482422 0.08246493339538574 0.09671306610107422 0.31882286071777344 0.0 0.0 0.0 0.0 0.0 0.0 0.0 0.0 0.0 0.0 0.0 0.0
1.9409905672073364 0.06783366203308105 0.06705880165100098 0.07760798931121826 0.08256030082702637 0.08266830444335938 0.07969868183135986 0.07390141487121582 0.07832920551300049 0.08934438228607178 0.08328843116760254 0.08104324340820312 0.07642269134521484 0.08199238777160645 0.08146095275878906 0.08512067794799805 0.0912928581237793 0.0849679708480835 0.08333790302276611 0.09274375438690186 0.3265671730041504 0.0 0.0 0.0 0.0 0.0 0.0 0.0 0.0 0.0 0.0 0.0
1.9393905401229858 0.06629359722137451 0.0711829662322998 0.07596421241760254 0.08050191402435303 0.08478116989135742 0.08101820945739746 0.0760493278503418 0.08016026020050049 0.08432567119598389 0.08037006855010986 0.08041822910308838 0.07729470729827881 0.08092963695526123 0.08068645000457764 0.08010172843933105 0.08460426330566406 0.08616995811462402 0.08697140216827393 0.0829085111618042 0.12219345569610596 0.31863319873809814 0.0 0.0 0.0 0.0 0.0 0.0 0.0 0.0 0.0 0.0
1.9398175477981567 0.0633460283279419 0.07485651969909668 0.08056461811065674 0.08286595344543457 0.07587337493896484 0.08075296878814697 0.07634758949279785 0.07737600803375244 0.07612502574920654 0.08118152618408203 0.08087825775146484 0.08019793033599854 0.08032536506652832 0.0804373025894165 0.08261728286743164 0.0787423849105835 0.08253979682922363 0.08724617958068848 0.08786308765411377 0.08410429954528809 0.0958256721496582 0.31651926040649414 0.0 0.0 0.0 0.0 0.0 0.0 0.0 0.0 0.0
1.9368377923965454 0.06164062023162842 0.07177853584289551 0.07889950275421143 0.08111345767974854 0.0777209997177124 0.07876694202423096 0.077614426612854 0.0781630277633667 0.0765615701675415 0.08100473880767822 0.08147585391998291 0.08222842216491699 0.09156906604766846 0.0801008939743042 0.07751119136810303 0.07827329635620117 0.07624375820159912 0.08768558502197266 0.08614647388458252 0.08546280860900879 0.08128058910369873 0.09409892559051514 0.3254387378692627 0.0 0.0 0.0 0.0 0.0 0.0 0.0 0.0
1.9365028142929077 0.061791062355041504 0.07551515102386475 0.07694125175476074 0.07777750492095947 0.07597851753234863 0.07875514030456543 0.08125638961791992 0.0806046724319458 0.08084392547607422 0.07645821571350098 0.08323299884796143 0.08017933368682861 0.08357524871826172 0.08366608619689941 0.08026659488677979 0.07859194278717041 0.07561826705932617 0.07855379581451416 0.08250272274017334 0.08554816246032715 0.08425557613372803 0.0842905044555664 0.09691035747528076 0.31822311878204346 0.0 0.0 0.0 0.0 0.0 0.0 0.0
1.9334096908569336 0.06826615333557129 0.070220947265625 0.07052445411682129 0.07166397571563721 0.07283544540405273 0.07937467098236084 0.07682561874389648 0.08193802833557129 0.08556008338928223 0.0788569450378418 0.07841062545776367 0.07905876636505127 0.07723665237426758 0.08005905151367188 0.08253955841064453 0.07706761360168457 0.07353436946868896 0.08218526840209961 0.08098936080932617 0.10728144645690918 0.09144604206085205 0.08686590194702148 0.08411097526550293 0.09584784507751465 0.32307207584381104 0.0 0.0 0.0 0.0 0.0 0.0
1.934373140335083 0.07055497169494629 0.06711769104003906 0.07148206233978271 0.07331132888793945 0.07317972183227539 0.07450258731842041 0.07406318187713623 0.0804206132888794 0.08112537860870361 0.08790349960327148 0.08272433280944824 0.08261728286743164 0.07627534866333008 0.08248567581176758 0.07798099517822266 0.07995712757110596 0.07881689071655273 0.0776909589767456 0.08225226402282715 0.07744705677032471 0.0828406810760498 0.08958923816680908 0.08625876903533936 0.08748888969421387 0.09570884704589844 0.31296873092651367 0.0 0.0 0.0 0.0 0.0
1.9298068284988403 0.07473671436309814 0.0737842321395874 0.07043099403381348 0.07342636585235596 0.06941616535186768 0.07217550277709961 0.07654035091400146 0.07637369632720947 0.07726240158081055 0.08076906204223633 0.08638346195220947 0.08224654197692871 0.08199799060821533 0.13712358474731445 0.07648801803588867 0.07830226421356201 0.08060574531555176 0.0808635950088501 0.07490158081054688 0.07797813415527344 0.08150374889373779 0.08174467086791992 0.08942019939422607 0.09021294116973877 0.08385646343231201 0.0930945873260498 0.31380176544189453 0.0 0.0 0.0 0.0
1.9309329986572266 0.0694119930267334 0.06946074962615967 0.07261943817138672 0.0705723762512207 0.06887078285217285 0.07760059833526611 0.07080316543579102 0.07434475421905518 0.0787355899810791 0.08361077308654785 0.08155512809753418 0.10110056400299072 0.08466684818267822 0.08265805244445801 0.07844650745391846 0.07601630687713623 0.07719159126281738 0.08151888847351074 0.07837629318237305 0.07713603973388672 0.07434403896331787 0.0810314416885376 0.08060562610626221 0.0862663984298706 0.08532834053039551 0.08352077007293701 0.09210717678070068 0.31724345684051514 0.0 0.0 0.0
1.9300587177276611 0.07064080238342285 0.07049942016601562 0.0759507417678833 0.06976842880249023 0.06940698623657227 0.0732569694519043 0.07184839248657227 0.07353019714355469 0.0755530595779419 0.07717335224151611 0.07620203495025635 0.08321475982666016 0.08880496025085449 0.08564901351928711 0.08133375644683838 0.07616186141967773 0.07684159278869629 0.07888126373291016 0.07862889766693115 0.08062601089477539 0.08331954479217529 0.08065664768218994 0.08092796802520752 0.08305931091308594 0.0858381986618042 0.08745360374450684 0.08090198040008545 0.08917176723480225 0.3163861036300659 0.0 0.0
1.927294373512268 0.06558418273925781 0.07592761516571045 0.07721686363220215 0.07736396789550781 0.07271337509155273 0.06837868690490723 0.06863105297088623 0.0749969482421875 0.07603871822357178 0.08002936840057373 0.09138894081115723 0.07786262035369873 0.08529901504516602 0.08385646343231201 0.08234429359436035 0.07762730121612549 0.07538855075836182 0.07569026947021484 0.09353792667388916 0.07847714424133301 0.08309435844421387 0.07690715789794922 0.07986366748809814 0.08348727226257324 0.08100402355194092 0.08437967300415039 0.0854346752166748 0.08049678802490234 0.0904465913772583 0.31813931465148926 0.0
1.9237546920776367 0.0650252103805542 0.07060539722442627 0.07632958889007568 0.07751584053039551 0.07941949367523193 0.07526004314422607 0.07181406021118164 0.07073354721069336 0.07318615913391113 0.07861363887786865 0.0793236494064331 0.08341193199157715 0.08656418323516846 0.0892263650894165 0.0844571590423584 0.09687042236328125 0.0762488842010498 0.08041346073150635 0.08635282516479492 0.09081614017486572 0.08445024490356445 0.07922375202178955 0.08356928825378418 0.08036792278289795 0.08300304412841797 0.08432614803314209 0.08728981018066406 0.08474135398864746 0.08049654960632324 0.09019744396209717 0.3174583911895752
