1.9999799728393555 0.0 0.0 0.0 0.0 0.0 0.0 0.0 0.0 0.0 0.0 0.0 0.0 0.0 0.0 0.0 0.0 0.0 0.0 0.0 0.0 0.0 0.0 0.0 0.0 0.0 0.0 0.0 0.0 0.0 0.0 0.0
1.981089472770691 0.2742372751235962 0.0 0.0 0.0 0.0 0.0 0.0 0.0 0.0 0.0 0.0 0.0 0.0 0.0 0.0 0.0 0.0 0.0 0.0 0.0 0.0 0.0 0.0 0.0 0.0 0.0 0.0 0.0 0.0 0.0 0.0
1.937848448753357 0.36012911796569824 0.3390159606933594 0.0 0.0 0.0 0.0 0.0 0.0 0.0 0.0 0.0 0.0 0.0 0.0 0.0 0.0 0.0 0.0 0.0 0.0 0.0 0.0 0.0 0.0 0.0 0.0 0.0 0.0 0.0 0.0 0.0
1.888684630393982 0.32535016536712646 0.4375731945037842 0.3680393695831299 0.0 0.0 0.0 0.0 0.0 0.0 0.0 0.0 0.0 0.0 0.0 0.0 0.0 0.0 0.0 0.0 0.0 0.0 0.0 0.0 0.0 0.0 0.0 0.0 0.0 0.0 0.0 0.0
1.847059965133667 0.28417301177978516 0.39092981815338135 0.460040807723999 0.37817859649658203 0.0 0.0 0.0 0.0 0.0 0.0 0.0 0.0 0.0 0.0 0.0 0.0 0.0 0.0 0.0 0.0 0.0 0.0 0.0 0.0 0.0 0.0 0.0 0.0 0.0 0.0 0.0
1.820773959159851 0.26778531074523926 0.3347315788269043 0.39667558670043945 0.45052969455718994 0.37488627433776855 0.0 0.0 0.0 0.0 0.0 0.0 0.0 0.0 0.0 0.0 0.0 0.0 0.0 0.0 0.0 0.0 0.0 0.0 0.0 0.0 0.0 0.0 0.0 0.0 0.0 0.0
1.7968398332595825 0.25490713119506836 0.31112682819366455 0.34797215461730957 0.3955545425415039 0.4406031370162964 0.37118422985076904 0.0 0.0 0.0 0.0 0.0 0.0 0.0 0.0 0.0 0.0 0.0 0.0 0.0 0.0 0.0 0.0 0.0 0.0 0.0 0.0 0.0 0.0 0.0 0.0 0.0
1.7783477306365967 0.24467527866363525 0.28838276863098145 0.32322847843170166 0.3483715057373047 0.38623809814453125 0.42686235904693604 0.37018728256225586 0.0 0.0 0.0 0.0 0.0 0.0 0.0 0.0 0.0 0.0 0.0 0.0 0.0 0.0 0.0 0.0 0.0 0.0 0.0 0.0 0.0 0.0 0.0 0.0
1.7634505033493042 0.23346877098083496 0.27517199516296387 0.2977482080459595 0.32014358043670654 0.34099578857421875 0.36667895317077637 0.4206017255783081 0.3756016492843628 0.0 0.0 0.0 0.0 0.0 0.0 0.0 0.0 0.0 0.0 0.0 0.0 0.0 0.0 0.0 0.0 0.0 0.0 0.0 0.0 0.0 0.0 0.0
1.7535865306854248 0.22223114967346191 0.26594460010528564 0.28558361530303955 0.29027271270751953 0.3034324645996094 0.3245713710784912 0.3608595132827759 0.4177882671356201 0.3696022033691406 0.0 0.0 0.0 0.0 0.0 0.0 0.0 0.0 0.0 0.0 0.0 0.0 0.0 0.0 0.0 0.0 0.0 0.0 0.0 0.0 0.0 0.0
1.7428945302963257 0.2036886215209961 0.250860333442688 0.2701222896575928 0.273726224899292 0.2849363088607788 0.2970726490020752 0.32059144973754883 0.35679709911346436 0.41505587100982666 0.3715338706970215 0.0 0.0 0.0 0.0 0.0 0.0 0.0 0.0 0.0 0.0 0.0 0.0 0.0 0.0 0.0 0.0 0.0 0.0 0.0 0.0 0.0
1.7288360595703125 0.1917130947113037 0.23874890804290771 0.26280736923217773 0.2653106451034546 0.2694355249404907 0.27756285667419434 0.2905064821243286 0.31620585918426514 0.3572171926498413 0.4189646244049072 0.37489449977874756 0.0 0.0 0.0 0.0 0.0 0.0 0.0 0.0 0.0 0.0 0.0 0.0 0.0 0.0 0.0 0.0 0.0 0.0 0.0 0.0
1.7136073112487793 0.18653833866119385 0.22691607475280762 0.25214409828186035 0.2559981346130371 0.2609710693359375 0.26332271099090576 0.2741948366165161 0.2950223684310913 0.31385231018066406 0.366408109664917 0.4161590337753296 0.3772552013397217 0.0 0.0 0.0 0.0 0.0 0.0 0.0 0.0 0.0 0.0 0.0 0.0 0.0 0.0 0.0 0.0 0.0 0.0 0.0
1.7049674987792969 0.18186497688293457 0.2169269323348999 0.23812365531921387 0.2417151927947998 0.25211310386657715 0.25330281257629395 0.2589458227157593 0.2707984447479248 0.28685855865478516 0.32243549823760986 0.3600221872329712 0.41330766677856445 0.3778795003890991 0.0 0.0 0.0 0.0 0.0 0.0 0.0 0.0 0.0 0.0 0.0 0.0 0.0 0.0 0.0 0.0 0.0 0.0
1.6890947818756104 0.18191099166870117 0.20989131927490234 0.22800564765930176 0.23253488540649414 0.23901665210723877 0.24585580825805664 0.24897992610931396 0.2562389373779297 0.2795294523239136 0.3033602237701416 0.32032275199890137 0.3561873435974121 0.4222487211227417 0.37466859817504883 0.0 0.0 0.0 0.0 0.0 0.0 0.0 0.0 0.0 0.0 0.0 0.0 0.0 0.0 0.0 0.0 0.0
1.6827495098114014 0.18610572814941406 0.2099078893661499 0.221044659614563 0.22595572471618652 0.2310091257095337 0.2367539405822754 0.23977768421173096 0.24880826473236084 0.2590179443359375 0.270782470703125 0.2908167839050293 0.31524503231048584 0.35659289360046387 0.41125690937042236 0.37420225143432617 0.0 0.0 0.0 0.0 0.0 0.0 0.0 0.0 0.0 0.0 0.0 0.0 0.0 0.0 0.0 0.0
1.673412799835205 0.17925024032592773 0.20534396171569824 0.21620845794677734 0.21626567840576172 0.22103536128997803 0.22424626350402832 0.23145544528961182 0.24665653705596924 0.248244047164917 0.27076423168182373 0.26989448070526123 0.28803229331970215 0.3162221908569336 0.3530580997467041 0.40536069869995117 0.3719608783721924 0.0 0.0 0.0 0.0 0.0 0.0 0.0 0.0 0.0 0.0 0.0 0.0 0.0 0.0 0.0
1.6683859825134277 0.17488062381744385 0.20345520973205566 0.2136300802230835 0.212640643119812 0.21336328983306885 0.21454894542694092 0.22095561027526855 0.23126912117004395 0.23856604099273682 0.24978971481323242 0.2554328441619873 0.2662461996078491 0.28727293014526367 0.30877792835235596 0.349337100982666 0.40731704235076904 0.37186670303344727 0.0 0.0 0.0 0.0 0.0 0.0 0.0 0.0 0.0 0.0 0.0 0.0 0.0 0.0
1.6605350971221924 0.16918551921844482 0.19830238819122314 0.2135448455810547 0.20983660221099854 0.20968866348266602 0.20998358726501465 0.21537983417510986 0.22106432914733887 0.22771191596984863 0.23897778987884521 0.24314451217651367 0.2527724504470825 0.2660712003707886 0.28174006938934326 0.31055498123168945 0.352719783782959 0.3999878168106079 0.3721238374710083 0.0 0.0 0.0 0.0 0.0 0.0 0.0 0.0 0.0 0.0 0.0 0.0 0.0
1.6478954553604126 0.16685271263122559 0.19289863109588623 0.21081197261810303 0.2073073387145996 0.2067323923110962 0.20487749576568604 0.20710277557373047 0.21149110794067383 0.22304463386535645 0.2361466884613037 0.2402346134185791 0.246911883354187 0.2541046142578125 0.2632420063018799 0.2846508026123047 0.31191909313201904 0.35259807109832764 0.4024472236633301 0.3697199821472168 0.0 0.0 0.0 0.0 0.0 0.0 0.0 0.0 0.0 0.0 0.0 0.0
1.6459122896194458 0.1635303497314453 0.18852519989013672 0.20254743099212646 0.2034510374069214 0.20386993885040283 0.20395255088806152 0.20282983779907227 0.20691657066345215 0.21116816997528076 0.2229785919189453 0.22741496562957764 0.232977032661438 0.2445012331008911 0.250369668006897 0.2669870853424072 0.2797260284423828 0.3091003894805908 0.3446241617202759 0.392907977104187 0.371340274810791 0.0 0.0 0.0 0.0 0.0 0.0 0.0 0.0 0.0 0.0 0.0
1.6406805515289307 0.15878725051879883 0.18541812896728516 0.19681167602539062 0.20047247409820557 0.20153355598449707 0.2018188238143921 0.20038938522338867 0.20015430450439453 0.20640981197357178 0.21177315711975098 0.21620261669158936 0.22343790531158447 0.23266804218292236 0.24021756649017334 0.2493501901626587 0.258577823638916 0.2822074890136719 0.3059728145599365 0.3387594223022461 0.3991575241088867 0.3680884838104248 0.0 0.0 0.0 0.0 0.0 0.0 0.0 0.0 0.0 0.0
1.6305137872695923 0.15701401233673096 0.184911847114563 0.19878625869750977 0.19627976417541504 0.19840538501739502 0.1958634853363037 0.19711458683013916 0.2013009786605835 0.20351099967956543 0.21069777011871338 0.21207785606384277 0.21831536293029785 0.22828340530395508 0.2372746467590332 0.23960363864898682 0.2471228837966919 0.26259326934814453 0.279421329498291 0.29868578910827637 0.3424830436706543 0.3922734260559082 0.36661481857299805 0.0 0.0 0.0 0.0 0.0 0.0 0.0 0.0 0.0
1.6216773986816406 0.15304553508758545 0.181618332862854 0.19279396533966064 0.19198250770568848 0.19562911987304688 0.19191384315490723 0.19426536560058594 0.1997981071472168 0.20326125621795654 0.21076476573944092 0.20676839351654053 0.2117365598678589 0.22368907928466797 0.22536993026733398 0.23093938827514648 0.23969125747680664 0.2512702941894531 0.25783073902130127 0.2721339464187622 0.303180456161499 0.34003686904907227 0.39237356185913086 0.3695955276489258 0.0 0.0 0.0 0.0 0.0 0.0 0.0 0.0
1.613139033317566 0.14939463138580322 0.17647671699523926 0.1930919885635376 0.18958425521850586 0.18954992294311523 0.1897033452987671 0.1904432773590088 0.19680631160736084 0.2001270055770874 0.21320998668670654 0.20397961139678955 0.20666956901550293 0.22087442874908447 0.21489238739013672 0.21985626220703125 0.23508870601654053 0.2411583662033081 0.24347138404846191 0.25319087505340576 0.2761516571044922 0.30201542377471924 0.3398005962371826 0.39002060890197754 0.3726623058319092 0.0 0.0 0.0 0.0 0.0 0.0 0.0
1.6138229370117188 0.14896023273468018 0.17556333541870117 0.18718481063842773 0.18544232845306396 0.18639707565307617 0.18719494342803955 0.18631255626678467 0.19345641136169434 0.1934068202972412 0.2008516788482666 0.2008953094482422 0.2018132209777832 0.20528626441955566 0.21038782596588135 0.21208322048187256 0.22313225269317627 0.22648406028747559 0.23467481136322021 0.24058938026428223 0.2536280155181885 0.2732231616973877 0.2989257574081421 0.3346543312072754 0.389318585395813 0.3670787811279297 0.0 0.0 0.0 0.0 0.0 0.0
1.6045866012573242 0.1482689380645752 0.1704244613647461 0.1850980520248413 0.18388879299163818 0.18343615531921387 0.18292725086212158 0.18369150161743164 0.19114255905151367 0.1899482011795044 0.19619572162628174 0.195226788520813 0.1994229555130005 0.20716285705566406 0.21263599395751953 0.20499515533447266 0.2132279872894287 0.2172030210494995 0.22788691520690918 0.2291109561920166 0.24161124229431152 0.25339722633361816 0.2705610990524292 0.2978661060333252 0.3378119468688965 0.39794015884399414 0.3631044626235962 0.0 0.0 0.0 0.0 0.0
1.6053617000579834 0.14549052715301514 0.16925644874572754 0.1833571195602417 0.18016910552978516 0.17771005630493164 0.18029773235321045 0.17832815647125244 0.1827406883239746 0.18583202362060547 0.1939018964767456 0.1973710060119629 0.1977900266647339 0.20093905925750732 0.1996300220489502 0.2023296356201172 0.205041766166687 0.2122267484664917 0.21654832363128662 0.22031009197235107 0.22948098182678223 0.23842835426330566 0.25251150131225586 0.27311229705810547 0.29528284072875977 0.3325432538986206 0.38312363624572754 0.36195671558380127 0.0 0.0 0.0 0.0
1.5973520278930664 0.13967859745025635 0.16799473762512207 0.18053019046783447 0.17700529098510742 0.17335057258605957 0.1777026653289795 0.17553997039794922 0.17907679080963135 0.1820763349533081 0.1896827220916748 0.19106650352478027 0.194555401802063 0.19956576824188232 0.1990586519241333 0.2001861333847046 0.20031404495239258 0.20520496368408203 0.21343863010406494 0.21316063404083252 0.2218860387802124 0.2284855842590332 0.2401111125946045 0.25236403942108154 0.2704421281814575 0.2976412773132324 0.3351118564605713 0.3863527774810791 0.36009132862091064 0.0 0.0 0.0
1.590311884880066 0.13575994968414307 0.16763710975646973 0.17897868156433105 0.17778849601745605 0.17183756828308105 0.17466270923614502 0.17517006397247314 0.1751413345336914 0.18088006973266602 0.18632006645202637 0.1909496784210205 0.19143271446228027 0.19491052627563477 0.19560885429382324 0.20936322212219238 0.1962825059890747 0.19836115837097168 0.20393919944763184 0.2066197395324707 0.21223628520965576 0.22231531143188477 0.23219919204711914 0.24041509628295898 0.2530198097229004 0.27186155319213867 0.2931112051010132 0.33123064041137695 0.37931692600250244 0.3641548156738281 0.0 0.0
1.593447208404541 0.133392333984375 0.1620926856994629 0.17317378520965576 0.1717848777770996 0.17033779621124268 0.17199599742889404 0.17222392559051514 0.17248117923736572 0.17693686485290527 0.18200147151947021 0.186722993850708 0.18648254871368408 0.18988144397735596 0.19261443614959717 0.19948172569274902 0.19087445735931396 0.19425010681152344 0.19782257080078125 0.1968541145324707 0.20400357246398926 0.21009838581085205 0.21757829189300537 0.22587358951568604 0.2343442440032959 0.24799227714538574 0.2667654752731323 0.2929654121398926 0.32773566246032715 0.3819214105606079 0.3593921661376953 0.0
1.5845203399658203 0.1322113275527954 0.16258454322814941 0.1715458631515503 0.17338669300079346 0.17303872108459473 0.17141485214233398 0.17033791542053223 0.17386174201965332 0.1749333143234253 0.18445730209350586 0.18335425853729248 0.18446564674377441 0.19108986854553223 0.19167256355285645 0.1963517665863037 0.18742835521697998 0.19019794464111328 0.1963496208190918 0.18998777866363525 0.19770050048828125 0.20282793045043945 0.21470439434051514 0.22156929969787598 0.22357213497161865 0.2385573387145996 0.24690771102905273 0.26488590240478516 0.2889655828475952 0.32887983322143555 0.3776843547821045 0.3594623804092407
