1.9999799728393555 0.0 0.0 0.0 0.0 0.0 0.0 0.0 0.0 0.0 0.0 0.0 0.0 0.0 0.0 0.0 0.0 0.0 0.0 0.0 0.0 0.0 0.0 0.0 0.0 0.0 0.0 0.0 0.0 0.0 0.0 0.0
1.8129487037658691 0.8445326089859009 0.0 0.0 0.0 0.0 0.0 0.0 0.0 0.0 0.0 0.0 0.0 0.0 0.0 0.0 0.0 0.0 0.0 0.0 0.0 0.0 0.0 0.0 0.0 0.0 0.0 0.0 0.0 0.0 0.0 0.0
1.8191733360290527 0.4643425941467285 0.6890730857849121 0.0 0.0 0.0 0.0 0.0 0.0 0.0 0.0 0.0 0.0 0.0 0.0 0.0 0.0 0.0 0.0 0.0 0.0 0.0 0.0 0.0 0.0 0.0 0.0 0.0 0.0 0.0 0.0 0.0
1.7794315814971924 0.34759092330932617 0.5004644393920898 0.6798520088195801 0.0 0.0 0.0 0.0 0.0 0.0 0.0 0.0 0.0 0.0 0.0 0.0 0.0 0.0 0.0 0.0 0.0 0.0 0.0 0.0 0.0 0.0 0.0 0.0 0.0 0.0 0.0 0.0
1.7496379613876343 0.2862401008605957 0.38481009006500244 0.514756441116333 0.6660454273223877 0.0 0.0 0.0 0.0 0.0 0.0 0.0 0.0 0.0 0.0 0.0 0.0 0.0 0.0 0.0 0.0 0.0 0.0 0.0 0.0 0.0 0.0 0.0 0.0 0.0 0.0 0.0
1.7219125032424927 0.25258350372314453 0.32013416290283203 0.39413297176361084 0.5187618732452393 0.6664283275604248 0.0 0.0 0.0 0.0 0.0 0.0 0.0 0.0 0.0 0.0 0.0 0.0 0.0 0.0 0.0 0.0 0.0 0.0 0.0 0.0 0.0 0.0 0.0 0.0 0.0 0.0
1.691426396369934 0.23257958889007568 0.28364431858062744 0.3236900568008423 0.4041072130203247 0.5331966876983643 0.672299861907959 0.0 0.0 0.0 0.0 0.0 0.0 0.0 0.0 0.0 0.0 0.0 0.0 0.0 0.0 0.0 0.0 0.0 0.0 0.0 0.0 0.0 0.0 0.0 0.0 0.0
1.677119493484497 0.21634483337402344 0.26149415969848633 0.2857387065887451 0.3293190002441406 0.4144575595855713 0.5211977958679199 0.6621077060699463 0.0 0.0 0.0 0.0 0.0 0.0 0.0 0.0 0.0 0.0 0.0 0.0 0.0 0.0 0.0 0.0 0.0 0.0 0.0 0.0 0.0 0.0 0.0 0.0
1.6637972593307495 0.19943022727966309 0.2376871109008789 0.2543390989303589 0.284085750579834 0.33327436447143555 0.4099925756454468 0.5262387990951538 0.6586780548095703 0.0 0.0 0.0 0.0 0.0 0.0 0.0 0.0 0.0 0.0 0.0 0.0 0.0 0.0 0.0 0.0 0.0 0.0 0.0 0.0 0.0 0.0 0.0
1.647925615310669 0.18475890159606934 0.22250020503997803 0.2325127124786377 0.24927175045013428 0.28448593616485596 0.32825636863708496 0.4116722345352173 0.5308464765548706 0.6665949821472168 0.0 0.0 0.0 0.0 0.0 0.0 0.0 0.0 0.0 0.0 0.0 0.0 0.0 0.0 0.0 0.0 0.0 0.0 0.0 0.0 0.0 0.0
1.6372523307800293 0.1744455099105835 0.2053508758544922 0.2115011215209961 0.22726452350616455 0.25190091133117676 0.27873730659484863 0.3328460454940796 0.41414082050323486 0.5285234451293945 0.6689152717590332 0.0 0.0 0.0 0.0 0.0 0.0 0.0 0.0 0.0 0.0 0.0 0.0 0.0 0.0 0.0 0.0 0.0 0.0 0.0 0.0 0.0
1.6358990669250488 0.16680824756622314 0.18961381912231445 0.19105875492095947 0.20425105094909668 0.2273463010787964 0.24714124202728271 0.27839231491088867 0.33075475692749023 0.411968469619751 0.5272314548492432 0.6589704751968384 0.0 0.0 0.0 0.0 0.0 0.0 0.0 0.0 0.0 0.0 0.0 0.0 0.0 0.0 0.0 0.0 0.0 0.0 0.0 0.0
1.6223798990249634 0.16888117790222168 0.1879791021347046 0.18155932426452637 0.1866443157196045 0.20506858825683594 0.2236487865447998 0.24738121032714844 0.28153669834136963 0.33199548721313477 0.41462671756744385 0.5279381275177002 0.6653233766555786 0.0 0.0 0.0 0.0 0.0 0.0 0.0 0.0 0.0 0.0 0.0 0.0 0.0 0.0 0.0 0.0 0.0 0.0 0.0
1.614906668663025 0.16043996810913086 0.1888117790222168 0.17948007583618164 0.17564308643341064 0.18757152557373047 0.20049810409545898 0.22320330142974854 0.2512882947921753 0.2813054323196411 0.33715856075286865 0.4202989339828491 0.5260202884674072 0.6579437255859375 0.0 0.0 0.0 0.0 0.0 0.0 0.0 0.0 0.0 0.0 0.0 0.0 0.0 0.0 0.0 0.0 0.0 0.0
1.6110360622406006 0.14502739906311035 0.17837226390838623 0.1767963171005249 0.17211151123046875 0.17589378356933594 0.18246853351593018 0.20067620277404785 0.22652781009674072 0.2485980987548828 0.28521275520324707 0.3351128101348877 0.41436266899108887 0.5250325202941895 0.6572707891464233 0.0 0.0 0.0 0.0 0.0 0.0 0.0 0.0 0.0 0.0 0.0 0.0 0.0 0.0 0.0 0.0 0.0
1.5981987714767456 0.12645578384399414 0.16004550457000732 0.16633927822113037 0.1697092056274414 0.17195653915405273 0.17219674587249756 0.18279004096984863 0.20616722106933594 0.23284518718719482 0.25153183937072754 0.28567492961883545 0.33426332473754883 0.41473639011383057 0.5297355651855469 0.6699643135070801 0.0 0.0 0.0 0.0 0.0 0.0 0.0 0.0 0.0 0.0 0.0 0.0 0.0 0.0 0.0 0.0
1.5969735383987427 0.11610555648803711 0.14420878887176514 0.15323567390441895 0.16145098209381104 0.16868019104003906 0.1673116683959961 0.17122626304626465 0.1847519874572754 0.20249652862548828 0.22778058052062988 0.24925434589385986 0.28144991397857666 0.3358724117279053 0.4141730070114136 0.5345015525817871 0.6644289493560791 0.0 0.0 0.0 0.0 0.0 0.0 0.0 0.0 0.0 0.0 0.0 0.0 0.0 0.0 0.0
1.5939955711364746 0.11659717559814453 0.13294529914855957 0.13584768772125244 0.14960718154907227 0.16010308265686035 0.1652735471725464 0.16655731201171875 0.17181694507598877 0.18874025344848633 0.20517075061798096 0.22583293914794922 0.24869155883789062 0.2861487865447998 0.33398306369781494 0.41539299488067627 0.5304367542266846 0.6623597145080566 0.0 0.0 0.0 0.0 0.0 0.0 0.0 0.0 0.0 0.0 0.0 0.0 0.0 0.0
1.5850359201431274 0.1253570318222046 0.13328230381011963 0.12626171112060547 0.13408470153808594 0.147879958152771 0.157789945602417 0.16495966911315918 0.16711676120758057 0.1762981414794922 0.18801486492156982 0.20675742626190186 0.22299885749816895 0.24924540519714355 0.28207600116729736 0.34218907356262207 0.4165489673614502 0.533738374710083 0.6648530960083008 0.0 0.0 0.0 0.0 0.0 0.0 0.0 0.0 0.0 0.0 0.0 0.0 0.0
1.5812498331069946 0.12940406799316406 0.13868868350982666 0.12409484386444092 0.12284255027770996 0.1320934295654297 0.14497053623199463 0.15661311149597168 0.16328954696655273 0.16729843616485596 0.1717836856842041 0.18411600589752197 0.2006610631942749 0.2235889434814453 0.24609696865081787 0.2811625003814697 0.33384883403778076 0.41691040992736816 0.5318261384963989 0.673736572265625 0.0 0.0 0.0 0.0 0.0 0.0 0.0 0.0 0.0 0.0 0.0 0.0
1.5797375440597534 0.12152338027954102 0.14254271984100342 0.1319265365600586 0.12372612953186035 0.12135565280914307 0.1293724775314331 0.1440269947052002 0.15577900409698486 0.1661384105682373 0.16706037521362305 0.17024552822113037 0.1802130937576294 0.20097637176513672 0.22077572345733643 0.24751496315002441 0.2797900438308716 0.3335564136505127 0.41506338119506836 0.530449390411377 0.6703373193740845 0.0 0.0 0.0 0.0 0.0 0.0 0.0 0.0 0.0 0.0 0.0
1.578468918800354 0.10299873352050781 0.13470113277435303 0.13607048988342285 0.1295156478881836 0.12295746803283691 0.12066054344177246 0.13009047508239746 0.14304447174072266 0.15761065483093262 0.16590917110443115 0.16681599617004395 0.16893362998962402 0.17935848236083984 0.1986149549484253 0.22203171253204346 0.24670469760894775 0.28108811378479004 0.3311988115310669 0.4169495105743408 0.5309755802154541 0.6648945808410645 0.0 0.0 0.0 0.0 0.0 0.0 0.0 0.0 0.0 0.0
1.567322850227356 0.08424234390258789 0.1136622428894043 0.1272592544555664 0.13270652294158936 0.128645658493042 0.12040460109710693 0.12052905559539795 0.12994027137756348 0.14605212211608887 0.1594245433807373 0.16541361808776855 0.1635594367980957 0.17460119724273682 0.1827836036682129 0.19921302795410156 0.22220945358276367 0.24441027641296387 0.2794032096862793 0.3346834182739258 0.4249560832977295 0.5344207286834717 0.6761007308959961 0.0 0.0 0.0 0.0 0.0 0.0 0.0 0.0 0.0
1.569078803062439 0.07332241535186768 0.09531927108764648 0.10899984836578369 0.1251051425933838 0.13156437873840332 0.1267385482788086 0.12079238891601562 0.1213141679763794 0.13048458099365234 0.14584887027740479 0.15864789485931396 0.1612088680267334 0.16528844833374023 0.1679779291152954 0.17821002006530762 0.196547269821167 0.2204974889755249 0.24498093128204346 0.27996015548706055 0.33579158782958984 0.41962504386901855 0.5363717079162598 0.6738805770874023 0.0 0.0 0.0 0.0 0.0 0.0 0.0 0.0
1.5666041374206543 0.07169640064239502 0.08505439758300781 0.0919729471206665 0.1085350513458252 0.12552893161773682 0.13144195079803467 0.12676024436950684 0.1207958459854126 0.12089395523071289 0.130776047706604 0.14468085765838623 0.15615594387054443 0.1643993854522705 0.16160082817077637 0.16537976264953613 0.17647159099578857 0.19723021984100342 0.21854639053344727 0.24395358562469482 0.2813011407852173 0.3342702388763428 0.41727566719055176 0.52811598777771 0.6858739852905273 0.0 0.0 0.0 0.0 0.0 0.0 0.0
1.5685465335845947 0.07704472541809082 0.08482754230499268 0.0822439193725586 0.09101033210754395 0.1070411205291748 0.12322747707366943 0.13090336322784424 0.12561476230621338 0.1204683780670166 0.12093031406402588 0.12965285778045654 0.14136457443237305 0.15609967708587646 0.15925180912017822 0.16148602962493896 0.16533160209655762 0.1786118745803833 0.19746387004852295 0.2202129364013672 0.2452375888824463 0.279634952545166 0.3385704755783081 0.4163815975189209 0.5312414169311523 0.6742721796035767 0.0 0.0 0.0 0.0 0.0 0.0
1.5628259181976318 0.08639347553253174 0.09253263473510742 0.08360040187835693 0.08305954933166504 0.09045720100402832 0.10694718360900879 0.12410640716552734 0.13033342361450195 0.1269373893737793 0.12163710594177246 0.12327003479003906 0.12912940979003906 0.1497936248779297 0.15628433227539062 0.15866827964782715 0.16013967990875244 0.16745734214782715 0.17929768562316895 0.19573628902435303 0.22173190116882324 0.2464226484298706 0.28084826469421387 0.3344151973724365 0.4176598787307739 0.5299887657165527 0.678598165512085 0.0 0.0 0.0 0.0 0.0
1.5604139566421509 0.09316408634185791 0.10191404819488525 0.08961141109466553 0.08278453350067139 0.08156847953796387 0.090798020362854 0.10679042339324951 0.12263131141662598 0.12969112396240234 0.1279163360595703 0.12207198143005371 0.11844789981842041 0.13262319564819336 0.14319968223571777 0.15238523483276367 0.15625393390655518 0.16199922561645508 0.16529631614685059 0.17589879035949707 0.20058739185333252 0.2199486494064331 0.24634253978729248 0.2782740592956543 0.33455634117126465 0.4188191890716553 0.531836986541748 0.6784505844116211 0.0 0.0 0.0 0.0
1.5582760572433472 0.09674453735351562 0.10766208171844482 0.09831094741821289 0.0898057222366333 0.08214235305786133 0.08191227912902832 0.09043741226196289 0.10592544078826904 0.12343442440032959 0.13180792331695557 0.12883329391479492 0.11915135383605957 0.12570321559906006 0.12817490100860596 0.1412804126739502 0.15053176879882812 0.16144144535064697 0.160453200340271 0.16455018520355225 0.17828047275543213 0.19774401187896729 0.22137784957885742 0.24309206008911133 0.277263879776001 0.3314100503921509 0.4166862964630127 0.5309431552886963 0.6793999671936035 0.0 0.0 0.0
1.5548253059387207 0.0980675220489502 0.11276555061340332 0.10681557655334473 0.09875166416168213 0.08888077735900879 0.08303213119506836 0.08253538608551025 0.09050619602203369 0.10681688785552979 0.1253882646560669 0.13315176963806152 0.12482857704162598 0.12391161918640137 0.11945247650146484 0.12869751453399658 0.13882029056549072 0.15405642986297607 0.15789449214935303 0.1596294641494751 0.1646794080734253 0.17794275283813477 0.20021343231201172 0.21703052520751953 0.24325716495513916 0.2783825397491455 0.3341836929321289 0.41638457775115967 0.5289275646209717 0.6792893409729004 0.0 0.0
1.554126262664795 0.09798157215118408 0.11120033264160156 0.10855734348297119 0.10442543029785156 0.09768795967102051 0.0897446870803833 0.08304750919342041 0.08274388313293457 0.09037327766418457 0.1089249849319458 0.12427628040313721 0.1297246217727661 0.12707698345184326 0.11926829814910889 0.11978662014007568 0.12633109092712402 0.1437056064605713 0.15197062492370605 0.15679931640625 0.16020476818084717 0.16388320922851562 0.1811065673828125 0.19607269763946533 0.2173064947128296 0.24310219287872314 0.27802765369415283 0.33312034606933594 0.41493523120880127 0.5306577682495117 0.6744997501373291 0.0
1.5518847703933716 0.10015201568603516 0.11022984981536865 0.10497629642486572 0.10720491409301758 0.10355114936828613 0.0968785285949707 0.08883631229400635 0.08186507225036621 0.08082246780395508 0.08954346179962158 0.1063615083694458 0.1218794584274292 0.13103604316711426 0.12477481365203857 0.11746346950531006 0.11682486534118652 0.12682414054870605 0.13988018035888672 0.1486910581588745 0.15594744682312012 0.15699529647827148 0.1639639139175415 0.1753673553466797 0.19462037086486816 0.2175232172012329 0.2423393726348877 0.27647697925567627 0.33103203773498535 0.4176137447357178 0.5279663801193237 0.6808812618255615
