1.9999799728393555 0.0 0.0 0.0 0.0 0.0 0.0 0.0 0.0 0.0 0.0 0.0 0.0 0.0 0.0 0.0 0.0 0.0 0.0 0.0 0.0 0.0 0.0 0.0 0.0 0.0 0.0 0.0 0.0 0.0 0.0 0.0
1.9287424087524414 0.5290300846099854 0.0 0.0 0.0 0.0 0.0 0.0 0.0 0.0 0.0 0.0 0.0 0.0 0.0 0.0 0.0 0.0 0.0 0.0 0.0 0.0 0.0 0.0 0.0 0.0 0.0 0.0 0.0 0.0 0.0 0.0
1.793619990348816 0.7809834480285645 0.4157843589782715 0.0 0.0 0.0 0.0 0.0 0.0 0.0 0.0 0.0 0.0 0.0 0.0 0.0 0.0 0.0 0.0 0.0 0.0 0.0 0.0 0.0 0.0 0.0 0.0 0.0 0.0 0.0 0.0 0.0
1.7734967470169067 0.2942345142364502 0.7803547382354736 0.39880943298339844 0.0 0.0 0.0 0.0 0.0 0.0 0.0 0.0 0.0 0.0 0.0 0.0 0.0 0.0 0.0 0.0 0.0 0.0 0.0 0.0 0.0 0.0 0.0 0.0 0.0 0.0 0.0 0.0
1.7733092308044434 0.047152042388916016 0.2775237560272217 0.783482551574707 0.40267908573150635 0.0 0.0 0.0 0.0 0.0 0.0 0.0 0.0 0.0 0.0 0.0 0.0 0.0 0.0 0.0 0.0 0.0 0.0 0.0 0.0 0.0 0.0 0.0 0.0 0.0 0.0 0.0
1.766190528869629 0.010854125022888184 0.04062926769256592 0.2784179449081421 0.8015315532684326 0.39834916591644287 0.0 0.0 0.0 0.0 0.0 0.0 0.0 0.0 0.0 0.0 0.0 0.0 0.0 0.0 0.0 0.0 0.0 0.0 0.0 0.0 0.0 0.0 0.0 0.0 0.0 0.0
1.7749794721603394 0.007569313049316406 0.008916258811950684 0.037337303161621094 0.27622342109680176 0.7868499755859375 0.3903014659881592 0.0 0.0 0.0 0.0 0.0 0.0 0.0 0.0 0.0 0.0 0.0 0.0 0.0 0.0 0.0 0.0 0.0 0.0 0.0 0.0 0.0 0.0 0.0 0.0 0.0
1.7766166925430298 0.018504977226257324 0.006658792495727539 0.008134603500366211 0.03652489185333252 0.27591633796691895 0.7842762470245361 0.38794755935668945 0.0 0.0 0.0 0.0 0.0 0.0 0.0 0.0 0.0 0.0 0.0 0.0 0.0 0.0 0.0 0.0 0.0 0.0 0.0 0.0 0.0 0.0 0.0 0.0
1.771116852760315 0.054669976234436035 0.01641976833343506 0.006450295448303223 0.008044719696044922 0.03779780864715576 0.2681770324707031 0.7963780164718628 0.38998281955718994 0.0 0.0 0.0 0.0 0.0 0.0 0.0 0.0 0.0 0.0 0.0 0.0 0.0 0.0 0.0 0.0 0.0 0.0 0.0 0.0 0.0 0.0 0.0
1.7699034214019775 0.059230804443359375 0.048905253410339355 0.015346288681030273 0.0057784318923950195 0.007719278335571289 0.03404581546783447 0.27313995361328125 0.7959645986557007 0.3895246982574463 0.0 0.0 0.0 0.0 0.0 0.0 0.0 0.0 0.0 0.0 0.0 0.0 0.0 0.0 0.0 0.0 0.0 0.0 0.0 0.0 0.0 0.0
1.7711035013198853 0.02090907096862793 0.05105316638946533 0.04519975185394287 0.014529585838317871 0.006448507308959961 0.00813591480255127 0.03564119338989258 0.27016425132751465 0.7931673526763916 0.39276695251464844 0.0 0.0 0.0 0.0 0.0 0.0 0.0 0.0 0.0 0.0 0.0 0.0 0.0 0.0 0.0 0.0 0.0 0.0 0.0 0.0 0.0
1.7696433067321777 0.0072013139724731445 0.018024444580078125 0.04799234867095947 0.043943166732788086 0.014861583709716797 0.0065991878509521484 0.008695244789123535 0.03638505935668945 0.2718712091445923 0.797532320022583 0.3898273706436157 0.0 0.0 0.0 0.0 0.0 0.0 0.0 0.0 0.0 0.0 0.0 0.0 0.0 0.0 0.0 0.0 0.0 0.0 0.0 0.0
1.7687791585922241 0.005678415298461914 0.0062220096588134766 0.016304492950439453 0.046942710876464844 0.043434739112854004 0.013609170913696289 0.006332993507385254 0.008582115173339844 0.03590071201324463 0.2736208438873291 0.8011561632156372 0.3854076862335205 0.0 0.0 0.0 0.0 0.0 0.0 0.0 0.0 0.0 0.0 0.0 0.0 0.0 0.0 0.0 0.0 0.0 0.0 0.0
1.773209571838379 0.011091113090515137 0.005139827728271484 0.005342006683349609 0.01562678813934326 0.0460507869720459 0.04192709922790527 0.013787627220153809 0.005301237106323242 0.007604479789733887 0.03443288803100586 0.2705146074295044 0.7925442457199097 0.38538825511932373 0.0 0.0 0.0 0.0 0.0 0.0 0.0 0.0 0.0 0.0 0.0 0.0 0.0 0.0 0.0 0.0 0.0 0.0
1.7736798524856567 0.026918649673461914 0.010796189308166504 0.004469156265258789 0.005032658576965332 0.015005111694335938 0.04485476016998291 0.04137468338012695 0.01299750804901123 0.007093310356140137 0.007617354393005371 0.033527374267578125 0.2707967758178711 0.7933523654937744 0.38072192668914795 0.0 0.0 0.0 0.0 0.0 0.0 0.0 0.0 0.0 0.0 0.0 0.0 0.0 0.0 0.0 0.0 0.0
1.7681856155395508 0.034504055976867676 0.02725505828857422 0.00968945026397705 0.004160642623901367 0.004824161529541016 0.01493215560913086 0.04541337490081787 0.041591525077819824 0.013207197189331055 0.006728529930114746 0.007552146911621094 0.033446431159973145 0.2709331512451172 0.8032896518707275 0.38369762897491455 0.0 0.0 0.0 0.0 0.0 0.0 0.0 0.0 0.0 0.0 0.0 0.0 0.0 0.0 0.0 0.0
1.7716554403305054 0.01876544952392578 0.03223621845245361 0.025045394897460938 0.008865833282470703 0.003882765769958496 0.004706144332885742 0.014832854270935059 0.04508864879608154 0.04066824913024902 0.013060569763183594 0.0059506893157958984 0.0071631669998168945 0.03357434272766113 0.273021936416626 0.7963235378265381 0.38080060482025146 0.0 0.0 0.0 0.0 0.0 0.0 0.0 0.0 0.0 0.0 0.0 0.0 0.0 0.0 0.0
1.7675189971923828 0.009224295616149902 0.016379117965698242 0.03096139430999756 0.023495793342590332 0.008527636528015137 0.0037251710891723633 0.004594326019287109 0.014525890350341797 0.0439225435256958 0.0412905216217041 0.013115763664245605 0.0050286054611206055 0.006736397743225098 0.03272700309753418 0.2732415199279785 0.803943395614624 0.3842034339904785 0.0 0.0 0.0 0.0 0.0 0.0 0.0 0.0 0.0 0.0 0.0 0.0 0.0 0.0
1.7725753784179688 0.008098721504211426 0.007185578346252441 0.015319347381591797 0.029076576232910156 0.022799372673034668 0.00800478458404541 0.003649473190307617 0.00455021858215332 0.014349937438964844 0.04401826858520508 0.04062461853027344 0.01269829273223877 0.005109190940856934 0.006958127021789551 0.035124778747558594 0.2729276418685913 0.795403003692627 0.3789389133453369 0.0 0.0 0.0 0.0 0.0 0.0 0.0 0.0 0.0 0.0 0.0 0.0 0.0
1.7725924253463745 0.013537764549255371 0.0061724185943603516 0.006799578666687012 0.014734387397766113 0.028555989265441895 0.021509528160095215 0.007773399353027344 0.0035439729690551758 0.004405856132507324 0.014260411262512207 0.04384171962738037 0.03987157344818115 0.012491345405578613 0.00499725341796875 0.007501721382141113 0.03330707550048828 0.2695469856262207 0.7989852428436279 0.37393105030059814 0.0 0.0 0.0 0.0 0.0 0.0 0.0 0.0 0.0 0.0 0.0 0.0
1.7716403007507324 0.024936199188232422 0.010713934898376465 0.005780458450317383 0.006619572639465332 0.014947295188903809 0.027637839317321777 0.02178943157196045 0.0077228546142578125 0.0035059452056884766 0.0044182538986206055 0.014068007469177246 0.04300427436828613 0.03957664966583252 0.012264847755432129 0.0050247907638549805 0.007103085517883301 0.03212857246398926 0.2697831392288208 0.7986156940460205 0.3786139488220215 0.0 0.0 0.0 0.0 0.0 0.0 0.0 0.0 0.0 0.0 0.0
1.7682325839996338 0.024277687072753906 0.021116137504577637 0.010021448135375977 0.005544185638427734 0.0065310001373291016 0.014268875122070312 0.027289867401123047 0.02084827423095703 0.007583737373352051 0.0035855770111083984 0.005076169967651367 0.014252066612243652 0.04317629337310791 0.04005229473114014 0.013265252113342285 0.00542140007019043 0.008499741554260254 0.03546464443206787 0.27451860904693604 0.8050515651702881 0.37663519382476807 0.0 0.0 0.0 0.0 0.0 0.0 0.0 0.0 0.0 0.0
1.7654943466186523 0.009909868240356445 0.02107870578765869 0.01922607421875 0.009314179420471191 0.005179882049560547 0.006108403205871582 0.013867497444152832 0.026481986045837402 0.02045285701751709 0.007568955421447754 0.0034132003784179688 0.004199624061584473 0.013667941093444824 0.04278385639190674 0.03982865810394287 0.012687921524047852 0.0053980350494384766 0.0067501068115234375 0.03207838535308838 0.27289557456970215 0.8098242282867432 0.38113856315612793 0.0 0.0 0.0 0.0 0.0 0.0 0.0 0.0 0.0
1.7642370462417603 0.0037758350372314453 0.008501052856445312 0.019671082496643066 0.01789414882659912 0.008677244186401367 0.005040884017944336 0.005986928939819336 0.01356959342956543 0.02645277976989746 0.02069699764251709 0.007500648498535156 0.0034165382385253906 0.004233956336975098 0.013859152793884277 0.04316151142120361 0.03988945484161377 0.012660741806030273 0.0050313472747802734 0.006867527961730957 0.032171010971069336 0.27696967124938965 0.8125488758087158 0.37831175327301025 0.0 0.0 0.0 0.0 0.0 0.0 0.0 0.0
1.7703053951263428 0.00353240966796875 0.0031065940856933594 0.008013010025024414 0.018371224403381348 0.017180204391479492 0.008408188819885254 0.004860401153564453 0.005884528160095215 0.01382756233215332 0.02660691738128662 0.02035510540008545 0.007349729537963867 0.003332972526550293 0.004172325134277344 0.013982295989990234 0.04309237003326416 0.03992938995361328 0.012595176696777344 0.004660844802856445 0.006451964378356934 0.03225111961364746 0.272680401802063 0.8029234409332275 0.3737180233001709 0.0 0.0 0.0 0.0 0.0 0.0 0.0
1.7678492069244385 0.009044051170349121 0.0028285980224609375 0.0029163360595703125 0.0074155330657958984 0.018300294876098633 0.016498446464538574 0.008141279220581055 0.00473940372467041 0.005819439888000488 0.013206839561462402 0.02551722526550293 0.01983964443206787 0.007245779037475586 0.003263115882873535 0.004148960113525391 0.013531088829040527 0.04204726219177246 0.039328694343566895 0.012086629867553711 0.004709839820861816 0.006573677062988281 0.03128206729888916 0.27196502685546875 0.8091044425964355 0.3729703426361084 0.0 0.0 0.0 0.0 0.0 0.0
1.7703479528427124 0.03197455406188965 0.007125973701477051 0.002577662467956543 0.002694368362426758 0.007382035255432129 0.017173290252685547 0.016355156898498535 0.00809788703918457 0.004715085029602051 0.0057277679443359375 0.01300203800201416 0.025191903114318848 0.020207762718200684 0.007157564163208008 0.0033626556396484375 0.004180431365966797 0.013440608978271484 0.04175257682800293 0.03853023052215576 0.012299299240112305 0.00528717041015625 0.006970047950744629 0.03294634819030762 0.2728745937347412 0.8028888702392578 0.3725491762161255 0.0 0.0 0.0 0.0 0.0
1.7689504623413086 0.04729330539703369 0.024194002151489258 0.006581783294677734 0.002421140670776367 0.0026520490646362305 0.006980538368225098 0.01710689067840576 0.016116857528686523 0.0079725980758667 0.004683375358581543 0.005479574203491211 0.012638688087463379 0.02506399154663086 0.019565582275390625 0.00721585750579834 0.0032302141189575195 0.004092097282409668 0.01327204704284668 0.04171609878540039 0.03925013542175293 0.012225747108459473 0.00494074821472168 0.006577014923095703 0.032561659812927246 0.27344775199890137 0.8048529624938965 0.37220442295074463 0.0 0.0 0.0 0.0
1.7639113664627075 0.01995384693145752 0.0367809534072876 0.02265346050262451 0.006242275238037109 0.0023720264434814453 0.0025404691696166992 0.00692439079284668 0.016892433166503906 0.01585972309112549 0.00811779499053955 0.004606127738952637 0.005461335182189941 0.01282191276550293 0.02514505386352539 0.020328879356384277 0.007214903831481934 0.003263711929321289 0.004088401794433594 0.0132904052734375 0.042641401290893555 0.03932762145996094 0.012161850929260254 0.004987835884094238 0.008383035659790039 0.03210711479187012 0.2789252996444702 0.8129734992980957 0.37496161460876465 0.0 0.0 0.0
1.7669166326522827 0.005051970481872559 0.015313982963562012 0.03394913673400879 0.021589279174804688 0.005975008010864258 0.0022906064987182617 0.0024758577346801758 0.006824374198913574 0.01636040210723877 0.01604926586151123 0.007810831069946289 0.0044525861740112305 0.005596637725830078 0.012526392936706543 0.02546834945678711 0.01954829692840576 0.007141232490539551 0.0032401084899902344 0.00406801700592041 0.01364600658416748 0.042232394218444824 0.039044737815856934 0.012081146240234375 0.005265712738037109 0.006963372230529785 0.03274846076965332 0.2751873731613159 0.8085072040557861 0.37389492988586426 0.0 0.0
1.7658259868621826 0.00261843204498291 0.0038243532180786133 0.01383352279663086 0.03212761878967285 0.02054440975189209 0.005789518356323242 0.0022368431091308594 0.0024635791778564453 0.006596207618713379 0.01678597927093506 0.015624523162841797 0.007605552673339844 0.004510402679443359 0.005344748497009277 0.012662172317504883 0.024701356887817383 0.019418954849243164 0.007017731666564941 0.003151535987854004 0.004090309143066406 0.013312458992004395 0.04146885871887207 0.039055585861206055 0.01248157024383545 0.0054852962493896484 0.0069969892501831055 0.03403365612030029 0.2767900228500366 0.810004711151123 0.3749392032623291 0.0
1.76665461063385 0.004764199256896973 0.00200653076171875 0.003331303596496582 0.013068079948425293 0.030807852745056152 0.019994258880615234 0.005720257759094238 0.002200007438659668 0.002368450164794922 0.006820201873779297 0.01601254940032959 0.015006780624389648 0.007620453834533691 0.004367351531982422 0.0053598880767822266 0.012381434440612793 0.024612069129943848 0.01926743984222412 0.0068531036376953125 0.003183722496032715 0.0040367841720581055 0.01297307014465332 0.041530609130859375 0.03914797306060791 0.012076497077941895 0.004991292953491211 0.006560802459716797 0.032199978828430176 0.27484893798828125 0.8099596500396729 0.37294650077819824
