1.9999799728393555 0.0 0.0 0.0 0.0 0.0 0.0 0.0 0.0 0.0 0.0 0.0 0.0 0.0 0.0 0.0 0.0 0.0 0.0 0.0 0.0 0.0 0.0 0.0 0.0 0.0 0.0 0.0 0.0 0.0 0.0 0.0
1.981696367263794 0.26993048191070557 0.0 0.0 0.0 0.0 0.0 0.0 0.0 0.0 0.0 0.0 0.0 0.0 0.0 0.0 0.0 0.0 0.0 0.0 0.0 0.0 0.0 0.0 0.0 0.0 0.0 0.0 0.0 0.0 0.0 0.0
1.9666138887405396 0.3327805995941162 0.1469024419784546 0.0 0.0 0.0 0.0 0.0 0.0 0.0 0.0 0.0 0.0 0.0 0.0 0.0 0.0 0.0 0.0 0.0 0.0 0.0 0.0 0.0 0.0 0.0 0.0 0.0 0.0 0.0 0.0 0.0
1.9405536651611328 0.35747766494750977 0.2884700298309326 0.15206289291381836 0.0 0.0 0.0 0.0 0.0 0.0 0.0 0.0 0.0 0.0 0.0 0.0 0.0 0.0 0.0 0.0 0.0 0.0 0.0 0.0 0.0 0.0 0.0 0.0 0.0 0.0 0.0 0.0
1.9128705263137817 0.3617798089981079 0.3290039300918579 0.28028154373168945 0.15209996700286865 0.0 0.0 0.0 0.0 0.0 0.0 0.0 0.0 0.0 0.0 0.0 0.0 0.0 0.0 0.0 0.0 0.0 0.0 0.0 0.0 0.0 0.0 0.0 0.0 0.0 0.0 0.0
1.887812614440918 0.3472334146499634 0.34044837951660156 0.3224756717681885 0.27101659774780273 0.14868378639221191 0.0 0.0 0.0 0.0 0.0 0.0 0.0 0.0 0.0 0.0 0.0 0.0 0.0 0.0 0.0 0.0 0.0 0.0 0.0 0.0 0.0 0.0 0.0 0.0 0.0 0.0
1.8631539344787598 0.3422884941101074 0.3385336399078369 0.3311706781387329 0.3084146976470947 0.2656698226928711 0.14618957042694092 0.0 0.0 0.0 0.0 0.0 0.0 0.0 0.0 0.0 0.0 0.0 0.0 0.0 0.0 0.0 0.0 0.0 0.0 0.0 0.0 0.0 0.0 0.0 0.0 0.0
1.8416181802749634 0.3351929187774658 0.3368006944656372 0.33104872703552246 0.31724095344543457 0.29961860179901123 0.251855731010437 0.1380629539489746 0.0 0.0 0.0 0.0 0.0 0.0 0.0 0.0 0.0 0.0 0.0 0.0 0.0 0.0 0.0 0.0 0.0 0.0 0.0 0.0 0.0 0.0 0.0 0.0
1.8214048147201538 0.3270890712738037 0.33216404914855957 0.33015012741088867 0.3168675899505615 0.3063209056854248 0.2873222827911377 0.244423508644104 0.13959097862243652 0.0 0.0 0.0 0.0 0.0 0.0 0.0 0.0 0.0 0.0 0.0 0.0 0.0 0.0 0.0 0.0 0.0 0.0 0.0 0.0 0.0 0.0 0.0
1.8022775650024414 0.3111705780029297 0.3220515251159668 0.3262917995452881 0.3143566846847534 0.3087935447692871 0.30119574069976807 0.2842288017272949 0.2433255910873413 0.14040827751159668 0.0 0.0 0.0 0.0 0.0 0.0 0.0 0.0 0.0 0.0 0.0 0.0 0.0 0.0 0.0 0.0 0.0 0.0 0.0 0.0 0.0 0.0
1.786648154258728 0.29521799087524414 0.3133963346481323 0.3198971748352051 0.30883944034576416 0.30536699295043945 0.30064356327056885 0.29533469676971436 0.27846598625183105 0.23888826370239258 0.13833415508270264 0.0 0.0 0.0 0.0 0.0 0.0 0.0 0.0 0.0 0.0 0.0 0.0 0.0 0.0 0.0 0.0 0.0 0.0 0.0 0.0 0.0
1.7715520858764648 0.28386902809143066 0.30335962772369385 0.3097422122955322 0.30337584018707275 0.3012380599975586 0.295900821685791 0.29741811752319336 0.29306793212890625 0.2716095447540283 0.23664593696594238 0.1357104778289795 0.0 0.0 0.0 0.0 0.0 0.0 0.0 0.0 0.0 0.0 0.0 0.0 0.0 0.0 0.0 0.0 0.0 0.0 0.0 0.0
1.7526931762695312 0.27767932415008545 0.2937471866607666 0.3043336868286133 0.2964557409286499 0.2972404956817627 0.29451262950897217 0.3011976480484009 0.2992746829986572 0.28731071949005127 0.26994991302490234 0.23566913604736328 0.13279616832733154 0.0 0.0 0.0 0.0 0.0 0.0 0.0 0.0 0.0 0.0 0.0 0.0 0.0 0.0 0.0 0.0 0.0 0.0 0.0
1.7453453540802002 0.2645385265350342 0.27607977390289307 0.28545641899108887 0.2868180274963379 0.28769826889038086 0.28719866275787354 0.29324471950531006 0.2937016487121582 0.2888457775115967 0.28388547897338867 0.27125370502471924 0.2275221347808838 0.1294013261795044 0.0 0.0 0.0 0.0 0.0 0.0 0.0 0.0 0.0 0.0 0.0 0.0 0.0 0.0 0.0 0.0 0.0 0.0
1.7303473949432373 0.26501941680908203 0.2763099670410156 0.2788609266281128 0.277349591255188 0.2808781862258911 0.2824113368988037 0.2878758907318115 0.29020261764526367 0.2869020700454712 0.2880129814147949 0.2819199562072754 0.25966691970825195 0.22323226928710938 0.12919282913208008 0.0 0.0 0.0 0.0 0.0 0.0 0.0 0.0 0.0 0.0 0.0 0.0 0.0 0.0 0.0 0.0 0.0
1.71567702293396 0.2570387125015259 0.27052783966064453 0.27583765983581543 0.2685939073562622 0.2726919651031494 0.27391695976257324 0.2786409854888916 0.28310251235961914 0.28327155113220215 0.28888773918151855 0.2903001308441162 0.27274632453918457 0.26862967014312744 0.2220381498336792 0.13317465782165527 0.0 0.0 0.0 0.0 0.0 0.0 0.0 0.0 0.0 0.0 0.0 0.0 0.0 0.0 0.0 0.0
1.705584168434143 0.24709391593933105 0.2624197006225586 0.26831042766571045 0.2656850814819336 0.26443278789520264 0.2670135498046875 0.2733161449432373 0.27937984466552734 0.28411436080932617 0.28574419021606445 0.285000205039978 0.2770925760269165 0.2697192430496216 0.2561606168746948 0.22027814388275146 0.13043081760406494 0.0 0.0 0.0 0.0 0.0 0.0 0.0 0.0 0.0 0.0 0.0 0.0 0.0 0.0 0.0
1.6940504312515259 0.24023175239562988 0.25321829319000244 0.26246190071105957 0.260770320892334 0.26001739501953125 0.2599160671234131 0.26435232162475586 0.2705075740814209 0.2754760980606079 0.2782275676727295 0.2842979431152344 0.27734339237213135 0.28029608726501465 0.26863062381744385 0.25461316108703613 0.22005188465118408 0.13406908512115479 0.0 0.0 0.0 0.0 0.0 0.0 0.0 0.0 0.0 0.0 0.0 0.0 0.0 0.0
1.6850444078445435 0.23581838607788086 0.2466181516647339 0.257122278213501 0.2570157051086426 0.2551835775375366 0.2542557716369629 0.25795555114746094 0.2638005018234253 0.2670811414718628 0.27094531059265137 0.279010534286499 0.2757997512817383 0.27886033058166504 0.27319610118865967 0.2653411626815796 0.2481400966644287 0.21527361869812012 0.12845861911773682 0.0 0.0 0.0 0.0 0.0 0.0 0.0 0.0 0.0 0.0 0.0 0.0 0.0
1.674621820449829 0.2304929494857788 0.24034082889556885 0.24879121780395508 0.2475677728652954 0.25022995471954346 0.2496565580368042 0.25321805477142334 0.25598907470703125 0.2632725238800049 0.26848292350769043 0.2721128463745117 0.2721107006072998 0.2744157314300537 0.27206122875213623 0.27268660068511963 0.26299381256103516 0.24800467491149902 0.21535873413085938 0.1284865140914917 0.0 0.0 0.0 0.0 0.0 0.0 0.0 0.0 0.0 0.0 0.0 0.0
1.663866639137268 0.22590553760528564 0.23333656787872314 0.24171733856201172 0.23987162113189697 0.2441084384918213 0.2451258897781372 0.2524700164794922 0.2564479112625122 0.2549431324005127 0.2583467960357666 0.2640172243118286 0.26484477519989014 0.2707763910293579 0.2715111970901489 0.27367937564849854 0.26969194412231445 0.26332688331604004 0.25080955028533936 0.2138228416442871 0.12820446491241455 0.0 0.0 0.0 0.0 0.0 0.0 0.0 0.0 0.0 0.0 0.0
1.6553088426589966 0.2208118438720703 0.22856652736663818 0.23670482635498047 0.23323345184326172 0.23806500434875488 0.23858857154846191 0.24461936950683594 0.2509124279022217 0.25017833709716797 0.2517430782318115 0.25712764263153076 0.25834834575653076 0.2668933868408203 0.2682161331176758 0.27278566360473633 0.26956915855407715 0.2704209089279175 0.26151514053344727 0.2458360195159912 0.21135544776916504 0.12705039978027344 0.0 0.0 0.0 0.0 0.0 0.0 0.0 0.0 0.0 0.0
1.6434061527252197 0.21428751945495605 0.22696256637573242 0.23367750644683838 0.2322385311126709 0.2324965000152588 0.23284530639648438 0.23836517333984375 0.24438011646270752 0.2477588653564453 0.2538950443267822 0.25718915462493896 0.2537330389022827 0.2591214179992676 0.26437413692474365 0.27252113819122314 0.2673766613006592 0.2745168209075928 0.26612281799316406 0.25892066955566406 0.23913514614105225 0.206382155418396 0.1264253854751587 0.0 0.0 0.0 0.0 0.0 0.0 0.0 0.0 0.0
1.6376214027404785 0.2065671682357788 0.22002148628234863 0.22856104373931885 0.22879552841186523 0.22781968116760254 0.22577917575836182 0.23230648040771484 0.23941516876220703 0.2416069507598877 0.2485753297805786 0.2515270709991455 0.24762368202209473 0.25172340869903564 0.26213181018829346 0.2639350891113281 0.26588642597198486 0.2683088779449463 0.26626110076904297 0.26165568828582764 0.25209641456604004 0.23697054386138916 0.20693182945251465 0.1304553747177124 0.0 0.0 0.0 0.0 0.0 0.0 0.0 0.0
1.629331350326538 0.20517230033874512 0.21503746509552002 0.22467005252838135 0.22705137729644775 0.2254641056060791 0.22414326667785645 0.22716975212097168 0.2329193353652954 0.23587989807128906 0.24206233024597168 0.24781012535095215 0.24095726013183594 0.24746763706207275 0.2552480697631836 0.25453245639801025 0.25943541526794434 0.26003801822662354 0.2634190320968628 0.26529252529144287 0.259354829788208 0.2511723041534424 0.23762726783752441 0.21090912818908691 0.12955009937286377 0.0 0.0 0.0 0.0 0.0 0.0 0.0
1.62134850025177 0.20599687099456787 0.20631980895996094 0.21526312828063965 0.22430169582366943 0.22305083274841309 0.22066378593444824 0.22254741191864014 0.2291039228439331 0.23201370239257812 0.23462271690368652 0.24288320541381836 0.24125492572784424 0.24398326873779297 0.24930310249328613 0.24887573719024658 0.2542903423309326 0.2542778253555298 0.26186156272888184 0.2623939514160156 0.2598567008972168 0.2568213939666748 0.2483302354812622 0.23533785343170166 0.21229016780853271 0.12953758239746094 0.0 0.0 0.0 0.0 0.0 0.0
1.618189811706543 0.1956418752670288 0.2017974853515625 0.20866477489471436 0.21381711959838867 0.2159109115600586 0.21956992149353027 0.21848154067993164 0.22562885284423828 0.22603905200958252 0.22790110111236572 0.23533952236175537 0.23614883422851562 0.23847389221191406 0.24587202072143555 0.24268293380737305 0.2506544589996338 0.250174880027771 0.25279951095581055 0.26261043548583984 0.2583181858062744 0.25786757469177246 0.2538459300994873 0.24572718143463135 0.23433005809783936 0.20299386978149414 0.1287696361541748 0.0 0.0 0.0 0.0 0.0
1.6104118824005127 0.1905355453491211 0.19894921779632568 0.20509350299835205 0.2070091962814331 0.208274245262146 0.21221745014190674 0.21724307537078857 0.220528244972229 0.22222065925598145 0.22232747077941895 0.22795581817626953 0.23012542724609375 0.23787760734558105 0.23824810981750488 0.23862874507904053 0.24452364444732666 0.24673986434936523 0.2545356750488281 0.2518974542617798 0.25686967372894287 0.2578742504119873 0.25914573669433594 0.255673885345459 0.24779844284057617 0.23280620574951172 0.20266437530517578 0.12889909744262695 0.0 0.0 0.0 0.0
1.6017351150512695 0.18926191329956055 0.19880735874176025 0.20352470874786377 0.202950119972229 0.2067629098892212 0.20867455005645752 0.21048378944396973 0.21694409847259521 0.21784615516662598 0.2223895788192749 0.2245936393737793 0.22535252571105957 0.23282992839813232 0.23542261123657227 0.23793482780456543 0.23918020725250244 0.24236977100372314 0.24542391300201416 0.2479151487350464 0.2521861791610718 0.2547268867492676 0.2571491003036499 0.2578275203704834 0.25586211681365967 0.24355006217956543 0.23068475723266602 0.20170962810516357 0.129347562789917 0.0 0.0 0.0
1.5993353128433228 0.18190419673919678 0.1943608522415161 0.20177972316741943 0.19893181324005127 0.19910931587219238 0.2007817029953003 0.2050466537475586 0.21195757389068604 0.2131035327911377 0.2181607484817505 0.2188194990158081 0.2200303077697754 0.22406792640686035 0.22708094120025635 0.2342991828918457 0.23398363590240479 0.23855376243591309 0.23998165130615234 0.24225687980651855 0.24614405632019043 0.25020456314086914 0.25305068492889404 0.2559894323348999 0.2562706470489502 0.24956190586090088 0.24397218227386475 0.2297450304031372 0.1991879940032959 0.13087666034698486 0.0 0.0
1.598896861076355 0.1738184690475464 0.1909571886062622 0.20042133331298828 0.19630491733551025 0.19787359237670898 0.19421756267547607 0.19824790954589844 0.20248651504516602 0.2047426700592041 0.20961689949035645 0.21548140048980713 0.21411585807800293 0.21797573566436768 0.22014641761779785 0.22845196723937988 0.23031771183013916 0.23273849487304688 0.23460638523101807 0.2382819652557373 0.23956632614135742 0.2444591522216797 0.24963784217834473 0.2541615962982178 0.2511720657348633 0.2507643699645996 0.2473161220550537 0.23690509796142578 0.2255948781967163 0.2003563642501831 0.13019156455993652 0.0
1.5884367227554321 0.17430174350738525 0.1877075433731079 0.1957237720489502 0.1956188678741455 0.2021327018737793 0.19544482231140137 0.1962442398071289 0.1998063325881958 0.2029966115951538 0.20830142498016357 0.21199417114257812 0.21307027339935303 0.2156130075454712 0.21806180477142334 0.22240924835205078 0.22686553001403809 0.22942817211151123 0.23146235942840576 0.234108567237854 0.23529517650604248 0.23866796493530273 0.24367201328277588 0.24813127517700195 0.2508418560028076 0.24870872497558594 0.25167012214660645 0.24648141860961914 0.238899827003479 0.22391343116760254 0.19845008850097656 0.1311427354812622
