1.9999799728393555 0.0 0.0 0.0 0.0 0.0 0.0 0.0 0.0 0.0 0.0 0.0 0.0 0.0 0.0 0.0 0.0 0.0 0.0 0.0 0.0 0.0 0.0 0.0 0.0 0.0 0.0 0.0 0.0 0.0 0.0 0.0
1.8649556636810303 0.7223895788192749 0.0 0.0 0.0 0.0 0.0 0.0 0.0 0.0 0.0 0.0 0.0 0.0 0.0 0.0 0.0 0.0 0.0 0.0 0.0 0.0 0.0 0.0 0.0 0.0 0.0 0.0 0.0 0.0 0.0 0.0
1.909056544303894 0.3036210536956787 0.5130655765533447 0.0 0.0 0.0 0.0 0.0 0.0 0.0 0.0 0.0 0.0 0.0 0.0 0.0 0.0 0.0 0.0 0.0 0.0 0.0 0.0 0.0 0.0 0.0 0.0 0.0 0.0 0.0 0.0 0.0
1.9083083868026733 0.2017124891281128 0.297945499420166 0.4783238172531128 0.0 0.0 0.0 0.0 0.0 0.0 0.0 0.0 0.0 0.0 0.0 0.0 0.0 0.0 0.0 0.0 0.0 0.0 0.0 0.0 0.0 0.0 0.0 0.0 0.0 0.0 0.0 0.0
1.9183428287506104 0.1553717851638794 0.1685265302658081 0.2616910934448242 0.44586288928985596 0.0 0.0 0.0 0.0 0.0 0.0 0.0 0.0 0.0 0.0 0.0 0.0 0.0 0.0 0.0 0.0 0.0 0.0 0.0 0.0 0.0 0.0 0.0 0.0 0.0 0.0 0.0
1.9189274311065674 0.14524400234222412 0.11983156204223633 0.1539531946182251 0.25087547302246094 0.44216465950012207 0.0 0.0 0.0 0.0 0.0 0.0 0.0 0.0 0.0 0.0 0.0 0.0 0.0 0.0 0.0 0.0 0.0 0.0 0.0 0.0 0.0 0.0 0.0 0.0 0.0 0.0
1.9197455644607544 0.14041733741760254 0.10466229915618896 0.10796558856964111 0.15752160549163818 0.2496929168701172 0.4300813674926758 0.0 0.0 0.0 0.0 0.0 0.0 0.0 0.0 0.0 0.0 0.0 0.0 0.0 0.0 0.0 0.0 0.0 0.0 0.0 0.0 0.0 0.0 0.0 0.0 0.0
1.918818712234497 0.13689446449279785 0.10444533824920654 0.09605050086975098 0.10617256164550781 0.1439119577407837 0.2410588264465332 0.4347381591796875 0.0 0.0 0.0 0.0 0.0 0.0 0.0 0.0 0.0 0.0 0.0 0.0 0.0 0.0 0.0 0.0 0.0 0.0 0.0 0.0 0.0 0.0 0.0 0.0
1.9196069240570068 0.13484275341033936 0.11160469055175781 0.09959995746612549 0.09585011005401611 0.1059180498123169 0.14632773399353027 0.23949790000915527 0.4186286926269531 0.0 0.0 0.0 0.0 0.0 0.0 0.0 0.0 0.0 0.0 0.0 0.0 0.0 0.0 0.0 0.0 0.0 0.0 0.0 0.0 0.0 0.0 0.0
1.9203537702560425 0.11526072025299072 0.10441482067108154 0.10162472724914551 0.09611284732818604 0.09258139133453369 0.10064470767974854 0.1410161256790161 0.23448967933654785 0.4180668592453003 0.0 0.0 0.0 0.0 0.0 0.0 0.0 0.0 0.0 0.0 0.0 0.0 0.0 0.0 0.0 0.0 0.0 0.0 0.0 0.0 0.0 0.0
1.91901695728302 0.10501241683959961 0.09099364280700684 0.09661996364593506 0.0978240966796875 0.09444034099578857 0.08736550807952881 0.09615325927734375 0.1321030855178833 0.23351848125457764 0.42574334144592285 0.0 0.0 0.0 0.0 0.0 0.0 0.0 0.0 0.0 0.0 0.0 0.0 0.0 0.0 0.0 0.0 0.0 0.0 0.0 0.0 0.0
1.922204852104187 0.10517549514770508 0.08253908157348633 0.08671128749847412 0.09498310089111328 0.09636378288269043 0.09249687194824219 0.08884131908416748 0.09563589096069336 0.13277113437652588 0.23560595512390137 0.40321385860443115 0.0 0.0 0.0 0.0 0.0 0.0 0.0 0.0 0.0 0.0 0.0 0.0 0.0 0.0 0.0 0.0 0.0 0.0 0.0 0.0
1.9230036735534668 0.10979211330413818 0.07926380634307861 0.07665812969207764 0.0825275182723999 0.09210288524627686 0.0941162109375 0.09104347229003906 0.08696484565734863 0.09341371059417725 0.13071000576019287 0.22975552082061768 0.3988492488861084 0.0 0.0 0.0 0.0 0.0 0.0 0.0 0.0 0.0 0.0 0.0 0.0 0.0 0.0 0.0 0.0 0.0 0.0 0.0
1.9233604669570923 0.11549568176269531 0.08447229862213135 0.07473468780517578 0.07441067695617676 0.08025181293487549 0.08814859390258789 0.09389722347259521 0.08954215049743652 0.08781731128692627 0.09721899032592773 0.12842106819152832 0.22565650939941406 0.3915684223175049 0.0 0.0 0.0 0.0 0.0 0.0 0.0 0.0 0.0 0.0 0.0 0.0 0.0 0.0 0.0 0.0 0.0 0.0
1.9225364923477173 0.11539876461029053 0.08762156963348389 0.0778357982635498 0.07258284091949463 0.07336270809173584 0.07770824432373047 0.08614850044250488 0.0912017822265625 0.08790409564971924 0.08541667461395264 0.09484732151031494 0.1277611255645752 0.22970342636108398 0.38877737522125244 0.0 0.0 0.0 0.0 0.0 0.0 0.0 0.0 0.0 0.0 0.0 0.0 0.0 0.0 0.0 0.0 0.0
1.9171221256256104 0.11460578441619873 0.0904533863067627 0.08321285247802734 0.07840466499328613 0.10001063346862793 0.0701521635055542 0.0771477222442627 0.08558082580566406 0.08975446224212646 0.0875321626663208 0.08561789989471436 0.09255099296569824 0.13311302661895752 0.2279871702194214 0.4007422924041748 0.0 0.0 0.0 0.0 0.0 0.0 0.0 0.0 0.0 0.0 0.0 0.0 0.0 0.0 0.0 0.0
1.9206609725952148 0.10639512538909912 0.08301770687103271 0.08174896240234375 0.08154034614562988 0.0776982307434082 0.06843626499176025 0.06816136837005615 0.0755305290222168 0.08448672294616699 0.09168791770935059 0.08829140663146973 0.08337974548339844 0.10168337821960449 0.13226568698883057 0.22443687915802002 0.3870384693145752 0.0 0.0 0.0 0.0 0.0 0.0 0.0 0.0 0.0 0.0 0.0 0.0 0.0 0.0 0.0
1.9205948114395142 0.10243642330169678 0.07681584358215332 0.07475066184997559 0.07901537418365479 0.07985222339630127 0.07228052616119385 0.06707251071929932 0.0668402910232544 0.07162582874298096 0.08245337009429932 0.08910560607910156 0.08599746227264404 0.09046638011932373 0.10155999660491943 0.12357127666473389 0.2267918586730957 0.38716423511505127 0.0 0.0 0.0 0.0 0.0 0.0 0.0 0.0 0.0 0.0 0.0 0.0 0.0 0.0
1.9230365753173828 0.10531461238861084 0.07528114318847656 0.06918025016784668 0.07271289825439453 0.07886576652526855 0.07745063304901123 0.07188749313354492 0.06620550155639648 0.06657207012176514 0.0754396915435791 0.08442103862762451 0.08520305156707764 0.08700287342071533 0.08460795879364014 0.08885657787322998 0.12543761730194092 0.21844220161437988 0.377640962600708 0.0 0.0 0.0 0.0 0.0 0.0 0.0 0.0 0.0 0.0 0.0 0.0 0.0
1.9212064743041992 0.1076958179473877 0.07819640636444092 0.06799924373626709 0.0664745569229126 0.06970560550689697 0.0750194787979126 0.07664346694946289 0.07091784477233887 0.06718289852142334 0.06987226009368896 0.07428503036499023 0.07987082004547119 0.09177947044372559 0.09150528907775879 0.0809168815612793 0.09145545959472656 0.11920607089996338 0.22441518306732178 0.37827086448669434 0.0 0.0 0.0 0.0 0.0 0.0 0.0 0.0 0.0 0.0 0.0 0.0
1.919085144996643 0.10757970809936523 0.08200621604919434 0.0709456205368042 0.0656130313873291 0.06477081775665283 0.06878328323364258 0.0749671459197998 0.07575023174285889 0.0705336332321167 0.06810438632965088 0.06548941135406494 0.07081222534179688 0.08530199527740479 0.0956735610961914 0.08224928379058838 0.0825345516204834 0.08594965934753418 0.12314438819885254 0.22341656684875488 0.3842458724975586 0.0 0.0 0.0 0.0 0.0 0.0 0.0 0.0 0.0 0.0 0.0
1.9202607870101929 0.10132277011871338 0.08136296272277832 0.07443475723266602 0.06793570518493652 0.06328833103179932 0.061052799224853516 0.06707108020782471 0.07196485996246338 0.07461631298065186 0.06977546215057373 0.06393730640411377 0.062244415283203125 0.07098841667175293 0.08096098899841309 0.08297538757324219 0.08078145980834961 0.07681655883789062 0.08596241474151611 0.12197816371917725 0.22165334224700928 0.3837623596191406 0.0 0.0 0.0 0.0 0.0 0.0 0.0 0.0 0.0 0.0
1.9196501970291138 0.09676992893218994 0.07650554180145264 0.07399678230285645 0.07189273834228516 0.06698989868164062 0.06064403057098389 0.06262707710266113 0.06560683250427246 0.07172572612762451 0.07375228404998779 0.06983613967895508 0.06308197975158691 0.06311571598052979 0.07474112510681152 0.07685303688049316 0.08269822597503662 0.07957112789154053 0.0773017406463623 0.08697295188903809 0.12342655658721924 0.22082054615020752 0.38332104682922363 0.0 0.0 0.0 0.0 0.0 0.0 0.0 0.0 0.0
1.9192968606948853 0.09467339515686035 0.07055187225341797 0.06805026531219482 0.06906890869140625 0.06862962245941162 0.06360828876495361 0.06041228771209717 0.05897986888885498 0.0639272928237915 0.07142329216003418 0.07324504852294922 0.06831669807434082 0.0639810562133789 0.06657028198242188 0.06564879417419434 0.07573974132537842 0.0803225040435791 0.07999837398529053 0.07707715034484863 0.08713388442993164 0.12090396881103516 0.22424495220184326 0.3845256567001343 0.0 0.0 0.0 0.0 0.0 0.0 0.0 0.0
1.9155890941619873 0.09933245182037354 0.07235372066497803 0.06526494026184082 0.06528401374816895 0.0683373212814331 0.06622684001922607 0.06366837024688721 0.05853629112243652 0.05871701240539551 0.07221555709838867 0.07339155673980713 0.07228553295135498 0.07539689540863037 0.0701223611831665 0.06056654453277588 0.06760096549987793 0.07399249076843262 0.08142006397247314 0.08220541477203369 0.08179616928100586 0.09271621704101562 0.12552261352539062 0.2205291986465454 0.3918311595916748 0.0 0.0 0.0 0.0 0.0 0.0 0.0
1.9181345701217651 0.0999603271484375 0.07693445682525635 0.06559765338897705 0.06142771244049072 0.06540405750274658 0.06484103202819824 0.06496882438659668 0.06072402000427246 0.056435346603393555 0.06021153926849365 0.06396889686584473 0.06941699981689453 0.07440733909606934 0.0710306167602539 0.060885071754455566 0.059775352478027344 0.06438839435577393 0.07388019561767578 0.07949531078338623 0.07920920848846436 0.07668983936309814 0.08411812782287598 0.12282264232635498 0.22235894203186035 0.3833470344543457 0.0 0.0 0.0 0.0 0.0 0.0
1.9155503511428833 0.09559500217437744 0.08099734783172607 0.07070934772491455 0.062980055809021 0.06078827381134033 0.05995678901672363 0.06306302547454834 0.06359338760375977 0.0599825382232666 0.06054878234863281 0.05950939655303955 0.06333911418914795 0.07652854919433594 0.07564997673034668 0.0648874044418335 0.061574578285217285 0.058797240257263184 0.06570005416870117 0.07492411136627197 0.08198273181915283 0.08056521415710449 0.07788324356079102 0.09013652801513672 0.12269473075866699 0.22619414329528809 0.386157751083374 0.0 0.0 0.0 0.0 0.0
1.917690634727478 0.08732199668884277 0.07843780517578125 0.0762413740158081 0.06859099864959717 0.06183743476867676 0.05662429332733154 0.05817461013793945 0.06096911430358887 0.06206202507019043 0.059625983238220215 0.057276010513305664 0.05650532245635986 0.06418156623840332 0.07322990894317627 0.06842386722564697 0.06472361087799072 0.05881822109222412 0.05834460258483887 0.06423711776733398 0.07458937168121338 0.08079075813293457 0.0777273178100586 0.07836341857910156 0.08729934692382812 0.11931741237640381 0.21988415718078613 0.38231587409973145 0.0 0.0 0.0 0.0
1.917525053024292 0.0807424783706665 0.0684884786605835 0.0727156400680542 0.07328104972839355 0.06971585750579834 0.0595550537109375 0.05623674392700195 0.05642414093017578 0.061003804206848145 0.06195640563964844 0.05842137336730957 0.05465340614318848 0.05670320987701416 0.06141531467437744 0.06721746921539307 0.06832921504974365 0.06372344493865967 0.058695197105407715 0.05749821662902832 0.06526994705200195 0.07218623161315918 0.07747507095336914 0.08105027675628662 0.07551109790802002 0.08370590209960938 0.12193310260772705 0.2202003002166748 0.38376379013061523 0.0 0.0 0.0
1.9185645580291748 0.07831382751464844 0.05911409854888916 0.06310427188873291 0.07044494152069092 0.07359945774078369 0.06425464153289795 0.057386159896850586 0.0535660982131958 0.05529630184173584 0.060356974601745605 0.06109309196472168 0.057984113693237305 0.05663478374481201 0.060321927070617676 0.059719204902648926 0.06640911102294922 0.06771528720855713 0.06403005123138428 0.058319091796875 0.05853772163391113 0.06578171253204346 0.07209658622741699 0.08100533485412598 0.07859313488006592 0.07452106475830078 0.0873270034790039 0.1191030740737915 0.21493709087371826 0.38040173053741455 0.0 0.0
1.9191240072250366 0.08285963535308838 0.057396531105041504 0.05485367774963379 0.060808539390563965 0.07762312889099121 0.06847107410430908 0.06258571147918701 0.05558288097381592 0.05223524570465088 0.054796695709228516 0.05910670757293701 0.05921518802642822 0.05724227428436279 0.0554046630859375 0.05454528331756592 0.059838056564331055 0.06476116180419922 0.06700420379638672 0.06260573863983154 0.05755746364593506 0.0566868782043457 0.061487674713134766 0.07273030281066895 0.07801258563995361 0.07520461082458496 0.07395684719085693 0.08206498622894287 0.11731481552124023 0.2155379056930542 0.37970471382141113 0.0
1.918756127357483 0.08851122856140137 0.06117391586303711 0.05283069610595703 0.052880048751831055 0.0666583776473999 0.06579673290252686 0.06721711158752441 0.06140565872192383 0.05407512187957764 0.05205512046813965 0.05387985706329346 0.05694079399108887 0.05900275707244873 0.05651986598968506 0.05289041996002197 0.05409371852874756 0.057428956031799316 0.06434309482574463 0.06582474708557129 0.061830878257751465 0.0589604377746582 0.056211233139038086 0.06288158893585205 0.07124507427215576 0.07528924942016602 0.0760188102722168 0.07368862628936768 0.08262813091278076 0.11745810508728027 0.21758675575256348 0.3790649175643921
