1.9999799728393555 0.0 0.0 0.0 0.0 0.0 0.0 0.0 0.0 0.0 0.0 0.0 0.0 0.0 0.0 0.0 0.0 0.0 0.0 0.0 0.0 0.0 0.0 0.0 0.0 0.0 0.0 0.0 0.0 0.0 0.0 0.0
1.97283136844635 0.32840609550476074 0.0 0.0 0.0 0.0 0.0 0.0 0.0 0.0 0.0 0.0 0.0 0.0 0.0 0.0 0.0 0.0 0.0 0.0 0.0 0.0 0.0 0.0 0.0 0.0 0.0 0.0 0.0 0.0 0.0 0.0
1.9263882637023926 0.2500016689300537 0.4758882522583008 0.0 0.0 0.0 0.0 0.0 0.0 0.0 0.0 0.0 0.0 0.0 0.0 0.0 0.0 0.0 0.0 0.0 0.0 0.0 0.0 0.0 0.0 0.0 0.0 0.0 0.0 0.0 0.0 0.0
1.9074617624282837 0.2272045612335205 0.3095003366470337 0.46267032623291016 0.0 0.0 0.0 0.0 0.0 0.0 0.0 0.0 0.0 0.0 0.0 0.0 0.0 0.0 0.0 0.0 0.0 0.0 0.0 0.0 0.0 0.0 0.0 0.0 0.0 0.0 0.0 0.0
1.8903636932373047 0.21116161346435547 0.2726426124572754 0.32456421852111816 0.44958972930908203 0.0 0.0 0.0 0.0 0.0 0.0 0.0 0.0 0.0 0.0 0.0 0.0 0.0 0.0 0.0 0.0 0.0 0.0 0.0 0.0 0.0 0.0 0.0 0.0 0.0 0.0 0.0
1.8763259649276733 0.20155107975006104 0.25393545627593994 0.28865325450897217 0.32446157932281494 0.4307748079299927 0.0 0.0 0.0 0.0 0.0 0.0 0.0 0.0 0.0 0.0 0.0 0.0 0.0 0.0 0.0 0.0 0.0 0.0 0.0 0.0 0.0 0.0 0.0 0.0 0.0 0.0
1.8630337715148926 0.1940596103668213 0.24631011486053467 0.27169203758239746 0.2920849323272705 0.3156757354736328 0.41455864906311035 0.0 0.0 0.0 0.0 0.0 0.0 0.0 0.0 0.0 0.0 0.0 0.0 0.0 0.0 0.0 0.0 0.0 0.0 0.0 0.0 0.0 0.0 0.0 0.0 0.0
1.8515141010284424 0.1888667345046997 0.22881531715393066 0.25236618518829346 0.27502334117889404 0.2879370450973511 0.3115358352661133 0.40552282333374023 0.0 0.0 0.0 0.0 0.0 0.0 0.0 0.0 0.0 0.0 0.0 0.0 0.0 0.0 0.0 0.0 0.0 0.0 0.0 0.0 0.0 0.0 0.0 0.0
1.8439698219299316 0.1808255910873413 0.2192929983139038 0.23724853992462158 0.24853003025054932 0.26708900928497314 0.2771775722503662 0.29753661155700684 0.40509867668151855 0.0 0.0 0.0 0.0 0.0 0.0 0.0 0.0 0.0 0.0 0.0 0.0 0.0 0.0 0.0 0.0 0.0 0.0 0.0 0.0 0.0 0.0 0.0
1.8369393348693848 0.17917871475219727 0.21133899688720703 0.22400593757629395 0.24072420597076416 0.251605749130249 0.2583804130554199 0.2706867456436157 0.29571592807769775 0.3870631456375122 0.0 0.0 0.0 0.0 0.0 0.0 0.0 0.0 0.0 0.0 0.0 0.0 0.0 0.0 0.0 0.0 0.0 0.0 0.0 0.0 0.0 0.0
1.8294806480407715 0.17809700965881348 0.2097417116165161 0.21811485290527344 0.22469627857208252 0.23765778541564941 0.24372267723083496 0.25066566467285156 0.2654910087585449 0.28536057472229004 0.38526368141174316 0.0 0.0 0.0 0.0 0.0 0.0 0.0 0.0 0.0 0.0 0.0 0.0 0.0 0.0 0.0 0.0 0.0 0.0 0.0 0.0 0.0
1.8245819807052612 0.17283141613006592 0.1984788179397583 0.21468877792358398 0.2208244800567627 0.22587597370147705 0.2318580150604248 0.23808300495147705 0.24568259716033936 0.2576305866241455 0.28273701667785645 0.37209248542785645 0.0 0.0 0.0 0.0 0.0 0.0 0.0 0.0 0.0 0.0 0.0 0.0 0.0 0.0 0.0 0.0 0.0 0.0 0.0 0.0
1.811804175376892 0.16809284687042236 0.19454193115234375 0.21539294719696045 0.21771061420440674 0.21826481819152832 0.22080779075622559 0.22728943824768066 0.2409381866455078 0.24769806861877441 0.2611556053161621 0.28914666175842285 0.37149858474731445 0.0 0.0 0.0 0.0 0.0 0.0 0.0 0.0 0.0 0.0 0.0 0.0 0.0 0.0 0.0 0.0 0.0 0.0 0.0
1.8105014562606812 0.1617875099182129 0.18922102451324463 0.20546841621398926 0.2135634422302246 0.2146744728088379 0.2134305238723755 0.2148280143737793 0.2252405881881714 0.23208999633789062 0.24206876754760742 0.2551736831665039 0.2746143341064453 0.3613380193710327 0.0 0.0 0.0 0.0 0.0 0.0 0.0 0.0 0.0 0.0 0.0 0.0 0.0 0.0 0.0 0.0 0.0 0.0
1.809181571006775 0.15593767166137695 0.17922985553741455 0.1960667371749878 0.20523953437805176 0.20983195304870605 0.21011614799499512 0.2109299898147583 0.2162632942199707 0.21827876567840576 0.226495623588562 0.23435568809509277 0.2457578182220459 0.2665677070617676 0.35341572761535645 0.0 0.0 0.0 0.0 0.0 0.0 0.0 0.0 0.0 0.0 0.0 0.0 0.0 0.0 0.0 0.0 0.0
1.7991660833358765 0.15583431720733643 0.17754769325256348 0.19107437133789062 0.20502758026123047 0.20765471458435059 0.21107268333435059 0.20886492729187012 0.21037614345550537 0.21475481986999512 0.22059404850006104 0.22933971881866455 0.2369537353515625 0.24641048908233643 0.2669020891189575 0.34268641471862793 0.0 0.0 0.0 0.0 0.0 0.0 0.0 0.0 0.0 0.0 0.0 0.0 0.0 0.0 0.0 0.0
1.7984014749526978 0.1534026861190796 0.1734158992767334 0.1845998764038086 0.1926732063293457 0.1993643045425415 0.20198464393615723 0.20044708251953125 0.20493245124816895 0.204939603805542 0.20848214626312256 0.2175198793411255 0.22215473651885986 0.2271711826324463 0.24195361137390137 0.2632499933242798 0.34124648571014404 0.0 0.0 0.0 0.0 0.0 0.0 0.0 0.0 0.0 0.0 0.0 0.0 0.0 0.0 0.0
1.7893145084381104 0.15291810035705566 0.17191648483276367 0.18386685848236084 0.19134199619293213 0.1952916383743286 0.19680023193359375 0.1983499526977539 0.2036449909210205 0.20566165447235107 0.20938456058502197 0.20767593383789062 0.21219897270202637 0.224090576171875 0.2297377586364746 0.24775707721710205 0.26255273818969727 0.3308708667755127 0.0 0.0 0.0 0.0 0.0 0.0 0.0 0.0 0.0 0.0 0.0 0.0 0.0 0.0
1.789212703704834 0.15110325813293457 0.16849422454833984 0.17997229099273682 0.18704426288604736 0.19093537330627441 0.1913013458251953 0.1898728609085083 0.1976635456085205 0.20267999172210693 0.2009042501449585 0.200836181640625 0.20543718338012695 0.20973193645477295 0.21785271167755127 0.22548949718475342 0.23837077617645264 0.24791860580444336 0.32737934589385986 0.0 0.0 0.0 0.0 0.0 0.0 0.0 0.0 0.0 0.0 0.0 0.0 0.0
1.7858551740646362 0.15051639080047607 0.16662144660949707 0.1780686378479004 0.18377912044525146 0.18773341178894043 0.18806028366088867 0.1868802309036255 0.1911919116973877 0.1957184076309204 0.19625592231750488 0.19737732410430908 0.19669699668884277 0.1997462511062622 0.20790457725524902 0.21738827228546143 0.22465908527374268 0.22605431079864502 0.24841535091400146 0.3230137825012207 0.0 0.0 0.0 0.0 0.0 0.0 0.0 0.0 0.0 0.0 0.0 0.0
1.781011700630188 0.15255343914031982 0.16647326946258545 0.1772688627243042 0.1817699670791626 0.1874150037765503 0.18594300746917725 0.18441343307495117 0.18710637092590332 0.19364213943481445 0.1938924789428711 0.19296860694885254 0.19603443145751953 0.19688761234283447 0.20311760902404785 0.20507240295410156 0.2102336883544922 0.20996463298797607 0.22411596775054932 0.24263858795166016 0.3215060234069824 0.0 0.0 0.0 0.0 0.0 0.0 0.0 0.0 0.0 0.0 0.0
1.779007911682129 0.14906859397888184 0.1666553020477295 0.1756805181503296 0.18133032321929932 0.1847543716430664 0.18277430534362793 0.1820676326751709 0.1834731101989746 0.18700110912322998 0.18879008293151855 0.18986296653747559 0.19287753105163574 0.19163942337036133 0.19352412223815918 0.1965855360031128 0.19759202003479004 0.19912171363830566 0.2107863426208496 0.22134411334991455 0.2419888973236084 0.31532061100006104 0.0 0.0 0.0 0.0 0.0 0.0 0.0 0.0 0.0 0.0
1.7744914293289185 0.14821279048919678 0.16671741008758545 0.17774081230163574 0.17763054370880127 0.1818307638168335 0.1803210973739624 0.18096494674682617 0.1811532974243164 0.18211770057678223 0.18546831607818604 0.18627846240997314 0.1868298053741455 0.18796873092651367 0.1902477741241455 0.19337224960327148 0.19505846500396729 0.1940305233001709 0.2012319564819336 0.20691239833831787 0.2217944860458374 0.23724985122680664 0.3103625774383545 0.0 0.0 0.0 0.0 0.0 0.0 0.0 0.0 0.0
1.7721375226974487 0.14311635494232178 0.16366028785705566 0.17492234706878662 0.1783822774887085 0.18018662929534912 0.17961394786834717 0.1780545711517334 0.17922306060791016 0.1783238649368286 0.18096375465393066 0.18076539039611816 0.18185806274414062 0.1840529441833496 0.18654119968414307 0.1874788999557495 0.18809032440185547 0.18632543087005615 0.19226324558258057 0.19876360893249512 0.2030332088470459 0.21530449390411377 0.23518359661102295 0.3121945858001709 0.0 0.0 0.0 0.0 0.0 0.0 0.0 0.0
1.7616504430770874 0.14398729801177979 0.1643693447113037 0.17570602893829346 0.1799607276916504 0.18143057823181152 0.17888975143432617 0.17837023735046387 0.1805669069290161 0.1796271800994873 0.18224596977233887 0.18376874923706055 0.18224167823791504 0.18599402904510498 0.18811798095703125 0.18825173377990723 0.18793070316314697 0.1829838752746582 0.1858665943145752 0.19422101974487305 0.1972489356994629 0.20182597637176514 0.21535778045654297 0.2384023666381836 0.3068808317184448 0.0 0.0 0.0 0.0 0.0 0.0 0.0
1.760532259941101 0.13973474502563477 0.16129565238952637 0.17730748653411865 0.17825663089752197 0.17914950847625732 0.17700958251953125 0.17654967308044434 0.17635416984558105 0.17829108238220215 0.18126869201660156 0.17820680141448975 0.17865467071533203 0.17963683605194092 0.1817687749862671 0.18095028400421143 0.18356096744537354 0.1813901662826538 0.18340778350830078 0.18633723258972168 0.18819379806518555 0.1911318302154541 0.2000126838684082 0.21219730377197266 0.23111188411712646 0.3067516088485718 0.0 0.0 0.0 0.0 0.0 0.0
1.761122703552246 0.1386786699295044 0.15577328205108643 0.17144668102264404 0.17458808422088623 0.1772834062576294 0.17622613906860352 0.17393910884857178 0.17380809783935547 0.17573130130767822 0.17699062824249268 0.17457962036132812 0.17508792877197266 0.17450940608978271 0.1755063533782959 0.17402589321136475 0.17950844764709473 0.17722511291503906 0.17930936813354492 0.18072724342346191 0.18009412288665771 0.18419373035430908 0.1896069049835205 0.19972074031829834 0.2067164182662964 0.22907912731170654 0.30185794830322266 0.0 0.0 0.0 0.0 0.0
1.7597601413726807 0.1371973752975464 0.15340006351470947 0.1662214994430542 0.16878879070281982 0.17353737354278564 0.17241668701171875 0.17119014263153076 0.17215359210968018 0.17198562622070312 0.17364931106567383 0.1726531982421875 0.17512154579162598 0.1749875545501709 0.17627525329589844 0.1737380027770996 0.1769731044769287 0.17286455631256104 0.17705214023590088 0.17693555355072021 0.17752301692962646 0.17793607711791992 0.1827007532119751 0.18813514709472656 0.19338536262512207 0.2083810567855835 0.22396743297576904 0.29471564292907715 0.0 0.0 0.0 0.0
1.756036639213562 0.1342618465423584 0.1515960693359375 0.16358423233032227 0.1668407917022705 0.17049109935760498 0.17186152935028076 0.1705622673034668 0.1733708381652832 0.17207419872283936 0.17339062690734863 0.17145323753356934 0.17239463329315186 0.17277681827545166 0.17442381381988525 0.17239880561828613 0.17233812808990479 0.16863512992858887 0.17320501804351807 0.17702245712280273 0.17588698863983154 0.17426764965057373 0.17760896682739258 0.18187296390533447 0.18414688110351562 0.19542205333709717 0.2057737112045288 0.2228081226348877 0.2905604839324951 0.0 0.0 0.0
1.7496484518051147 0.13188576698303223 0.15018653869628906 0.1619727611541748 0.16389083862304688 0.17029809951782227 0.16923308372497559 0.16871333122253418 0.17320740222930908 0.17380094528198242 0.1748666763305664 0.17005324363708496 0.17156291007995605 0.17328917980194092 0.17479312419891357 0.17738890647888184 0.17044544219970703 0.1673508882522583 0.1703265905380249 0.17744314670562744 0.17243695259094238 0.1713545322418213 0.17394745349884033 0.17799711227416992 0.18278586864471436 0.18739354610443115 0.1914064884185791 0.20312249660491943 0.22121131420135498 0.2901320457458496 0.0 0.0
1.750102162361145 0.13070273399353027 0.1487443447113037 0.1597825288772583 0.16304421424865723 0.1665966510772705 0.16422724723815918 0.16507697105407715 0.16909277439117432 0.17013335227966309 0.17019057273864746 0.17085552215576172 0.17049384117126465 0.16899323463439941 0.17387008666992188 0.17671537399291992 0.17003726959228516 0.16516029834747314 0.16536939144134521 0.17434358596801758 0.167810320854187 0.1682659387588501 0.17212903499603271 0.17364346981048584 0.17280519008636475 0.17683589458465576 0.17908704280853271 0.18565845489501953 0.19981169700622559 0.2199995517730713 0.2874138355255127 0.0
1.7445822954177856 0.12900900840759277 0.14748406410217285 0.15687668323516846 0.163368821144104 0.16758215427398682 0.16540539264678955 0.16424858570098877 0.169183611869812 0.170790433883667 0.16989219188690186 0.16932833194732666 0.170770525932312 0.16959810256958008 0.1717376708984375 0.16959714889526367 0.16597378253936768 0.16288971900939941 0.16440308094024658 0.17160284519195557 0.16513586044311523 0.16795086860656738 0.17047905921936035 0.1702784299850464 0.17181944847106934 0.1750187873840332 0.1757032871246338 0.17987370491027832 0.1882643699645996 0.2020277976989746 0.21900367736816406 0.2843143939971924
