1.9999799728393555 0.0 0.0 0.0 0.0 0.0 0.0 0.0 0.0 0.0 0.0 0.0 0.0 0.0 0.0 0.0 0.0 0.0 0.0 0.0 0.0 0.0 0.0 0.0 0.0 0.0 0.0 0.0 0.0 0.0 0.0 0.0
1.971483826637268 0.33642303943634033 0.0 0.0 0.0 0.0 0.0 0.0 0.0 0.0 0.0 0.0 0.0 0.0 0.0 0.0 0.0 0.0 0.0 0.0 0.0 0.0 0.0 0.0 0.0 0.0 0.0 0.0 0.0 0.0 0.0 0.0
1.976689338684082 0.18805301189422607 0.2393258810043335 0.0 0.0 0.0 0.0 0.0 0.0 0.0 0.0 0.0 0.0 0.0 0.0 0.0 0.0 0.0 0.0 0.0 0.0 0.0 0.0 0.0 0.0 0.0 0.0 0.0 0.0 0.0 0.0 0.0
1.9710993766784668 0.1641855239868164 0.1765594482421875 0.23781251907348633 0.0 0.0 0.0 0.0 0.0 0.0 0.0 0.0 0.0 0.0 0.0 0.0 0.0 0.0 0.0 0.0 0.0 0.0 0.0 0.0 0.0 0.0 0.0 0.0 0.0 0.0 0.0 0.0
1.964256763458252 0.15649116039276123 0.16606664657592773 0.18260931968688965 0.23699891567230225 0.0 0.0 0.0 0.0 0.0 0.0 0.0 0.0 0.0 0.0 0.0 0.0 0.0 0.0 0.0 0.0 0.0 0.0 0.0 0.0 0.0 0.0 0.0 0.0 0.0 0.0 0.0
1.959363341331482 0.15018272399902344 0.15603435039520264 0.15660858154296875 0.18255412578582764 0.2366398572921753 0.0 0.0 0.0 0.0 0.0 0.0 0.0 0.0 0.0 0.0 0.0 0.0 0.0 0.0 0.0 0.0 0.0 0.0 0.0 0.0 0.0 0.0 0.0 0.0 0.0 0.0
1.9578545093536377 0.12955451011657715 0.1349506378173828 0.14716923236846924 0.15641999244689941 0.17789340019226074 0.2321634292602539 0.0 0.0 0.0 0.0 0.0 0.0 0.0 0.0 0.0 0.0 0.0 0.0 0.0 0.0 0.0 0.0 0.0 0.0 0.0 0.0 0.0 0.0 0.0 0.0 0.0
1.9551509618759155 0.12114369869232178 0.12460112571716309 0.13416755199432373 0.1458117961883545 0.15658187866210938 0.1747952699661255 0.22962415218353271 0.0 0.0 0.0 0.0 0.0 0.0 0.0 0.0 0.0 0.0 0.0 0.0 0.0 0.0 0.0 0.0 0.0 0.0 0.0 0.0 0.0 0.0 0.0 0.0
1.9495224952697754 0.11818230152130127 0.12059640884399414 0.12749254703521729 0.1398601531982422 0.15266668796539307 0.1577765941619873 0.17946231365203857 0.23347389698028564 0.0 0.0 0.0 0.0 0.0 0.0 0.0 0.0 0.0 0.0 0.0 0.0 0.0 0.0 0.0 0.0 0.0 0.0 0.0 0.0 0.0 0.0 0.0
1.9491280317306519 0.11350321769714355 0.11113810539245605 0.11576557159423828 0.12729191780090332 0.1356412172317505 0.14228487014770508 0.15410268306732178 0.1750943660736084 0.2299802303314209 0.0 0.0 0.0 0.0 0.0 0.0 0.0 0.0 0.0 0.0 0.0 0.0 0.0 0.0 0.0 0.0 0.0 0.0 0.0 0.0 0.0 0.0
1.9475053548812866 0.11198914051055908 0.10667705535888672 0.11045432090759277 0.11560797691345215 0.12437021732330322 0.13188719749450684 0.1414886713027954 0.1506795883178711 0.1730949878692627 0.22813653945922852 0.0 0.0 0.0 0.0 0.0 0.0 0.0 0.0 0.0 0.0 0.0 0.0 0.0 0.0 0.0 0.0 0.0 0.0 0.0 0.0 0.0
1.9445770978927612 0.11093783378601074 0.104941725730896 0.1100914478302002 0.11167502403259277 0.12065243721008301 0.1252117156982422 0.13317334651947021 0.142694354057312 0.14945006370544434 0.17262518405914307 0.22381925582885742 0.0 0.0 0.0 0.0 0.0 0.0 0.0 0.0 0.0 0.0 0.0 0.0 0.0 0.0 0.0 0.0 0.0 0.0 0.0 0.0
1.942782998085022 0.10391736030578613 0.09920060634613037 0.10572290420532227 0.10778629779815674 0.1121598482131958 0.11660945415496826 0.12309253215789795 0.13431310653686523 0.14001595973968506 0.15428507328033447 0.1715071201324463 0.2232224941253662 0.0 0.0 0.0 0.0 0.0 0.0 0.0 0.0 0.0 0.0 0.0 0.0 0.0 0.0 0.0 0.0 0.0 0.0 0.0
1.9415059089660645 0.09904992580413818 0.09597980976104736 0.10204899311065674 0.10776197910308838 0.10893547534942627 0.11230123043060303 0.11568951606750488 0.12337040901184082 0.1305704116821289 0.14011263847351074 0.1474684476852417 0.17070484161376953 0.22069227695465088 0.0 0.0 0.0 0.0 0.0 0.0 0.0 0.0 0.0 0.0 0.0 0.0 0.0 0.0 0.0 0.0 0.0 0.0
1.936723232269287 0.09953069686889648 0.0938713550567627 0.10127627849578857 0.10735607147216797 0.11033129692077637 0.11048305034637451 0.11272192001342773 0.12061643600463867 0.12496340274810791 0.13656866550445557 0.1392817497253418 0.1500641107559204 0.17809069156646729 0.22114026546478271 0.0 0.0 0.0 0.0 0.0 0.0 0.0 0.0 0.0 0.0 0.0 0.0 0.0 0.0 0.0 0.0 0.0
1.9349608421325684 0.0957416296005249 0.09179139137268066 0.09599161148071289 0.10104560852050781 0.10484349727630615 0.1077885627746582 0.11162221431732178 0.11875200271606445 0.11921417713165283 0.12594962120056152 0.13361847400665283 0.13788259029388428 0.1520068645477295 0.17388427257537842 0.22199559211730957 0.0 0.0 0.0 0.0 0.0 0.0 0.0 0.0 0.0 0.0 0.0 0.0 0.0 0.0 0.0 0.0
1.9285058975219727 0.09664249420166016 0.08791279792785645 0.09649133682250977 0.10063409805297852 0.10560226440429688 0.1066739559173584 0.10983932018280029 0.11639654636383057 0.11915314197540283 0.13101482391357422 0.12836217880249023 0.13668620586395264 0.15289366245269775 0.15518391132354736 0.17892706394195557 0.22373390197753906 0.0 0.0 0.0 0.0 0.0 0.0 0.0 0.0 0.0 0.0 0.0 0.0 0.0 0.0 0.0
1.92753267288208 0.09487247467041016 0.08714258670806885 0.09344828128814697 0.09668731689453125 0.09927070140838623 0.10066509246826172 0.10607314109802246 0.11442506313323975 0.11250221729278564 0.11954116821289062 0.13167810440063477 0.12870991230010986 0.14442062377929688 0.14195311069488525 0.15361428260803223 0.17451739311218262 0.22248542308807373 0.0 0.0 0.0 0.0 0.0 0.0 0.0 0.0 0.0 0.0 0.0 0.0 0.0 0.0
1.9268789291381836 0.09382891654968262 0.0849083662033081 0.0907747745513916 0.09245812892913818 0.09759247303009033 0.09889721870422363 0.10345494747161865 0.11232173442840576 0.11045145988464355 0.11582612991333008 0.12368261814117432 0.12076044082641602 0.1293959617614746 0.13197755813598633 0.14478778839111328 0.150986909866333 0.17062103748321533 0.2213524580001831 0.0 0.0 0.0 0.0 0.0 0.0 0.0 0.0 0.0 0.0 0.0 0.0 0.0
1.9201565980911255 0.09371161460876465 0.08386671543121338 0.09048998355865479 0.09043276309967041 0.09330630302429199 0.09833097457885742 0.10446023941040039 0.10749983787536621 0.11287033557891846 0.11566030979156494 0.11407232284545898 0.11524200439453125 0.12949776649475098 0.13476240634918213 0.14457964897155762 0.1483227014541626 0.15246689319610596 0.1928349733352661 0.22165298461914062 0.0 0.0 0.0 0.0 0.0 0.0 0.0 0.0 0.0 0.0 0.0 0.0
1.9213167428970337 0.08945679664611816 0.0827254056930542 0.08799910545349121 0.08916783332824707 0.09227049350738525 0.0919804573059082 0.09645915031433105 0.10467112064361572 0.11150527000427246 0.11527609825134277 0.11094915866851807 0.11505961418151855 0.11905670166015625 0.1207890510559082 0.13705110549926758 0.13619983196258545 0.14277172088623047 0.15706264972686768 0.17148196697235107 0.2208719253540039 0.0 0.0 0.0 0.0 0.0 0.0 0.0 0.0 0.0 0.0 0.0
1.920075535774231 0.08958601951599121 0.08360660076141357 0.08771634101867676 0.08819496631622314 0.09214544296264648 0.09338951110839844 0.09237313270568848 0.09727990627288818 0.101806640625 0.10873246192932129 0.11040294170379639 0.11309444904327393 0.1160733699798584 0.11679708957672119 0.13815736770629883 0.12403631210327148 0.13309121131896973 0.1420658826828003 0.15115416049957275 0.16898953914642334 0.22223269939422607 0.0 0.0 0.0 0.0 0.0 0.0 0.0 0.0 0.0 0.0
1.9195808172225952 0.08873355388641357 0.08127915859222412 0.08721065521240234 0.08887112140655518 0.09297430515289307 0.0918886661529541 0.09199655055999756 0.09569036960601807 0.09816873073577881 0.10307538509368896 0.10684919357299805 0.11480271816253662 0.11303889751434326 0.11032450199127197 0.1120154857635498 0.1260303258895874 0.12452924251556396 0.1337592601776123 0.14134693145751953 0.1462775468826294 0.17008543014526367 0.22003960609436035 0.0 0.0 0.0 0.0 0.0 0.0 0.0 0.0 0.0
1.9173134565353394 0.08979189395904541 0.07924962043762207 0.08544695377349854 0.08666622638702393 0.09049737453460693 0.09022986888885498 0.09118282794952393 0.09531545639038086 0.09529173374176025 0.10078871250152588 0.10350620746612549 0.10717892646789551 0.11481702327728271 0.11648297309875488 0.12408220767974854 0.11637353897094727 0.11531424522399902 0.12227272987365723 0.1316314935684204 0.13591992855072021 0.1453092098236084 0.1697711944580078 0.22301435470581055 0.0 0.0 0.0 0.0 0.0 0.0 0.0 0.0
1.9177062511444092 0.08713912963867188 0.07866191864013672 0.08311760425567627 0.08493232727050781 0.08645057678222656 0.08751404285430908 0.0882718563079834 0.0950242280960083 0.09736776351928711 0.09642982482910156 0.09939205646514893 0.104034423828125 0.10424208641052246 0.10374677181243896 0.10585236549377441 0.11083614826202393 0.11072051525115967 0.11635112762451172 0.1234433650970459 0.12922382354736328 0.13685667514801025 0.14714288711547852 0.17263579368591309 0.22323310375213623 0.0 0.0 0.0 0.0 0.0 0.0 0.0
1.9159090518951416 0.08545410633087158 0.0784374475479126 0.0811387300491333 0.08476579189300537 0.0845710039138794 0.08696496486663818 0.08940351009368896 0.0959557294845581 0.09628498554229736 0.09904491901397705 0.09827101230621338 0.09968411922454834 0.09788405895233154 0.102866530418396 0.10350000858306885 0.10515010356903076 0.10735034942626953 0.11013281345367432 0.11650598049163818 0.12151765823364258 0.12866127490997314 0.1378079652786255 0.15043115615844727 0.17398357391357422 0.22118210792541504 0.0 0.0 0.0 0.0 0.0 0.0
1.915080189704895 0.08521413803100586 0.07719695568084717 0.07933187484741211 0.08106660842895508 0.08235013484954834 0.0831291675567627 0.08511114120483398 0.08853018283843994 0.08922457695007324 0.09345078468322754 0.09638047218322754 0.09691333770751953 0.09793388843536377 0.09873092174530029 0.1005469560623169 0.10648930072784424 0.10601556301116943 0.10832715034484863 0.10978519916534424 0.1149747371673584 0.11941874027252197 0.12957251071929932 0.13617980480194092 0.14842844009399414 0.1800239086151123 0.22124600410461426 0.0 0.0 0.0 0.0 0.0
1.9156008958816528 0.08535385131835938 0.07690119743347168 0.07879889011383057 0.07952988147735596 0.08039271831512451 0.08151745796203613 0.08419287204742432 0.08610653877258301 0.08540630340576172 0.08862090110778809 0.09491121768951416 0.09386181831359863 0.09508609771728516 0.09571397304534912 0.0976712703704834 0.10018026828765869 0.10301816463470459 0.10673809051513672 0.10568547248840332 0.10801589488983154 0.11117970943450928 0.11839699745178223 0.12517642974853516 0.1341257095336914 0.15310180187225342 0.170454740524292 0.22098636627197266 0.0 0.0 0.0 0.0
1.9128116369247437 0.08199000358581543 0.07438290119171143 0.0788799524307251 0.07884037494659424 0.07911348342895508 0.07983005046844482 0.08146727085113525 0.08383405208587646 0.0847541093826294 0.09020304679870605 0.09438967704772949 0.09199321269989014 0.09516441822052002 0.09475016593933105 0.10062122344970703 0.0995638370513916 0.10065174102783203 0.10945165157318115 0.10852348804473877 0.10648488998413086 0.10964202880859375 0.11633169651031494 0.11903297901153564 0.12963151931762695 0.13842487335205078 0.14676344394683838 0.16967737674713135 0.21902430057525635 0.0 0.0 0.0
1.909442663192749 0.08177745342254639 0.0743025541305542 0.07962048053741455 0.07857227325439453 0.0786130428314209 0.07842230796813965 0.08076846599578857 0.08288490772247314 0.08502662181854248 0.08769571781158447 0.09049558639526367 0.09084177017211914 0.09199273586273193 0.09488987922668457 0.09767436981201172 0.09697425365447998 0.09986007213592529 0.11030614376068115 0.10589849948883057 0.10589194297790527 0.10700690746307373 0.11325502395629883 0.11658322811126709 0.12514948844909668 0.13153398036956787 0.13747739791870117 0.1474909782409668 0.17498338222503662 0.22120678424835205 0.0 0.0
1.9099606275558472 0.08032596111297607 0.07310652732849121 0.07758331298828125 0.07768523693084717 0.0780869722366333 0.07837808132171631 0.08007311820983887 0.08228754997253418 0.08302843570709229 0.08596360683441162 0.08909201622009277 0.08667755126953125 0.08912599086761475 0.09235203266143799 0.09642398357391357 0.09707069396972656 0.09673547744750977 0.10599350929260254 0.1035470962524414 0.09989213943481445 0.10311615467071533 0.11120891571044922 0.1119927167892456 0.11447131633758545 0.12188899517059326 0.1279975175857544 0.1360107660293579 0.14594531059265137 0.16789603233337402 0.22022271156311035 0.0
1.9091331958770752 0.08001184463500977 0.07236230373382568 0.0769960880279541 0.07875144481658936 0.08027017116546631 0.07819497585296631 0.07887780666351318 0.08265161514282227 0.08191919326782227 0.08546876907348633 0.08606219291687012 0.08480358123779297 0.0870901346206665 0.08874225616455078 0.09276878833770752 0.09335219860076904 0.0943136215209961 0.10268676280975342 0.09378552436828613 0.09511041641235352 0.1016465425491333 0.11904633045196533 0.11087524890899658 0.10640883445739746 0.11065149307250977 0.11908864974975586 0.12605345249176025 0.13572585582733154 0.14242124557495117 0.17278635501861572 0.219030499458313
