1.9999799728393555 0.0 0.0 0.0 0.0 0.0 0.0 0.0 0.0 0.0 0.0 0.0 0.0 0.0 0.0 0.0 0.0 0.0 0.0 0.0 0.0 0.0 0.0 0.0 0.0 0.0 0.0 0.0 0.0 0.0 0.0 0.0
1.9760046005249023 0.30866026878356934 0.0 0.0 0.0 0.0 0.0 0.0 0.0 0.0 0.0 0.0 0.0 0.0 0.0 0.0 0.0 0.0 0.0 0.0 0.0 0.0 0.0 0.0 0.0 0.0 0.0 0.0 0.0 0.0 0.0 0.0
1.9766368865966797 0.17907726764678955 0.2464911937713623 0.0 0.0 0.0 0.0 0.0 0.0 0.0 0.0 0.0 0.0 0.0 0.0 0.0 0.0 0.0 0.0 0.0 0.0 0.0 0.0 0.0 0.0 0.0 0.0 0.0 0.0 0.0 0.0 0.0
1.969388484954834 0.17698240280151367 0.18817400932312012 0.2337862253189087 0.0 0.0 0.0 0.0 0.0 0.0 0.0 0.0 0.0 0.0 0.0 0.0 0.0 0.0 0.0 0.0 0.0 0.0 0.0 0.0 0.0 0.0 0.0 0.0 0.0 0.0 0.0 0.0
1.9604849815368652 0.1759471893310547 0.19204676151275635 0.19451570510864258 0.22516942024230957 0.0 0.0 0.0 0.0 0.0 0.0 0.0 0.0 0.0 0.0 0.0 0.0 0.0 0.0 0.0 0.0 0.0 0.0 0.0 0.0 0.0 0.0 0.0 0.0 0.0 0.0 0.0
1.9524428844451904 0.17099201679229736 0.1920914649963379 0.2059934139251709 0.17783856391906738 0.21832585334777832 0.0 0.0 0.0 0.0 0.0 0.0 0.0 0.0 0.0 0.0 0.0 0.0 0.0 0.0 0.0 0.0 0.0 0.0 0.0 0.0 0.0 0.0 0.0 0.0 0.0 0.0
1.949824571609497 0.15884804725646973 0.17352330684661865 0.20131826400756836 0.17804181575775146 0.17578935623168945 0.1990422010421753 0.0 0.0 0.0 0.0 0.0 0.0 0.0 0.0 0.0 0.0 0.0 0.0 0.0 0.0 0.0 0.0 0.0 0.0 0.0 0.0 0.0 0.0 0.0 0.0 0.0
1.949078917503357 0.14808869361877441 0.15821456909179688 0.17120826244354248 0.1802159547805786 0.16758418083190918 0.1656179428100586 0.1915503740310669 0.0 0.0 0.0 0.0 0.0 0.0 0.0 0.0 0.0 0.0 0.0 0.0 0.0 0.0 0.0 0.0 0.0 0.0 0.0 0.0 0.0 0.0 0.0 0.0
1.9448109865188599 0.14635300636291504 0.15268516540527344 0.1603102684020996 0.17593646049499512 0.17297720909118652 0.16061413288116455 0.16121983528137207 0.18564558029174805 0.0 0.0 0.0 0.0 0.0 0.0 0.0 0.0 0.0 0.0 0.0 0.0 0.0 0.0 0.0 0.0 0.0 0.0 0.0 0.0 0.0 0.0 0.0
1.9418035745620728 0.14451706409454346 0.1426401138305664 0.1478337049484253 0.15399479866027832 0.16463851928710938 0.16649103164672852 0.1649700403213501 0.16304540634155273 0.1839156150817871 0.0 0.0 0.0 0.0 0.0 0.0 0.0 0.0 0.0 0.0 0.0 0.0 0.0 0.0 0.0 0.0 0.0 0.0 0.0 0.0 0.0 0.0
1.9391257762908936 0.1414499282836914 0.1377478837966919 0.13910996913909912 0.14676129817962646 0.15326440334320068 0.15527796745300293 0.16322076320648193 0.16513895988464355 0.159887433052063 0.18077468872070312 0.0 0.0 0.0 0.0 0.0 0.0 0.0 0.0 0.0 0.0 0.0 0.0 0.0 0.0 0.0 0.0 0.0 0.0 0.0 0.0 0.0
1.9363603591918945 0.13649344444274902 0.135811448097229 0.13609862327575684 0.1453394889831543 0.14805054664611816 0.1487640142440796 0.15488076210021973 0.1614696979522705 0.15505290031433105 0.15165233612060547 0.18025696277618408 0.0 0.0 0.0 0.0 0.0 0.0 0.0 0.0 0.0 0.0 0.0 0.0 0.0 0.0 0.0 0.0 0.0 0.0 0.0 0.0
1.9356133937835693 0.13024330139160156 0.13070476055145264 0.1275026798248291 0.13591599464416504 0.1393282413482666 0.1435617208480835 0.14459919929504395 0.1533811092376709 0.15619289875030518 0.15480422973632812 0.14695072174072266 0.17341303825378418 0.0 0.0 0.0 0.0 0.0 0.0 0.0 0.0 0.0 0.0 0.0 0.0 0.0 0.0 0.0 0.0 0.0 0.0 0.0
1.931679606437683 0.12569200992584229 0.1316002607345581 0.12299799919128418 0.1292743682861328 0.13486361503601074 0.13454902172088623 0.13800621032714844 0.14558815956115723 0.15381968021392822 0.15857553482055664 0.15576601028442383 0.15059268474578857 0.1767110824584961 0.0 0.0 0.0 0.0 0.0 0.0 0.0 0.0 0.0 0.0 0.0 0.0 0.0 0.0 0.0 0.0 0.0 0.0
1.9280190467834473 0.12028014659881592 0.12252867221832275 0.11801421642303467 0.12393403053283691 0.1335914134979248 0.13461077213287354 0.13613653182983398 0.14207804203033447 0.14529383182525635 0.15677762031555176 0.1582275629043579 0.15554428100585938 0.15509796142578125 0.173661470413208 0.0 0.0 0.0 0.0 0.0 0.0 0.0 0.0 0.0 0.0 0.0 0.0 0.0 0.0 0.0 0.0 0.0
1.9237686395645142 0.11730873584747314 0.11701500415802002 0.11284148693084717 0.11905360221862793 0.1227576732635498 0.12726616859436035 0.132157564163208 0.1337660551071167 0.14321601390838623 0.1468217372894287 0.16023218631744385 0.15799808502197266 0.16615045070648193 0.1678858995437622 0.17166435718536377 0.0 0.0 0.0 0.0 0.0 0.0 0.0 0.0 0.0 0.0 0.0 0.0 0.0 0.0 0.0 0.0
1.9239354133605957 0.11465072631835938 0.11188483238220215 0.10959434509277344 0.1148061752319336 0.11588931083679199 0.1201622486114502 0.12591028213500977 0.13231730461120605 0.13672006130218506 0.13719117641448975 0.1457434892654419 0.15528547763824463 0.15929031372070312 0.15849804878234863 0.15319812297821045 0.17142581939697266 0.0 0.0 0.0 0.0 0.0 0.0 0.0 0.0 0.0 0.0 0.0 0.0 0.0 0.0 0.0
1.9188802242279053 0.11236393451690674 0.11345112323760986 0.10532224178314209 0.10860657691955566 0.10907125473022461 0.11239969730377197 0.1169896125793457 0.1248941421508789 0.1362597942352295 0.1343090534210205 0.1621304750442505 0.14746499061584473 0.16875088214874268 0.16036367416381836 0.1547480821609497 0.15668559074401855 0.16790616512298584 0.0 0.0 0.0 0.0 0.0 0.0 0.0 0.0 0.0 0.0 0.0 0.0 0.0 0.0
1.918415904045105 0.11351323127746582 0.10736477375030518 0.10539937019348145 0.10655760765075684 0.11289834976196289 0.11218523979187012 0.1138913631439209 0.12220931053161621 0.12863874435424805 0.13255846500396729 0.1422863006591797 0.14298176765441895 0.14691531658172607 0.16126573085784912 0.15793001651763916 0.15477919578552246 0.14349639415740967 0.16586947441101074 0.0 0.0 0.0 0.0 0.0 0.0 0.0 0.0 0.0 0.0 0.0 0.0 0.0
1.9147313833236694 0.11003386974334717 0.10641014575958252 0.10293352603912354 0.10936212539672852 0.10568881034851074 0.1075359582901001 0.11211395263671875 0.11435103416442871 0.12445259094238281 0.13063442707061768 0.13392305374145508 0.15528357028961182 0.13821625709533691 0.14964139461517334 0.15752577781677246 0.16246557235717773 0.14902567863464355 0.14726793766021729 0.16748416423797607 0.0 0.0 0.0 0.0 0.0 0.0 0.0 0.0 0.0 0.0 0.0 0.0
1.9147711992263794 0.11026811599731445 0.10716354846954346 0.1003350019454956 0.10594749450683594 0.103188157081604 0.10533952713012695 0.1034855842590332 0.10965383052825928 0.11417043209075928 0.12020421028137207 0.12548041343688965 0.1311485767364502 0.14441251754760742 0.14223790168762207 0.14848577976226807 0.15207624435424805 0.15693092346191406 0.1488800048828125 0.15144133567810059 0.16627490520477295 0.0 0.0 0.0 0.0 0.0 0.0 0.0 0.0 0.0 0.0 0.0
1.9123071432113647 0.10562276840209961 0.12275838851928711 0.09976029396057129 0.09876406192779541 0.09913027286529541 0.10144877433776855 0.10185647010803223 0.10548686981201172 0.10531342029571533 0.11527979373931885 0.1203153133392334 0.12486016750335693 0.12810778617858887 0.15431416034698486 0.14275336265563965 0.14500153064727783 0.15207278728485107 0.15138840675354004 0.1521306037902832 0.1467275619506836 0.16897571086883545 0.0 0.0 0.0 0.0 0.0 0.0 0.0 0.0 0.0 0.0
1.9086251258850098 0.09882128238677979 0.10890376567840576 0.10235428810119629 0.09851205348968506 0.09936344623565674 0.09884727001190186 0.1007232666015625 0.10415172576904297 0.1059105396270752 0.11039531230926514 0.13047778606414795 0.12301623821258545 0.12365198135375977 0.12983012199401855 0.14034152030944824 0.1540837287902832 0.1481761932373047 0.15328335762023926 0.15752553939819336 0.1530400514602661 0.14889323711395264 0.16583406925201416 0.0 0.0 0.0 0.0 0.0 0.0 0.0 0.0 0.0
1.9111568927764893 0.09604823589324951 0.09599566459655762 0.09537148475646973 0.09689044952392578 0.0994943380355835 0.09754347801208496 0.09843707084655762 0.10012733936309814 0.10115885734558105 0.10479021072387695 0.11429190635681152 0.11660826206207275 0.1195908784866333 0.12467312812805176 0.12829899787902832 0.13270926475524902 0.13486456871032715 0.1451244354248047 0.15339016914367676 0.15536189079284668 0.14786064624786377 0.1477644443511963 0.16976547241210938 0.0 0.0 0.0 0.0 0.0 0.0 0.0 0.0
1.908742904663086 0.09576034545898438 0.09025120735168457 0.0918349027633667 0.09806573390960693 0.09816551208496094 0.09961843490600586 0.09491467475891113 0.09707784652709961 0.10141634941101074 0.10327041149139404 0.10497117042541504 0.11131548881530762 0.1184999942779541 0.12011706829071045 0.12618446350097656 0.1351161003112793 0.13219940662384033 0.13982737064361572 0.14503836631774902 0.15287649631500244 0.15238940715789795 0.14908504486083984 0.1451256275177002 0.16801631450653076 0.0 0.0 0.0 0.0 0.0 0.0 0.0
1.908191204071045 0.09401440620422363 0.09711170196533203 0.0876685380935669 0.0905689001083374 0.09427154064178467 0.09646224975585938 0.09563338756561279 0.09264206886291504 0.09624409675598145 0.10017168521881104 0.10203516483306885 0.10264301300048828 0.10803687572479248 0.11304831504821777 0.11694967746734619 0.12271630764007568 0.12411940097808838 0.12750482559204102 0.13452231884002686 0.143377423286438 0.1502474546432495 0.15223801136016846 0.15294528007507324 0.1484084129333496 0.1833357810974121 0.0 0.0 0.0 0.0 0.0 0.0
1.9070998430252075 0.09412229061126709 0.08685874938964844 0.08240783214569092 0.08643913269042969 0.08919143676757812 0.09008538722991943 0.09099102020263672 0.09197986125946045 0.09559822082519531 0.09844887256622314 0.1008446216583252 0.10113930702209473 0.10521411895751953 0.10760211944580078 0.11047601699829102 0.11843812465667725 0.12210273742675781 0.12308573722839355 0.1298156976699829 0.13575148582458496 0.1435309648513794 0.15132594108581543 0.17157626152038574 0.15359067916870117 0.14756762981414795 0.1659480333328247 0.0 0.0 0.0 0.0 0.0
1.906205654144287 0.09404206275939941 0.08748841285705566 0.08154654502868652 0.08154475688934326 0.08294546604156494 0.08482944965362549 0.08758354187011719 0.09017515182495117 0.0922551155090332 0.09269046783447266 0.09583389759063721 0.09919750690460205 0.10242938995361328 0.10379993915557861 0.10961830615997314 0.11005079746246338 0.11405885219573975 0.1218101978302002 0.12296521663665771 0.12859249114990234 0.13192224502563477 0.13579285144805908 0.14980769157409668 0.16920018196105957 0.17011737823486328 0.14868998527526855 0.16591429710388184 0.0 0.0 0.0 0.0
1.9071675539016724 0.09123969078063965 0.0889430046081543 0.08265852928161621 0.08036458492279053 0.08059549331665039 0.08099138736724854 0.08495306968688965 0.0880500078201294 0.09118843078613281 0.0944291353225708 0.0941241979598999 0.09581458568572998 0.09991514682769775 0.10400032997131348 0.10383689403533936 0.10548901557922363 0.10749101638793945 0.11381888389587402 0.12024927139282227 0.12605547904968262 0.1292285919189453 0.1307467222213745 0.1403207778930664 0.1514885425567627 0.1568361520767212 0.15126609802246094 0.1465287208557129 0.1634906530380249 0.0 0.0 0.0
1.9051268100738525 0.08703553676605225 0.09009695053100586 0.08224523067474365 0.08126068115234375 0.07779490947723389 0.07757186889648438 0.07986843585968018 0.08492481708526611 0.08853411674499512 0.09263348579406738 0.09240460395812988 0.09432601928710938 0.09744858741760254 0.10093033313751221 0.10387599468231201 0.10249507427215576 0.10347950458526611 0.10886287689208984 0.11616146564483643 0.12077391147613525 0.1239020824432373 0.12635576725006104 0.13317012786865234 0.14062392711639404 0.15031671524047852 0.15817952156066895 0.15360331535339355 0.1511533260345459 0.16499710083007812 0.0 0.0
1.90266752243042 0.08429062366485596 0.08479607105255127 0.08330178260803223 0.08666789531707764 0.08178508281707764 0.07616019248962402 0.07458913326263428 0.07848942279815674 0.08388817310333252 0.08907616138458252 0.09501194953918457 0.09833908081054688 0.09427535533905029 0.10104000568389893 0.10396087169647217 0.10373246669769287 0.10139083862304688 0.10216748714447021 0.10797667503356934 0.12424445152282715 0.1213308572769165 0.12442421913146973 0.1315551996231079 0.13266515731811523 0.13953876495361328 0.15073895454406738 0.15619850158691406 0.1499652862548828 0.15538644790649414 0.1619551181793213 0.0
1.8988323211669922 0.08371412754058838 0.08195745944976807 0.07860219478607178 0.08307409286499023 0.08044159412384033 0.07857763767242432 0.074737548828125 0.07610917091369629 0.0789327621459961 0.08425676822662354 0.08917105197906494 0.09210848808288574 0.09408819675445557 0.09488987922668457 0.10695171356201172 0.11386823654174805 0.10099399089813232 0.10000860691070557 0.10490691661834717 0.12476742267608643 0.12822508811950684 0.12323546409606934 0.1305074691772461 0.13044822216033936 0.13298869132995605 0.14498555660247803 0.15273547172546387 0.14969444274902344 0.1596440076828003 0.14843153953552246 0.16417860984802246
