1.9999799728393555 0.0 0.0 0.0 0.0 0.0 0.0 0.0 0.0 0.0 0.0 0.0 0.0 0.0 0.0 0.0 0.0 0.0 0.0 0.0 0.0 0.0 0.0 0.0 0.0 0.0 0.0 0.0 0.0 0.0 0.0 0.0
1.9580153226852417 0.4075583219528198 0.0 0.0 0.0 0.0 0.0 0.0 0.0 0.0 0.0 0.0 0.0 0.0 0.0 0.0 0.0 0.0 0.0 0.0 0.0 0.0 0.0 0.0 0.0 0.0 0.0 0.0 0.0 0.0 0.0 0.0
1.8515570163726807 0.5559049844741821 0.512432336807251 0.0 0.0 0.0 0.0 0.0 0.0 0.0 0.0 0.0 0.0 0.0 0.0 0.0 0.0 0.0 0.0 0.0 0.0 0.0 0.0 0.0 0.0 0.0 0.0 0.0 0.0 0.0 0.0 0.0
1.7847793102264404 0.3915121555328369 0.6175274848937988 0.5289932489395142 0.0 0.0 0.0 0.0 0.0 0.0 0.0 0.0 0.0 0.0 0.0 0.0 0.0 0.0 0.0 0.0 0.0 0.0 0.0 0.0 0.0 0.0 0.0 0.0 0.0 0.0 0.0 0.0
1.7517938613891602 0.29317617416381836 0.4374876022338867 0.5914015769958496 0.5513050556182861 0.0 0.0 0.0 0.0 0.0 0.0 0.0 0.0 0.0 0.0 0.0 0.0 0.0 0.0 0.0 0.0 0.0 0.0 0.0 0.0 0.0 0.0 0.0 0.0 0.0 0.0 0.0
1.7204424142837524 0.2431274652481079 0.33039963245391846 0.4163632392883301 0.6068620681762695 0.5744974613189697 0.0 0.0 0.0 0.0 0.0 0.0 0.0 0.0 0.0 0.0 0.0 0.0 0.0 0.0 0.0 0.0 0.0 0.0 0.0 0.0 0.0 0.0 0.0 0.0 0.0 0.0
1.6906298398971558 0.21767830848693848 0.27896976470947266 0.33483219146728516 0.46265149116516113 0.6125075817108154 0.5613119602203369 0.0 0.0 0.0 0.0 0.0 0.0 0.0 0.0 0.0 0.0 0.0 0.0 0.0 0.0 0.0 0.0 0.0 0.0 0.0 0.0 0.0 0.0 0.0 0.0 0.0
1.6817513704299927 0.19157874584197998 0.2430276870727539 0.2886711359024048 0.3567308187484741 0.4455435276031494 0.6028745174407959 0.5506360530853271 0.0 0.0 0.0 0.0 0.0 0.0 0.0 0.0 0.0 0.0 0.0 0.0 0.0 0.0 0.0 0.0 0.0 0.0 0.0 0.0 0.0 0.0 0.0 0.0
1.6709626913070679 0.17499971389770508 0.21827566623687744 0.26339972019195557 0.28747987747192383 0.34105193614959717 0.4326012134552002 0.5937149524688721 0.5669541358947754 0.0 0.0 0.0 0.0 0.0 0.0 0.0 0.0 0.0 0.0 0.0 0.0 0.0 0.0 0.0 0.0 0.0 0.0 0.0 0.0 0.0 0.0 0.0
1.6419750452041626 0.19169867038726807 0.206193208694458 0.23987317085266113 0.24695897102355957 0.2847234010696411 0.35386013984680176 0.4279886484146118 0.6313744783401489 0.5637977123260498 0.0 0.0 0.0 0.0 0.0 0.0 0.0 0.0 0.0 0.0 0.0 0.0 0.0 0.0 0.0 0.0 0.0 0.0 0.0 0.0 0.0 0.0
1.6353849172592163 0.1449981927871704 0.1819683313369751 0.2030322551727295 0.2250138521194458 0.2585172653198242 0.28422653675079346 0.33465683460235596 0.4691869020462036 0.6102824211120605 0.5719703435897827 0.0 0.0 0.0 0.0 0.0 0.0 0.0 0.0 0.0 0.0 0.0 0.0 0.0 0.0 0.0 0.0 0.0 0.0 0.0 0.0 0.0
1.6358039379119873 0.13224029541015625 0.1600552797317505 0.18209576606750488 0.20103931427001953 0.23226916790008545 0.24072766304016113 0.27563321590423584 0.349789023399353 0.4368929862976074 0.6102120876312256 0.5777486562728882 0.0 0.0 0.0 0.0 0.0 0.0 0.0 0.0 0.0 0.0 0.0 0.0 0.0 0.0 0.0 0.0 0.0 0.0 0.0 0.0
1.6192901134490967 0.13073956966400146 0.15227413177490234 0.16196966171264648 0.18310821056365967 0.20330429077148438 0.22007417678833008 0.24533593654632568 0.2974112033843994 0.3453376293182373 0.4680293798446655 0.6160318851470947 0.566943883895874 0.0 0.0 0.0 0.0 0.0 0.0 0.0 0.0 0.0 0.0 0.0 0.0 0.0 0.0 0.0 0.0 0.0 0.0 0.0
1.628645896911621 0.12549948692321777 0.14641916751861572 0.15437960624694824 0.16133558750152588 0.17948496341705322 0.1971052885055542 0.2188018560409546 0.2523632049560547 0.27675557136535645 0.34137487411499023 0.4473085403442383 0.6039257049560547 0.5653831958770752 0.0 0.0 0.0 0.0 0.0 0.0 0.0 0.0 0.0 0.0 0.0 0.0 0.0 0.0 0.0 0.0 0.0 0.0
1.6215145587921143 0.12281656265258789 0.14675462245941162 0.14905989170074463 0.15173721313476562 0.1621016263961792 0.17654085159301758 0.1970376968383789 0.23004043102264404 0.24723196029663086 0.2859680652618408 0.3511643409729004 0.4363762140274048 0.5988979339599609 0.5692950487136841 0.0 0.0 0.0 0.0 0.0 0.0 0.0 0.0 0.0 0.0 0.0 0.0 0.0 0.0 0.0 0.0 0.0
1.6168805360794067 0.11403477191925049 0.14503705501556396 0.1444627046585083 0.1640775203704834 0.14876365661621094 0.15697193145751953 0.17459797859191895 0.19956767559051514 0.22382259368896484 0.24493014812469482 0.30028343200683594 0.3382836580276489 0.4301583766937256 0.5987668037414551 0.5729861259460449 0.0 0.0 0.0 0.0 0.0 0.0 0.0 0.0 0.0 0.0 0.0 0.0 0.0 0.0 0.0 0.0
1.6137977838516235 0.1053626537322998 0.1376725435256958 0.13816630840301514 0.14611518383026123 0.14273619651794434 0.1485285758972168 0.15995442867279053 0.1871192455291748 0.21125125885009766 0.23018598556518555 0.25786054134368896 0.28263676166534424 0.3297840356826782 0.42472684383392334 0.6010346412658691 0.5722965002059937 0.0 0.0 0.0 0.0 0.0 0.0 0.0 0.0 0.0 0.0 0.0 0.0 0.0 0.0 0.0
1.6152870655059814 0.10355639457702637 0.12847661972045898 0.1328732967376709 0.151800274848938 0.13908612728118896 0.13732314109802246 0.14223885536193848 0.15845370292663574 0.2020028829574585 0.19193696975708008 0.21703040599822998 0.2396245002746582 0.2693650722503662 0.3176003694534302 0.425309419631958 0.5951926708221436 0.5902575254440308 0.0 0.0 0.0 0.0 0.0 0.0 0.0 0.0 0.0 0.0 0.0 0.0 0.0 0.0
1.6054593324661255 0.10170495510101318 0.12238788604736328 0.1257333755493164 0.13179481029510498 0.13556218147277832 0.13636398315429688 0.1399374008178711 0.14710962772369385 0.15679895877838135 0.17383480072021484 0.1968851089477539 0.2095940113067627 0.23523879051208496 0.26697838306427 0.32651233673095703 0.434600830078125 0.6282325983047485 0.5756020545959473 0.0 0.0 0.0 0.0 0.0 0.0 0.0 0.0 0.0 0.0 0.0 0.0 0.0
1.5999364852905273 0.1101679801940918 0.1282336711883545 0.1232447624206543 0.1338815689086914 0.12800264358520508 0.1335768699645996 0.13317358493804932 0.13909602165222168 0.1727437973022461 0.1599276065826416 0.19924426078796387 0.18723928928375244 0.21020042896270752 0.23582005500793457 0.272835373878479 0.3245905637741089 0.4589083194732666 0.5961272716522217 0.575518012046814 0.0 0.0 0.0 0.0 0.0 0.0 0.0 0.0 0.0 0.0 0.0 0.0
1.613849401473999 0.09637641906738281 0.11615419387817383 0.12106657028198242 0.12417066097259521 0.1223069429397583 0.1247098445892334 0.1291639804840088 0.13476252555847168 0.13738250732421875 0.14339220523834229 0.15195703506469727 0.1658087968826294 0.18656682968139648 0.2036346197128296 0.2290973663330078 0.2689436674118042 0.3296513557434082 0.42541182041168213 0.5977456569671631 0.5822312831878662 0.0 0.0 0.0 0.0 0.0 0.0 0.0 0.0 0.0 0.0 0.0
1.604312539100647 0.08913791179656982 0.11311233043670654 0.11927485466003418 0.12189030647277832 0.11910390853881836 0.1194072961807251 0.1222085952758789 0.13169538974761963 0.13143706321716309 0.13583433628082275 0.14445745944976807 0.15156054496765137 0.1621866226196289 0.1817784309387207 0.20449626445770264 0.2357022762298584 0.2723660469055176 0.331343412399292 0.43024182319641113 0.6150965690612793 0.5759141445159912 0.0 0.0 0.0 0.0 0.0 0.0 0.0 0.0 0.0 0.0
1.607116937637329 0.07802104949951172 0.1031196117401123 0.11398744583129883 0.12191629409790039 0.12013781070709229 0.11635816097259521 0.11733019351959229 0.14584040641784668 0.12562966346740723 0.12669706344604492 0.1386418342590332 0.13657331466674805 0.14419877529144287 0.16208529472351074 0.18038392066955566 0.2096571922302246 0.2321608066558838 0.2629704475402832 0.32031679153442383 0.43864381313323975 0.6002750396728516 0.5811135768890381 0.0 0.0 0.0 0.0 0.0 0.0 0.0 0.0 0.0
1.602318525314331 0.07202470302581787 0.09340822696685791 0.1043480634689331 0.11335229873657227 0.11833643913269043 0.11481666564941406 0.11442685127258301 0.12150454521179199 0.1187582015991211 0.1356261968612671 0.12917554378509521 0.1297396421432495 0.13392281532287598 0.14574801921844482 0.16022777557373047 0.18234992027282715 0.25057315826416016 0.24083375930786133 0.26052582263946533 0.3348792791366577 0.43069934844970703 0.6004464626312256 0.5733028650283813 0.0 0.0 0.0 0.0 0.0 0.0 0.0 0.0
1.6055248975753784 0.07584881782531738 0.09036016464233398 0.11086750030517578 0.11066412925720215 0.13154363632202148 0.1442641019821167 0.11634540557861328 0.15436899662017822 0.1217954158782959 0.133794903755188 0.12499058246612549 0.12722861766815186 0.1281273365020752 0.13066625595092773 0.141310453414917 0.15730738639831543 0.18797564506530762 0.19951772689819336 0.23003137111663818 0.26973509788513184 0.3248295783996582 0.4280400276184082 0.591576337814331 0.5708138942718506 0.0 0.0 0.0 0.0 0.0 0.0 0.0
1.6073752641677856 0.07515716552734375 0.08954977989196777 0.08970177173614502 0.09814643859863281 0.10342049598693848 0.11745524406433105 0.11133134365081787 0.13152539730072021 0.11428821086883545 0.1137242317199707 0.11880254745483398 0.11926686763763428 0.12099754810333252 0.12486064434051514 0.12865865230560303 0.14302778244018555 0.16312479972839355 0.18126332759857178 0.20272040367126465 0.23663127422332764 0.2755800485610962 0.3346604108810425 0.4247574806213379 0.5899407863616943 0.5796836614608765 0.0 0.0 0.0 0.0 0.0 0.0
1.6017884016036987 0.07686316967010498 0.09209346771240234 0.08960628509521484 0.09296345710754395 0.09369170665740967 0.10174345970153809 0.10635852813720703 0.1167759895324707 0.10953223705291748 0.11193108558654785 0.11222004890441895 0.11448991298675537 0.1188509464263916 0.12110042572021484 0.12545347213745117 0.1316845417022705 0.1430981159210205 0.1594921350479126 0.17754173278808594 0.2128812074661255 0.24295389652252197 0.27064335346221924 0.326751708984375 0.42941832542419434 0.6025311946868896 0.5809967517852783 0.0 0.0 0.0 0.0 0.0
1.611074686050415 0.07927107810974121 0.09262633323669434 0.10603475570678711 0.09227383136749268 0.08696603775024414 0.09572601318359375 0.0981670618057251 0.1090158224105835 0.10714340209960938 0.12760794162750244 0.11249184608459473 0.1095346212387085 0.11055028438568115 0.11651408672332764 0.12276899814605713 0.12183725833892822 0.13600647449493408 0.14169394969940186 0.15751373767852783 0.18288803100585938 0.20714426040649414 0.2307220697402954 0.26245975494384766 0.3220576047897339 0.4318917989730835 0.588010311126709 0.570343017578125 0.0 0.0 0.0 0.0
1.6129074096679688 0.0794229507446289 0.0920720100402832 0.09511852264404297 0.08912968635559082 0.08538317680358887 0.08519673347473145 0.0892254114151001 0.09497904777526855 0.10232138633728027 0.10953593254089355 0.1067589521408081 0.10689246654510498 0.10711824893951416 0.11163091659545898 0.11485803127288818 0.11871099472045898 0.1297454833984375 0.1289733648300171 0.1373976469039917 0.15664279460906982 0.17935240268707275 0.20304274559020996 0.22822976112365723 0.26567721366882324 0.3318946361541748 0.4272005558013916 0.5883157253265381 0.5715963840484619 0.0 0.0 0.0
1.6112070083618164 0.08430993556976318 0.09581184387207031 0.10834908485412598 0.09167468547821045 0.08583176136016846 0.08449554443359375 0.08419275283813477 0.08877682685852051 0.09544813632965088 0.10459208488464355 0.11017274856567383 0.10528409481048584 0.10328328609466553 0.10311770439147949 0.12020576000213623 0.115592360496521 0.11963963508605957 0.11992597579956055 0.12683284282684326 0.14437508583068848 0.15824341773986816 0.1782827377319336 0.19953274726867676 0.23019099235534668 0.2717905044555664 0.3223135471343994 0.4214555025100708 0.5835657119750977 0.5781502723693848 0.0 0.0
1.6075893640518188 0.08627641201019287 0.09731125831604004 0.09598755836486816 0.08912873268127441 0.08608222007751465 0.08135128021240234 0.08138740062713623 0.08185398578643799 0.08602166175842285 0.09335577487945557 0.10051357746124268 0.10257971286773682 0.10114133358001709 0.10015833377838135 0.10306155681610107 0.10424971580505371 0.11124265193939209 0.11534833908081055 0.12081694602966309 0.12963438034057617 0.14196300506591797 0.1548246145248413 0.17718780040740967 0.20073747634887695 0.23433327674865723 0.2653791904449463 0.32507336139678955 0.4345606565475464 0.5963791608810425 0.571894645690918 0.0
1.615116834640503 0.08823680877685547 0.09782826900482178 0.09622633457183838 0.0931406021118164 0.08952987194061279 0.08668184280395508 0.08534789085388184 0.09248542785644531 0.08199059963226318 0.08655309677124023 0.09325540065765381 0.09835326671600342 0.10061907768249512 0.09982180595397949 0.10303974151611328 0.10310280323028564 0.10304009914398193 0.11257147789001465 0.1122274398803711 0.12251877784729004 0.12924957275390625 0.14083349704742432 0.15518975257873535 0.17549991607666016 0.20519864559173584 0.23020732402801514 0.2577354907989502 0.3242478370666504 0.41691815853118896 0.5836954116821289 0.5718784332275391
