1.9999799728393555 0.0 0.0 0.0 0.0 0.0 0.0 0.0 0.0 0.0 0.0 0.0 0.0 0.0 0.0 0.0 0.0 0.0 0.0 0.0 0.0 0.0 0.0 0.0 0.0 0.0 0.0 0.0 0.0 0.0 0.0 0.0
1.9553312063217163 0.4203174114227295 0.0 0.0 0.0 0.0 0.0 0.0 0.0 0.0 0.0 0.0 0.0 0.0 0.0 0.0 0.0 0.0 0.0 0.0 0.0 0.0 0.0 0.0 0.0 0.0 0.0 0.0 0.0 0.0 0.0 0.0
1.9474068880081177 0.33898234367370605 0.30429553985595703 0.0 0.0 0.0 0.0 0.0 0.0 0.0 0.0 0.0 0.0 0.0 0.0 0.0 0.0 0.0 0.0 0.0 0.0 0.0 0.0 0.0 0.0 0.0 0.0 0.0 0.0 0.0 0.0 0.0
1.935994267463684 0.3358495235443115 0.26027822494506836 0.2669966220855713 0.0 0.0 0.0 0.0 0.0 0.0 0.0 0.0 0.0 0.0 0.0 0.0 0.0 0.0 0.0 0.0 0.0 0.0 0.0 0.0 0.0 0.0 0.0 0.0 0.0 0.0 0.0 0.0
1.9245785474777222 0.31576430797576904 0.2731471061706543 0.24819684028625488 0.24479007720947266 0.0 0.0 0.0 0.0 0.0 0.0 0.0 0.0 0.0 0.0 0.0 0.0 0.0 0.0 0.0 0.0 0.0 0.0 0.0 0.0 0.0 0.0 0.0 0.0 0.0 0.0 0.0
1.9167001247406006 0.3021901845932007 0.24608182907104492 0.22720646858215332 0.2482600212097168 0.2470027208328247 0.0 0.0 0.0 0.0 0.0 0.0 0.0 0.0 0.0 0.0 0.0 0.0 0.0 0.0 0.0 0.0 0.0 0.0 0.0 0.0 0.0 0.0 0.0 0.0 0.0 0.0
1.9165157079696655 0.29063892364501953 0.20343422889709473 0.2121671438217163 0.22095930576324463 0.23584139347076416 0.2269831895828247 0.0 0.0 0.0 0.0 0.0 0.0 0.0 0.0 0.0 0.0 0.0 0.0 0.0 0.0 0.0 0.0 0.0 0.0 0.0 0.0 0.0 0.0 0.0 0.0 0.0
1.9163604974746704 0.27434444427490234 0.1906367540359497 0.17708516120910645 0.2010507583618164 0.2113964557647705 0.226470947265625 0.21921944618225098 0.0 0.0 0.0 0.0 0.0 0.0 0.0 0.0 0.0 0.0 0.0 0.0 0.0 0.0 0.0 0.0 0.0 0.0 0.0 0.0 0.0 0.0 0.0 0.0
1.9147804975509644 0.25730419158935547 0.18420898914337158 0.16166388988494873 0.17649829387664795 0.19610321521759033 0.2086777687072754 0.21466660499572754 0.21898376941680908 0.0 0.0 0.0 0.0 0.0 0.0 0.0 0.0 0.0 0.0 0.0 0.0 0.0 0.0 0.0 0.0 0.0 0.0 0.0 0.0 0.0 0.0 0.0
1.9118367433547974 0.24028611183166504 0.16209518909454346 0.1530693769454956 0.16234982013702393 0.1962738037109375 0.1900407075881958 0.2064821720123291 0.21274971961975098 0.21997737884521484 0.0 0.0 0.0 0.0 0.0 0.0 0.0 0.0 0.0 0.0 0.0 0.0 0.0 0.0 0.0 0.0 0.0 0.0 0.0 0.0 0.0 0.0
1.9099407196044922 0.23120176792144775 0.15056443214416504 0.15064072608947754 0.15671265125274658 0.16720247268676758 0.16955089569091797 0.1916639804840088 0.207694411277771 0.21020841598510742 0.2187213897705078 0.0 0.0 0.0 0.0 0.0 0.0 0.0 0.0 0.0 0.0 0.0 0.0 0.0 0.0 0.0 0.0 0.0 0.0 0.0 0.0 0.0
1.9102741479873657 0.2217339277267456 0.14335250854492188 0.136621356010437 0.14702582359313965 0.15298748016357422 0.16006994247436523 0.16824817657470703 0.18342900276184082 0.1975851058959961 0.20804834365844727 0.21768319606781006 0.0 0.0 0.0 0.0 0.0 0.0 0.0 0.0 0.0 0.0 0.0 0.0 0.0 0.0 0.0 0.0 0.0 0.0 0.0 0.0
1.9011629819869995 0.21347594261169434 0.14571213722229004 0.12491798400878906 0.1334918737411499 0.14586150646209717 0.1508626937866211 0.17271757125854492 0.1823486089706421 0.19574463367462158 0.20397329330444336 0.2284637689590454 0.21434426307678223 0.0 0.0 0.0 0.0 0.0 0.0 0.0 0.0 0.0 0.0 0.0 0.0 0.0 0.0 0.0 0.0 0.0 0.0 0.0
1.8973802328109741 0.20356380939483643 0.17157161235809326 0.1299673318862915 0.14139389991760254 0.1438513994216919 0.1470738649368286 0.15568876266479492 0.1541653871536255 0.16694986820220947 0.19092917442321777 0.198111891746521 0.23120176792144775 0.21134400367736816 0.0 0.0 0.0 0.0 0.0 0.0 0.0 0.0 0.0 0.0 0.0 0.0 0.0 0.0 0.0 0.0 0.0 0.0
1.9048175811767578 0.19347667694091797 0.13962841033935547 0.11464238166809082 0.11750364303588867 0.14164912700653076 0.13331973552703857 0.13648080825805664 0.1475508213043213 0.15861904621124268 0.16876256465911865 0.18068253993988037 0.19766473770141602 0.20345044136047363 0.20647573471069336 0.0 0.0 0.0 0.0 0.0 0.0 0.0 0.0 0.0 0.0 0.0 0.0 0.0 0.0 0.0 0.0 0.0
1.905083179473877 0.18109023571014404 0.12454557418823242 0.10911393165588379 0.11226892471313477 0.11555743217468262 0.12092757225036621 0.13606643676757812 0.13747668266296387 0.14555013179779053 0.1540384292602539 0.17680370807647705 0.18022358417510986 0.19877207279205322 0.20211493968963623 0.20798122882843018 0.0 0.0 0.0 0.0 0.0 0.0 0.0 0.0 0.0 0.0 0.0 0.0 0.0 0.0 0.0 0.0
1.9057425260543823 0.17195165157318115 0.11164700984954834 0.10413849353790283 0.11068546772003174 0.11065661907196045 0.10954582691192627 0.11978578567504883 0.13066458702087402 0.1346219778060913 0.14549553394317627 0.1526341438293457 0.16734850406646729 0.18686938285827637 0.1922593116760254 0.2051299810409546 0.20645928382873535 0.0 0.0 0.0 0.0 0.0 0.0 0.0 0.0 0.0 0.0 0.0 0.0 0.0 0.0 0.0
1.8951754570007324 0.15777993202209473 0.10313665866851807 0.09606719017028809 0.10074937343597412 0.10685276985168457 0.10596084594726562 0.11788344383239746 0.12247800827026367 0.14603948593139648 0.13473010063171387 0.1874924898147583 0.1529470682144165 0.21312499046325684 0.18375205993652344 0.19245469570159912 0.21228337287902832 0.2058039903640747 0.0 0.0 0.0 0.0 0.0 0.0 0.0 0.0 0.0 0.0 0.0 0.0 0.0 0.0
1.9033409357070923 0.1548473834991455 0.09654152393341064 0.09106254577636719 0.09665346145629883 0.10142028331756592 0.10726678371429443 0.10745930671691895 0.11309480667114258 0.11660826206207275 0.1311403512954712 0.1384671926498413 0.14973855018615723 0.15425968170166016 0.1815638542175293 0.17981302738189697 0.19187605381011963 0.2010200023651123 0.20330190658569336 0.0 0.0 0.0 0.0 0.0 0.0 0.0 0.0 0.0 0.0 0.0 0.0 0.0
1.9005852937698364 0.15290892124176025 0.09137547016143799 0.08427202701568604 0.09084749221801758 0.09435176849365234 0.09818267822265625 0.11297857761383057 0.1049877405166626 0.11332714557647705 0.11948299407958984 0.1300276517868042 0.19032692909240723 0.14449667930603027 0.15016603469848633 0.16352999210357666 0.1770765781402588 0.18682408332824707 0.19790005683898926 0.2057093381881714 0.0 0.0 0.0 0.0 0.0 0.0 0.0 0.0 0.0 0.0 0.0 0.0
1.9047969579696655 0.1394902467727661 0.08671879768371582 0.08007454872131348 0.08294796943664551 0.08664083480834961 0.09426116943359375 0.09682357311248779 0.09946393966674805 0.10454118251800537 0.12474513053894043 0.11800098419189453 0.1271291971206665 0.13817524909973145 0.14670157432556152 0.15368366241455078 0.1604849100112915 0.1822066307067871 0.18680167198181152 0.20127785205841064 0.20116353034973145 0.0 0.0 0.0 0.0 0.0 0.0 0.0 0.0 0.0 0.0 0.0
1.8967972993850708 0.13363862037658691 0.08739256858825684 0.08297944068908691 0.08194077014923096 0.08711004257202148 0.08950018882751465 0.09073364734649658 0.09696996212005615 0.10172462463378906 0.12388885021209717 0.11388933658599854 0.12720787525177002 0.12535274028778076 0.15121734142303467 0.16039633750915527 0.1527392864227295 0.17304134368896484 0.17805838584899902 0.19346094131469727 0.20337367057800293 0.21614527702331543 0.0 0.0 0.0 0.0 0.0 0.0 0.0 0.0 0.0 0.0
1.9006761312484741 0.12291717529296875 0.07781016826629639 0.07343780994415283 0.07329273223876953 0.07737159729003906 0.0779118537902832 0.08441770076751709 0.09010875225067139 0.09645700454711914 0.1037212610244751 0.10918176174163818 0.12219691276550293 0.1164318323135376 0.12334537506103516 0.16069984436035156 0.1499232053756714 0.14915704727172852 0.1688624620437622 0.17778611183166504 0.1929563283920288 0.20137763023376465 0.20945370197296143 0.0 0.0 0.0 0.0 0.0 0.0 0.0 0.0 0.0
1.904542326927185 0.11857378482818604 0.07439696788787842 0.06632602214813232 0.07289791107177734 0.07428264617919922 0.07680344581604004 0.07541227340698242 0.08443379402160645 0.09151732921600342 0.09671449661254883 0.10461664199829102 0.1105048656463623 0.11128509044647217 0.12193083763122559 0.12407970428466797 0.134940505027771 0.13994693756103516 0.14751791954040527 0.16808485984802246 0.17548727989196777 0.18665623664855957 0.19628417491912842 0.208487868309021 0.0 0.0 0.0 0.0 0.0 0.0 0.0 0.0
1.9037357568740845 0.12186706066131592 0.07040214538574219 0.06305837631225586 0.06693673133850098 0.0703965425491333 0.07218217849731445 0.07170701026916504 0.07711625099182129 0.08411753177642822 0.09162485599517822 0.09736192226409912 0.10243654251098633 0.109261155128479 0.10861504077911377 0.11895489692687988 0.12337779998779297 0.13304853439331055 0.13725066184997559 0.15049290657043457 0.1648101806640625 0.1758335828781128 0.18764925003051758 0.19688153266906738 0.21513736248016357 0.0 0.0 0.0 0.0 0.0 0.0 0.0
1.9059128761291504 0.11074888706207275 0.0678870677947998 0.05787956714630127 0.06266450881958008 0.06380128860473633 0.06981837749481201 0.07217144966125488 0.070503830909729 0.07551240921020508 0.0834883451461792 0.08614087104797363 0.0911933183670044 0.10071122646331787 0.10568630695343018 0.10785555839538574 0.11398625373840332 0.1207510232925415 0.12755882740020752 0.1386885643005371 0.15488481521606445 0.16566252708435059 0.1727735996246338 0.18729615211486816 0.19962990283966064 0.20834290981292725 0.0 0.0 0.0 0.0 0.0 0.0
1.9043556451797485 0.10857844352722168 0.0639646053314209 0.05595552921295166 0.05694377422332764 0.0602717399597168 0.06260621547698975 0.06445932388305664 0.06800007820129395 0.0712592601776123 0.0766153335571289 0.08428668975830078 0.08599483966827393 0.09754276275634766 0.09735000133514404 0.10824728012084961 0.10764873027801514 0.11655902862548828 0.1253221035003662 0.12768304347991943 0.14564836025238037 0.15248632431030273 0.1606600284576416 0.1763920783996582 0.18828916549682617 0.19521725177764893 0.21531140804290771 0.0 0.0 0.0 0.0 0.0
1.9046905040740967 0.10126948356628418 0.061854004859924316 0.056340694427490234 0.05672097206115723 0.056166887283325195 0.05979442596435547 0.06146883964538574 0.0663067102432251 0.06600749492645264 0.07030200958251953 0.07641398906707764 0.08241641521453857 0.08904862403869629 0.09144628047943115 0.12330222129821777 0.10299086570739746 0.10453927516937256 0.11360669136047363 0.12203145027160645 0.1289445161819458 0.1370563507080078 0.14353573322296143 0.1599287986755371 0.17485535144805908 0.19041681289672852 0.20098638534545898 0.21214830875396729 0.0 0.0 0.0 0.0
1.9066944122314453 0.09559214115142822 0.05707442760467529 0.05195331573486328 0.053258657455444336 0.05480051040649414 0.05575442314147949 0.05714309215545654 0.05941188335418701 0.06355905532836914 0.06740236282348633 0.07334470748901367 0.07461225986480713 0.0895237922668457 0.08771896362304688 0.09304320812225342 0.09773528575897217 0.09878146648406982 0.10526704788208008 0.11251366138458252 0.12022161483764648 0.1305243968963623 0.13378334045410156 0.14763176441192627 0.15956366062164307 0.17427527904510498 0.19946718215942383 0.1944580078125 0.20476722717285156 0.0 0.0 0.0
1.9055176973342896 0.09473872184753418 0.05676734447479248 0.05028843879699707 0.051711320877075195 0.05122721195220947 0.05178475379943848 0.06123387813568115 0.05771815776824951 0.06056320667266846 0.06341814994812012 0.0684976577758789 0.0720372200012207 0.0772930383682251 0.08120477199554443 0.08891773223876953 0.09146237373352051 0.09385848045349121 0.10211753845214844 0.11016607284545898 0.11403405666351318 0.11971759796142578 0.12614572048187256 0.1387251615524292 0.15554869174957275 0.16181981563568115 0.178635835647583 0.187530517578125 0.19910311698913574 0.20404624938964844 0.0 0.0
1.9056659936904907 0.09287595748901367 0.05482149124145508 0.04722940921783447 0.04937148094177246 0.05104398727416992 0.051096558570861816 0.049840450286865234 0.05184495449066162 0.05586671829223633 0.05925750732421875 0.06633412837982178 0.07545113563537598 0.07063150405883789 0.07581186294555664 0.08242309093475342 0.09243154525756836 0.09142041206359863 0.09578704833984375 0.09785521030426025 0.13744568824768066 0.11150789260864258 0.1208040714263916 0.12560975551605225 0.14021337032318115 0.14667677879333496 0.15961194038391113 0.17407584190368652 0.18372201919555664 0.19484663009643555 0.203169584274292 0.0
1.9056808948516846 0.09587764739990234 0.05482292175292969 0.04627203941345215 0.046654701232910156 0.04790687561035156 0.05225551128387451 0.0507044792175293 0.049454331398010254 0.05396115779876709 0.05802750587463379 0.0620119571685791 0.0637514591217041 0.06892931461334229 0.07102823257446289 0.08104526996612549 0.0806722640991211 0.09034347534179688 0.08890116214752197 0.09219062328338623 0.09581923484802246 0.1100999116897583 0.11052203178405762 0.11937713623046875 0.12833869457244873 0.1377016305923462 0.15625500679016113 0.1663048267364502 0.17264127731323242 0.18656766414642334 0.19705617427825928 0.20319628715515137
