1.9999799728393555 0.0 0.0 0.0 0.0 0.0 0.0 0.0 0.0 0.0 0.0 0.0 0.0 0.0 0.0 0.0 0.0 0.0 0.0 0.0 0.0 0.0 0.0 0.0 0.0 0.0 0.0 0.0 0.0 0.0 0.0 0.0
1.9706692695617676 0.3411271572113037 0.0 0.0 0.0 0.0 0.0 0.0 0.0 0.0 0.0 0.0 0.0 0.0 0.0 0.0 0.0 0.0 0.0 0.0 0.0 0.0 0.0 0.0 0.0 0.0 0.0 0.0 0.0 0.0 0.0 0.0
1.9442427158355713 0.40477311611175537 0.23656654357910156 0.0 0.0 0.0 0.0 0.0 0.0 0.0 0.0 0.0 0.0 0.0 0.0 0.0 0.0 0.0 0.0 0.0 0.0 0.0 0.0 0.0 0.0 0.0 0.0 0.0 0.0 0.0 0.0 0.0
1.9117096662521362 0.3927738666534424 0.36263370513916016 0.2438870668411255 0.0 0.0 0.0 0.0 0.0 0.0 0.0 0.0 0.0 0.0 0.0 0.0 0.0 0.0 0.0 0.0 0.0 0.0 0.0 0.0 0.0 0.0 0.0 0.0 0.0 0.0 0.0 0.0
1.8727706670761108 0.37987446784973145 0.38494420051574707 0.3749868869781494 0.2439669370651245 0.0 0.0 0.0 0.0 0.0 0.0 0.0 0.0 0.0 0.0 0.0 0.0 0.0 0.0 0.0 0.0 0.0 0.0 0.0 0.0 0.0 0.0 0.0 0.0 0.0 0.0 0.0
1.8400827646255493 0.369434118270874 0.36650681495666504 0.39109206199645996 0.35928845405578613 0.24720382690429688 0.0 0.0 0.0 0.0 0.0 0.0 0.0 0.0 0.0 0.0 0.0 0.0 0.0 0.0 0.0 0.0 0.0 0.0 0.0 0.0 0.0 0.0 0.0 0.0 0.0 0.0
1.8214075565338135 0.35633647441864014 0.3348064422607422 0.36269819736480713 0.3619046211242676 0.349666953086853 0.24178826808929443 0.0 0.0 0.0 0.0 0.0 0.0 0.0 0.0 0.0 0.0 0.0 0.0 0.0 0.0 0.0 0.0 0.0 0.0 0.0 0.0 0.0 0.0 0.0 0.0 0.0
1.7976481914520264 0.3451629877090454 0.3293418884277344 0.34246015548706055 0.344671368598938 0.3588385581970215 0.34295058250427246 0.2413243055343628 0.0 0.0 0.0 0.0 0.0 0.0 0.0 0.0 0.0 0.0 0.0 0.0 0.0 0.0 0.0 0.0 0.0 0.0 0.0 0.0 0.0 0.0 0.0 0.0
1.7757186889648438 0.33207738399505615 0.3104259967803955 0.32382869720458984 0.3320448398590088 0.3448028564453125 0.3519930839538574 0.35124635696411133 0.24231112003326416 0.0 0.0 0.0 0.0 0.0 0.0 0.0 0.0 0.0 0.0 0.0 0.0 0.0 0.0 0.0 0.0 0.0 0.0 0.0 0.0 0.0 0.0 0.0
1.7608864307403564 0.31456518173217773 0.2975449562072754 0.310207724571228 0.3075268268585205 0.3186779022216797 0.33432579040527344 0.35838866233825684 0.3467508554458618 0.2425074577331543 0.0 0.0 0.0 0.0 0.0 0.0 0.0 0.0 0.0 0.0 0.0 0.0 0.0 0.0 0.0 0.0 0.0 0.0 0.0 0.0 0.0 0.0
1.7459299564361572 0.30681848526000977 0.2862052917480469 0.29648876190185547 0.292519211769104 0.29882240295410156 0.3100860118865967 0.3334071636199951 0.3590266704559326 0.342854380607605 0.24276447296142578 0.0 0.0 0.0 0.0 0.0 0.0 0.0 0.0 0.0 0.0 0.0 0.0 0.0 0.0 0.0 0.0 0.0 0.0 0.0 0.0 0.0
1.7225373983383179 0.30363523960113525 0.2888505458831787 0.29444587230682373 0.2878100872039795 0.28750646114349365 0.2960340976715088 0.31998538970947266 0.342474102973938 0.3472573757171631 0.3429388999938965 0.24357235431671143 0.0 0.0 0.0 0.0 0.0 0.0 0.0 0.0 0.0 0.0 0.0 0.0 0.0 0.0 0.0 0.0 0.0 0.0 0.0 0.0
1.705474615097046 0.30135416984558105 0.27789366245269775 0.2865346670150757 0.2820775508880615 0.28116703033447266 0.2890690565109253 0.3020598888397217 0.3180985450744629 0.32686448097229004 0.3440185785293579 0.3466540575027466 0.24705445766448975 0.0 0.0 0.0 0.0 0.0 0.0 0.0 0.0 0.0 0.0 0.0 0.0 0.0 0.0 0.0 0.0 0.0 0.0 0.0
1.6990264654159546 0.28279566764831543 0.26696324348449707 0.2773597240447998 0.2736440896987915 0.27230894565582275 0.2730604410171509 0.28258049488067627 0.29299962520599365 0.30730652809143066 0.325386643409729 0.34699928760528564 0.33831143379211426 0.24584686756134033 0.0 0.0 0.0 0.0 0.0 0.0 0.0 0.0 0.0 0.0 0.0 0.0 0.0 0.0 0.0 0.0 0.0 0.0
1.6750894784927368 0.2778146266937256 0.2581455707550049 0.27239322662353516 0.2711186408996582 0.26736462116241455 0.27066147327423096 0.27766358852386475 0.28298401832580566 0.2988014221191406 0.314571738243103 0.3333195447921753 0.3405188322067261 0.35481834411621094 0.24330174922943115 0.0 0.0 0.0 0.0 0.0 0.0 0.0 0.0 0.0 0.0 0.0 0.0 0.0 0.0 0.0 0.0 0.0
1.6623573303222656 0.2665764093399048 0.25002169609069824 0.26383936405181885 0.2601604461669922 0.2626129388809204 0.2661043405532837 0.2697145938873291 0.2804046869277954 0.28363943099975586 0.29230785369873047 0.32227230072021484 0.3287367820739746 0.35471200942993164 0.3336951732635498 0.24351096153259277 0.0 0.0 0.0 0.0 0.0 0.0 0.0 0.0 0.0 0.0 0.0 0.0 0.0 0.0 0.0 0.0
1.6424345970153809 0.26200151443481445 0.23975837230682373 0.25520777702331543 0.2572154998779297 0.2577061653137207 0.2629399299621582 0.268876314163208 0.27869415283203125 0.2792801856994629 0.2845289707183838 0.30219149589538574 0.3139839172363281 0.34885144233703613 0.34002864360809326 0.3360743522644043 0.24512743949890137 0.0 0.0 0.0 0.0 0.0 0.0 0.0 0.0 0.0 0.0 0.0 0.0 0.0 0.0 0.0
1.6388378143310547 0.26319587230682373 0.23188507556915283 0.24611401557922363 0.2506890296936035 0.24875760078430176 0.25370776653289795 0.26196932792663574 0.26642370223999023 0.27008283138275146 0.2734816074371338 0.28261423110961914 0.2944822311401367 0.31526827812194824 0.3216747045516968 0.334392786026001 0.3312225341796875 0.2508469820022583 0.0 0.0 0.0 0.0 0.0 0.0 0.0 0.0 0.0 0.0 0.0 0.0 0.0 0.0
1.6222362518310547 0.26031947135925293 0.23000049591064453 0.24286937713623047 0.24417388439178467 0.24163246154785156 0.2469332218170166 0.2605544328689575 0.2601184844970703 0.2660970687866211 0.2711021900177002 0.2759552001953125 0.2807610034942627 0.2972233295440674 0.30391788482666016 0.3224242925643921 0.3359081745147705 0.3416653871536255 0.24576735496520996 0.0 0.0 0.0 0.0 0.0 0.0 0.0 0.0 0.0 0.0 0.0 0.0 0.0
1.5999114513397217 0.25627684593200684 0.23078322410583496 0.24075043201446533 0.243308424949646 0.23873233795166016 0.24118149280548096 0.25087130069732666 0.260553240776062 0.2672187089920044 0.27044105529785156 0.27669715881347656 0.2771211862564087 0.2973440885543823 0.2920417785644531 0.30973339080810547 0.32115793228149414 0.33957231044769287 0.33612799644470215 0.24281227588653564 0.0 0.0 0.0 0.0 0.0 0.0 0.0 0.0 0.0 0.0 0.0 0.0
1.5931386947631836 0.24862027168273926 0.22817111015319824 0.2392641305923462 0.23681378364562988 0.23475778102874756 0.23770451545715332 0.24760818481445312 0.2472219467163086 0.2572861909866333 0.2647815942764282 0.27150535583496094 0.26891183853149414 0.27688121795654297 0.2797621488571167 0.2921363115310669 0.3058584928512573 0.32511377334594727 0.3372039794921875 0.3249950408935547 0.24330580234527588 0.0 0.0 0.0 0.0 0.0 0.0 0.0 0.0 0.0 0.0 0.0
1.5831722021102905 0.23774051666259766 0.22442340850830078 0.2365550994873047 0.23364484310150146 0.23316526412963867 0.23507797718048096 0.23811137676239014 0.2440725564956665 0.2479536533355713 0.25745832920074463 0.267819881439209 0.26687467098236084 0.28071749210357666 0.2735804319381714 0.27831780910491943 0.2867095470428467 0.30850648880004883 0.3216365575790405 0.32669878005981445 0.3203786611557007 0.2406623363494873 0.0 0.0 0.0 0.0 0.0 0.0 0.0 0.0 0.0 0.0
1.5655826330184937 0.23308801651000977 0.22094464302062988 0.2385636568069458 0.23157238960266113 0.2286698818206787 0.22818267345428467 0.23519504070281982 0.2437427043914795 0.24676525592803955 0.25181496143341064 0.2675778865814209 0.26820802688598633 0.2838566303253174 0.2755676507949829 0.2742191553115845 0.2774144411087036 0.2908792495727539 0.30798959732055664 0.3123713731765747 0.32284390926361084 0.3179429769515991 0.238791823387146 0.0 0.0 0.0 0.0 0.0 0.0 0.0 0.0 0.0
1.5541659593582153 0.2306962013244629 0.21392560005187988 0.2300196886062622 0.22763192653656006 0.227508544921875 0.22557783126831055 0.22988903522491455 0.2449803352355957 0.24154245853424072 0.2460092306137085 0.25818872451782227 0.25845015048980713 0.2994476556777954 0.26670384407043457 0.2672184705734253 0.2674560546875 0.27867591381073 0.28845322132110596 0.30042123794555664 0.3086503744125366 0.3205355405807495 0.3187382221221924 0.24135565757751465 0.0 0.0 0.0 0.0 0.0 0.0 0.0 0.0
1.5460542440414429 0.23307204246520996 0.2097771167755127 0.2306976318359375 0.22558379173278809 0.22365832328796387 0.2251962423324585 0.22809839248657227 0.2339487075805664 0.23701417446136475 0.24195241928100586 0.2523665428161621 0.25475263595581055 0.2847568988800049 0.25947749614715576 0.26388466358184814 0.2634768486022949 0.27237868309020996 0.2731189727783203 0.28240537643432617 0.2950263023376465 0.30965304374694824 0.3182990550994873 0.3131544589996338 0.24052691459655762 0.0 0.0 0.0 0.0 0.0 0.0 0.0
1.535314917564392 0.23270201683044434 0.2068183422088623 0.22274506092071533 0.22084498405456543 0.22093522548675537 0.22050738334655762 0.2250213623046875 0.2332761287689209 0.23384618759155273 0.23807048797607422 0.24629640579223633 0.2520526647567749 0.26822733879089355 0.26126766204833984 0.25771498680114746 0.2636195421218872 0.26630711555480957 0.27473926544189453 0.2701324224472046 0.2811703681945801 0.29479551315307617 0.30709075927734375 0.31306517124176025 0.312656044960022 0.24002385139465332 0.0 0.0 0.0 0.0 0.0 0.0
1.5204561948776245 0.23037207126617432 0.20294320583343506 0.21860384941101074 0.2160733938217163 0.21624088287353516 0.2200627326965332 0.22321128845214844 0.23557817935943604 0.23012900352478027 0.2385777235031128 0.2400038242340088 0.24933183193206787 0.2672302722930908 0.25393056869506836 0.2532395124435425 0.2590891122817993 0.2740366458892822 0.27788054943084717 0.26323843002319336 0.26865243911743164 0.27832555770874023 0.2919614315032959 0.3020578622817993 0.31896495819091797 0.3100898265838623 0.23711228370666504 0.0 0.0 0.0 0.0 0.0
1.5204187631607056 0.22647905349731445 0.2065424919128418 0.2137751579284668 0.21005761623382568 0.2082136869430542 0.21502625942230225 0.21717441082000732 0.22484374046325684 0.22690260410308838 0.23053205013275146 0.24197065830230713 0.24095547199249268 0.2513546943664551 0.2422780990600586 0.2478175163269043 0.24780762195587158 0.25904834270477295 0.2890205383300781 0.2572885751724243 0.25838661193847656 0.2658580541610718 0.2785515785217285 0.2878127098083496 0.2988102436065674 0.31000685691833496 0.30584716796875 0.23943305015563965 0.0 0.0 0.0 0.0
1.5080422163009644 0.22184228897094727 0.2013688087463379 0.21110355854034424 0.20724260807037354 0.20483624935150146 0.20888149738311768 0.21185588836669922 0.22090458869934082 0.22419440746307373 0.2310248613357544 0.2342362403869629 0.2395641803741455 0.2549325227737427 0.24654531478881836 0.24389100074768066 0.24425780773162842 0.2555578947067261 0.26329493522644043 0.2556798458099365 0.2567319869995117 0.2589995861053467 0.2652266025543213 0.2767406702041626 0.2916865348815918 0.3003760576248169 0.30870914459228516 0.31718873977661133 0.23868799209594727 0.0 0.0 0.0
1.4972906112670898 0.2209770679473877 0.21101725101470947 0.20938587188720703 0.20616888999938965 0.20251917839050293 0.20492196083068848 0.21130585670471191 0.21979427337646484 0.22294914722442627 0.22613227367401123 0.23510050773620605 0.2360849380493164 0.25441670417785645 0.24779367446899414 0.2420821189880371 0.24058330059051514 0.24816644191741943 0.2536745071411133 0.25082945823669434 0.25418734550476074 0.25827813148498535 0.258087158203125 0.26279234886169434 0.27376437187194824 0.28672683238983154 0.2948817014694214 0.3144873380661011 0.30419111251831055 0.23715293407440186 0.0 0.0
1.491611123085022 0.22178328037261963 0.1974945068359375 0.20625317096710205 0.20451200008392334 0.202376127243042 0.20247352123260498 0.20807933807373047 0.21944117546081543 0.2216482162475586 0.22422361373901367 0.23186135292053223 0.23505568504333496 0.24548625946044922 0.24074065685272217 0.23752570152282715 0.2388821840286255 0.24230504035949707 0.25784850120544434 0.24523591995239258 0.24819231033325195 0.2518080472946167 0.252791166305542 0.25424957275390625 0.2605273723602295 0.2696465253829956 0.28029167652130127 0.3014880418777466 0.3022761344909668 0.3031107187271118 0.23767125606536865 0.0
1.4839471578598022 0.2218647003173828 0.19468677043914795 0.2009890079498291 0.20296216011047363 0.20493900775909424 0.20199084281921387 0.2093038558959961 0.21652162075042725 0.21568739414215088 0.2213912010192871 0.2279222011566162 0.23063600063323975 0.252447247505188 0.23605561256408691 0.23504340648651123 0.2330230474472046 0.2396252155303955 0.2543954849243164 0.23771941661834717 0.238946795463562 0.24340105056762695 0.24952936172485352 0.2509286403656006 0.2524738311767578 0.25746428966522217 0.2658119201660156 0.28630733489990234 0.2905956506729126 0.30105674266815186 0.30137038230895996 0.2385239601135254
