1.9999799728393555 0.0 0.0 0.0 0.0 0.0 0.0 0.0 0.0 0.0 0.0 0.0 0.0 0.0 0.0 0.0 0.0 0.0 0.0 0.0 0.0 0.0 0.0 0.0 0.0 0.0 0.0 0.0 0.0 0.0 0.0 0.0
1.9650096893310547 0.3723316192626953 0.0 0.0 0.0 0.0 0.0 0.0 0.0 0.0 0.0 0.0 0.0 0.0 0.0 0.0 0.0 0.0 0.0 0.0 0.0 0.0 0.0 0.0 0.0 0.0 0.0 0.0 0.0 0.0 0.0 0.0
1.9308514595031738 0.39650917053222656 0.33840465545654297 0.0 0.0 0.0 0.0 0.0 0.0 0.0 0.0 0.0 0.0 0.0 0.0 0.0 0.0 0.0 0.0 0.0 0.0 0.0 0.0 0.0 0.0 0.0 0.0 0.0 0.0 0.0 0.0 0.0
1.886052131652832 0.3219684362411499 0.4645766019821167 0.3510262966156006 0.0 0.0 0.0 0.0 0.0 0.0 0.0 0.0 0.0 0.0 0.0 0.0 0.0 0.0 0.0 0.0 0.0 0.0 0.0 0.0 0.0 0.0 0.0 0.0 0.0 0.0 0.0 0.0
1.8612428903579712 0.2691711187362671 0.35811305046081543 0.44494593143463135 0.37012338638305664 0.0 0.0 0.0 0.0 0.0 0.0 0.0 0.0 0.0 0.0 0.0 0.0 0.0 0.0 0.0 0.0 0.0 0.0 0.0 0.0 0.0 0.0 0.0 0.0 0.0 0.0 0.0
1.8383868932724 0.2256566286087036 0.2966102361679077 0.3559175729751587 0.4630277156829834 0.37445080280303955 0.0 0.0 0.0 0.0 0.0 0.0 0.0 0.0 0.0 0.0 0.0 0.0 0.0 0.0 0.0 0.0 0.0 0.0 0.0 0.0 0.0 0.0 0.0 0.0 0.0 0.0
1.818498134613037 0.20819222927093506 0.2620251178741455 0.3031398057937622 0.368585467338562 0.4635704755783081 0.37181639671325684 0.0 0.0 0.0 0.0 0.0 0.0 0.0 0.0 0.0 0.0 0.0 0.0 0.0 0.0 0.0 0.0 0.0 0.0 0.0 0.0 0.0 0.0 0.0 0.0 0.0
1.8080703020095825 0.1835777759552002 0.23952507972717285 0.25880348682403564 0.30587077140808105 0.36639678478240967 0.4587864875793457 0.36663341522216797 0.0 0.0 0.0 0.0 0.0 0.0 0.0 0.0 0.0 0.0 0.0 0.0 0.0 0.0 0.0 0.0 0.0 0.0 0.0 0.0 0.0 0.0 0.0 0.0
1.7894319295883179 0.17763233184814453 0.220220685005188 0.23627984523773193 0.2751091718673706 0.3142054080963135 0.3684953451156616 0.46486127376556396 0.36826562881469727 0.0 0.0 0.0 0.0 0.0 0.0 0.0 0.0 0.0 0.0 0.0 0.0 0.0 0.0 0.0 0.0 0.0 0.0 0.0 0.0 0.0 0.0 0.0
1.7832932472229004 0.1537543535232544 0.19857072830200195 0.21279501914978027 0.23162221908569336 0.26028716564178467 0.3068476915359497 0.36495280265808105 0.4734528064727783 0.3720594644546509 0.0 0.0 0.0 0.0 0.0 0.0 0.0 0.0 0.0 0.0 0.0 0.0 0.0 0.0 0.0 0.0 0.0 0.0 0.0 0.0 0.0 0.0
1.7735103368759155 0.15009331703186035 0.18782973289489746 0.20606791973114014 0.21209263801574707 0.23200726509094238 0.25766146183013916 0.3050384521484375 0.3736393451690674 0.4637935161590576 0.3758007287979126 0.0 0.0 0.0 0.0 0.0 0.0 0.0 0.0 0.0 0.0 0.0 0.0 0.0 0.0 0.0 0.0 0.0 0.0 0.0 0.0 0.0
1.765921711921692 0.14210212230682373 0.1738910675048828 0.19721746444702148 0.20083880424499512 0.21266233921051025 0.2235722541809082 0.25635337829589844 0.31896471977233887 0.36304938793182373 0.4688667058944702 0.3706231117248535 0.0 0.0 0.0 0.0 0.0 0.0 0.0 0.0 0.0 0.0 0.0 0.0 0.0 0.0 0.0 0.0 0.0 0.0 0.0 0.0
1.7545387744903564 0.13695311546325684 0.1600719690322876 0.17067670822143555 0.18102097511291504 0.19793248176574707 0.20735549926757812 0.22871768474578857 0.26885080337524414 0.3081851005554199 0.3897057771682739 0.47554564476013184 0.3679313659667969 0.0 0.0 0.0 0.0 0.0 0.0 0.0 0.0 0.0 0.0 0.0 0.0 0.0 0.0 0.0 0.0 0.0 0.0 0.0
1.7618621587753296 0.1337423324584961 0.15421843528747559 0.1592118740081787 0.16570770740509033 0.1819934844970703 0.18969345092773438 0.20727741718292236 0.22865021228790283 0.25714778900146484 0.3070586919784546 0.3647637367248535 0.4580662250518799 0.3654487133026123 0.0 0.0 0.0 0.0 0.0 0.0 0.0 0.0 0.0 0.0 0.0 0.0 0.0 0.0 0.0 0.0 0.0 0.0
1.7515884637832642 0.12498033046722412 0.15062665939331055 0.14977693557739258 0.15520715713500977 0.16559696197509766 0.17704510688781738 0.19527173042297363 0.2215336561203003 0.23005986213684082 0.2632371187210083 0.3167588710784912 0.3660823106765747 0.4593390226364136 0.3651585578918457 0.0 0.0 0.0 0.0 0.0 0.0 0.0 0.0 0.0 0.0 0.0 0.0 0.0 0.0 0.0 0.0 0.0
1.7472532987594604 0.11623966693878174 0.14361786842346191 0.14879000186920166 0.1570361852645874 0.15619587898254395 0.15954899787902832 0.1735677719116211 0.1927093267440796 0.21171915531158447 0.22459101676940918 0.29931044578552246 0.30489039421081543 0.35988640785217285 0.4525172710418701 0.36978232860565186 0.0 0.0 0.0 0.0 0.0 0.0 0.0 0.0 0.0 0.0 0.0 0.0 0.0 0.0 0.0 0.0
1.7468358278274536 0.10115623474121094 0.13286936283111572 0.14008140563964844 0.14453279972076416 0.1487288475036621 0.15102744102478027 0.16963708400726318 0.18786966800689697 0.19236421585083008 0.21483278274536133 0.24753475189208984 0.25757479667663574 0.29971885681152344 0.3566577434539795 0.46072590351104736 0.36178159713745117 0.0 0.0 0.0 0.0 0.0 0.0 0.0 0.0 0.0 0.0 0.0 0.0 0.0 0.0 0.0
1.7473994493484497 0.09881293773651123 0.12290191650390625 0.12998437881469727 0.13900673389434814 0.1422945261001587 0.14201760292053223 0.15206491947174072 0.16835737228393555 0.17878985404968262 0.19850826263427734 0.2105410099029541 0.2211376428604126 0.25341224670410156 0.29385924339294434 0.36049652099609375 0.4618954658508301 0.36733245849609375 0.0 0.0 0.0 0.0 0.0 0.0 0.0 0.0 0.0 0.0 0.0 0.0 0.0 0.0
1.7509360313415527 0.10082459449768066 0.117698073387146 0.12063205242156982 0.12899386882781982 0.1344890594482422 0.13783884048461914 0.1407160758972168 0.14771461486816406 0.16078555583953857 0.17920231819152832 0.18792295455932617 0.19943153858184814 0.22085285186767578 0.24809885025024414 0.2954545021057129 0.35797250270843506 0.46204042434692383 0.3574620485305786 0.0 0.0 0.0 0.0 0.0 0.0 0.0 0.0 0.0 0.0 0.0 0.0 0.0
1.7475244998931885 0.10554444789886475 0.12134146690368652 0.11674821376800537 0.11773622035980225 0.12392890453338623 0.1305919885635376 0.1357654333114624 0.1445561647415161 0.1464928388595581 0.16007232666015625 0.18334639072418213 0.18439316749572754 0.19996106624603271 0.21967816352844238 0.255645751953125 0.3032100200653076 0.3590834140777588 0.4472157955169678 0.3628352880477905 0.0 0.0 0.0 0.0 0.0 0.0 0.0 0.0 0.0 0.0 0.0 0.0
1.7511210441589355 0.10521256923675537 0.12372112274169922 0.11535477638244629 0.11365211009979248 0.11365604400634766 0.12015426158905029 0.13001060485839844 0.13646209239959717 0.1393887996673584 0.14738833904266357 0.1574862003326416 0.16994309425354004 0.1831892728805542 0.1944108009338379 0.21139419078826904 0.2489088773727417 0.29770946502685547 0.3518080711364746 0.4512561559677124 0.35920262336730957 0.0 0.0 0.0 0.0 0.0 0.0 0.0 0.0 0.0 0.0 0.0
1.7447420358657837 0.10023140907287598 0.126617431640625 0.11999797821044922 0.11387085914611816 0.10937345027923584 0.11067652702331543 0.12067389488220215 0.1303786039352417 0.13602101802825928 0.1433699131011963 0.15073108673095703 0.15705084800720215 0.16886496543884277 0.18166875839233398 0.1938183307647705 0.21464896202087402 0.249664306640625 0.29453158378601074 0.35588550567626953 0.45758581161499023 0.36016368865966797 0.0 0.0 0.0 0.0 0.0 0.0 0.0 0.0 0.0 0.0
1.7426408529281616 0.08897578716278076 0.11848616600036621 0.12093329429626465 0.11700570583343506 0.10981297492980957 0.10708010196685791 0.11262798309326172 0.12557077407836914 0.12846946716308594 0.13603365421295166 0.1465306282043457 0.14487266540527344 0.15372133255004883 0.16713833808898926 0.1796647310256958 0.20241248607635498 0.21795785427093506 0.24301385879516602 0.2947118282318115 0.3547947406768799 0.4562399387359619 0.3619241714477539 0.0 0.0 0.0 0.0 0.0 0.0 0.0 0.0 0.0
1.7416185140609741 0.08190727233886719 0.10882461071014404 0.11760306358337402 0.11723017692565918 0.1142263412475586 0.10520923137664795 0.10646295547485352 0.11184334754943848 0.11960732936859131 0.13062822818756104 0.14184892177581787 0.13434326648712158 0.1429668664932251 0.15124309062957764 0.167236328125 0.18108952045440674 0.19519329071044922 0.21297478675842285 0.2489001750946045 0.29465973377227783 0.3562304973602295 0.45667946338653564 0.36214756965637207 0.0 0.0 0.0 0.0 0.0 0.0 0.0 0.0
1.7390066385269165 0.089516282081604 0.09889829158782959 0.10807275772094727 0.11681771278381348 0.12083351612091064 0.11702609062194824 0.10866832733154297 0.11674869060516357 0.12897264957427979 0.13181602954864502 0.12415099143981934 0.12912774085998535 0.13354504108428955 0.13540637493133545 0.14960813522338867 0.1608370542526245 0.177482008934021 0.18883955478668213 0.21155858039855957 0.2491518259048462 0.2925633192062378 0.3665691614151001 0.45427441596984863 0.35765278339385986 0.0 0.0 0.0 0.0 0.0 0.0 0.0
1.7427867650985718 0.0860741138458252 0.09836184978485107 0.09795212745666504 0.10334742069244385 0.10811388492584229 0.10971605777740479 0.1079249382019043 0.10653960704803467 0.10565924644470215 0.10753834247589111 0.1157383918762207 0.12048113346099854 0.12552857398986816 0.12899208068847656 0.13370585441589355 0.14805853366851807 0.16054236888885498 0.17377114295959473 0.1916182041168213 0.2200397253036499 0.25854480266571045 0.2999027967453003 0.3578486442565918 0.4491462707519531 0.3575773239135742 0.0 0.0 0.0 0.0 0.0 0.0
1.7435089349746704 0.08907139301300049 0.09919929504394531 0.09064364433288574 0.09320294857025146 0.09906744956970215 0.10576307773590088 0.10786032676696777 0.10815238952636719 0.10134005546569824 0.09985864162445068 0.10547387599945068 0.11064350605010986 0.11940205097198486 0.12365245819091797 0.12892496585845947 0.138702392578125 0.14574062824249268 0.15961003303527832 0.17516672611236572 0.19208025932312012 0.21420574188232422 0.24609887599945068 0.2942870855331421 0.3530842065811157 0.4599475860595703 0.35826873779296875 0.0 0.0 0.0 0.0 0.0
1.742020845413208 0.08883881568908691 0.1052628755569458 0.09624457359313965 0.08990216255187988 0.09034180641174316 0.09616494178771973 0.10427260398864746 0.10795331001281738 0.10471880435943604 0.10596060752868652 0.10569000244140625 0.10451304912567139 0.11254358291625977 0.12076079845428467 0.12434446811676025 0.12805819511413574 0.1385732889175415 0.15013790130615234 0.16151010990142822 0.17554402351379395 0.192268967628479 0.20994818210601807 0.2456902265548706 0.2908214330673218 0.35674357414245605 0.4543646574020386 0.35654163360595703 0.0 0.0 0.0 0.0
1.7462400197982788 0.08202266693115234 0.10477018356323242 0.099822998046875 0.09348022937774658 0.08821260929107666 0.08860611915588379 0.09600973129272461 0.10163521766662598 0.1042628288269043 0.10385799407958984 0.10129117965698242 0.09972691535949707 0.10274863243103027 0.10950934886932373 0.11532449722290039 0.12151086330413818 0.12676894664764404 0.13383519649505615 0.14473652839660645 0.15953803062438965 0.17636549472808838 0.1896686553955078 0.21106934547424316 0.2410045862197876 0.2932250499725342 0.3508647680282593 0.44762110710144043 0.3560870885848999 0.0 0.0 0.0
1.7414239645004272 0.07531189918518066 0.09887266159057617 0.10455811023712158 0.09707117080688477 0.08884572982788086 0.08599615097045898 0.08863508701324463 0.09439074993133545 0.10213208198547363 0.11058938503265381 0.10300064086914062 0.0983891487121582 0.09653162956237793 0.10065615177154541 0.10976040363311768 0.11582255363464355 0.12235677242279053 0.12491321563720703 0.1349271535873413 0.14928412437438965 0.15944242477416992 0.17696356773376465 0.1903219223022461 0.21430981159210205 0.24808204174041748 0.296375036239624 0.35198473930358887 0.44623374938964844 0.35932302474975586 0.0 0.0
1.7416051626205444 0.07009375095367432 0.09296178817749023 0.10502243041992188 0.09762406349182129 0.09361648559570312 0.08766984939575195 0.08512961864471436 0.08640122413635254 0.09108543395996094 0.10170602798461914 0.10682535171508789 0.10031509399414062 0.09513819217681885 0.09589779376983643 0.10729575157165527 0.1062173843383789 0.11656904220581055 0.12090504169464111 0.12544190883636475 0.1376934051513672 0.14644718170166016 0.15998315811157227 0.18025147914886475 0.19016826152801514 0.21208465099334717 0.24322879314422607 0.2918616533279419 0.3450767993927002 0.45404553413391113 0.3563331365585327 0.0
1.743414044380188 0.07318353652954102 0.0876619815826416 0.08934378623962402 0.09366738796234131 0.09768283367156982 0.0941232442855835 0.09090578556060791 0.08904886245727539 0.08587837219238281 0.09408140182495117 0.10095381736755371 0.10087370872497559 0.09808671474456787 0.09465909004211426 0.09501528739929199 0.09940922260284424 0.10509371757507324 0.11199045181274414 0.11826670169830322 0.12619400024414062 0.1317121982574463 0.14300894737243652 0.157873272895813 0.17179739475250244 0.19179189205169678 0.21148169040679932 0.2435896396636963 0.2925584316253662 0.35283398628234863 0.44645893573760986 0.35468220710754395
