1.9999799728393555 0.0 0.0 0.0 0.0 0.0 0.0 0.0 0.0 0.0 0.0 0.0 0.0 0.0 0.0 0.0 0.0 0.0 0.0 0.0 0.0 0.0 0.0 0.0 0.0 0.0 0.0 0.0 0.0 0.0 0.0 0.0
1.979635238647461 0.2846287488937378 0.0 0.0 0.0 0.0 0.0 0.0 0.0 0.0 0.0 0.0 0.0 0.0 0.0 0.0 0.0 0.0 0.0 0.0 0.0 0.0 0.0 0.0 0.0 0.0 0.0 0.0 0.0 0.0 0.0 0.0
1.9543875455856323 0.26981067657470703 0.32783007621765137 0.0 0.0 0.0 0.0 0.0 0.0 0.0 0.0 0.0 0.0 0.0 0.0 0.0 0.0 0.0 0.0 0.0 0.0 0.0 0.0 0.0 0.0 0.0 0.0 0.0 0.0 0.0 0.0 0.0
1.9386705160140991 0.2545044422149658 0.2849571704864502 0.30898070335388184 0.0 0.0 0.0 0.0 0.0 0.0 0.0 0.0 0.0 0.0 0.0 0.0 0.0 0.0 0.0 0.0 0.0 0.0 0.0 0.0 0.0 0.0 0.0 0.0 0.0 0.0 0.0 0.0
1.9290599822998047 0.23800301551818848 0.2445211410522461 0.2677340507507324 0.3007943630218506 0.0 0.0 0.0 0.0 0.0 0.0 0.0 0.0 0.0 0.0 0.0 0.0 0.0 0.0 0.0 0.0 0.0 0.0 0.0 0.0 0.0 0.0 0.0 0.0 0.0 0.0 0.0
1.9221078157424927 0.22601759433746338 0.21653056144714355 0.23212814331054688 0.2508544921875 0.3010091781616211 0.0 0.0 0.0 0.0 0.0 0.0 0.0 0.0 0.0 0.0 0.0 0.0 0.0 0.0 0.0 0.0 0.0 0.0 0.0 0.0 0.0 0.0 0.0 0.0 0.0 0.0
1.9131829738616943 0.22011208534240723 0.21075141429901123 0.2159883975982666 0.2264348268508911 0.2508718967437744 0.2930142879486084 0.0 0.0 0.0 0.0 0.0 0.0 0.0 0.0 0.0 0.0 0.0 0.0 0.0 0.0 0.0 0.0 0.0 0.0 0.0 0.0 0.0 0.0 0.0 0.0 0.0
1.9032796621322632 0.21757960319519043 0.21280252933502197 0.20135223865509033 0.20455873012542725 0.22590899467468262 0.2457113265991211 0.3016704320907593 0.0 0.0 0.0 0.0 0.0 0.0 0.0 0.0 0.0 0.0 0.0 0.0 0.0 0.0 0.0 0.0 0.0 0.0 0.0 0.0 0.0 0.0 0.0 0.0
1.887644648551941 0.21912360191345215 0.22094595432281494 0.20334112644195557 0.20379018783569336 0.22098493576049805 0.22294318675994873 0.2571578025817871 0.3037470579147339 0.0 0.0 0.0 0.0 0.0 0.0 0.0 0.0 0.0 0.0 0.0 0.0 0.0 0.0 0.0 0.0 0.0 0.0 0.0 0.0 0.0 0.0 0.0
1.8753471374511719 0.23468124866485596 0.22600209712982178 0.2025139331817627 0.19484424591064453 0.20415925979614258 0.20860004425048828 0.22954511642456055 0.26132631301879883 0.3026529550552368 0.0 0.0 0.0 0.0 0.0 0.0 0.0 0.0 0.0 0.0 0.0 0.0 0.0 0.0 0.0 0.0 0.0 0.0 0.0 0.0 0.0 0.0
1.8746416568756104 0.20645475387573242 0.20277643203735352 0.19370782375335693 0.19127702713012695 0.1961517333984375 0.19680476188659668 0.20970284938812256 0.22535669803619385 0.25126636028289795 0.3043088912963867 0.0 0.0 0.0 0.0 0.0 0.0 0.0 0.0 0.0 0.0 0.0 0.0 0.0 0.0 0.0 0.0 0.0 0.0 0.0 0.0 0.0
1.8614604473114014 0.2056884765625 0.19909512996673584 0.1953033208847046 0.19063591957092285 0.19750654697418213 0.19666922092437744 0.20895183086395264 0.20881426334381104 0.22229743003845215 0.2613186836242676 0.309381365776062 0.0 0.0 0.0 0.0 0.0 0.0 0.0 0.0 0.0 0.0 0.0 0.0 0.0 0.0 0.0 0.0 0.0 0.0 0.0 0.0
1.8532495498657227 0.1944650411605835 0.18995225429534912 0.1940605640411377 0.18954801559448242 0.19274938106536865 0.194146990776062 0.19891583919525146 0.20928382873535156 0.20698809623718262 0.229933500289917 0.25808119773864746 0.31188416481018066 0.0 0.0 0.0 0.0 0.0 0.0 0.0 0.0 0.0 0.0 0.0 0.0 0.0 0.0 0.0 0.0 0.0 0.0 0.0
1.8498679399490356 0.18473899364471436 0.18691301345825195 0.18826544284820557 0.1841055154800415 0.18774116039276123 0.19129765033721924 0.19108843803405762 0.1944669485092163 0.19640612602233887 0.2094806432723999 0.22418010234832764 0.2537776231765747 0.31002163887023926 0.0 0.0 0.0 0.0 0.0 0.0 0.0 0.0 0.0 0.0 0.0 0.0 0.0 0.0 0.0 0.0 0.0 0.0
1.8371704816818237 0.1837383508682251 0.18471252918243408 0.18738436698913574 0.18410849571228027 0.18614721298217773 0.1911243200302124 0.1924278736114502 0.19608700275421143 0.19485235214233398 0.2025052309036255 0.21120762825012207 0.2265557050704956 0.261751651763916 0.3124464750289917 0.0 0.0 0.0 0.0 0.0 0.0 0.0 0.0 0.0 0.0 0.0 0.0 0.0 0.0 0.0 0.0 0.0
1.8320399522781372 0.17721450328826904 0.18199694156646729 0.18353033065795898 0.18143928050994873 0.18179047107696533 0.1844385862350464 0.18836677074432373 0.18792986869812012 0.18996644020080566 0.1948624849319458 0.2012864351272583 0.2085857391357422 0.22804725170135498 0.2577524185180664 0.3129124641418457 0.0 0.0 0.0 0.0 0.0 0.0 0.0 0.0 0.0 0.0 0.0 0.0 0.0 0.0 0.0 0.0
1.8192570209503174 0.17628264427185059 0.18063485622406006 0.1822214126586914 0.1828855276107788 0.18523073196411133 0.1839594841003418 0.1887897253036499 0.1881500482559204 0.19031500816345215 0.19633948802947998 0.19534575939178467 0.19952452182769775 0.2183161973953247 0.22861814498901367 0.26676273345947266 0.31098389625549316 0.0 0.0 0.0 0.0 0.0 0.0 0.0 0.0 0.0 0.0 0.0 0.0 0.0 0.0 0.0
1.8152116537094116 0.17274689674377441 0.17690443992614746 0.18214726448059082 0.18023979663848877 0.1863236427307129 0.1813145875930786 0.18420910835266113 0.18412435054779053 0.18486928939819336 0.19028854370117188 0.19144761562347412 0.1930253505706787 0.2002408504486084 0.20554041862487793 0.22880446910858154 0.2576563358306885 0.311745285987854 0.0 0.0 0.0 0.0 0.0 0.0 0.0 0.0 0.0 0.0 0.0 0.0 0.0 0.0
1.807031273841858 0.16983473300933838 0.17670047283172607 0.1817173957824707 0.1789989471435547 0.18325912952423096 0.1820288896560669 0.18400037288665771 0.1827709674835205 0.18392729759216309 0.18921160697937012 0.19012236595153809 0.18751001358032227 0.19121479988098145 0.1962987184524536 0.20971465110778809 0.2260894775390625 0.2588772773742676 0.3117179870605469 0.0 0.0 0.0 0.0 0.0 0.0 0.0 0.0 0.0 0.0 0.0 0.0 0.0
1.791820764541626 0.17103219032287598 0.17150354385375977 0.17972564697265625 0.1787853240966797 0.18093442916870117 0.18082332611083984 0.18294501304626465 0.18583691120147705 0.18605566024780273 0.1924217939376831 0.19306838512420654 0.1897486448287964 0.19632482528686523 0.19716203212738037 0.208959698677063 0.2097076177597046 0.22796368598937988 0.2718013525009155 0.3113788366317749 0.0 0.0 0.0 0.0 0.0 0.0 0.0 0.0 0.0 0.0 0.0 0.0
1.7872055768966675 0.16853809356689453 0.17399275302886963 0.18070697784423828 0.17824971675872803 0.18081605434417725 0.18241369724273682 0.18490183353424072 0.1832442283630371 0.1823493242263794 0.18770909309387207 0.18720221519470215 0.187225341796875 0.19307374954223633 0.19423842430114746 0.19818520545959473 0.19615530967712402 0.20967590808868408 0.22770237922668457 0.25710761547088623 0.3091479539871216 0.0 0.0 0.0 0.0 0.0 0.0 0.0 0.0 0.0 0.0 0.0
1.7764395475387573 0.16740906238555908 0.17600977420806885 0.1776740550994873 0.1761258840560913 0.17529332637786865 0.17645764350891113 0.18265223503112793 0.1812756061553955 0.18061769008636475 0.18149876594543457 0.1910257339477539 0.18625974655151367 0.19958198070526123 0.19487178325653076 0.19982397556304932 0.19057941436767578 0.19959354400634766 0.20972633361816406 0.232438325881958 0.25950193405151367 0.3135930299758911 0.0 0.0 0.0 0.0 0.0 0.0 0.0 0.0 0.0 0.0
1.7694348096847534 0.16760897636413574 0.17693710327148438 0.18090510368347168 0.17653429508209229 0.1753249168395996 0.17604970932006836 0.17978084087371826 0.17942523956298828 0.18150615692138672 0.18527042865753174 0.1888265609741211 0.187250018119812 0.20317423343658447 0.18918383121490479 0.188554048538208 0.18776392936706543 0.1920933723449707 0.1966996192932129 0.20952820777893066 0.22389328479766846 0.25737547874450684 0.31234991550445557 0.0 0.0 0.0 0.0 0.0 0.0 0.0 0.0 0.0
1.7625102996826172 0.1628490686416626 0.17391586303710938 0.1791825294494629 0.17708539962768555 0.183305025100708 0.17818450927734375 0.17774641513824463 0.17913007736206055 0.18092000484466553 0.18554902076721191 0.18628168106079102 0.18552803993225098 0.19564294815063477 0.18410801887512207 0.18823599815368652 0.18857276439666748 0.18924379348754883 0.18695068359375 0.19603312015533447 0.2034851312637329 0.22377395629882812 0.25484561920166016 0.3146277666091919 0.0 0.0 0.0 0.0 0.0 0.0 0.0 0.0
1.7560253143310547 0.16213536262512207 0.17093300819396973 0.17785239219665527 0.1745978593826294 0.17643678188323975 0.17920517921447754 0.17791926860809326 0.1787407398223877 0.1820756196975708 0.1883922815322876 0.18315660953521729 0.18346381187438965 0.19485437870025635 0.18292129039764404 0.18288016319274902 0.18241989612579346 0.18515610694885254 0.18640553951263428 0.1914219856262207 0.19235026836395264 0.20649075508117676 0.22416961193084717 0.25172388553619385 0.3142126798629761 0.0 0.0 0.0 0.0 0.0 0.0 0.0
1.7471880912780762 0.16198015213012695 0.16879677772521973 0.175620436668396 0.1720259189605713 0.173814058303833 0.17491769790649414 0.17779850959777832 0.1769711971282959 0.18496406078338623 0.1841055154800415 0.18603479862213135 0.18635547161102295 0.19155240058898926 0.1916522979736328 0.18660831451416016 0.18319439888000488 0.1837785243988037 0.18831944465637207 0.18815135955810547 0.18586313724517822 0.19167542457580566 0.20476388931274414 0.2211589813232422 0.2565629482269287 0.31034350395202637 0.0 0.0 0.0 0.0 0.0 0.0
1.7432491779327393 0.16067266464233398 0.16547775268554688 0.17375361919403076 0.17119455337524414 0.17254424095153809 0.17170977592468262 0.1753603219985962 0.17779231071472168 0.17796826362609863 0.18904364109039307 0.1808466911315918 0.18500685691833496 0.19243204593658447 0.1855928897857666 0.18264293670654297 0.18076026439666748 0.18376243114471436 0.1847156286239624 0.18121302127838135 0.1802196502685547 0.1855788230895996 0.19402170181274414 0.20049619674682617 0.22462129592895508 0.2526503801345825 0.3080216646194458 0.0 0.0 0.0 0.0 0.0
1.7387911081314087 0.15648531913757324 0.16530632972717285 0.1698451042175293 0.1676790714263916 0.17175555229187012 0.16994822025299072 0.17365002632141113 0.1739288568496704 0.17324721813201904 0.17982161045074463 0.17894220352172852 0.18076848983764648 0.18874061107635498 0.1832280158996582 0.18107426166534424 0.18045032024383545 0.180161714553833 0.18756675720214844 0.17998456954956055 0.17978763580322266 0.18056106567382812 0.18541455268859863 0.19193947315216064 0.20400571823120117 0.22112154960632324 0.2549710273742676 0.30896782875061035 0.0 0.0 0.0 0.0
1.7307875156402588 0.15133404731750488 0.16327762603759766 0.16925287246704102 0.16720759868621826 0.17223060131072998 0.16932332515716553 0.17258501052856445 0.17229461669921875 0.1761939525604248 0.17801165580749512 0.1762685775756836 0.17930209636688232 0.18516170978546143 0.18201708793640137 0.18916773796081543 0.18048501014709473 0.18195152282714844 0.1876145601272583 0.17638123035430908 0.17751049995422363 0.17984771728515625 0.18125200271606445 0.18758821487426758 0.19388604164123535 0.20282495021820068 0.2212153673171997 0.25469863414764404 0.30746984481811523 0.0 0.0 0.0
1.7246274948120117 0.1506437063217163 0.16349220275878906 0.16791486740112305 0.16526198387145996 0.17039227485656738 0.1697472333908081 0.1706070899963379 0.17044663429260254 0.17196083068847656 0.17528152465820312 0.17743980884552002 0.1781153678894043 0.17894113063812256 0.1783078908920288 0.18376827239990234 0.18183767795562744 0.17923247814178467 0.2115858793258667 0.17462730407714844 0.17630362510681152 0.1784968376159668 0.17882370948791504 0.18076276779174805 0.18230998516082764 0.19042479991912842 0.1992586851119995 0.21872079372406006 0.24974822998046875 0.3095989227294922 0.0 0.0
1.7103374004364014 0.14812123775482178 0.1604773998260498 0.16684389114379883 0.16625022888183594 0.17043256759643555 0.16923189163208008 0.17064249515533447 0.17029762268066406 0.16965222358703613 0.17885947227478027 0.1790611743927002 0.17718863487243652 0.17902636528015137 0.17934811115264893 0.19103801250457764 0.1831040382385254 0.1790163516998291 0.24152398109436035 0.1728074550628662 0.17512404918670654 0.17988622188568115 0.18097853660583496 0.1822890043258667 0.179512619972229 0.18280673027038574 0.1890273094177246 0.19890046119689941 0.21921133995056152 0.2525516748428345 0.30817103385925293 0.0
1.7059358358383179 0.1495363712310791 0.16259443759918213 0.170862078666687 0.17147493362426758 0.16872692108154297 0.16709625720977783 0.17086076736450195 0.17514729499816895 0.17456471920013428 0.18245911598205566 0.17451262474060059 0.17802608013153076 0.17719697952270508 0.17532646656036377 0.1760016679763794 0.17595458030700684 0.18636584281921387 0.21143412590026855 0.17458808422088623 0.17344677448272705 0.17761552333831787 0.18348729610443115 0.17433738708496094 0.17999935150146484 0.1782017946243286 0.18461477756500244 0.19126713275909424 0.19898474216461182 0.220564603805542 0.251422643661499 0.30649399757385254
