1.9999799728393555 0.0 0.0 0.0 0.0 0.0 0.0 0.0 0.0 0.0 0.0 0.0 0.0 0.0 0.0 0.0 0.0 0.0 0.0 0.0 0.0 0.0 0.0 0.0 0.0 0.0 0.0 0.0 0.0 0.0 0.0 0.0
1.9704034328460693 0.34254157543182373 0.0 0.0 0.0 0.0 0.0 0.0 0.0 0.0 0.0 0.0 0.0 0.0 0.0 0.0 0.0 0.0 0.0 0.0 0.0 0.0 0.0 0.0 0.0 0.0 0.0 0.0 0.0 0.0 0.0 0.0
1.9194227457046509 0.4698150157928467 0.30815112590789795 0.0 0.0 0.0 0.0 0.0 0.0 0.0 0.0 0.0 0.0 0.0 0.0 0.0 0.0 0.0 0.0 0.0 0.0 0.0 0.0 0.0 0.0 0.0 0.0 0.0 0.0 0.0 0.0 0.0
1.8976777791976929 0.4466979503631592 0.3280467987060547 0.30255651473999023 0.0 0.0 0.0 0.0 0.0 0.0 0.0 0.0 0.0 0.0 0.0 0.0 0.0 0.0 0.0 0.0 0.0 0.0 0.0 0.0 0.0 0.0 0.0 0.0 0.0 0.0 0.0 0.0
1.8883693218231201 0.40315771102905273 0.29828548431396484 0.3118497133255005 0.2918570041656494 0.0 0.0 0.0 0.0 0.0 0.0 0.0 0.0 0.0 0.0 0.0 0.0 0.0 0.0 0.0 0.0 0.0 0.0 0.0 0.0 0.0 0.0 0.0 0.0 0.0 0.0 0.0
1.8798296451568604 0.36692190170288086 0.26331233978271484 0.2844369411468506 0.32113850116729736 0.27945244312286377 0.0 0.0 0.0 0.0 0.0 0.0 0.0 0.0 0.0 0.0 0.0 0.0 0.0 0.0 0.0 0.0 0.0 0.0 0.0 0.0 0.0 0.0 0.0 0.0 0.0 0.0
1.867479681968689 0.35405993461608887 0.25011587142944336 0.26114118099212646 0.29288339614868164 0.31009936332702637 0.27264082431793213 0.0 0.0 0.0 0.0 0.0 0.0 0.0 0.0 0.0 0.0 0.0 0.0 0.0 0.0 0.0 0.0 0.0 0.0 0.0 0.0 0.0 0.0 0.0 0.0 0.0
1.8604307174682617 0.33366477489471436 0.23544180393218994 0.24274754524230957 0.2638669013977051 0.2868044376373291 0.3014700412750244 0.2649271488189697 0.0 0.0 0.0 0.0 0.0 0.0 0.0 0.0 0.0 0.0 0.0 0.0 0.0 0.0 0.0 0.0 0.0 0.0 0.0 0.0 0.0 0.0 0.0 0.0
1.850515365600586 0.3177523612976074 0.22375404834747314 0.22857272624969482 0.25680112838745117 0.2654857635498047 0.27887678146362305 0.29668235778808594 0.2644641399383545 0.0 0.0 0.0 0.0 0.0 0.0 0.0 0.0 0.0 0.0 0.0 0.0 0.0 0.0 0.0 0.0 0.0 0.0 0.0 0.0 0.0 0.0 0.0
1.8416423797607422 0.31139373779296875 0.21421921253204346 0.21509957313537598 0.23358190059661865 0.24459493160247803 0.25764966011047363 0.279488205909729 0.30034780502319336 0.2645047903060913 0.0 0.0 0.0 0.0 0.0 0.0 0.0 0.0 0.0 0.0 0.0 0.0 0.0 0.0 0.0 0.0 0.0 0.0 0.0 0.0 0.0 0.0
1.839518427848816 0.2957344055175781 0.20381712913513184 0.20544886589050293 0.21689319610595703 0.2300506830215454 0.23817360401153564 0.2506970167160034 0.2715895175933838 0.29050493240356445 0.2589789628982544 0.0 0.0 0.0 0.0 0.0 0.0 0.0 0.0 0.0 0.0 0.0 0.0 0.0 0.0 0.0 0.0 0.0 0.0 0.0 0.0 0.0
1.8272978067398071 0.2929108142852783 0.19648218154907227 0.19633066654205322 0.2201521396636963 0.2246032953262329 0.22995293140411377 0.23412847518920898 0.24863982200622559 0.2697622776031494 0.2986246347427368 0.25977015495300293 0.0 0.0 0.0 0.0 0.0 0.0 0.0 0.0 0.0 0.0 0.0 0.0 0.0 0.0 0.0 0.0 0.0 0.0 0.0 0.0
1.8202959299087524 0.2875922918319702 0.19165253639221191 0.187278151512146 0.20415163040161133 0.20657777786254883 0.21230578422546387 0.2201136350631714 0.23624348640441895 0.25090956687927246 0.27420878410339355 0.3026076555252075 0.2615929841995239 0.0 0.0 0.0 0.0 0.0 0.0 0.0 0.0 0.0 0.0 0.0 0.0 0.0 0.0 0.0 0.0 0.0 0.0 0.0
1.8095500469207764 0.27872276306152344 0.1884239912033081 0.18382787704467773 0.189003586769104 0.20570898056030273 0.208113431930542 0.21287298202514648 0.22582340240478516 0.23515844345092773 0.2514464855194092 0.27710485458374023 0.3101184368133545 0.26310789585113525 0.0 0.0 0.0 0.0 0.0 0.0 0.0 0.0 0.0 0.0 0.0 0.0 0.0 0.0 0.0 0.0 0.0 0.0
1.8087129592895508 0.27344727516174316 0.18282222747802734 0.17914080619812012 0.1838054656982422 0.19313406944274902 0.19551539421081543 0.20274877548217773 0.21486163139343262 0.21900272369384766 0.23257148265838623 0.25048065185546875 0.27335381507873535 0.29209399223327637 0.25815558433532715 0.0 0.0 0.0 0.0 0.0 0.0 0.0 0.0 0.0 0.0 0.0 0.0 0.0 0.0 0.0 0.0 0.0
1.800157070159912 0.26501965522766113 0.1787508726119995 0.17547762393951416 0.18173015117645264 0.19138562679290771 0.1902165412902832 0.19201183319091797 0.20479869842529297 0.20986151695251465 0.22224831581115723 0.23575592041015625 0.25495171546936035 0.26647281646728516 0.3005640506744385 0.2573826313018799 0.0 0.0 0.0 0.0 0.0 0.0 0.0 0.0 0.0 0.0 0.0 0.0 0.0 0.0 0.0 0.0
1.8034565448760986 0.2573596239089966 0.16671037673950195 0.1668604612350464 0.17544937133789062 0.18130433559417725 0.181496262550354 0.18179988861083984 0.19118738174438477 0.20021545886993408 0.2077862024307251 0.2169262170791626 0.22845900058746338 0.23904657363891602 0.26524829864501953 0.2907830476760864 0.25435543060302734 0.0 0.0 0.0 0.0 0.0 0.0 0.0 0.0 0.0 0.0 0.0 0.0 0.0 0.0 0.0
1.791515588760376 0.25051867961883545 0.16034626960754395 0.16116571426391602 0.16690802574157715 0.1722322702407837 0.17464232444763184 0.17872190475463867 0.18715894222259521 0.1988605260848999 0.20374691486358643 0.21229541301727295 0.2220301628112793 0.23018670082092285 0.24851882457733154 0.2685188055038452 0.30426204204559326 0.25681042671203613 0.0 0.0 0.0 0.0 0.0 0.0 0.0 0.0 0.0 0.0 0.0 0.0 0.0 0.0
1.790239691734314 0.24842369556427002 0.15680086612701416 0.15433955192565918 0.16368615627288818 0.16620194911956787 0.17192065715789795 0.17211997509002686 0.17891979217529297 0.18156123161315918 0.19034504890441895 0.19960999488830566 0.20805025100708008 0.21399962902069092 0.2336217164993286 0.24606192111968994 0.2724466323852539 0.29504549503326416 0.25411999225616455 0.0 0.0 0.0 0.0 0.0 0.0 0.0 0.0 0.0 0.0 0.0 0.0 0.0
1.7803285121917725 0.24325013160705566 0.15458917617797852 0.14992737770080566 0.15202045440673828 0.16030335426330566 0.16353702545166016 0.16617906093597412 0.17287909984588623 0.1758577823638916 0.18150830268859863 0.1869736909866333 0.1990588903427124 0.21326982975006104 0.22612690925598145 0.2320995330810547 0.27554821968078613 0.27295494079589844 0.29605352878570557 0.2541130781173706 0.0 0.0 0.0 0.0 0.0 0.0 0.0 0.0 0.0 0.0 0.0 0.0
1.7831259965896606 0.24091851711273193 0.1539982557296753 0.14807498455047607 0.14880847930908203 0.15021908283233643 0.15504670143127441 0.16372227668762207 0.16817045211791992 0.16900551319122314 0.1746046543121338 0.17746150493621826 0.18626904487609863 0.19556140899658203 0.20559382438659668 0.21477866172790527 0.24023675918579102 0.24804019927978516 0.2696652412414551 0.293721079826355 0.2501838207244873 0.0 0.0 0.0 0.0 0.0 0.0 0.0 0.0 0.0 0.0 0.0
1.7705118656158447 0.23122823238372803 0.15179681777954102 0.1468290090560913 0.14520657062530518 0.1499875783920288 0.14813446998596191 0.1536630392074585 0.1603689193725586 0.1636219024658203 0.16934692859649658 0.17519736289978027 0.1824653148651123 0.19271302223205566 0.20833885669708252 0.20421385765075684 0.24052214622497559 0.24576294422149658 0.26586246490478516 0.26989448070526123 0.29450225830078125 0.24881768226623535 0.0 0.0 0.0 0.0 0.0 0.0 0.0 0.0 0.0 0.0
1.773754596710205 0.22828280925750732 0.14818930625915527 0.1454026699066162 0.14808881282806396 0.15617597103118896 0.1521207094192505 0.14663851261138916 0.15381395816802979 0.15782737731933594 0.16641974449157715 0.1687307357788086 0.17213594913482666 0.17962467670440674 0.1892857551574707 0.19591248035430908 0.21175920963287354 0.2183091640472412 0.24373173713684082 0.2461228370666504 0.2660633325576782 0.2872503995895386 0.2464604377746582 0.0 0.0 0.0 0.0 0.0 0.0 0.0 0.0 0.0
1.7727676630020142 0.2248464822769165 0.14308631420135498 0.14055895805358887 0.14474177360534668 0.14705157279968262 0.1457200050354004 0.1428380012512207 0.14780640602111816 0.15200257301330566 0.16198301315307617 0.1614532470703125 0.1667717695236206 0.17097973823547363 0.1821657419204712 0.18596112728118896 0.1979842185974121 0.20539987087249756 0.22263801097869873 0.23324072360992432 0.24533534049987793 0.26504063606262207 0.2880500555038452 0.24740862846374512 0.0 0.0 0.0 0.0 0.0 0.0 0.0 0.0
1.7703437805175781 0.2287287712097168 0.14280176162719727 0.13606691360473633 0.1398540735244751 0.15416288375854492 0.1467670202255249 0.14204657077789307 0.14440155029296875 0.1437366008758545 0.15213525295257568 0.15723669528961182 0.15831255912780762 0.16387557983398438 0.1755157709121704 0.17607176303863525 0.18585824966430664 0.19194495677947998 0.20449364185333252 0.21705448627471924 0.22836685180664062 0.24224388599395752 0.26261794567108154 0.28889894485473633 0.2503805160522461 0.0 0.0 0.0 0.0 0.0 0.0 0.0
1.7639377117156982 0.2365407943725586 0.13981997966766357 0.13309693336486816 0.13423418998718262 0.13727784156799316 0.1375061273574829 0.13812708854675293 0.1399216651916504 0.13962721824645996 0.14645743370056152 0.15037429332733154 0.1542222499847412 0.1593691110610962 0.1682196855545044 0.1710810661315918 0.17762434482574463 0.18412375450134277 0.19550907611846924 0.2115710973739624 0.2165738344192505 0.2261723279953003 0.24286460876464844 0.26436376571655273 0.29955875873565674 0.25537919998168945 0.0 0.0 0.0 0.0 0.0 0.0
1.7605023384094238 0.2264251708984375 0.1399695873260498 0.13171792030334473 0.13107967376708984 0.13358771800994873 0.1343907117843628 0.13486123085021973 0.13876557350158691 0.13627517223358154 0.14094364643096924 0.1429891586303711 0.14722001552581787 0.15505874156951904 0.16534435749053955 0.16688573360443115 0.1737978458404541 0.17865324020385742 0.18702316284179688 0.20746028423309326 0.20494604110717773 0.21387875080108643 0.2296276092529297 0.2449655532836914 0.2708626985549927 0.28992128372192383 0.2526094913482666 0.0 0.0 0.0 0.0 0.0
1.7557860612869263 0.21898162364959717 0.14091455936431885 0.13306474685668945 0.12999331951141357 0.12919950485229492 0.12970972061157227 0.13171148300170898 0.1358264684677124 0.13534247875213623 0.1385047435760498 0.1395472288131714 0.1416475772857666 0.14831602573394775 0.15717852115631104 0.1600203514099121 0.16802692413330078 0.17221856117248535 0.18036425113677979 0.19784772396087646 0.1957838535308838 0.20355224609375 0.2147841453552246 0.23091566562652588 0.25728774070739746 0.26840341091156006 0.29742181301116943 0.2457735538482666 0.0 0.0 0.0 0.0
1.7567918300628662 0.21425414085388184 0.1404937505722046 0.13246941566467285 0.12994754314422607 0.13037574291229248 0.1264270544052124 0.1275937557220459 0.1332606077194214 0.1341487169265747 0.13928425312042236 0.1384977102279663 0.1376056671142578 0.14180421829223633 0.15166151523590088 0.15558791160583496 0.16379940509796143 0.16615355014801025 0.1741926670074463 0.19250929355621338 0.18918275833129883 0.19459152221679688 0.20633721351623535 0.2148733139038086 0.2313624620437622 0.24463534355163574 0.26362180709838867 0.28175878524780273 0.23873448371887207 0.0 0.0 0.0
1.7519257068634033 0.20782148838043213 0.13432574272155762 0.1306591033935547 0.1289052963256836 0.12767672538757324 0.12374544143676758 0.12409627437591553 0.12823450565338135 0.1315518617630005 0.13626408576965332 0.1354808807373047 0.13599681854248047 0.13691949844360352 0.1456141471862793 0.15030372142791748 0.15696227550506592 0.16220629215240479 0.16970586776733398 0.18134212493896484 0.18275558948516846 0.18846511840820312 0.1957392692565918 0.2079254388809204 0.22327780723571777 0.2292943000793457 0.24738836288452148 0.2644786834716797 0.28709566593170166 0.24030768871307373 0.0 0.0
1.7462339401245117 0.20496463775634766 0.13198697566986084 0.12745702266693115 0.12592458724975586 0.1261194944381714 0.1219712495803833 0.12103855609893799 0.12376821041107178 0.12491476535797119 0.13182318210601807 0.13246452808380127 0.13245141506195068 0.13262784481048584 0.13962221145629883 0.14549529552459717 0.15264618396759033 0.1554044485092163 0.16337108612060547 0.17311525344848633 0.17574381828308105 0.1813056468963623 0.18839573860168457 0.1978060007095337 0.21269559860229492 0.2164849042892456 0.23935377597808838 0.24963223934173584 0.27084505558013916 0.2930934429168701 0.2414865493774414 0.0
1.7432681322097778 0.2104278802871704 0.13134419918060303 0.12531542778015137 0.12490212917327881 0.1409893035888672 0.131311297416687 0.12212038040161133 0.12364399433135986 0.12348222732543945 0.12699508666992188 0.12956690788269043 0.130720853805542 0.13243699073791504 0.13699674606323242 0.14131498336791992 0.14742255210876465 0.15054106712341309 0.15735101699829102 0.1766068935394287 0.1687602996826172 0.1754608154296875 0.1813894510269165 0.19087183475494385 0.19992280006408691 0.2042067050933838 0.22450804710388184 0.22784161567687988 0.2458590269088745 0.2641129493713379 0.2827707529067993 0.23656892776489258
