1.9999799728393555 0.0 0.0 0.0 0.0 0.0 0.0 0.0 0.0 0.0 0.0 0.0 0.0 0.0 0.0 0.0 0.0 0.0 0.0 0.0 0.0 0.0 0.0 0.0 0.0 0.0 0.0 0.0 0.0 0.0 0.0 0.0
1.9237247705459595 0.546898603439331 0.0 0.0 0.0 0.0 0.0 0.0 0.0 0.0 0.0 0.0 0.0 0.0 0.0 0.0 0.0 0.0 0.0 0.0 0.0 0.0 0.0 0.0 0.0 0.0 0.0 0.0 0.0 0.0 0.0 0.0
1.9117439985275269 0.47721076011657715 0.3426241874694824 0.0 0.0 0.0 0.0 0.0 0.0 0.0 0.0 0.0 0.0 0.0 0.0 0.0 0.0 0.0 0.0 0.0 0.0 0.0 0.0 0.0 0.0 0.0 0.0 0.0 0.0 0.0 0.0 0.0
1.8890225887298584 0.4524064064025879 0.3717007637023926 0.29774022102355957 0.0 0.0 0.0 0.0 0.0 0.0 0.0 0.0 0.0 0.0 0.0 0.0 0.0 0.0 0.0 0.0 0.0 0.0 0.0 0.0 0.0 0.0 0.0 0.0 0.0 0.0 0.0 0.0
1.8708624839782715 0.4345242977142334 0.35514533519744873 0.33353161811828613 0.2712085247039795 0.0 0.0 0.0 0.0 0.0 0.0 0.0 0.0 0.0 0.0 0.0 0.0 0.0 0.0 0.0 0.0 0.0 0.0 0.0 0.0 0.0 0.0 0.0 0.0 0.0 0.0 0.0
1.8621824979782104 0.4099705219268799 0.31847119331359863 0.31739091873168945 0.3021855354309082 0.26564645767211914 0.0 0.0 0.0 0.0 0.0 0.0 0.0 0.0 0.0 0.0 0.0 0.0 0.0 0.0 0.0 0.0 0.0 0.0 0.0 0.0 0.0 0.0 0.0 0.0 0.0 0.0
1.8559820652008057 0.37461280822753906 0.29881441593170166 0.28252744674682617 0.2951648235321045 0.2926236391067505 0.27016758918762207 0.0 0.0 0.0 0.0 0.0 0.0 0.0 0.0 0.0 0.0 0.0 0.0 0.0 0.0 0.0 0.0 0.0 0.0 0.0 0.0 0.0 0.0 0.0 0.0 0.0
1.8612713813781738 0.34465527534484863 0.261785626411438 0.25461244583129883 0.2640810012817383 0.2725076675415039 0.2821251153945923 0.24447369575500488 0.0 0.0 0.0 0.0 0.0 0.0 0.0 0.0 0.0 0.0 0.0 0.0 0.0 0.0 0.0 0.0 0.0 0.0 0.0 0.0 0.0 0.0 0.0 0.0
1.855554461479187 0.33361220359802246 0.2394179105758667 0.23370814323425293 0.2415229082107544 0.257920503616333 0.2683391571044922 0.27747678756713867 0.24425041675567627 0.0 0.0 0.0 0.0 0.0 0.0 0.0 0.0 0.0 0.0 0.0 0.0 0.0 0.0 0.0 0.0 0.0 0.0 0.0 0.0 0.0 0.0 0.0
1.856260895729065 0.3169668912887573 0.22981011867523193 0.21723616123199463 0.214982271194458 0.22852134704589844 0.23919439315795898 0.2607266902923584 0.26842784881591797 0.24079346656799316 0.0 0.0 0.0 0.0 0.0 0.0 0.0 0.0 0.0 0.0 0.0 0.0 0.0 0.0 0.0 0.0 0.0 0.0 0.0 0.0 0.0 0.0
1.853966236114502 0.3086843490600586 0.2172785997390747 0.2049638032913208 0.20580947399139404 0.20526623725891113 0.21629321575164795 0.2343595027923584 0.25208067893981934 0.2697397470474243 0.23584270477294922 0.0 0.0 0.0 0.0 0.0 0.0 0.0 0.0 0.0 0.0 0.0 0.0 0.0 0.0 0.0 0.0 0.0 0.0 0.0 0.0 0.0
1.851880669593811 0.2976083755493164 0.2053699493408203 0.1949448585510254 0.19800817966461182 0.19756793975830078 0.19905126094818115 0.20833146572113037 0.22753071784973145 0.2515207529067993 0.2631070613861084 0.23690259456634521 0.0 0.0 0.0 0.0 0.0 0.0 0.0 0.0 0.0 0.0 0.0 0.0 0.0 0.0 0.0 0.0 0.0 0.0 0.0 0.0
1.845374584197998 0.2844201326370239 0.19752097129821777 0.1857239007949829 0.18560361862182617 0.18719851970672607 0.18663108348846436 0.19280529022216797 0.20827233791351318 0.24756240844726562 0.25917673110961914 0.2693359851837158 0.23266422748565674 0.0 0.0 0.0 0.0 0.0 0.0 0.0 0.0 0.0 0.0 0.0 0.0 0.0 0.0 0.0 0.0 0.0 0.0 0.0
1.8473817110061646 0.27441906929016113 0.19103825092315674 0.1773930788040161 0.17666912078857422 0.17858946323394775 0.1787247657775879 0.1797696352005005 0.19044578075408936 0.20838236808776855 0.22762274742126465 0.2519369125366211 0.2612539529800415 0.2305281162261963 0.0 0.0 0.0 0.0 0.0 0.0 0.0 0.0 0.0 0.0 0.0 0.0 0.0 0.0 0.0 0.0 0.0 0.0
1.8426856994628906 0.26941514015197754 0.1811351776123047 0.16924667358398438 0.16882562637329102 0.17235422134399414 0.18696558475494385 0.1750946044921875 0.18080651760101318 0.1937350034713745 0.208160400390625 0.2262728214263916 0.24644207954406738 0.26330673694610596 0.227225661277771 0.0 0.0 0.0 0.0 0.0 0.0 0.0 0.0 0.0 0.0 0.0 0.0 0.0 0.0 0.0 0.0 0.0
1.8420273065567017 0.26671671867370605 0.17826247215270996 0.16340947151184082 0.15991830825805664 0.1614854335784912 0.17569172382354736 0.167555570602417 0.17219698429107666 0.1799311637878418 0.18680107593536377 0.20455777645111084 0.2195112705230713 0.2467101812362671 0.2607295513153076 0.22523188591003418 0.0 0.0 0.0 0.0 0.0 0.0 0.0 0.0 0.0 0.0 0.0 0.0 0.0 0.0 0.0 0.0
1.840159296989441 0.2655736207962036 0.17314040660858154 0.16241824626922607 0.15591442584991455 0.15314459800720215 0.15698730945587158 0.1567842960357666 0.1639021635055542 0.1735846996307373 0.17669939994812012 0.1881239414215088 0.20238709449768066 0.22541725635528564 0.2421940565109253 0.25728273391723633 0.2225106954574585 0.0 0.0 0.0 0.0 0.0 0.0 0.0 0.0 0.0 0.0 0.0 0.0 0.0 0.0 0.0
1.8406970500946045 0.25512397289276123 0.16892695426940918 0.15746963024139404 0.15079426765441895 0.1462719440460205 0.1459261178970337 0.14682042598724365 0.15493535995483398 0.16171395778656006 0.16571080684661865 0.17573750019073486 0.18286776542663574 0.20348262786865234 0.21962642669677734 0.23844170570373535 0.25687718391418457 0.22765469551086426 0.0 0.0 0.0 0.0 0.0 0.0 0.0 0.0 0.0 0.0 0.0 0.0 0.0 0.0
1.8365867137908936 0.25781142711639404 0.1690201759338379 0.15345513820648193 0.1492464542388916 0.14740967750549316 0.14526736736297607 0.1457003355026245 0.14792954921722412 0.1526423692703247 0.16149473190307617 0.16531968116760254 0.17424821853637695 0.18155920505523682 0.20151877403259277 0.21659588813781738 0.23730099201202393 0.25773608684539795 0.22281265258789062 0.0 0.0 0.0 0.0 0.0 0.0 0.0 0.0 0.0 0.0 0.0 0.0 0.0
1.8316878080368042 0.27643585205078125 0.1674410104751587 0.14954864978790283 0.14741766452789307 0.1402522325515747 0.14088690280914307 0.14179909229278564 0.14400815963745117 0.14448320865631104 0.15208899974822998 0.1629880666732788 0.17456769943237305 0.1711035966873169 0.17771947383880615 0.1951063871383667 0.21282076835632324 0.23569977283477783 0.25721418857574463 0.2208939790725708 0.0 0.0 0.0 0.0 0.0 0.0 0.0 0.0 0.0 0.0 0.0 0.0
1.8337366580963135 0.2586311101913452 0.16403532028198242 0.14921486377716064 0.14393329620361328 0.1372612714767456 0.13454806804656982 0.1327519416809082 0.13657617568969727 0.14133965969085693 0.14906716346740723 0.1527242660522461 0.15660059452056885 0.16112852096557617 0.1678105592727661 0.18012738227844238 0.19212710857391357 0.21536147594451904 0.23477792739868164 0.25264275074005127 0.2198793888092041 0.0 0.0 0.0 0.0 0.0 0.0 0.0 0.0 0.0 0.0 0.0
1.8317334651947021 0.2566627264022827 0.1614091396331787 0.1469874382019043 0.13824355602264404 0.1345154047012329 0.12955260276794434 0.12753498554229736 0.13258230686187744 0.1350102424621582 0.14313817024230957 0.14610695838928223 0.14833605289459229 0.15300333499908447 0.16433537006378174 0.16804969310760498 0.17356324195861816 0.19036364555358887 0.2125244140625 0.23736143112182617 0.2519221305847168 0.22606277465820312 0.0 0.0 0.0 0.0 0.0 0.0 0.0 0.0 0.0 0.0
1.8300083875656128 0.2522848844528198 0.15406203269958496 0.14359676837921143 0.14546561241149902 0.13553833961486816 0.14213824272155762 0.12693548202514648 0.12909889221191406 0.13190925121307373 0.1333937644958496 0.13857591152191162 0.14431607723236084 0.14766693115234375 0.1525893211364746 0.16100943088531494 0.16516005992889404 0.17514848709106445 0.1931297779083252 0.21008598804473877 0.23355627059936523 0.2491464614868164 0.21929633617401123 0.0 0.0 0.0 0.0 0.0 0.0 0.0 0.0 0.0
1.831459403038025 0.2503873109817505 0.1486501693725586 0.13851594924926758 0.13572454452514648 0.13203048706054688 0.1290339231491089 0.1245342493057251 0.12625622749328613 0.1280444860458374 0.13013696670532227 0.13711094856262207 0.13796544075012207 0.14069068431854248 0.14535200595855713 0.1516040563583374 0.15918898582458496 0.16213226318359375 0.17435526847839355 0.1885700225830078 0.2066493034362793 0.2323993444442749 0.24632811546325684 0.21805691719055176 0.0 0.0 0.0 0.0 0.0 0.0 0.0 0.0
1.8258229494094849 0.27414822578430176 0.14371252059936523 0.1286407709121704 0.13043498992919922 0.1294999122619629 0.1270279884338379 0.12241053581237793 0.12499964237213135 0.1241762638092041 0.1256389617919922 0.13242781162261963 0.13304555416107178 0.14032232761383057 0.13681364059448242 0.14454889297485352 0.14906048774719238 0.1527099609375 0.16412580013275146 0.1706773042678833 0.1874537467956543 0.2099076509475708 0.23020482063293457 0.2519124746322632 0.2241436243057251 0.0 0.0 0.0 0.0 0.0 0.0 0.0
1.8317734003067017 0.24781465530395508 0.1442025899887085 0.12352049350738525 0.1236494779586792 0.12239289283752441 0.12089693546295166 0.11912739276885986 0.11867845058441162 0.11894440650939941 0.1206057071685791 0.12455284595489502 0.12651383876800537 0.13079512119293213 0.13454675674438477 0.13497745990753174 0.13964486122131348 0.1452350616455078 0.15220427513122559 0.1586606502532959 0.1747976541519165 0.18841087818145752 0.20739388465881348 0.23002028465270996 0.2485342025756836 0.21780109405517578 0.0 0.0 0.0 0.0 0.0 0.0
1.8275538682937622 0.2491922378540039 0.1448432207107544 0.12224769592285156 0.12327718734741211 0.11827456951141357 0.11792826652526855 0.11690258979797363 0.11907052993774414 0.12065315246582031 0.11746549606323242 0.12334012985229492 0.12129330635070801 0.12516343593597412 0.12657713890075684 0.13693785667419434 0.13474440574645996 0.14189648628234863 0.14834952354431152 0.151924729347229 0.1685183048248291 0.17124450206756592 0.18530488014221191 0.20989954471588135 0.22835326194763184 0.25022077560424805 0.2188577651977539 0.0 0.0 0.0 0.0 0.0
1.8262531757354736 0.24365103244781494 0.14536261558532715 0.12419116497039795 0.11877155303955078 0.11363959312438965 0.11234080791473389 0.11096405982971191 0.11449027061462402 0.1156916618347168 0.11460709571838379 0.11630678176879883 0.11868405342102051 0.12224805355072021 0.12758398056030273 0.13553214073181152 0.12705600261688232 0.13068580627441406 0.13912642002105713 0.1465599536895752 0.15092313289642334 0.15865051746368408 0.16647422313690186 0.1821739673614502 0.20569515228271484 0.23363173007965088 0.2685577869415283 0.21897590160369873 0.0 0.0 0.0 0.0
1.8269810676574707 0.23614132404327393 0.1428128480911255 0.12618422508239746 0.11877763271331787 0.1116553544998169 0.10750257968902588 0.10956501960754395 0.1079033613204956 0.11351883411407471 0.11539316177368164 0.11778092384338379 0.11520183086395264 0.11774682998657227 0.12033975124359131 0.1233973503112793 0.12417185306549072 0.12445878982543945 0.13044345378875732 0.13609814643859863 0.14576029777526855 0.15192723274230957 0.15983283519744873 0.1665581464767456 0.18444561958312988 0.208016037940979 0.2408761978149414 0.2488328218460083 0.22322285175323486 0.0 0.0 0.0
1.826103687286377 0.23461759090423584 0.14231109619140625 0.12768971920013428 0.1223297119140625 0.11354529857635498 0.10563480854034424 0.10947263240814209 0.10548019409179688 0.1085960865020752 0.11077213287353516 0.11468231678009033 0.11421787738800049 0.11361277103424072 0.11420536041259766 0.11997222900390625 0.12081384658813477 0.12260544300079346 0.1282351016998291 0.1329948902130127 0.14033496379852295 0.14506661891937256 0.1548672914505005 0.15811216831207275 0.17038500308990479 0.18685126304626465 0.20844709873199463 0.2294454574584961 0.24723553657531738 0.2147904634475708 0.0 0.0
1.828407883644104 0.227738618850708 0.13357746601104736 0.12329471111297607 0.12532734870910645 0.11588239669799805 0.10899615287780762 0.10170328617095947 0.10088717937469482 0.10367035865783691 0.10556197166442871 0.11100447177886963 0.11296343803405762 0.11078107357025146 0.11531960964202881 0.11657893657684326 0.11851096153259277 0.11902356147766113 0.12362241744995117 0.12559866905212402 0.13633060455322266 0.13838744163513184 0.14466583728790283 0.14954853057861328 0.15641045570373535 0.16781413555145264 0.18276560306549072 0.20055866241455078 0.22735583782196045 0.24290859699249268 0.2163938283920288 0.0
1.8236066102981567 0.23179709911346436 0.12995946407318115 0.11605095863342285 0.11734020709991455 0.11535823345184326 0.17033588886260986 0.10804665088653564 0.10203003883361816 0.10279536247253418 0.10250544548034668 0.10658442974090576 0.10750460624694824 0.11120259761810303 0.10972952842712402 0.11180925369262695 0.11314523220062256 0.1165914535522461 0.11766552925109863 0.12041270732879639 0.1250840425491333 0.1270354986190796 0.13507211208343506 0.140647292137146 0.14869117736816406 0.15645337104797363 0.16533267498016357 0.18219506740570068 0.2038733959197998 0.22295606136322021 0.245949387550354 0.21824705600738525
