1.9999799728393555 0.0 0.0 0.0 0.0 0.0 0.0 0.0 0.0 0.0 0.0 0.0 0.0 0.0 0.0 0.0 0.0 0.0 0.0 0.0 0.0 0.0 0.0 0.0 0.0 0.0 0.0 0.0 0.0 0.0 0.0 0.0
1.9573132991790771 0.41093194484710693 0.0 0.0 0.0 0.0 0.0 0.0 0.0 0.0 0.0 0.0 0.0 0.0 0.0 0.0 0.0 0.0 0.0 0.0 0.0 0.0 0.0 0.0 0.0 0.0 0.0 0.0 0.0 0.0 0.0 0.0
1.8955562114715576 0.42323076725006104 0.477117657661438 0.0 0.0 0.0 0.0 0.0 0.0 0.0 0.0 0.0 0.0 0.0 0.0 0.0 0.0 0.0 0.0 0.0 0.0 0.0 0.0 0.0 0.0 0.0 0.0 0.0 0.0 0.0 0.0 0.0
1.8374465703964233 0.4029414653778076 0.4764978885650635 0.4839867353439331 0.0 0.0 0.0 0.0 0.0 0.0 0.0 0.0 0.0 0.0 0.0 0.0 0.0 0.0 0.0 0.0 0.0 0.0 0.0 0.0 0.0 0.0 0.0 0.0 0.0 0.0 0.0 0.0
1.792661190032959 0.3710811138153076 0.43574225902557373 0.474141001701355 0.4835846424102783 0.0 0.0 0.0 0.0 0.0 0.0 0.0 0.0 0.0 0.0 0.0 0.0 0.0 0.0 0.0 0.0 0.0 0.0 0.0 0.0 0.0 0.0 0.0 0.0 0.0 0.0 0.0
1.7653733491897583 0.34098780155181885 0.3873302936553955 0.4212242364883423 0.45539140701293945 0.4818662405014038 0.0 0.0 0.0 0.0 0.0 0.0 0.0 0.0 0.0 0.0 0.0 0.0 0.0 0.0 0.0 0.0 0.0 0.0 0.0 0.0 0.0 0.0 0.0 0.0 0.0 0.0
1.7406893968582153 0.3185988664627075 0.3484572172164917 0.38660502433776855 0.412006139755249 0.45099639892578125 0.4736306667327881 0.0 0.0 0.0 0.0 0.0 0.0 0.0 0.0 0.0 0.0 0.0 0.0 0.0 0.0 0.0 0.0 0.0 0.0 0.0 0.0 0.0 0.0 0.0 0.0 0.0
1.7200350761413574 0.2966270446777344 0.3212012052536011 0.35787856578826904 0.3779606819152832 0.4094052314758301 0.43190014362335205 0.47440803050994873 0.0 0.0 0.0 0.0 0.0 0.0 0.0 0.0 0.0 0.0 0.0 0.0 0.0 0.0 0.0 0.0 0.0 0.0 0.0 0.0 0.0 0.0 0.0 0.0
1.696389079093933 0.2813606262207031 0.2963869571685791 0.3283013105392456 0.35960984230041504 0.38116979598999023 0.3972107172012329 0.43673837184906006 0.47344446182250977 0.0 0.0 0.0 0.0 0.0 0.0 0.0 0.0 0.0 0.0 0.0 0.0 0.0 0.0 0.0 0.0 0.0 0.0 0.0 0.0 0.0 0.0 0.0
1.682157278060913 0.27508044242858887 0.29028213024139404 0.3086458444595337 0.3219555616378784 0.33956682682037354 0.3636324405670166 0.3945467472076416 0.4334878921508789 0.4692401885986328 0.0 0.0 0.0 0.0 0.0 0.0 0.0 0.0 0.0 0.0 0.0 0.0 0.0 0.0 0.0 0.0 0.0 0.0 0.0 0.0 0.0 0.0
1.671172857284546 0.26112115383148193 0.27172911167144775 0.28951191902160645 0.30126047134399414 0.3169294595718384 0.3382986783981323 0.35961759090423584 0.3849654197692871 0.4219057559967041 0.46902239322662354 0.0 0.0 0.0 0.0 0.0 0.0 0.0 0.0 0.0 0.0 0.0 0.0 0.0 0.0 0.0 0.0 0.0 0.0 0.0 0.0 0.0
1.6513009071350098 0.25445055961608887 0.2678462266921997 0.28359389305114746 0.28816521167755127 0.30045926570892334 0.31599271297454834 0.33737123012542725 0.3541973829269409 0.3765280246734619 0.4188805818557739 0.47583651542663574 0.0 0.0 0.0 0.0 0.0 0.0 0.0 0.0 0.0 0.0 0.0 0.0 0.0 0.0 0.0 0.0 0.0 0.0 0.0 0.0
1.6328883171081543 0.24522554874420166 0.2549469470977783 0.27343809604644775 0.28047454357147217 0.28655266761779785 0.2995641231536865 0.31455111503601074 0.3338203430175781 0.34700918197631836 0.383256196975708 0.42720532417297363 0.47205305099487305 0.0 0.0 0.0 0.0 0.0 0.0 0.0 0.0 0.0 0.0 0.0 0.0 0.0 0.0 0.0 0.0 0.0 0.0 0.0
1.6229699850082397 0.229394793510437 0.23524808883666992 0.2587738037109375 0.2677633762359619 0.2772669792175293 0.28376221656799316 0.29433774948120117 0.3082609176635742 0.3277531862258911 0.3547987937927246 0.37906932830810547 0.41817569732666016 0.4776954650878906 0.0 0.0 0.0 0.0 0.0 0.0 0.0 0.0 0.0 0.0 0.0 0.0 0.0 0.0 0.0 0.0 0.0 0.0
1.6040724515914917 0.22242212295532227 0.2249462604522705 0.2493910789489746 0.25971972942352295 0.26606976985931396 0.2731434106826782 0.281113862991333 0.29424500465393066 0.31504344940185547 0.3335099220275879 0.3488978147506714 0.3781236410140991 0.4339461326599121 0.4716833829879761 0.0 0.0 0.0 0.0 0.0 0.0 0.0 0.0 0.0 0.0 0.0 0.0 0.0 0.0 0.0 0.0 0.0
1.5970427989959717 0.2184293270111084 0.2199392318725586 0.23808908462524414 0.2487492561340332 0.2547093629837036 0.26279497146606445 0.2725868225097656 0.2855863571166992 0.2935783863067627 0.3035033941268921 0.3290212154388428 0.34421586990356445 0.37986743450164795 0.41388165950775146 0.4734048843383789 0.0 0.0 0.0 0.0 0.0 0.0 0.0 0.0 0.0 0.0 0.0 0.0 0.0 0.0 0.0 0.0
1.5793261528015137 0.2091217041015625 0.2141481637954712 0.2329118251800537 0.24193930625915527 0.24850618839263916 0.2573995590209961 0.2633436918258667 0.27728545665740967 0.28842806816101074 0.2954922914505005 0.3038465976715088 0.3201533555984497 0.35259032249450684 0.37322068214416504 0.4243779182434082 0.46884608268737793 0.0 0.0 0.0 0.0 0.0 0.0 0.0 0.0 0.0 0.0 0.0 0.0 0.0 0.0 0.0
1.5688763856887817 0.20175349712371826 0.20748722553253174 0.22795391082763672 0.2346968650817871 0.23878931999206543 0.2458634376525879 0.2527744770050049 0.2665865421295166 0.27114665508270264 0.27754437923431396 0.28827452659606934 0.3049048185348511 0.33948826789855957 0.34319400787353516 0.3796956539154053 0.412190318107605 0.47052645683288574 0.0 0.0 0.0 0.0 0.0 0.0 0.0 0.0 0.0 0.0 0.0 0.0 0.0 0.0
1.5564159154891968 0.19690382480621338 0.20149898529052734 0.22311174869537354 0.22867882251739502 0.233481764793396 0.23911309242248535 0.24384641647338867 0.25377893447875977 0.26217424869537354 0.2706778049468994 0.28027772903442383 0.2838343381881714 0.3086045980453491 0.3197336196899414 0.3567081689834595 0.3716006278991699 0.4134405851364136 0.4748436212539673 0.0 0.0 0.0 0.0 0.0 0.0 0.0 0.0 0.0 0.0 0.0 0.0 0.0
1.538922905921936 0.1946340799331665 0.19406330585479736 0.217315673828125 0.2250310182571411 0.2311115264892578 0.2339649200439453 0.23696935176849365 0.24662816524505615 0.25518083572387695 0.2625647783279419 0.2734074592590332 0.27429258823394775 0.2885880470275879 0.3003818988800049 0.3305760622024536 0.3422362804412842 0.37110626697540283 0.43078184127807617 0.47501134872436523 0.0 0.0 0.0 0.0 0.0 0.0 0.0 0.0 0.0 0.0 0.0 0.0
1.535544514656067 0.19301939010620117 0.18939554691314697 0.21035337448120117 0.21964383125305176 0.22257137298583984 0.22632241249084473 0.23633134365081787 0.2435147762298584 0.24686753749847412 0.25489771366119385 0.25909268856048584 0.2653273344039917 0.27914977073669434 0.28557074069976807 0.30886006355285645 0.3156769275665283 0.3396127223968506 0.37184131145477295 0.40899574756622314 0.47057831287384033 0.0 0.0 0.0 0.0 0.0 0.0 0.0 0.0 0.0 0.0 0.0
1.530730962753296 0.1896343231201172 0.18590641021728516 0.20527541637420654 0.2132960557937622 0.21766400337219238 0.22215354442596436 0.2269526720046997 0.23293781280517578 0.23533964157104492 0.24360394477844238 0.2507939338684082 0.2567460536956787 0.27042949199676514 0.2740100622177124 0.2887371778488159 0.2927663326263428 0.313717246055603 0.342151403427124 0.36321282386779785 0.40624403953552246 0.47184884548187256 0.0 0.0 0.0 0.0 0.0 0.0 0.0 0.0 0.0 0.0
1.5223559141159058 0.18939054012298584 0.1825801134109497 0.20366215705871582 0.21003615856170654 0.21346580982208252 0.21442937850952148 0.22043085098266602 0.22762978076934814 0.2298438549041748 0.23886871337890625 0.24785196781158447 0.2501511573791504 0.26323866844177246 0.26837873458862305 0.26815104484558105 0.27606916427612305 0.2911108732223511 0.31110095977783203 0.33466780185699463 0.363578200340271 0.4082871675491333 0.46864449977874756 0.0 0.0 0.0 0.0 0.0 0.0 0.0 0.0 0.0
1.5104222297668457 0.18713247776031494 0.17996978759765625 0.20054125785827637 0.20790505409240723 0.21618258953094482 0.21111249923706055 0.21234464645385742 0.21999430656433105 0.2270122766494751 0.23655617237091064 0.23772382736206055 0.24381554126739502 0.25643444061279297 0.25350522994995117 0.26545166969299316 0.2677900791168213 0.2795255184173584 0.28988540172576904 0.31303679943084717 0.33083438873291016 0.36334192752838135 0.4047485589981079 0.4707186222076416 0.0 0.0 0.0 0.0 0.0 0.0 0.0 0.0
1.5030179023742676 0.1837548017501831 0.1759272813796997 0.19677257537841797 0.20425963401794434 0.20504987239837646 0.2082463502883911 0.2073822021484375 0.21816039085388184 0.2219167947769165 0.23237335681915283 0.23323297500610352 0.23798632621765137 0.2475515604019165 0.247023344039917 0.2525520324707031 0.25794172286987305 0.26395702362060547 0.272688627243042 0.29045212268829346 0.3056623935699463 0.33251798152923584 0.36446404457092285 0.40377187728881836 0.4735962152481079 0.0 0.0 0.0 0.0 0.0 0.0 0.0
1.4959498643875122 0.18027222156524658 0.17327666282653809 0.18960928916931152 0.19663727283477783 0.19916188716888428 0.2012639045715332 0.20222234725952148 0.2103288173675537 0.21328449249267578 0.22405683994293213 0.22824311256408691 0.23141217231750488 0.24140584468841553 0.24628543853759766 0.24718773365020752 0.25024914741516113 0.25589776039123535 0.26589393615722656 0.2750256061553955 0.28701138496398926 0.307345986366272 0.3333016633987427 0.3598247766494751 0.4062685966491699 0.4702160358428955 0.0 0.0 0.0 0.0 0.0 0.0
1.4812477827072144 0.1752302646636963 0.16823673248291016 0.1835770606994629 0.19085323810577393 0.19337117671966553 0.19634342193603516 0.1978076696395874 0.20397090911865234 0.20720136165618896 0.220786452293396 0.21847152709960938 0.22957539558410645 0.24254798889160156 0.25500917434692383 0.24134612083435059 0.24401557445526123 0.2509266138076782 0.2556713819503784 0.26325905323028564 0.2713627815246582 0.28641557693481445 0.3063443899154663 0.33156466484069824 0.36912763118743896 0.41337645053863525 0.47091925144195557 0.0 0.0 0.0 0.0 0.0
1.4788460731506348 0.17237627506256104 0.16874301433563232 0.18491780757904053 0.18673276901245117 0.18754172325134277 0.19285380840301514 0.1938321590423584 0.20118999481201172 0.20250558853149414 0.21408379077911377 0.21514475345611572 0.22548282146453857 0.23674142360687256 0.2405085563659668 0.2371755838394165 0.2352832555770874 0.24330437183380127 0.24805521965026855 0.25401151180267334 0.2607893943786621 0.26827824115753174 0.2843211889266968 0.30329418182373047 0.33156096935272217 0.36490821838378906 0.4006004333496094 0.4731961488723755 0.0 0.0 0.0 0.0
1.4749846458435059 0.16534209251403809 0.16164147853851318 0.17860174179077148 0.1820005178451538 0.1842859983444214 0.18793141841888428 0.18997395038604736 0.1963437795639038 0.20079469680786133 0.20402967929840088 0.2075953483581543 0.2164905071258545 0.22429776191711426 0.22601449489593506 0.2345716953277588 0.23001599311828613 0.23113489151000977 0.24357783794403076 0.2488727569580078 0.25351524353027344 0.262545108795166 0.270709753036499 0.28328418731689453 0.30960822105407715 0.3319549560546875 0.35935044288635254 0.4035646915435791 0.47007787227630615 0.0 0.0 0.0
1.4644436836242676 0.16087555885314941 0.15900158882141113 0.17554938793182373 0.1791290044784546 0.18057608604431152 0.18312180042266846 0.1880713701248169 0.19475102424621582 0.19678258895874023 0.20303773880004883 0.20731067657470703 0.2112363576889038 0.21562421321868896 0.2167607545852661 0.22920584678649902 0.22469639778137207 0.2277061939239502 0.24206912517547607 0.24260497093200684 0.2448573112487793 0.25357866287231445 0.2642335891723633 0.27150821685791016 0.29179883003234863 0.31178319454193115 0.3283698558807373 0.35748422145843506 0.39983510971069336 0.47176826000213623 0.0 0.0
1.4627400636672974 0.1574850082397461 0.15397512912750244 0.1717233657836914 0.1753922700881958 0.17825889587402344 0.18031060695648193 0.18267691135406494 0.1880565881729126 0.19272303581237793 0.19820427894592285 0.2013152837753296 0.20456838607788086 0.21216344833374023 0.2137775421142578 0.22477436065673828 0.22206974029541016 0.22181105613708496 0.25053250789642334 0.23402690887451172 0.2367953062057495 0.2421499490737915 0.25104355812072754 0.25704383850097656 0.2675600051879883 0.2849140167236328 0.30286288261413574 0.32802534103393555 0.3535783290863037 0.3972731828689575 0.47268974781036377 0.0
1.4551522731781006 0.15649592876434326 0.15230393409729004 0.1666039228439331 0.1738516092300415 0.1780613660812378 0.1787269115447998 0.18226933479309082 0.188712477684021 0.19015979766845703 0.19413185119628906 0.19944250583648682 0.2019047737121582 0.2082056999206543 0.20874404907226562 0.21079206466674805 0.21193170547485352 0.21697425842285156 0.23316919803619385 0.2246840000152588 0.22920846939086914 0.23512935638427734 0.25048351287841797 0.2541050910949707 0.2562136650085449 0.26926183700561523 0.2852134704589844 0.30250048637390137 0.3220679759979248 0.34967899322509766 0.40610527992248535 0.47368478775024414
