1.9999799728393555 0.0 0.0 0.0 0.0 0.0 0.0 0.0 0.0 0.0 0.0 0.0 0.0 0.0 0.0 0.0 0.0 0.0 0.0 0.0 0.0 0.0 0.0 0.0 0.0 0.0 0.0 0.0 0.0 0.0 0.0 0.0
1.9597665071487427 0.3989994525909424 0.0 0.0 0.0 0.0 0.0 0.0 0.0 0.0 0.0 0.0 0.0 0.0 0.0 0.0 0.0 0.0 0.0 0.0 0.0 0.0 0.0 0.0 0.0 0.0 0.0 0.0 0.0 0.0 0.0 0.0
1.9505720138549805 0.3284142017364502 0.2954331636428833 0.0 0.0 0.0 0.0 0.0 0.0 0.0 0.0 0.0 0.0 0.0 0.0 0.0 0.0 0.0 0.0 0.0 0.0 0.0 0.0 0.0 0.0 0.0 0.0 0.0 0.0 0.0 0.0 0.0
1.8916716575622559 0.224479079246521 0.5253125429153442 0.30838263034820557 0.0 0.0 0.0 0.0 0.0 0.0 0.0 0.0 0.0 0.0 0.0 0.0 0.0 0.0 0.0 0.0 0.0 0.0 0.0 0.0 0.0 0.0 0.0 0.0 0.0 0.0 0.0 0.0
1.8465261459350586 0.180428147315979 0.3239474296569824 0.5964250564575195 0.31145310401916504 0.0 0.0 0.0 0.0 0.0 0.0 0.0 0.0 0.0 0.0 0.0 0.0 0.0 0.0 0.0 0.0 0.0 0.0 0.0 0.0 0.0 0.0 0.0 0.0 0.0 0.0 0.0
1.8387235403060913 0.16795527935028076 0.27624058723449707 0.3439295291900635 0.5425755977630615 0.3190310001373291 0.0 0.0 0.0 0.0 0.0 0.0 0.0 0.0 0.0 0.0 0.0 0.0 0.0 0.0 0.0 0.0 0.0 0.0 0.0 0.0 0.0 0.0 0.0 0.0 0.0 0.0
1.8409953117370605 0.14383268356323242 0.22041988372802734 0.279681921005249 0.30711185932159424 0.5189505815505981 0.3153947591781616 0.0 0.0 0.0 0.0 0.0 0.0 0.0 0.0 0.0 0.0 0.0 0.0 0.0 0.0 0.0 0.0 0.0 0.0 0.0 0.0 0.0 0.0 0.0 0.0 0.0
1.8426802158355713 0.12982177734375 0.1912860870361328 0.2282325029373169 0.24569964408874512 0.3046839237213135 0.4919605255126953 0.3219020366668701 0.0 0.0 0.0 0.0 0.0 0.0 0.0 0.0 0.0 0.0 0.0 0.0 0.0 0.0 0.0 0.0 0.0 0.0 0.0 0.0 0.0 0.0 0.0 0.0
1.831196665763855 0.1236652135848999 0.18260455131530762 0.20966148376464844 0.22733652591705322 0.24742913246154785 0.29282093048095703 0.5033409595489502 0.3193233013153076 0.0 0.0 0.0 0.0 0.0 0.0 0.0 0.0 0.0 0.0 0.0 0.0 0.0 0.0 0.0 0.0 0.0 0.0 0.0 0.0 0.0 0.0 0.0
1.8288649320602417 0.11638820171356201 0.16703832149505615 0.18777382373809814 0.1967846155166626 0.20929443836212158 0.23026061058044434 0.2828032970428467 0.5102744102478027 0.32009220123291016 0.0 0.0 0.0 0.0 0.0 0.0 0.0 0.0 0.0 0.0 0.0 0.0 0.0 0.0 0.0 0.0 0.0 0.0 0.0 0.0 0.0 0.0
1.826154112815857 0.11533451080322266 0.17098045349121094 0.18785810470581055 0.1879730224609375 0.19700133800506592 0.21102380752563477 0.2318822145462036 0.2863055467605591 0.475394606590271 0.3267652988433838 0.0 0.0 0.0 0.0 0.0 0.0 0.0 0.0 0.0 0.0 0.0 0.0 0.0 0.0 0.0 0.0 0.0 0.0 0.0 0.0 0.0
1.8101173639297485 0.1077568531036377 0.16594624519348145 0.1868603229522705 0.18583250045776367 0.18378400802612305 0.20085763931274414 0.2165987491607666 0.2330113649368286 0.2844289541244507 0.5011310577392578 0.3276163339614868 0.0 0.0 0.0 0.0 0.0 0.0 0.0 0.0 0.0 0.0 0.0 0.0 0.0 0.0 0.0 0.0 0.0 0.0 0.0 0.0
1.8024147748947144 0.1154165267944336 0.16066813468933105 0.1790245771408081 0.17124700546264648 0.17573332786560059 0.17722296714782715 0.20654833316802979 0.21824872493743896 0.2301924228668213 0.2942005395889282 0.5016179084777832 0.32692766189575195 0.0 0.0 0.0 0.0 0.0 0.0 0.0 0.0 0.0 0.0 0.0 0.0 0.0 0.0 0.0 0.0 0.0 0.0 0.0
1.805328130722046 0.11173641681671143 0.15851211547851562 0.17458844184875488 0.16195738315582275 0.1686725616455078 0.16858899593353271 0.18010103702545166 0.19271457195281982 0.20798099040985107 0.235687255859375 0.29562854766845703 0.4728739261627197 0.3316941261291504 0.0 0.0 0.0 0.0 0.0 0.0 0.0 0.0 0.0 0.0 0.0 0.0 0.0 0.0 0.0 0.0 0.0 0.0
1.782832145690918 0.10077130794525146 0.15251672267913818 0.164306640625 0.16819226741790771 0.16761934757232666 0.1673053503036499 0.16825389862060547 0.1791667938232422 0.2045893669128418 0.2447500228881836 0.2536811828613281 0.27823781967163086 0.5091931819915771 0.33661556243896484 0.0 0.0 0.0 0.0 0.0 0.0 0.0 0.0 0.0 0.0 0.0 0.0 0.0 0.0 0.0 0.0 0.0
1.7927731275558472 0.1045083999633789 0.14960896968841553 0.1644047498703003 0.1652921438217163 0.1632695198059082 0.15925467014312744 0.16439831256866455 0.16880226135253906 0.18337154388427734 0.1928786039352417 0.22553598880767822 0.23377013206481934 0.2814164161682129 0.4753478765487671 0.3302590847015381 0.0 0.0 0.0 0.0 0.0 0.0 0.0 0.0 0.0 0.0 0.0 0.0 0.0 0.0 0.0 0.0
1.7790286540985107 0.09598255157470703 0.1487903594970703 0.15635156631469727 0.15647602081298828 0.1605151891708374 0.1612635850906372 0.15803194046020508 0.16481614112854004 0.17209672927856445 0.20477545261383057 0.20024049282073975 0.2200988531112671 0.2552638053894043 0.2841712236404419 0.48719358444213867 0.32759153842926025 0.0 0.0 0.0 0.0 0.0 0.0 0.0 0.0 0.0 0.0 0.0 0.0 0.0 0.0 0.0
1.7861528396606445 0.10541486740112305 0.14708805084228516 0.14762532711029053 0.1520160436630249 0.15176820755004883 0.1527707576751709 0.15684688091278076 0.16431069374084473 0.16347777843475342 0.17377448081970215 0.18041837215423584 0.19865918159484863 0.214735746383667 0.22626471519470215 0.2775808572769165 0.4698837995529175 0.3312990665435791 0.0 0.0 0.0 0.0 0.0 0.0 0.0 0.0 0.0 0.0 0.0 0.0 0.0 0.0
1.77596914768219 0.10534751415252686 0.15103137493133545 0.15204691886901855 0.1489253044128418 0.1476057767868042 0.15009689331054688 0.15010666847229004 0.15569281578063965 0.15731990337371826 0.16474509239196777 0.17126750946044922 0.17932641506195068 0.19958722591400146 0.20798277854919434 0.24331164360046387 0.28212738037109375 0.4835033416748047 0.32617712020874023 0.0 0.0 0.0 0.0 0.0 0.0 0.0 0.0 0.0 0.0 0.0 0.0 0.0
1.758905053138733 0.1043860912322998 0.153359055519104 0.15816783905029297 0.14606225490570068 0.14147448539733887 0.13896989822387695 0.14364218711853027 0.15146756172180176 0.1570497751235962 0.16015374660491943 0.18401384353637695 0.16977989673614502 0.1836611032485962 0.1963179111480713 0.22972261905670166 0.23541879653930664 0.27824223041534424 0.5156519412994385 0.32489824295043945 0.0 0.0 0.0 0.0 0.0 0.0 0.0 0.0 0.0 0.0 0.0 0.0
1.7701599597930908 0.09599423408508301 0.14813482761383057 0.1582038402557373 0.14691388607025146 0.14219510555267334 0.13967490196228027 0.14264416694641113 0.1415313482284546 0.15174102783203125 0.15448689460754395 0.16357159614562988 0.1585702896118164 0.1700124740600586 0.17408299446105957 0.19059503078460693 0.20884883403778076 0.2367192506790161 0.2741661071777344 0.4839482307434082 0.3241482973098755 0.0 0.0 0.0 0.0 0.0 0.0 0.0 0.0 0.0 0.0 0.0
1.769902229309082 0.08701300621032715 0.13933706283569336 0.15588879585266113 0.15324831008911133 0.14115965366363525 0.13374245166778564 0.13697493076324463 0.1383892297744751 0.1446549892425537 0.1513068675994873 0.189436674118042 0.1536548137664795 0.1619490385055542 0.16954660415649414 0.1804184913635254 0.18724822998046875 0.2091541290283203 0.2280130386352539 0.2759878635406494 0.46186864376068115 0.3249390125274658 0.0 0.0 0.0 0.0 0.0 0.0 0.0 0.0 0.0 0.0
1.7595980167388916 0.08213114738464355 0.13641417026519775 0.15995502471923828 0.15355205535888672 0.14497816562652588 0.1384124755859375 0.13598906993865967 0.13692235946655273 0.1438533067703247 0.15006041526794434 0.15469765663146973 0.15365982055664062 0.15725374221801758 0.1618809700012207 0.16963434219360352 0.1789381504058838 0.19752049446105957 0.21422553062438965 0.23480117321014404 0.27838099002838135 0.47731268405914307 0.32215964794158936 0.0 0.0 0.0 0.0 0.0 0.0 0.0 0.0 0.0
1.7619267702102661 0.08260667324066162 0.1277860403060913 0.14457416534423828 0.14645493030548096 0.142755389213562 0.14094972610473633 0.14275884628295898 0.13481831550598145 0.13799571990966797 0.15205025672912598 0.15191566944122314 0.14938628673553467 0.16502845287322998 0.1572631597518921 0.15832674503326416 0.16647124290466309 0.17872881889343262 0.18624365329742432 0.2140864133834839 0.23187589645385742 0.27721142768859863 0.4572031497955322 0.3265880346298218 0.0 0.0 0.0 0.0 0.0 0.0 0.0 0.0
1.7550230026245117 0.08553028106689453 0.12156784534454346 0.1391448974609375 0.1330432891845703 0.1413642168045044 0.14286458492279053 0.15010488033294678 0.1429210901260376 0.1413862705230713 0.16501355171203613 0.14589476585388184 0.15634024143218994 0.16091859340667725 0.15155291557312012 0.15391910076141357 0.15703952312469482 0.17279136180877686 0.19272708892822266 0.18356287479400635 0.20644712448120117 0.22896409034729004 0.2728515863418579 0.4618871212005615 0.32166051864624023 0.0 0.0 0.0 0.0 0.0 0.0 0.0
1.7561371326446533 0.08632421493530273 0.12912452220916748 0.13457214832305908 0.13057315349578857 0.13402223587036133 0.15430057048797607 0.1527113914489746 0.14239346981048584 0.139404296875 0.13560891151428223 0.13327956199645996 0.1344602108001709 0.14232265949249268 0.14943969249725342 0.14178478717803955 0.15054714679718018 0.15535616874694824 0.1617748737335205 0.17512333393096924 0.19298040866851807 0.21464431285858154 0.2246086597442627 0.2683446407318115 0.4725043773651123 0.3194615840911865 0.0 0.0 0.0 0.0 0.0 0.0
1.7475883960723877 0.08480167388916016 0.1273571252822876 0.1310889720916748 0.12422633171081543 0.12049531936645508 0.1331014633178711 0.14623069763183594 0.15756654739379883 0.1368696689605713 0.14201629161834717 0.1362285614013672 0.1436372995376587 0.13997066020965576 0.15289580821990967 0.14354360103607178 0.1487218141555786 0.15967333316802979 0.16434717178344727 0.1604299545288086 0.17489171028137207 0.18783605098724365 0.20618927478790283 0.23086285591125488 0.27576398849487305 0.4779704809188843 0.3209249973297119 0.0 0.0 0.0 0.0 0.0
1.7581359148025513 0.08481144905090332 0.13095378875732422 0.14932119846343994 0.12376070022583008 0.1160956621170044 0.12498688697814941 0.11898291110992432 0.13107454776763916 0.13103461265563965 0.14503169059753418 0.15194356441497803 0.15006184577941895 0.14054346084594727 0.14932644367218018 0.1405254602432251 0.14259755611419678 0.1503697633743286 0.15158021450042725 0.14865434169769287 0.1572941541671753 0.17353343963623047 0.1875772476196289 0.2045069932937622 0.22039246559143066 0.26413238048553467 0.4494645595550537 0.3169596195220947 0.0 0.0 0.0 0.0
1.7527819871902466 0.08018112182617188 0.12044751644134521 0.13393795490264893 0.12665629386901855 0.11372411251068115 0.115730881690979 0.12236213684082031 0.12398302555084229 0.1278681755065918 0.13844406604766846 0.1361374855041504 0.13482677936553955 0.1352992057800293 0.13905870914459229 0.15509188175201416 0.14024782180786133 0.14436233043670654 0.14681565761566162 0.14756536483764648 0.15086162090301514 0.1625049114227295 0.17356765270233154 0.18093836307525635 0.20533215999603271 0.22474944591522217 0.2686347961425781 0.468951940536499 0.3183441162109375 0.0 0.0 0.0
1.7508745193481445 0.07683837413787842 0.11603331565856934 0.1357945203781128 0.12644445896148682 0.11544430255889893 0.1150592565536499 0.1150977611541748 0.12351000308990479 0.12216770648956299 0.1294006109237671 0.1342698335647583 0.13401925563812256 0.13292646408081055 0.1320810317993164 0.13359618186950684 0.1345210075378418 0.1383192539215088 0.13906359672546387 0.140539288520813 0.14987683296203613 0.1571207046508789 0.16559851169586182 0.182265043258667 0.1885690689086914 0.21111857891082764 0.23542702198028564 0.27953100204467773 0.4550790786743164 0.31591498851776123 0.0 0.0
1.7556473016738892 0.0762324333190918 0.11307680606842041 0.125573992729187 0.1248244047164917 0.11755144596099854 0.11171281337738037 0.11113452911376953 0.11586761474609375 0.1144711971282959 0.12119007110595703 0.159293532371521 0.13168621063232422 0.13177108764648438 0.1309664249420166 0.13101160526275635 0.12421083450317383 0.13468265533447266 0.13844287395477295 0.14406132698059082 0.14213943481445312 0.1497328281402588 0.15652036666870117 0.16222667694091797 0.17527925968170166 0.18359601497650146 0.20495223999023438 0.22734296321868896 0.2666219472885132 0.4426182508468628 0.3180708885192871 0.0
1.7427775859832764 0.07907998561859131 0.11759364604949951 0.12567424774169922 0.12114489078521729 0.12085020542144775 0.11814212799072266 0.11777305603027344 0.11688220500946045 0.12200009822845459 0.13690221309661865 0.14590167999267578 0.12893247604370117 0.14042484760284424 0.1504732370376587 0.15009939670562744 0.1282895803451538 0.13511788845062256 0.14176106452941895 0.13685166835784912 0.13707232475280762 0.14391064643859863 0.15564942359924316 0.17012476921081543 0.15323638916015625 0.16628742218017578 0.18941867351531982 0.20406746864318848 0.22395050525665283 0.2572019100189209 0.45514512062072754 0.31789731979370117
