1.9999799728393555 0.0 0.0 0.0 0.0 0.0 0.0 0.0 0.0 0.0 0.0 0.0 0.0 0.0 0.0 0.0 0.0 0.0 0.0 0.0 0.0 0.0 0.0 0.0 0.0 0.0 0.0 0.0 0.0 0.0 0.0 0.0
1.9755795001983643 0.31139075756073 0.0 0.0 0.0 0.0 0.0 0.0 0.0 0.0 0.0 0.0 0.0 0.0 0.0 0.0 0.0 0.0 0.0 0.0 0.0 0.0 0.0 0.0 0.0 0.0 0.0 0.0 0.0 0.0 0.0 0.0
1.8687634468078613 0.6525959968566895 0.28592634201049805 0.0 0.0 0.0 0.0 0.0 0.0 0.0 0.0 0.0 0.0 0.0 0.0 0.0 0.0 0.0 0.0 0.0 0.0 0.0 0.0 0.0 0.0 0.0 0.0 0.0 0.0 0.0 0.0 0.0
1.8292447328567505 0.24025535583496094 0.7234549522399902 0.26945388317108154 0.0 0.0 0.0 0.0 0.0 0.0 0.0 0.0 0.0 0.0 0.0 0.0 0.0 0.0 0.0 0.0 0.0 0.0 0.0 0.0 0.0 0.0 0.0 0.0 0.0 0.0 0.0 0.0
1.8216140270233154 0.048508286476135254 0.2552909851074219 0.7384623289108276 0.2621941566467285 0.0 0.0 0.0 0.0 0.0 0.0 0.0 0.0 0.0 0.0 0.0 0.0 0.0 0.0 0.0 0.0 0.0 0.0 0.0 0.0 0.0 0.0 0.0 0.0 0.0 0.0 0.0
1.8199787139892578 0.01018977165222168 0.04830789566040039 0.2550206184387207 0.7427737712860107 0.2614961862564087 0.0 0.0 0.0 0.0 0.0 0.0 0.0 0.0 0.0 0.0 0.0 0.0 0.0 0.0 0.0 0.0 0.0 0.0 0.0 0.0 0.0 0.0 0.0 0.0 0.0 0.0
1.8219438791275024 0.006764054298400879 0.012569308280944824 0.05086815357208252 0.24872195720672607 0.7422925233840942 0.2544351816177368 0.0 0.0 0.0 0.0 0.0 0.0 0.0 0.0 0.0 0.0 0.0 0.0 0.0 0.0 0.0 0.0 0.0 0.0 0.0 0.0 0.0 0.0 0.0 0.0 0.0
1.823002815246582 0.011406660079956055 0.00786280632019043 0.011743783950805664 0.0476914644241333 0.2597939968109131 0.7379500865936279 0.2487255334854126 0.0 0.0 0.0 0.0 0.0 0.0 0.0 0.0 0.0 0.0 0.0 0.0 0.0 0.0 0.0 0.0 0.0 0.0 0.0 0.0 0.0 0.0 0.0 0.0
1.820967674255371 0.02430546283721924 0.012730956077575684 0.007583498954772949 0.011541247367858887 0.047264695167541504 0.24340832233428955 0.7479915618896484 0.24902129173278809 0.0 0.0 0.0 0.0 0.0 0.0 0.0 0.0 0.0 0.0 0.0 0.0 0.0 0.0 0.0 0.0 0.0 0.0 0.0 0.0 0.0 0.0 0.0
1.8174396753311157 0.03168082237243652 0.024776577949523926 0.012341499328613281 0.007161498069763184 0.010436654090881348 0.042553067207336426 0.24708378314971924 0.7555923461914062 0.24716031551361084 0.0 0.0 0.0 0.0 0.0 0.0 0.0 0.0 0.0 0.0 0.0 0.0 0.0 0.0 0.0 0.0 0.0 0.0 0.0 0.0 0.0 0.0
1.8182668685913086 0.022714853286743164 0.02891373634338379 0.023742318153381348 0.011868119239807129 0.006676793098449707 0.009835124015808105 0.04283559322357178 0.24703848361968994 0.7521579265594482 0.25095582008361816 0.0 0.0 0.0 0.0 0.0 0.0 0.0 0.0 0.0 0.0 0.0 0.0 0.0 0.0 0.0 0.0 0.0 0.0 0.0 0.0 0.0
1.8163378238677979 0.015680551528930664 0.019043445587158203 0.026888012886047363 0.02263355255126953 0.011137127876281738 0.006415128707885742 0.010469675064086914 0.043146610260009766 0.24801850318908691 0.757733941078186 0.24716460704803467 0.0 0.0 0.0 0.0 0.0 0.0 0.0 0.0 0.0 0.0 0.0 0.0 0.0 0.0 0.0 0.0 0.0 0.0 0.0 0.0
1.8148258924484253 0.016357064247131348 0.012637972831726074 0.01696479320526123 0.02661585807800293 0.021245241165161133 0.010407090187072754 0.006435990333557129 0.009760260581970215 0.04380941390991211 0.2537825107574463 0.7604658603668213 0.24396705627441406 0.0 0.0 0.0 0.0 0.0 0.0 0.0 0.0 0.0 0.0 0.0 0.0 0.0 0.0 0.0 0.0 0.0 0.0 0.0
1.8100688457489014 0.02265346050262451 0.013569235801696777 0.010900378227233887 0.016203880310058594 0.025188922882080078 0.020830512046813965 0.010441184043884277 0.006324410438537598 0.009946823120117188 0.0426708459854126 0.2485044002532959 0.7740521430969238 0.24160051345825195 0.0 0.0 0.0 0.0 0.0 0.0 0.0 0.0 0.0 0.0 0.0 0.0 0.0 0.0 0.0 0.0 0.0 0.0
1.8107799291610718 0.025951862335205078 0.02091062068939209 0.011638283729553223 0.010357856750488281 0.015577435493469238 0.02420806884765625 0.020991921424865723 0.010334253311157227 0.006189942359924316 0.009944796562194824 0.04244863986968994 0.24846947193145752 0.7728821039199829 0.23913288116455078 0.0 0.0 0.0 0.0 0.0 0.0 0.0 0.0 0.0 0.0 0.0 0.0 0.0 0.0 0.0 0.0 0.0
1.8061004877090454 0.0181577205657959 0.0274430513381958 0.018384456634521484 0.011063814163208008 0.010066986083984375 0.015599370002746582 0.024615883827209473 0.02103888988494873 0.010327935218811035 0.006795644760131836 0.011030912399291992 0.0449986457824707 0.24416279792785645 0.7842890024185181 0.24067473411560059 0.0 0.0 0.0 0.0 0.0 0.0 0.0 0.0 0.0 0.0 0.0 0.0 0.0 0.0 0.0 0.0
1.8119044303894043 0.008553743362426758 0.019943594932556152 0.02470541000366211 0.017206311225891113 0.01043689250946045 0.009789109230041504 0.015436768531799316 0.02397918701171875 0.020231127738952637 0.010854601860046387 0.006735563278198242 0.012277364730834961 0.0430530309677124 0.2554361820220947 0.7682921886444092 0.2374410629272461 0.0 0.0 0.0 0.0 0.0 0.0 0.0 0.0 0.0 0.0 0.0 0.0 0.0 0.0 0.0
1.8086462020874023 0.005308389663696289 0.00967562198638916 0.01958775520324707 0.02333247661590576 0.01631748676300049 0.010381221771240234 0.010083794593811035 0.015629887580871582 0.02412879467010498 0.020902395248413086 0.011185646057128906 0.00673985481262207 0.012229323387145996 0.04347074031829834 0.25029993057250977 0.7770019769668579 0.23932087421417236 0.0 0.0 0.0 0.0 0.0 0.0 0.0 0.0 0.0 0.0 0.0 0.0 0.0 0.0
1.8093013763427734 0.006836414337158203 0.005424857139587402 0.00947117805480957 0.01828742027282715 0.02204716205596924 0.01584327220916748 0.010643601417541504 0.00989067554473877 0.015197515487670898 0.024318933486938477 0.02077782154083252 0.011520981788635254 0.007600307464599609 0.01140892505645752 0.045647382736206055 0.25343382358551025 0.7753109931945801 0.2363147735595703 0.0 0.0 0.0 0.0 0.0 0.0 0.0 0.0 0.0 0.0 0.0 0.0 0.0
1.8119686841964722 0.016651153564453125 0.006365776062011719 0.005495548248291016 0.009419918060302734 0.017857670783996582 0.02131664752960205 0.015717625617980957 0.010004758834838867 0.009998321533203125 0.015744686126708984 0.02393317222595215 0.02053248882293701 0.011380910873413086 0.007350325584411621 0.011974692344665527 0.04489755630493164 0.2502436637878418 0.7707730531692505 0.23387372493743896 0.0 0.0 0.0 0.0 0.0 0.0 0.0 0.0 0.0 0.0 0.0 0.0
1.8059501647949219 0.03482472896575928 0.01364147663116455 0.006188392639160156 0.005442261695861816 0.009255051612854004 0.017368555068969727 0.021262049674987793 0.01517331600189209 0.009920120239257812 0.010091781616210938 0.01527106761932373 0.02367424964904785 0.02072441577911377 0.0108262300491333 0.008076310157775879 0.01170039176940918 0.045033931732177734 0.2505449056625366 0.7844071388244629 0.23242485523223877 0.0 0.0 0.0 0.0 0.0 0.0 0.0 0.0 0.0 0.0 0.0
1.8040183782577515 0.03433120250701904 0.026633143424987793 0.01224815845489502 0.006356358528137207 0.005488872528076172 0.00907135009765625 0.017667055130004883 0.021108508110046387 0.014953851699829102 0.009822607040405273 0.009769916534423828 0.01538991928100586 0.024038314819335938 0.02048671245574951 0.013990640640258789 0.007197856903076172 0.013995051383972168 0.04690384864807129 0.25296783447265625 0.7879893779754639 0.23066580295562744 0.0 0.0 0.0 0.0 0.0 0.0 0.0 0.0 0.0 0.0
1.8037372827529907 0.01552271842956543 0.024751782417297363 0.022757411003112793 0.011799812316894531 0.005833864212036133 0.005348682403564453 0.009695768356323242 0.01730191707611084 0.020656943321228027 0.015782833099365234 0.010272502899169922 0.009578704833984375 0.01539003849029541 0.023929357528686523 0.02067244052886963 0.012490034103393555 0.008404016494750977 0.012274622917175293 0.045249104499816895 0.25206589698791504 0.7890564203262329 0.23182976245880127 0.0 0.0 0.0 0.0 0.0 0.0 0.0 0.0 0.0
1.800715684890747 0.006209969520568848 0.011404275894165039 0.02107834815979004 0.020971059799194336 0.011148691177368164 0.0057373046875 0.0055446624755859375 0.009230971336364746 0.01713693141937256 0.02073371410369873 0.015285491943359375 0.010029792785644531 0.00992441177368164 0.015380501747131348 0.024489521980285645 0.02086162567138672 0.011632680892944336 0.007661938667297363 0.013831496238708496 0.04514265060424805 0.25971877574920654 0.7935113906860352 0.23232197761535645 0.0 0.0 0.0 0.0 0.0 0.0 0.0 0.0
1.8040558099746704 0.004475712776184082 0.0048410892486572266 0.010080575942993164 0.01967942714691162 0.020382046699523926 0.011457443237304688 0.005886554718017578 0.005533695220947266 0.009735822677612305 0.017597436904907227 0.020940780639648438 0.014908194541931152 0.010128498077392578 0.010001182556152344 0.01564490795135498 0.02438950538635254 0.021626710891723633 0.011655211448669434 0.007771134376525879 0.012178778648376465 0.04947209358215332 0.25610601902008057 0.7866978645324707 0.23289310932159424 0.0 0.0 0.0 0.0 0.0 0.0 0.0
1.8062852621078491 0.006800651550292969 0.003771662712097168 0.004491567611694336 0.009189605712890625 0.018026232719421387 0.01888740062713623 0.010816335678100586 0.005802750587463379 0.00558924674987793 0.009434103965759277 0.01749277114868164 0.020279884338378906 0.015166044235229492 0.009984731674194336 0.009885191917419434 0.01584160327911377 0.024643659591674805 0.021061420440673828 0.013084053993225098 0.007951140403747559 0.01261746883392334 0.044527292251586914 0.25315940380096436 0.7843774557113647 0.22786998748779297 0.0 0.0 0.0 0.0 0.0 0.0
1.8061528205871582 0.013587474822998047 0.006745100021362305 0.0038248300552368164 0.0042999982833862305 0.008695244789123535 0.0174483060836792 0.018762826919555664 0.010533571243286133 0.005864620208740234 0.005761384963989258 0.00969696044921875 0.01702558994293213 0.020521044731140137 0.01489102840423584 0.009806632995605469 0.00999438762664795 0.01626729965209961 0.02442002296447754 0.020381808280944824 0.012423396110534668 0.007591843605041504 0.011933684349060059 0.046167731285095215 0.26154541969299316 0.7817666530609131 0.2279576063156128 0.0 0.0 0.0 0.0 0.0
1.8026578426361084 0.016597986221313477 0.014538407325744629 0.006715655326843262 0.003647446632385254 0.004121065139770508 0.00839090347290039 0.01704394817352295 0.018062472343444824 0.010565042495727539 0.0060062408447265625 0.005758047103881836 0.009544849395751953 0.017554283142089844 0.02004420757293701 0.014863967895507812 0.009863972663879395 0.010357499122619629 0.01573812961578369 0.02400827407836914 0.021008014678955078 0.011067509651184082 0.007377266883850098 0.011075377464294434 0.04701542854309082 0.25846242904663086 0.7911324501037598 0.22622358798980713 0.0 0.0 0.0 0.0
1.8018425703048706 0.010396718978881836 0.01831364631652832 0.014552116394042969 0.006497621536254883 0.00360107421875 0.004002213478088379 0.00831151008605957 0.01639711856842041 0.017871618270874023 0.010869503021240234 0.0060013532638549805 0.005774378776550293 0.009584903717041016 0.017279386520385742 0.020598530769348145 0.014829635620117188 0.010510683059692383 0.010348320007324219 0.015767693519592285 0.024106860160827637 0.020558595657348633 0.011105179786682129 0.007688760757446289 0.011638045310974121 0.04619312286376953 0.26285839080810547 0.7908974885940552 0.22824907302856445 0.0 0.0 0.0
1.8055580854415894 0.005500316619873047 0.010244607925415039 0.017673492431640625 0.014187097549438477 0.006426453590393066 0.0035897493362426758 0.004103660583496094 0.008065223693847656 0.01634502410888672 0.018180131912231445 0.010724782943725586 0.005972027778625488 0.005721688270568848 0.009592413902282715 0.01716482639312744 0.020254015922546387 0.015307426452636719 0.010224699974060059 0.01037299633026123 0.015994668006896973 0.024270057678222656 0.020833849906921387 0.011253118515014648 0.007788538932800293 0.011445999145507812 0.04894125461578369 0.262448787689209 0.7831058502197266 0.22555923461914062 0.0 0.0
1.8013554811477661 0.005067586898803711 0.004532814025878906 0.009480595588684082 0.017169833183288574 0.014049410820007324 0.00639498233795166 0.0034863948822021484 0.0041152238845825195 0.007930278778076172 0.01633286476135254 0.017953157424926758 0.010744571685791016 0.0061299800872802734 0.006149411201477051 0.00963890552520752 0.017611145973205566 0.021347522735595703 0.01523292064666748 0.009986281394958496 0.010448694229125977 0.016028523445129395 0.023999691009521484 0.02047431468963623 0.011517643928527832 0.007479310035705566 0.015859127044677734 0.04708695411682129 0.2564420700073242 0.7952334880828857 0.22381114959716797 0.0
1.8058596849441528 0.010475397109985352 0.003693819046020508 0.004103660583496094 0.009358525276184082 0.01738584041595459 0.014166593551635742 0.006265997886657715 0.0036891698837280273 0.003856182098388672 0.008302927017211914 0.016377925872802734 0.017946243286132812 0.010673165321350098 0.006510019302368164 0.00626218318939209 0.010240912437438965 0.01753389835357666 0.02036893367767334 0.01477968692779541 0.010393738746643066 0.010155558586120605 0.015828728675842285 0.02408599853515625 0.021048903465270996 0.01188516616821289 0.009922981262207031 0.011176586151123047 0.04544234275817871 0.2589210271835327 0.7833733558654785 0.22675907611846924
