1.9999799728393555 0.0 0.0 0.0 0.0 0.0 0.0 0.0 0.0 0.0 0.0 0.0 0.0 0.0 0.0 0.0 0.0 0.0 0.0 0.0 0.0 0.0 0.0 0.0 0.0 0.0 0.0 0.0 0.0 0.0 0.0 0.0
1.9458162784576416 0.4622800350189209 0.0 0.0 0.0 0.0 0.0 0.0 0.0 0.0 0.0 0.0 0.0 0.0 0.0 0.0 0.0 0.0 0.0 0.0 0.0 0.0 0.0 0.0 0.0 0.0 0.0 0.0 0.0 0.0 0.0 0.0
1.9146965742111206 0.32397449016571045 0.47843432426452637 0.0 0.0 0.0 0.0 0.0 0.0 0.0 0.0 0.0 0.0 0.0 0.0 0.0 0.0 0.0 0.0 0.0 0.0 0.0 0.0 0.0 0.0 0.0 0.0 0.0 0.0 0.0 0.0 0.0
1.895684003829956 0.2860281467437744 0.3382711410522461 0.4582560062408447 0.0 0.0 0.0 0.0 0.0 0.0 0.0 0.0 0.0 0.0 0.0 0.0 0.0 0.0 0.0 0.0 0.0 0.0 0.0 0.0 0.0 0.0 0.0 0.0 0.0 0.0 0.0 0.0
1.8853880167007446 0.2557384967803955 0.286657452583313 0.3273533582687378 0.43641185760498047 0.0 0.0 0.0 0.0 0.0 0.0 0.0 0.0 0.0 0.0 0.0 0.0 0.0 0.0 0.0 0.0 0.0 0.0 0.0 0.0 0.0 0.0 0.0 0.0 0.0 0.0 0.0
1.8747713565826416 0.23765289783477783 0.2508888244628906 0.2809770107269287 0.32047975063323975 0.42896127700805664 0.0 0.0 0.0 0.0 0.0 0.0 0.0 0.0 0.0 0.0 0.0 0.0 0.0 0.0 0.0 0.0 0.0 0.0 0.0 0.0 0.0 0.0 0.0 0.0 0.0 0.0
1.8673467636108398 0.22279596328735352 0.2262279987335205 0.2473597526550293 0.2733100652694702 0.3216865062713623 0.4155566692352295 0.0 0.0 0.0 0.0 0.0 0.0 0.0 0.0 0.0 0.0 0.0 0.0 0.0 0.0 0.0 0.0 0.0 0.0 0.0 0.0 0.0 0.0 0.0 0.0 0.0
1.8594567775726318 0.21204054355621338 0.2099987268447876 0.2100226879119873 0.24582362174987793 0.2880009412765503 0.30707406997680664 0.4140341281890869 0.0 0.0 0.0 0.0 0.0 0.0 0.0 0.0 0.0 0.0 0.0 0.0 0.0 0.0 0.0 0.0 0.0 0.0 0.0 0.0 0.0 0.0 0.0 0.0
1.8492395877838135 0.2002582550048828 0.20344114303588867 0.20427823066711426 0.21162176132202148 0.2791273593902588 0.2707703113555908 0.309459924697876 0.4064072370529175 0.0 0.0 0.0 0.0 0.0 0.0 0.0 0.0 0.0 0.0 0.0 0.0 0.0 0.0 0.0 0.0 0.0 0.0 0.0 0.0 0.0 0.0 0.0
1.8494653701782227 0.18894481658935547 0.19214153289794922 0.18820178508758545 0.19253575801849365 0.20785903930664062 0.24173212051391602 0.28516507148742676 0.30161428451538086 0.4003406763076782 0.0 0.0 0.0 0.0 0.0 0.0 0.0 0.0 0.0 0.0 0.0 0.0 0.0 0.0 0.0 0.0 0.0 0.0 0.0 0.0 0.0 0.0
1.8406270742416382 0.18260467052459717 0.18186867237091064 0.17409610748291016 0.17879199981689453 0.1902751922607422 0.20356512069702148 0.26696252822875977 0.2843923568725586 0.30084025859832764 0.403670072555542 0.0 0.0 0.0 0.0 0.0 0.0 0.0 0.0 0.0 0.0 0.0 0.0 0.0 0.0 0.0 0.0 0.0 0.0 0.0 0.0 0.0
1.8412365913391113 0.17698228359222412 0.1689314842224121 0.17045080661773682 0.17613184452056885 0.18026769161224365 0.18794536590576172 0.20368921756744385 0.2565697431564331 0.26955151557922363 0.29628026485443115 0.3926125764846802 0.0 0.0 0.0 0.0 0.0 0.0 0.0 0.0 0.0 0.0 0.0 0.0 0.0 0.0 0.0 0.0 0.0 0.0 0.0 0.0
1.8378942012786865 0.1759049892425537 0.16682374477386475 0.16532576084136963 0.1678529977798462 0.17514526844024658 0.1797710657119751 0.1915724277496338 0.20032763481140137 0.23983120918273926 0.2650109529495239 0.2955371141433716 0.39084434509277344 0.0 0.0 0.0 0.0 0.0 0.0 0.0 0.0 0.0 0.0 0.0 0.0 0.0 0.0 0.0 0.0 0.0 0.0 0.0
1.83106529712677 0.16903328895568848 0.16523659229278564 0.16246819496154785 0.16243970394134521 0.16737234592437744 0.17017853260040283 0.1796250343322754 0.18792307376861572 0.20173430442810059 0.24060630798339844 0.26689648628234863 0.3000866174697876 0.39235007762908936 0.0 0.0 0.0 0.0 0.0 0.0 0.0 0.0 0.0 0.0 0.0 0.0 0.0 0.0 0.0 0.0 0.0 0.0
1.8264516592025757 0.16622793674468994 0.16326260566711426 0.15977561473846436 0.15666282176971436 0.160669207572937 0.16615939140319824 0.16918206214904785 0.1764286756515503 0.18877661228179932 0.2123725414276123 0.23065423965454102 0.2658020257949829 0.3003861904144287 0.3892695903778076 0.0 0.0 0.0 0.0 0.0 0.0 0.0 0.0 0.0 0.0 0.0 0.0 0.0 0.0 0.0 0.0 0.0
1.821117639541626 0.1603844165802002 0.1549161672592163 0.15410447120666504 0.15312933921813965 0.15685224533081055 0.1621319055557251 0.16681957244873047 0.16884708404541016 0.17854857444763184 0.18794071674346924 0.1991816759109497 0.24167633056640625 0.261228084564209 0.300276517868042 0.3943368196487427 0.0 0.0 0.0 0.0 0.0 0.0 0.0 0.0 0.0 0.0 0.0 0.0 0.0 0.0 0.0 0.0
1.8161283731460571 0.15654313564300537 0.15175247192382812 0.15044498443603516 0.15239012241363525 0.15594804286956787 0.15791261196136475 0.1627495288848877 0.16586565971374512 0.17353475093841553 0.18859195709228516 0.18823766708374023 0.20934438705444336 0.23542630672454834 0.2594519853591919 0.2943599224090576 0.38795149326324463 0.0 0.0 0.0 0.0 0.0 0.0 0.0 0.0 0.0 0.0 0.0 0.0 0.0 0.0 0.0
1.8132870197296143 0.15394651889801025 0.1473996639251709 0.14332985877990723 0.14748907089233398 0.15102624893188477 0.1544274091720581 0.16287541389465332 0.16020500659942627 0.16513824462890625 0.17476916313171387 0.17704153060913086 0.19269752502441406 0.2093205451965332 0.223946213722229 0.25704288482666016 0.2920522689819336 0.3918914794921875 0.0 0.0 0.0 0.0 0.0 0.0 0.0 0.0 0.0 0.0 0.0 0.0 0.0 0.0
1.8056316375732422 0.1510382890701294 0.14757001399993896 0.141731858253479 0.14211249351501465 0.14741730690002441 0.1499650478363037 0.1604539155960083 0.15806806087493896 0.16164755821228027 0.17322838306427002 0.1729968786239624 0.17748093605041504 0.18764913082122803 0.19915521144866943 0.23978972434997559 0.2676774263381958 0.29826927185058594 0.3861393928527832 0.0 0.0 0.0 0.0 0.0 0.0 0.0 0.0 0.0 0.0 0.0 0.0 0.0
1.806072473526001 0.1490616798400879 0.14227592945098877 0.13832712173461914 0.13809800148010254 0.14290237426757812 0.14839375019073486 0.15431177616119385 0.15314841270446777 0.16377925872802734 0.16346967220306396 0.1617600917816162 0.18419599533081055 0.17960858345031738 0.18377137184143066 0.19884252548217773 0.23106086254119873 0.25804758071899414 0.29339146614074707 0.37718892097473145 0.0 0.0 0.0 0.0 0.0 0.0 0.0 0.0 0.0 0.0 0.0 0.0
1.806020736694336 0.14634621143341064 0.13931584358215332 0.13620567321777344 0.13641202449798584 0.13835859298706055 0.14103305339813232 0.14787542819976807 0.1468808650970459 0.15477490425109863 0.16058754920959473 0.15584051609039307 0.16045761108398438 0.17394495010375977 0.17469096183776855 0.1812959909439087 0.19649100303649902 0.22954320907592773 0.25495195388793945 0.2844494581222534 0.3833993673324585 0.0 0.0 0.0 0.0 0.0 0.0 0.0 0.0 0.0 0.0 0.0
1.8000324964523315 0.14570820331573486 0.1409893035888672 0.13625562191009521 0.13438200950622559 0.13569962978363037 0.13550138473510742 0.14119601249694824 0.1426088809967041 0.14810800552368164 0.1701298952102661 0.15411710739135742 0.15791535377502441 0.15996992588043213 0.17076146602630615 0.172349214553833 0.18804264068603516 0.19875597953796387 0.2284337282180786 0.25862836837768555 0.28913211822509766 0.3785824775695801 0.0 0.0 0.0 0.0 0.0 0.0 0.0 0.0 0.0 0.0
1.798599123954773 0.14468026161193848 0.13450181484222412 0.13388216495513916 0.1344318389892578 0.13421249389648438 0.13321447372436523 0.13498497009277344 0.13672971725463867 0.14262568950653076 0.15043556690216064 0.15323758125305176 0.1574394702911377 0.1586388349533081 0.16290545463562012 0.1660064458847046 0.17954325675964355 0.18126153945922852 0.196547269821167 0.22626638412475586 0.2548341751098633 0.2891864776611328 0.37831711769104004 0.0 0.0 0.0 0.0 0.0 0.0 0.0 0.0 0.0
1.798646330833435 0.1457059383392334 0.13157987594604492 0.12941503524780273 0.13099205493927002 0.13164186477661133 0.1324906349182129 0.13125836849212646 0.13309144973754883 0.1377493143081665 0.14447689056396484 0.14742279052734375 0.1636521816253662 0.15460646152496338 0.15224862098693848 0.15556299686431885 0.16208124160766602 0.16790986061096191 0.17705559730529785 0.1947023868560791 0.22725141048431396 0.2516312599182129 0.2805366516113281 0.381219744682312 0.0 0.0 0.0 0.0 0.0 0.0 0.0 0.0
1.7910343408584595 0.15482962131500244 0.13754606246948242 0.1321265697479248 0.13131022453308105 0.1316814422607422 0.13383996486663818 0.13246500492095947 0.13275790214538574 0.13879132270812988 0.1414477825164795 0.1437128782272339 0.14834415912628174 0.15621495246887207 0.1504911184310913 0.15180206298828125 0.15626072883605957 0.1586313247680664 0.16598844528198242 0.17812764644622803 0.1951807737350464 0.22640836238861084 0.25629210472106934 0.2832077741622925 0.3844538927078247 0.0 0.0 0.0 0.0 0.0 0.0 0.0
1.7928733825683594 0.149619460105896 0.13589739799499512 0.1294233798980713 0.1272416114807129 0.12754476070404053 0.12788355350494385 0.12980985641479492 0.12804079055786133 0.12998497486114502 0.13425087928771973 0.13487255573272705 0.14001715183258057 0.14595401287078857 0.1478053331375122 0.1493995189666748 0.15254426002502441 0.1534736156463623 0.16145658493041992 0.1660902500152588 0.17765986919403076 0.19016623497009277 0.22894704341888428 0.25477170944213867 0.28461194038391113 0.3754492998123169 0.0 0.0 0.0 0.0 0.0 0.0
1.7877063751220703 0.15043509006500244 0.13792014122009277 0.12958121299743652 0.12679266929626465 0.12739217281341553 0.12742209434509277 0.1280355453491211 0.12686431407928467 0.12984967231750488 0.131333589553833 0.13468468189239502 0.1384645700454712 0.1466691493988037 0.1435939073562622 0.14257311820983887 0.14577758312225342 0.14931893348693848 0.15548110008239746 0.1579575538635254 0.1678159236907959 0.17532265186309814 0.18912208080291748 0.22926151752471924 0.25613951683044434 0.29130053520202637 0.37434256076812744 0.0 0.0 0.0 0.0 0.0
1.783577799797058 0.14954686164855957 0.14122915267944336 0.1320171356201172 0.12839603424072266 0.12701189517974854 0.12769341468811035 0.1282721757888794 0.12646031379699707 0.1279963254928589 0.13078773021697998 0.13270771503448486 0.13860344886779785 0.1414029598236084 0.13950085639953613 0.1400001049041748 0.14249193668365479 0.1455928087234497 0.15118730068206787 0.15085649490356445 0.160453200340271 0.16552650928497314 0.17282640933990479 0.19287073612213135 0.22921764850616455 0.26507389545440674 0.2794454097747803 0.3740367889404297 0.0 0.0 0.0 0.0
1.7829244136810303 0.14634346961975098 0.13645505905151367 0.13148081302642822 0.12968778610229492 0.12769079208374023 0.1250917911529541 0.12733066082000732 0.12449097633361816 0.1264817714691162 0.1297163963317871 0.13051092624664307 0.1306856870651245 0.13414216041564941 0.13579583168029785 0.137903094291687 0.1404576301574707 0.14239394664764404 0.144761323928833 0.14616727828979492 0.150659441947937 0.159165620803833 0.1653081178665161 0.17380964756011963 0.19007337093353271 0.23240673542022705 0.2520260810852051 0.2783067226409912 0.3764770030975342 0.0 0.0 0.0
1.7763702869415283 0.14631283283233643 0.13792634010314941 0.13015007972717285 0.12917470932006836 0.1304246187210083 0.12774837017059326 0.1257387399673462 0.12485027313232422 0.12525880336761475 0.1298990249633789 0.12990403175354004 0.1291590929031372 0.13461339473724365 0.13576507568359375 0.13524127006530762 0.13578641414642334 0.13818013668060303 0.14154481887817383 0.14424002170562744 0.1460806131362915 0.15353012084960938 0.1581026315689087 0.16261184215545654 0.17667078971862793 0.19581830501556396 0.22601401805877686 0.2534337043762207 0.2957301139831543 0.37076425552368164 0.0 0.0
1.7768585681915283 0.1445530652999878 0.13136518001556396 0.12656092643737793 0.1262812614440918 0.13183653354644775 0.13259625434875488 0.12815475463867188 0.12380111217498779 0.12406635284423828 0.12868905067443848 0.1272258758544922 0.12999379634857178 0.1311044692993164 0.13297104835510254 0.13212096691131592 0.13673806190490723 0.13744878768920898 0.13935792446136475 0.13832378387451172 0.14590144157409668 0.14910471439361572 0.15272903442382812 0.16377341747283936 0.16564452648162842 0.1735924482345581 0.18886840343475342 0.23012101650238037 0.2481522560119629 0.2725663185119629 0.3693697452545166 0.0
1.7775903940200806 0.1462186574935913 0.13121449947357178 0.12513649463653564 0.12340497970581055 0.1327883005142212 0.13477230072021484 0.1321425437927246 0.1262754201889038 0.12370574474334717 0.1245880126953125 0.12280941009521484 0.12527596950531006 0.1307675838470459 0.1283625364303589 0.1280660629272461 0.1297464370727539 0.13687312602996826 0.1359769105911255 0.13497304916381836 0.13990986347198486 0.14168298244476318 0.14400053024291992 0.1505347490310669 0.15468180179595947 0.16404974460601807 0.1726616621017456 0.18572628498077393 0.2189621925354004 0.24469304084777832 0.2737922668457031 0.3693256378173828
