1.9999799728393555 0.0 0.0 0.0 0.0 0.0 0.0 0.0 0.0 0.0 0.0 0.0 0.0 0.0 0.0 0.0 0.0 0.0 0.0 0.0 0.0 0.0 0.0 0.0 0.0 0.0 0.0 0.0 0.0 0.0 0.0 0.0
1.9718176126480103 0.334403395652771 0.0 0.0 0.0 0.0 0.0 0.0 0.0 0.0 0.0 0.0 0.0 0.0 0.0 0.0 0.0 0.0 0.0 0.0 0.0 0.0 0.0 0.0 0.0 0.0 0.0 0.0 0.0 0.0 0.0 0.0
1.8840078115463257 0.6212979555130005 0.25373315811157227 0.0 0.0 0.0 0.0 0.0 0.0 0.0 0.0 0.0 0.0 0.0 0.0 0.0 0.0 0.0 0.0 0.0 0.0 0.0 0.0 0.0 0.0 0.0 0.0 0.0 0.0 0.0 0.0 0.0
1.823049783706665 0.5381417274475098 0.568770170211792 0.2515145540237427 0.0 0.0 0.0 0.0 0.0 0.0 0.0 0.0 0.0 0.0 0.0 0.0 0.0 0.0 0.0 0.0 0.0 0.0 0.0 0.0 0.0 0.0 0.0 0.0 0.0 0.0 0.0 0.0
1.7903192043304443 0.42472589015960693 0.46104133129119873 0.5736837387084961 0.2693495750427246 0.0 0.0 0.0 0.0 0.0 0.0 0.0 0.0 0.0 0.0 0.0 0.0 0.0 0.0 0.0 0.0 0.0 0.0 0.0 0.0 0.0 0.0 0.0 0.0 0.0 0.0 0.0
1.7727535963058472 0.32354140281677246 0.3459361791610718 0.46068668365478516 0.5892629623413086 0.27088332176208496 0.0 0.0 0.0 0.0 0.0 0.0 0.0 0.0 0.0 0.0 0.0 0.0 0.0 0.0 0.0 0.0 0.0 0.0 0.0 0.0 0.0 0.0 0.0 0.0 0.0 0.0
1.7631089687347412 0.2680344581604004 0.2602541446685791 0.3431732654571533 0.46701908111572266 0.578214168548584 0.28545427322387695 0.0 0.0 0.0 0.0 0.0 0.0 0.0 0.0 0.0 0.0 0.0 0.0 0.0 0.0 0.0 0.0 0.0 0.0 0.0 0.0 0.0 0.0 0.0 0.0 0.0
1.750533938407898 0.2220057249069214 0.21283292770385742 0.26772916316986084 0.36444997787475586 0.4636068344116211 0.5813620090484619 0.2888813018798828 0.0 0.0 0.0 0.0 0.0 0.0 0.0 0.0 0.0 0.0 0.0 0.0 0.0 0.0 0.0 0.0 0.0 0.0 0.0 0.0 0.0 0.0 0.0 0.0
1.7400926351547241 0.1975553035736084 0.1862581968307495 0.2147073745727539 0.2878994941711426 0.34952545166015625 0.47024333477020264 0.5909726619720459 0.2768963575363159 0.0 0.0 0.0 0.0 0.0 0.0 0.0 0.0 0.0 0.0 0.0 0.0 0.0 0.0 0.0 0.0 0.0 0.0 0.0 0.0 0.0 0.0 0.0
1.7395669221878052 0.16718173027038574 0.166206955909729 0.18332886695861816 0.21925067901611328 0.26612234115600586 0.3545459508895874 0.46711015701293945 0.5849311351776123 0.2821342945098877 0.0 0.0 0.0 0.0 0.0 0.0 0.0 0.0 0.0 0.0 0.0 0.0 0.0 0.0 0.0 0.0 0.0 0.0 0.0 0.0 0.0 0.0
1.7342325448989868 0.1436835527420044 0.13638269901275635 0.15876781940460205 0.18660390377044678 0.21242988109588623 0.2666339874267578 0.35266339778900146 0.4765303134918213 0.5863320827484131 0.28551340103149414 0.0 0.0 0.0 0.0 0.0 0.0 0.0 0.0 0.0 0.0 0.0 0.0 0.0 0.0 0.0 0.0 0.0 0.0 0.0 0.0 0.0
1.7326494455337524 0.12591350078582764 0.11215972900390625 0.13555610179901123 0.17109858989715576 0.1786712408065796 0.2133575677871704 0.2753310203552246 0.3527553081512451 0.46978962421417236 0.5849701166152954 0.28465867042541504 0.0 0.0 0.0 0.0 0.0 0.0 0.0 0.0 0.0 0.0 0.0 0.0 0.0 0.0 0.0 0.0 0.0 0.0 0.0 0.0
1.7309895753860474 0.11731243133544922 0.09860599040985107 0.1147528886795044 0.14545023441314697 0.1564347743988037 0.18069493770599365 0.2180238962173462 0.27163076400756836 0.3593709468841553 0.46721351146698 0.5769206285476685 0.29492390155792236 0.0 0.0 0.0 0.0 0.0 0.0 0.0 0.0 0.0 0.0 0.0 0.0 0.0 0.0 0.0 0.0 0.0 0.0 0.0
1.7285622358322144 0.11579477787017822 0.0902026891708374 0.10156190395355225 0.1270359754562378 0.13042473793029785 0.1544870138168335 0.18146586418151855 0.21539831161499023 0.2691107988357544 0.34931957721710205 0.4631021022796631 0.5929573774337769 0.2884029150009155 0.0 0.0 0.0 0.0 0.0 0.0 0.0 0.0 0.0 0.0 0.0 0.0 0.0 0.0 0.0 0.0 0.0 0.0
1.7274115085601807 0.10893023014068604 0.08717095851898193 0.09388792514801025 0.10252320766448975 0.10931849479675293 0.13662707805633545 0.1665818691253662 0.18535518646240234 0.2187504768371582 0.27050018310546875 0.3550924062728882 0.48221659660339355 0.5684146881103516 0.28565824031829834 0.0 0.0 0.0 0.0 0.0 0.0 0.0 0.0 0.0 0.0 0.0 0.0 0.0 0.0 0.0 0.0 0.0
1.7344759702682495 0.10358965396881104 0.08653736114501953 0.08619809150695801 0.09060359001159668 0.0905616283416748 0.10649538040161133 0.12762141227722168 0.1529604196548462 0.1827068328857422 0.2127455472946167 0.26529645919799805 0.35364866256713867 0.4549899101257324 0.5791124105453491 0.2860451936721802 0.0 0.0 0.0 0.0 0.0 0.0 0.0 0.0 0.0 0.0 0.0 0.0 0.0 0.0 0.0 0.0
1.7359540462493896 0.08937573432922363 0.08140850067138672 0.07943665981292725 0.08353865146636963 0.08338725566864014 0.09604310989379883 0.12030839920043945 0.13138413429260254 0.1575627326965332 0.18169569969177246 0.21142756938934326 0.27026963233947754 0.343583345413208 0.4573030471801758 0.5689568519592285 0.28976452350616455 0.0 0.0 0.0 0.0 0.0 0.0 0.0 0.0 0.0 0.0 0.0 0.0 0.0 0.0 0.0
1.7316392660140991 0.08248424530029297 0.07591545581817627 0.07668673992156982 0.07761287689208984 0.07725918292999268 0.08029699325561523 0.0906146764755249 0.10536754131317139 0.12721848487854004 0.15218079090118408 0.18240904808044434 0.21827960014343262 0.2613687515258789 0.3443472385406494 0.45663630962371826 0.5842304229736328 0.296680212020874 0.0 0.0 0.0 0.0 0.0 0.0 0.0 0.0 0.0 0.0 0.0 0.0 0.0 0.0
1.7325260639190674 0.08034312725067139 0.06904327869415283 0.06978678703308105 0.07316291332244873 0.07458031177520752 0.07545876502990723 0.08231747150421143 0.09118270874023438 0.1066887378692627 0.12782001495361328 0.16922712326049805 0.18298888206481934 0.21044504642486572 0.2645152807235718 0.3437448740005493 0.4577357769012451 0.5791414976119995 0.2883819341659546 0.0 0.0 0.0 0.0 0.0 0.0 0.0 0.0 0.0 0.0 0.0 0.0 0.0
1.7286231517791748 0.08051037788391113 0.06521761417388916 0.06511902809143066 0.06932759284973145 0.07206177711486816 0.07428252696990967 0.07780706882476807 0.08072447776794434 0.0940401554107666 0.10774087905883789 0.12826526165008545 0.1520698070526123 0.17618286609649658 0.20968759059906006 0.2604532241821289 0.34744930267333984 0.46253108978271484 0.5887426137924194 0.2906299829483032 0.0 0.0 0.0 0.0 0.0 0.0 0.0 0.0 0.0 0.0 0.0 0.0
1.7346819639205933 0.07967162132263184 0.06401419639587402 0.06366944313049316 0.06440520286560059 0.06714749336242676 0.0684126615524292 0.07459211349487305 0.07674908638000488 0.07837128639221191 0.08846783638000488 0.10176432132720947 0.1226956844329834 0.14714980125427246 0.17112994194030762 0.20271646976470947 0.26188695430755615 0.34616947174072266 0.45863938331604004 0.581447958946228 0.2883099317550659 0.0 0.0 0.0 0.0 0.0 0.0 0.0 0.0 0.0 0.0 0.0
1.7334305047988892 0.07370316982269287 0.05930352210998535 0.058937788009643555 0.0609973669052124 0.06109654903411865 0.06307685375213623 0.06700706481933594 0.07139623165130615 0.07394158840179443 0.07938909530639648 0.0896291732788086 0.10182857513427734 0.12213695049285889 0.14695191383361816 0.17144465446472168 0.20816338062286377 0.26557469367980957 0.3419177532196045 0.4665815830230713 0.5767865180969238 0.2904233932495117 0.0 0.0 0.0 0.0 0.0 0.0 0.0 0.0 0.0 0.0
1.7390482425689697 0.06721758842468262 0.05441272258758545 0.057430386543273926 0.059798598289489746 0.061173439025878906 0.06236875057220459 0.06952548027038574 0.06947219371795654 0.07015669345855713 0.07239973545074463 0.0792309045791626 0.08852100372314453 0.1012876033782959 0.12209892272949219 0.14536142349243164 0.1714000701904297 0.20426559448242188 0.25747740268707275 0.3426632881164551 0.457430362701416 0.5707509517669678 0.2889047861099243 0.0 0.0 0.0 0.0 0.0 0.0 0.0 0.0 0.0
1.7391525506973267 0.06275463104248047 0.04568159580230713 0.04782724380493164 0.05385708808898926 0.057883620262145996 0.06049811840057373 0.06388640403747559 0.06397521495819092 0.06497704982757568 0.06677830219268799 0.07242810726165771 0.0760030746459961 0.08408772945404053 0.09973251819610596 0.11848104000091553 0.14432787895202637 0.17206966876983643 0.20747268199920654 0.2593882083892822 0.3467603921890259 0.4524728059768677 0.5721410512924194 0.2913750410079956 0.0 0.0 0.0 0.0 0.0 0.0 0.0 0.0
1.7391046285629272 0.07877612113952637 0.040497541427612305 0.042215585708618164 0.06162214279174805 0.05345356464385986 0.06759428977966309 0.07563114166259766 0.06199479103088379 0.07134640216827393 0.06447255611419678 0.06599283218383789 0.07069313526153564 0.0740898847579956 0.08294665813446045 0.09470474720001221 0.11594414710998535 0.1427394151687622 0.1694391965866089 0.20336294174194336 0.26042914390563965 0.3404111862182617 0.45383119583129883 0.5720524787902832 0.29012179374694824 0.0 0.0 0.0 0.0 0.0 0.0 0.0
1.740694284439087 0.06519412994384766 0.03688669204711914 0.0356900691986084 0.040818214416503906 0.04467189311981201 0.051628708839416504 0.0543522834777832 0.05334150791168213 0.056153297424316406 0.0591588020324707 0.061223745346069336 0.06625247001647949 0.06869351863861084 0.07420468330383301 0.08453691005706787 0.10002577304840088 0.1171562671661377 0.1445164680480957 0.17551863193511963 0.202659010887146 0.25685012340545654 0.34220457077026367 0.4545772075653076 0.5738390684127808 0.2882568836212158 0.0 0.0 0.0 0.0 0.0 0.0
1.740281105041504 0.06851840019226074 0.04039192199707031 0.03614544868469238 0.03668034076690674 0.039954543113708496 0.04744923114776611 0.05551862716674805 0.05412590503692627 0.05409502983093262 0.05659818649291992 0.05721127986907959 0.06210505962371826 0.06559085845947266 0.06898224353790283 0.07411742210388184 0.08716201782226562 0.09835350513458252 0.11765313148498535 0.14439761638641357 0.16666781902313232 0.20395469665527344 0.2650948762893677 0.3452746868133545 0.453125 0.5660394430160522 0.2966475486755371 0.0 0.0 0.0 0.0 0.0
1.7422733306884766 0.06375336647033691 0.04436063766479492 0.03720450401306152 0.035044074058532715 0.03344762325286865 0.037071824073791504 0.04403972625732422 0.0491795539855957 0.053092360496520996 0.05491483211517334 0.05440521240234375 0.05739617347717285 0.061750054359436035 0.06392717361450195 0.06829428672790527 0.07569730281829834 0.08492422103881836 0.09998250007629395 0.11817693710327148 0.1423952579498291 0.16822755336761475 0.20252084732055664 0.25698840618133545 0.33830904960632324 0.44617748260498047 0.578223466873169 0.28934240341186523 0.0 0.0 0.0 0.0
1.7410823106765747 0.05690276622772217 0.04668140411376953 0.041269659996032715 0.03701817989349365 0.03435099124908447 0.03563511371612549 0.037996768951416016 0.0432049036026001 0.04700601100921631 0.05009174346923828 0.05105388164520264 0.051923513412475586 0.05589258670806885 0.060537099838256836 0.06321585178375244 0.0700608491897583 0.07416701316833496 0.08552992343902588 0.09638261795043945 0.11728918552398682 0.14153528213500977 0.168462872505188 0.20395779609680176 0.25777602195739746 0.33830416202545166 0.45710110664367676 0.5726888179779053 0.29115450382232666 0.0 0.0 0.0
1.7460776567459106 0.04681539535522461 0.042391180992126465 0.041637539863586426 0.03934657573699951 0.035195350646972656 0.033394575119018555 0.03347921371459961 0.03661084175109863 0.04295790195465088 0.04636335372924805 0.04903852939605713 0.04966247081756592 0.05225348472595215 0.055670857429504395 0.0600888729095459 0.06530916690826416 0.06879913806915283 0.07618403434753418 0.08666074275970459 0.09890234470367432 0.12013459205627441 0.1431514024734497 0.16830599308013916 0.20068037509918213 0.2543666362762451 0.33576226234436035 0.4536184072494507 0.5639793872833252 0.2893242835998535 0.0 0.0
1.7429672479629517 0.044226646423339844 0.035812973976135254 0.036820173263549805 0.039900898933410645 0.03812575340270996 0.03562641143798828 0.03320491313934326 0.033797383308410645 0.03543555736541748 0.04011178016662598 0.04571974277496338 0.04800891876220703 0.049400925636291504 0.05169045925140381 0.056511759757995605 0.0607600212097168 0.06301307678222656 0.06950056552886963 0.07328629493713379 0.08371877670288086 0.09670019149780273 0.11656177043914795 0.14230525493621826 0.1665492057800293 0.20225059986114502 0.2566959857940674 0.34063827991485596 0.4524872303009033 0.5729347467422485 0.2889750003814697 0.0
1.7442196607589722 0.04430651664733887 0.03176164627075195 0.03189718723297119 0.034567952156066895 0.03991806507110596 0.042160749435424805 0.04144489765167236 0.03385663032531738 0.03294837474822998 0.03540384769439697 0.039940834045410156 0.045329928398132324 0.04799199104309082 0.05024898052215576 0.05231595039367676 0.05630207061767578 0.05958402156829834 0.0635690689086914 0.06559038162231445 0.07293975353240967 0.08041155338287354 0.09640753269195557 0.11845934391021729 0.14153873920440674 0.16671490669250488 0.19931566715240479 0.2575267553329468 0.3537607192993164 0.4519156217575073 0.558896541595459 0.29444825649261475
