1.9999799728393555 0.0 0.0 0.0 0.0 0.0 0.0 0.0 0.0 0.0 0.0 0.0 0.0 0.0 0.0 0.0 0.0 0.0 0.0 0.0 0.0 0.0 0.0 0.0 0.0 0.0 0.0 0.0 0.0 0.0 0.0 0.0
1.9299914836883545 0.5243597030639648 0.0 0.0 0.0 0.0 0.0 0.0 0.0 0.0 0.0 0.0 0.0 0.0 0.0 0.0 0.0 0.0 0.0 0.0 0.0 0.0 0.0 0.0 0.0 0.0 0.0 0.0 0.0 0.0 0.0 0.0
1.91866135597229 0.27635228633880615 0.4921787977218628 0.0 0.0 0.0 0.0 0.0 0.0 0.0 0.0 0.0 0.0 0.0 0.0 0.0 0.0 0.0 0.0 0.0 0.0 0.0 0.0 0.0 0.0 0.0 0.0 0.0 0.0 0.0 0.0 0.0
1.9011878967285156 0.2252885103225708 0.276591420173645 0.5080482959747314 0.0 0.0 0.0 0.0 0.0 0.0 0.0 0.0 0.0 0.0 0.0 0.0 0.0 0.0 0.0 0.0 0.0 0.0 0.0 0.0 0.0 0.0 0.0 0.0 0.0 0.0 0.0 0.0
1.8887680768966675 0.196907639503479 0.22256815433502197 0.28021860122680664 0.5153535604476929 0.0 0.0 0.0 0.0 0.0 0.0 0.0 0.0 0.0 0.0 0.0 0.0 0.0 0.0 0.0 0.0 0.0 0.0 0.0 0.0 0.0 0.0 0.0 0.0 0.0 0.0 0.0
1.8835537433624268 0.1759876012802124 0.18152952194213867 0.22146546840667725 0.27927589416503906 0.5109963417053223 0.0 0.0 0.0 0.0 0.0 0.0 0.0 0.0 0.0 0.0 0.0 0.0 0.0 0.0 0.0 0.0 0.0 0.0 0.0 0.0 0.0 0.0 0.0 0.0 0.0 0.0
1.8764663934707642 0.16977179050445557 0.16947591304779053 0.18663525581359863 0.2244400978088379 0.27581167221069336 0.509787917137146 0.0 0.0 0.0 0.0 0.0 0.0 0.0 0.0 0.0 0.0 0.0 0.0 0.0 0.0 0.0 0.0 0.0 0.0 0.0 0.0 0.0 0.0 0.0 0.0 0.0
1.8701508045196533 0.16864335536956787 0.16454076766967773 0.16643178462982178 0.18440282344818115 0.22181200981140137 0.27590155601501465 0.5097625255584717 0.0 0.0 0.0 0.0 0.0 0.0 0.0 0.0 0.0 0.0 0.0 0.0 0.0 0.0 0.0 0.0 0.0 0.0 0.0 0.0 0.0 0.0 0.0 0.0
1.8651076555252075 0.16284334659576416 0.1622483730316162 0.16382074356079102 0.1663200855255127 0.18291258811950684 0.21916067600250244 0.27631664276123047 0.5060038566589355 0.0 0.0 0.0 0.0 0.0 0.0 0.0 0.0 0.0 0.0 0.0 0.0 0.0 0.0 0.0 0.0 0.0 0.0 0.0 0.0 0.0 0.0 0.0
1.8608731031417847 0.1520705223083496 0.15722322463989258 0.16341841220855713 0.16587769985198975 0.165307879447937 0.18278169631958008 0.2169426679611206 0.2674832344055176 0.5055568218231201 0.0 0.0 0.0 0.0 0.0 0.0 0.0 0.0 0.0 0.0 0.0 0.0 0.0 0.0 0.0 0.0 0.0 0.0 0.0 0.0 0.0 0.0
1.8570116758346558 0.14343535900115967 0.15029072761535645 0.157973051071167 0.16294169425964355 0.1603987216949463 0.16749358177185059 0.18366515636444092 0.21185028553009033 0.2707117795944214 0.501004695892334 0.0 0.0 0.0 0.0 0.0 0.0 0.0 0.0 0.0 0.0 0.0 0.0 0.0 0.0 0.0 0.0 0.0 0.0 0.0 0.0 0.0
1.8553091287612915 0.1402512788772583 0.14109838008880615 0.14871001243591309 0.1550828218460083 0.15883314609527588 0.1611119508743286 0.16483747959136963 0.17715632915496826 0.20749831199645996 0.2634446620941162 0.49973201751708984 0.0 0.0 0.0 0.0 0.0 0.0 0.0 0.0 0.0 0.0 0.0 0.0 0.0 0.0 0.0 0.0 0.0 0.0 0.0 0.0
1.8493173122406006 0.14124536514282227 0.13800954818725586 0.14147746562957764 0.1474512815475464 0.1544206142425537 0.15979230403900146 0.16078627109527588 0.16097426414489746 0.17688357830047607 0.2053128480911255 0.2628898620605469 0.5053820610046387 0.0 0.0 0.0 0.0 0.0 0.0 0.0 0.0 0.0 0.0 0.0 0.0 0.0 0.0 0.0 0.0 0.0 0.0 0.0
1.8439044952392578 0.14145565032958984 0.1410067081451416 0.14051568508148193 0.14331543445587158 0.14784014225006104 0.15823912620544434 0.16072523593902588 0.1574842929840088 0.16329336166381836 0.17757892608642578 0.20494568347930908 0.2645310163497925 0.5019621849060059 0.0 0.0 0.0 0.0 0.0 0.0 0.0 0.0 0.0 0.0 0.0 0.0 0.0 0.0 0.0 0.0 0.0 0.0
1.8386882543563843 0.1319516897201538 0.13821446895599365 0.1414649486541748 0.14449644088745117 0.14469313621520996 0.15120553970336914 0.15803766250610352 0.1597822904586792 0.1597679853439331 0.16109538078308105 0.17678093910217285 0.20983493328094482 0.26191985607147217 0.501960039138794 0.0 0.0 0.0 0.0 0.0 0.0 0.0 0.0 0.0 0.0 0.0 0.0 0.0 0.0 0.0 0.0 0.0
1.8373924493789673 0.12519383430480957 0.1315211057662964 0.13934814929962158 0.13950645923614502 0.13981103897094727 0.14503371715545654 0.14935898780822754 0.15392088890075684 0.1580214500427246 0.15979456901550293 0.15983450412750244 0.17560219764709473 0.20538818836212158 0.2602599859237671 0.49856746196746826 0.0 0.0 0.0 0.0 0.0 0.0 0.0 0.0 0.0 0.0 0.0 0.0 0.0 0.0 0.0 0.0
1.8296585083007812 0.12439751625061035 0.12495207786560059 0.13449811935424805 0.1396465301513672 0.14202344417572021 0.14234983921051025 0.1436936855316162 0.14787495136260986 0.1550438404083252 0.15854549407958984 0.15835785865783691 0.16482234001159668 0.17685151100158691 0.20748019218444824 0.2589385509490967 0.507681131362915 0.0 0.0 0.0 0.0 0.0 0.0 0.0 0.0 0.0 0.0 0.0 0.0 0.0 0.0 0.0
1.829026699066162 0.12492883205413818 0.12056946754455566 0.12620151042938232 0.13279938697814941 0.1378997564315796 0.14088010787963867 0.14226484298706055 0.14531397819519043 0.14497721195220947 0.1543046236038208 0.15629148483276367 0.15916848182678223 0.15867137908935547 0.1729114055633545 0.20142996311187744 0.2619590759277344 0.5016887187957764 0.0 0.0 0.0 0.0 0.0 0.0 0.0 0.0 0.0 0.0 0.0 0.0 0.0 0.0
1.823868989944458 0.1324220895767212 0.12487459182739258 0.12543141841888428 0.12888824939727783 0.1335008144378662 0.1413555145263672 0.1432795524597168 0.14065003395080566 0.1425917148590088 0.14654314517974854 0.1544654369354248 0.15938222408294678 0.16018879413604736 0.16053807735443115 0.17052686214447021 0.20696711540222168 0.2566080093383789 0.49943649768829346 0.0 0.0 0.0 0.0 0.0 0.0 0.0 0.0 0.0 0.0 0.0 0.0 0.0
1.8172403573989868 0.13350534439086914 0.1307903528213501 0.12815868854522705 0.12554478645324707 0.1296994686126709 0.13931775093078613 0.14324796199798584 0.1424882411956787 0.14277148246765137 0.14339673519134521 0.14947307109832764 0.15575110912322998 0.1580260992050171 0.15768420696258545 0.15814781188964844 0.17666542530059814 0.2055131196975708 0.2584877014160156 0.5005941390991211 0.0 0.0 0.0 0.0 0.0 0.0 0.0 0.0 0.0 0.0 0.0 0.0
1.816640853881836 0.12510061264038086 0.1290907859802246 0.13232707977294922 0.12793612480163574 0.1249837875366211 0.1295943260192871 0.13579940795898438 0.13898944854736328 0.1427987813949585 0.1408519744873047 0.14171862602233887 0.14889097213745117 0.15434539318084717 0.15714120864868164 0.15385794639587402 0.1655179262161255 0.16810035705566406 0.20537173748016357 0.2566871643066406 0.49483025074005127 0.0 0.0 0.0 0.0 0.0 0.0 0.0 0.0 0.0 0.0 0.0
1.8129680156707764 0.11230742931365967 0.12037789821624756 0.13147854804992676 0.13457202911376953 0.12749171257019043 0.12611079216003418 0.12892091274261475 0.13327932357788086 0.14354395866394043 0.14155042171478271 0.13890671730041504 0.1415863037109375 0.14667153358459473 0.1525588035583496 0.154272198677063 0.15913879871368408 0.15498638153076172 0.17166411876678467 0.2022542953491211 0.2593097686767578 0.49835872650146484 0.0 0.0 0.0 0.0 0.0 0.0 0.0 0.0 0.0 0.0
1.8087246417999268 0.10422933101654053 0.11060059070587158 0.1254364252090454 0.13708806037902832 0.13587355613708496 0.1301816701889038 0.12826883792877197 0.13061392307281494 0.13496637344360352 0.14179646968841553 0.14655685424804688 0.14195001125335693 0.14216852188110352 0.15059983730316162 0.1524198055267334 0.1610414981842041 0.15393412113189697 0.15939366817474365 0.17406833171844482 0.19925105571746826 0.2543982267379761 0.4959002733230591 0.0 0.0 0.0 0.0 0.0 0.0 0.0 0.0 0.0
1.8092783689498901 0.10330343246459961 0.10281229019165039 0.11387813091278076 0.12448239326477051 0.1322786808013916 0.13312041759490967 0.12826848030090332 0.1258244514465332 0.12839829921722412 0.13558554649353027 0.14114224910736084 0.14272701740264893 0.14046943187713623 0.14170169830322266 0.14511597156524658 0.15488696098327637 0.15323269367218018 0.1556617021560669 0.15704774856567383 0.16823792457580566 0.1983271837234497 0.2584373950958252 0.49221670627593994 0.0 0.0 0.0 0.0 0.0 0.0 0.0 0.0
1.8049558401107788 0.11291742324829102 0.1037135124206543 0.10918331146240234 0.11658787727355957 0.12441384792327881 0.1323319673538208 0.13351845741271973 0.12758076190948486 0.12675094604492188 0.13006579875946045 0.13670599460601807 0.14378976821899414 0.14161133766174316 0.13952279090881348 0.1388012170791626 0.1502065658569336 0.14922237396240234 0.1554926633834839 0.15325427055358887 0.15410470962524414 0.16733789443969727 0.20024573802947998 0.25466179847717285 0.49546074867248535 0.0 0.0 0.0 0.0 0.0 0.0 0.0
1.8016421794891357 0.11508238315582275 0.11055338382720947 0.10980546474456787 0.10983967781066895 0.1163400411605835 0.12734389305114746 0.1329594850540161 0.1324930191040039 0.12979340553283691 0.12704825401306152 0.1290374994277954 0.13693714141845703 0.1425325870513916 0.14109063148498535 0.13817286491394043 0.1412111520767212 0.14296281337738037 0.15443015098571777 0.15641498565673828 0.15234017372131348 0.1541745662689209 0.17033147811889648 0.20030009746551514 0.25908422470092773 0.48954999446868896 0.0 0.0 0.0 0.0 0.0 0.0
1.7974542379379272 0.11237490177154541 0.11520981788635254 0.11414492130279541 0.1113741397857666 0.11107206344604492 0.11769187450408936 0.1266859769821167 0.13143670558929443 0.13369214534759521 0.12905597686767578 0.12671005725860596 0.13133132457733154 0.13669812679290771 0.1414165496826172 0.13971376419067383 0.14118432998657227 0.13891148567199707 0.1462615728378296 0.15141236782073975 0.15151667594909668 0.15124869346618652 0.15666794776916504 0.1704115867614746 0.20118939876556396 0.2548847198486328 0.49358510971069336 0.0 0.0 0.0 0.0 0.0
1.7930922508239746 0.10515058040618896 0.11224138736724854 0.11970341205596924 0.11522197723388672 0.111305832862854 0.11195230484008789 0.11787247657775879 0.12591898441314697 0.13268303871154785 0.13205993175506592 0.1293191909790039 0.1294848918914795 0.13096845149993896 0.138624906539917 0.13763320446014404 0.14265847206115723 0.13947606086730957 0.14002180099487305 0.14287829399108887 0.14963245391845703 0.1516132354736328 0.15131735801696777 0.15411555767059326 0.17266476154327393 0.21032369136810303 0.2633793354034424 0.48941469192504883 0.0 0.0 0.0 0.0
1.7920715808868408 0.09850835800170898 0.10439276695251465 0.11746716499328613 0.12046360969543457 0.11749267578125 0.1141577959060669 0.1123887300491333 0.11645746231079102 0.13061130046844482 0.13560795783996582 0.13396906852722168 0.1312246322631836 0.12825226783752441 0.13107073307037354 0.1357579231262207 0.13856995105743408 0.13747501373291016 0.13882923126220703 0.13943076133728027 0.1435614824295044 0.14835083484649658 0.1528019905090332 0.152862548828125 0.15899240970611572 0.1689680814743042 0.1998382806777954 0.2514556646347046 0.4904007911682129 0.0 0.0 0.0
1.788936734199524 0.09728264808654785 0.09685897827148438 0.11014556884765625 0.11782050132751465 0.12134289741516113 0.12008118629455566 0.11537551879882812 0.11169469356536865 0.11802041530609131 0.12650465965270996 0.133553147315979 0.13556361198425293 0.13157308101654053 0.12906742095947266 0.13009285926818848 0.13860952854156494 0.13823890686035156 0.14376568794250488 0.13941407203674316 0.13722407817840576 0.14271163940429688 0.14929962158203125 0.15150845050811768 0.15599560737609863 0.15369927883148193 0.16790664196014404 0.19552385807037354 0.25237059593200684 0.4916102886199951 0.0 0.0
1.787447452545166 0.1017911434173584 0.09528064727783203 0.1012808084487915 0.10825622081756592 0.11846280097961426 0.12222576141357422 0.11878454685211182 0.1128462553024292 0.11241781711578369 0.1179811954498291 0.12701570987701416 0.13379406929016113 0.1347571611404419 0.12997162342071533 0.12642943859100342 0.13116896152496338 0.13313758373260498 0.1392977237701416 0.1411381959915161 0.13483762741088867 0.13623642921447754 0.14103293418884277 0.147102952003479 0.1516258716583252 0.1508159637451172 0.1528165340423584 0.16444337368011475 0.194380521774292 0.25418078899383545 0.49482691287994385 0.0
1.782697319984436 0.10933983325958252 0.10099995136260986 0.09937357902526855 0.10219430923461914 0.13116323947906494 0.12099051475524902 0.12298190593719482 0.11812615394592285 0.1131972074508667 0.11302649974822998 0.11817193031311035 0.12780022621154785 0.136438250541687 0.13913333415985107 0.1288914680480957 0.13411366939544678 0.1276092529296875 0.13506996631622314 0.14016783237457275 0.13691771030426025 0.13707470893859863 0.1389232873916626 0.14147794246673584 0.14786922931671143 0.14970290660858154 0.15180766582489014 0.15108919143676758 0.1641141176223755 0.19670772552490234 0.2506692409515381 0.4901376962661743
