1.9999799728393555 0.0 0.0 0.0 0.0 0.0 0.0 0.0 0.0 0.0 0.0 0.0 0.0 0.0 0.0 0.0 0.0 0.0 0.0 0.0 0.0 0.0 0.0 0.0 0.0 0.0 0.0 0.0 0.0 0.0 0.0 0.0
1.9481159448623657 0.45237159729003906 0.0 0.0 0.0 0.0 0.0 0.0 0.0 0.0 0.0 0.0 0.0 0.0 0.0 0.0 0.0 0.0 0.0 0.0 0.0 0.0 0.0 0.0 0.0 0.0 0.0 0.0 0.0 0.0 0.0 0.0
1.8970947265625 0.4434126615524292 0.45199668407440186 0.0 0.0 0.0 0.0 0.0 0.0 0.0 0.0 0.0 0.0 0.0 0.0 0.0 0.0 0.0 0.0 0.0 0.0 0.0 0.0 0.0 0.0 0.0 0.0 0.0 0.0 0.0 0.0 0.0
1.8584070205688477 0.3670363426208496 0.4880688190460205 0.41624438762664795 0.0 0.0 0.0 0.0 0.0 0.0 0.0 0.0 0.0 0.0 0.0 0.0 0.0 0.0 0.0 0.0 0.0 0.0 0.0 0.0 0.0 0.0 0.0 0.0 0.0 0.0 0.0 0.0
1.8291934728622437 0.3215988874435425 0.4265456199645996 0.4618798494338989 0.39396464824676514 0.0 0.0 0.0 0.0 0.0 0.0 0.0 0.0 0.0 0.0 0.0 0.0 0.0 0.0 0.0 0.0 0.0 0.0 0.0 0.0 0.0 0.0 0.0 0.0 0.0 0.0 0.0
1.8093652725219727 0.29773807525634766 0.38076186180114746 0.40327298641204834 0.43457937240600586 0.3754192590713501 0.0 0.0 0.0 0.0 0.0 0.0 0.0 0.0 0.0 0.0 0.0 0.0 0.0 0.0 0.0 0.0 0.0 0.0 0.0 0.0 0.0 0.0 0.0 0.0 0.0 0.0
1.7846934795379639 0.2817974090576172 0.36215436458587646 0.3743021488189697 0.3880314826965332 0.4261082410812378 0.3632134199142456 0.0 0.0 0.0 0.0 0.0 0.0 0.0 0.0 0.0 0.0 0.0 0.0 0.0 0.0 0.0 0.0 0.0 0.0 0.0 0.0 0.0 0.0 0.0 0.0 0.0
1.771930456161499 0.2623116970062256 0.3408517837524414 0.341946005821228 0.35529494285583496 0.3741302490234375 0.4080312252044678 0.354262113571167 0.0 0.0 0.0 0.0 0.0 0.0 0.0 0.0 0.0 0.0 0.0 0.0 0.0 0.0 0.0 0.0 0.0 0.0 0.0 0.0 0.0 0.0 0.0 0.0
1.7634360790252686 0.244873046875 0.3213549852371216 0.31988072395324707 0.32219409942626953 0.3393944501876831 0.35865139961242676 0.39714932441711426 0.3452857732772827 0.0 0.0 0.0 0.0 0.0 0.0 0.0 0.0 0.0 0.0 0.0 0.0 0.0 0.0 0.0 0.0 0.0 0.0 0.0 0.0 0.0 0.0 0.0
1.7530430555343628 0.2336207628250122 0.3044257164001465 0.3032444715499878 0.30412423610687256 0.3100771903991699 0.32628321647644043 0.3513305187225342 0.39345455169677734 0.3377951383590698 0.0 0.0 0.0 0.0 0.0 0.0 0.0 0.0 0.0 0.0 0.0 0.0 0.0 0.0 0.0 0.0 0.0 0.0 0.0 0.0 0.0 0.0
1.7425709962844849 0.22746682167053223 0.29257750511169434 0.2921260595321655 0.29149508476257324 0.2930034399032593 0.30180561542510986 0.31836676597595215 0.3436429500579834 0.38066697120666504 0.3380635976791382 0.0 0.0 0.0 0.0 0.0 0.0 0.0 0.0 0.0 0.0 0.0 0.0 0.0 0.0 0.0 0.0 0.0 0.0 0.0 0.0 0.0
1.7365565299987793 0.2159799337387085 0.2778433561325073 0.27595722675323486 0.2742440700531006 0.2793768644332886 0.2813079357147217 0.29535138607025146 0.31613481044769287 0.33242666721343994 0.37973952293395996 0.3315175771713257 0.0 0.0 0.0 0.0 0.0 0.0 0.0 0.0 0.0 0.0 0.0 0.0 0.0 0.0 0.0 0.0 0.0 0.0 0.0 0.0
1.735465168952942 0.20764851570129395 0.2631264925003052 0.2597324848175049 0.2581139802932739 0.2633328437805176 0.26763367652893066 0.2777998447418213 0.28952062129974365 0.30281972885131836 0.33146893978118896 0.3695106506347656 0.31849026679992676 0.0 0.0 0.0 0.0 0.0 0.0 0.0 0.0 0.0 0.0 0.0 0.0 0.0 0.0 0.0 0.0 0.0 0.0 0.0
1.7287670373916626 0.20019900798797607 0.25423598289489746 0.24984955787658691 0.25110340118408203 0.25232791900634766 0.2559009790420532 0.2664070129394531 0.2759873867034912 0.2839994430541992 0.30246710777282715 0.32643651962280273 0.3586186170578003 0.31198954582214355 0.0 0.0 0.0 0.0 0.0 0.0 0.0 0.0 0.0 0.0 0.0 0.0 0.0 0.0 0.0 0.0 0.0 0.0
1.7296104431152344 0.18990743160247803 0.24561858177185059 0.23883020877838135 0.23879432678222656 0.241180419921875 0.24272561073303223 0.2515411376953125 0.256209135055542 0.26370978355407715 0.2774934768676758 0.2930567264556885 0.3134596347808838 0.358026385307312 0.30479729175567627 0.0 0.0 0.0 0.0 0.0 0.0 0.0 0.0 0.0 0.0 0.0 0.0 0.0 0.0 0.0 0.0 0.0
1.7149916887283325 0.18797290325164795 0.24566411972045898 0.2391064167022705 0.24182164669036865 0.2348083257675171 0.23648285865783691 0.24117624759674072 0.24762046337127686 0.25520050525665283 0.2744138240814209 0.28174054622650146 0.28774094581604004 0.31961703300476074 0.34742093086242676 0.3021063804626465 0.0 0.0 0.0 0.0 0.0 0.0 0.0 0.0 0.0 0.0 0.0 0.0 0.0 0.0 0.0 0.0
1.7195651531219482 0.18066143989562988 0.2338806390762329 0.22722148895263672 0.22413039207458496 0.22623229026794434 0.2266538143157959 0.2300952672958374 0.23601722717285156 0.24033212661743164 0.25045299530029297 0.26058244705200195 0.26695191860198975 0.2859436273574829 0.30559730529785156 0.34705305099487305 0.2953130006790161 0.0 0.0 0.0 0.0 0.0 0.0 0.0 0.0 0.0 0.0 0.0 0.0 0.0 0.0 0.0
1.7148051261901855 0.1775907278060913 0.2288212776184082 0.22344887256622314 0.21936631202697754 0.21873867511749268 0.21716129779815674 0.22224998474121094 0.2277928590774536 0.22896301746368408 0.24126696586608887 0.2561342716217041 0.2509424686431885 0.2683541774749756 0.278226375579834 0.3060959577560425 0.3348125219345093 0.29419076442718506 0.0 0.0 0.0 0.0 0.0 0.0 0.0 0.0 0.0 0.0 0.0 0.0 0.0 0.0
1.7094610929489136 0.17942368984222412 0.22515583038330078 0.21652889251708984 0.2138688564300537 0.21243572235107422 0.21231496334075928 0.21626222133636475 0.22047483921051025 0.22352802753448486 0.23014962673187256 0.23773694038391113 0.23933780193328857 0.25465476512908936 0.26149678230285645 0.27865052223205566 0.2975684404373169 0.3377878665924072 0.2934870719909668 0.0 0.0 0.0 0.0 0.0 0.0 0.0 0.0 0.0 0.0 0.0 0.0 0.0
1.7042360305786133 0.17873692512512207 0.22594666481018066 0.21583247184753418 0.2062288522720337 0.20638298988342285 0.20807361602783203 0.20965039730072021 0.21523118019104004 0.2150355577468872 0.22288930416107178 0.2323000431060791 0.23176097869873047 0.23827505111694336 0.24571025371551514 0.2618575096130371 0.2705817222595215 0.2974740266799927 0.33722901344299316 0.2868919372558594 0.0 0.0 0.0 0.0 0.0 0.0 0.0 0.0 0.0 0.0 0.0 0.0
1.7066304683685303 0.17802667617797852 0.21732664108276367 0.20909106731414795 0.20386958122253418 0.20176124572753906 0.20181357860565186 0.2050079107284546 0.2087010145187378 0.20851409435272217 0.21374523639678955 0.21635651588439941 0.21753883361816406 0.22777891159057617 0.23343074321746826 0.24238181114196777 0.2505817413330078 0.2690744400024414 0.29382622241973877 0.3229576349258423 0.28579235076904297 0.0 0.0 0.0 0.0 0.0 0.0 0.0 0.0 0.0 0.0 0.0
1.702646255493164 0.17394089698791504 0.21372759342193604 0.20746076107025146 0.2012169361114502 0.19827485084533691 0.1957862377166748 0.19999909400939941 0.2028355598449707 0.20344805717468262 0.20812904834747314 0.20958459377288818 0.20889520645141602 0.21804118156433105 0.2212214469909668 0.23079895973205566 0.23525702953338623 0.2511664628982544 0.2721829414367676 0.28392863273620605 0.32712411880493164 0.2834343910217285 0.0 0.0 0.0 0.0 0.0 0.0 0.0 0.0 0.0 0.0
1.699597716331482 0.16943252086639404 0.21036064624786377 0.20375943183898926 0.1966702938079834 0.19563770294189453 0.19191229343414307 0.1951456069946289 0.1955709457397461 0.197668194770813 0.20411789417266846 0.20445775985717773 0.20400714874267578 0.2082146406173706 0.21050810813903809 0.22054624557495117 0.22553622722625732 0.24155795574188232 0.24949109554290771 0.26118719577789307 0.28893351554870605 0.3230181932449341 0.28027796745300293 0.0 0.0 0.0 0.0 0.0 0.0 0.0 0.0 0.0
1.7021934986114502 0.16535305976867676 0.20687592029571533 0.20056462287902832 0.19290637969970703 0.19264459609985352 0.18857192993164062 0.18978917598724365 0.18907344341278076 0.1908966302871704 0.19680070877075195 0.1981980800628662 0.1963346004486084 0.19962739944458008 0.200819730758667 0.2083883285522461 0.214369535446167 0.2237783670425415 0.2332829236984253 0.24114131927490234 0.2603263854980469 0.28224802017211914 0.3197859525680542 0.2744837999343872 0.0 0.0 0.0 0.0 0.0 0.0 0.0 0.0
1.692036747932434 0.16460824012756348 0.20761430263519287 0.1985839605331421 0.19435441493988037 0.19453907012939453 0.18964767456054688 0.18983197212219238 0.19040191173553467 0.18963027000427246 0.19655334949493408 0.1956695318222046 0.1924992799758911 0.19879770278930664 0.19753015041351318 0.20450341701507568 0.20553207397460938 0.21509945392608643 0.2251683473587036 0.22750389575958252 0.2445284128189087 0.2582590579986572 0.28417110443115234 0.31697535514831543 0.27246594429016113 0.0 0.0 0.0 0.0 0.0 0.0 0.0
1.6912286281585693 0.16066062450408936 0.20563292503356934 0.1961754560470581 0.1905827522277832 0.1893681287765503 0.18692243099212646 0.1869727373123169 0.18605661392211914 0.18622338771820068 0.18845057487487793 0.18792486190795898 0.1895350217819214 0.19457900524139404 0.1927279233932495 0.1959536075592041 0.19867634773254395 0.20421063899993896 0.2134159803390503 0.21514225006103516 0.2302415370941162 0.24195420742034912 0.2565579414367676 0.2761765718460083 0.31677937507629395 0.2726794481277466 0.0 0.0 0.0 0.0 0.0 0.0
1.6939911842346191 0.15290069580078125 0.19996130466461182 0.19162750244140625 0.18532037734985352 0.1837449073791504 0.182151198387146 0.18288862705230713 0.18277013301849365 0.18186402320861816 0.18252086639404297 0.1811528205871582 0.18196427822113037 0.1849818229675293 0.1860581636428833 0.1871957778930664 0.19216382503509521 0.19413864612579346 0.2011357545852661 0.20636427402496338 0.21687030792236328 0.22612643241882324 0.23747920989990234 0.2509521245956421 0.27458858489990234 0.3200526237487793 0.2695678472518921 0.0 0.0 0.0 0.0 0.0
1.6894117593765259 0.14777648448944092 0.1942899227142334 0.18961286544799805 0.1851276159286499 0.1845839023590088 0.17852187156677246 0.1818256378173828 0.18157851696014404 0.1786442995071411 0.18134284019470215 0.18007385730743408 0.17848002910614014 0.184411883354187 0.18493247032165527 0.18406057357788086 0.18467676639556885 0.19019556045532227 0.20233619213104248 0.19603466987609863 0.20908081531524658 0.21559762954711914 0.22286546230316162 0.23300445079803467 0.25299036502838135 0.2774684429168701 0.3097717761993408 0.2681601047515869 0.0 0.0 0.0 0.0
1.6893209218978882 0.1445866823196411 0.18933379650115967 0.18647515773773193 0.18176352977752686 0.1814957857131958 0.17830777168273926 0.17690002918243408 0.17732727527618408 0.1771395206451416 0.17862653732299805 0.1770641803741455 0.1751786470413208 0.17765307426452637 0.17718613147735596 0.1800938844680786 0.1807490587234497 0.1833251714706421 0.1886075735092163 0.18872928619384766 0.19801676273345947 0.20489633083343506 0.21320223808288574 0.22068071365356445 0.2328805923461914 0.2547645568847656 0.2703876495361328 0.3106454610824585 0.267553448677063 0.0 0.0 0.0
1.6818487644195557 0.1443483829498291 0.18553364276885986 0.18114781379699707 0.18128764629364014 0.17848753929138184 0.17601287364959717 0.1784219741821289 0.17923355102539062 0.1758584976196289 0.17783880233764648 0.17720448970794678 0.17464256286621094 0.17922115325927734 0.17658734321594238 0.17689764499664307 0.17602622509002686 0.17996478080749512 0.18609464168548584 0.18347549438476562 0.1931765079498291 0.19779765605926514 0.20448803901672363 0.209661602973938 0.22417449951171875 0.23877334594726562 0.2522618770599365 0.2747385501861572 0.30712711811065674 0.2639949321746826 0.0 0.0
1.6804255247116089 0.13949346542358398 0.18231868743896484 0.17855334281921387 0.17388343811035156 0.17661404609680176 0.17454004287719727 0.17525243759155273 0.17615187168121338 0.17230439186096191 0.1773371696472168 0.17849743366241455 0.17015063762664795 0.1742328405380249 0.17123353481292725 0.17896437644958496 0.17111492156982422 0.17827880382537842 0.18292856216430664 0.1784820556640625 0.18666112422943115 0.18995726108551025 0.2038503885269165 0.20604300498962402 0.20971214771270752 0.22196924686431885 0.23278546333312988 0.24944031238555908 0.26785945892333984 0.3021587133407593 0.26453065872192383 0.0
1.6793979406356812 0.13797616958618164 0.17992305755615234 0.17158949375152588 0.16840362548828125 0.17298603057861328 0.17233896255493164 0.1736060380935669 0.17250919342041016 0.17159771919250488 0.17368125915527344 0.17062664031982422 0.16933536529541016 0.17310118675231934 0.17214548587799072 0.1717064380645752 0.17011260986328125 0.17195069789886475 0.17674922943115234 0.17435801029205322 0.18486738204956055 0.1830989122390747 0.1876312494277954 0.192496657371521 0.20113778114318848 0.21334469318389893 0.21836566925048828 0.23419713973999023 0.2480003833770752 0.2680293321609497 0.30568909645080566 0.262103796005249
