1.9999799728393555 0.0 0.0 0.0 0.0 0.0 0.0 0.0 0.0 0.0 0.0 0.0 0.0 0.0 0.0 0.0 0.0 0.0 0.0 0.0 0.0 0.0 0.0 0.0 0.0 0.0 0.0 0.0 0.0 0.0 0.0 0.0
1.9578553438186646 0.40830373764038086 0.0 0.0 0.0 0.0 0.0 0.0 0.0 0.0 0.0 0.0 0.0 0.0 0.0 0.0 0.0 0.0 0.0 0.0 0.0 0.0 0.0 0.0 0.0 0.0 0.0 0.0 0.0 0.0 0.0 0.0
1.9206162691116333 0.37996411323547363 0.4083378314971924 0.0 0.0 0.0 0.0 0.0 0.0 0.0 0.0 0.0 0.0 0.0 0.0 0.0 0.0 0.0 0.0 0.0 0.0 0.0 0.0 0.0 0.0 0.0 0.0 0.0 0.0 0.0 0.0 0.0
1.9042116403579712 0.3286813497543335 0.37985897064208984 0.34860920906066895 0.0 0.0 0.0 0.0 0.0 0.0 0.0 0.0 0.0 0.0 0.0 0.0 0.0 0.0 0.0 0.0 0.0 0.0 0.0 0.0 0.0 0.0 0.0 0.0 0.0 0.0 0.0 0.0
1.8793315887451172 0.3070157766342163 0.36129796504974365 0.36017632484436035 0.3368304967880249 0.0 0.0 0.0 0.0 0.0 0.0 0.0 0.0 0.0 0.0 0.0 0.0 0.0 0.0 0.0 0.0 0.0 0.0 0.0 0.0 0.0 0.0 0.0 0.0 0.0 0.0 0.0
1.8606822490692139 0.2902745008468628 0.33792853355407715 0.34010565280914307 0.34321701526641846 0.3252832889556885 0.0 0.0 0.0 0.0 0.0 0.0 0.0 0.0 0.0 0.0 0.0 0.0 0.0 0.0 0.0 0.0 0.0 0.0 0.0 0.0 0.0 0.0 0.0 0.0 0.0 0.0
1.8481067419052124 0.28105616569519043 0.3189847469329834 0.3124960660934448 0.3204338550567627 0.32671594619750977 0.3107001781463623 0.0 0.0 0.0 0.0 0.0 0.0 0.0 0.0 0.0 0.0 0.0 0.0 0.0 0.0 0.0 0.0 0.0 0.0 0.0 0.0 0.0 0.0 0.0 0.0 0.0
1.8384345769882202 0.26843202114105225 0.3030487298965454 0.2940831184387207 0.29981720447540283 0.30473649501800537 0.30852603912353516 0.3028024435043335 0.0 0.0 0.0 0.0 0.0 0.0 0.0 0.0 0.0 0.0 0.0 0.0 0.0 0.0 0.0 0.0 0.0 0.0 0.0 0.0 0.0 0.0 0.0 0.0
1.8306057453155518 0.25858426094055176 0.295340895652771 0.2804393768310547 0.2760450839996338 0.28458142280578613 0.28694427013397217 0.30165600776672363 0.29233884811401367 0.0 0.0 0.0 0.0 0.0 0.0 0.0 0.0 0.0 0.0 0.0 0.0 0.0 0.0 0.0 0.0 0.0 0.0 0.0 0.0 0.0 0.0 0.0
1.8181599378585815 0.25632762908935547 0.28873276710510254 0.27334678173065186 0.27020370960235596 0.2723888158798218 0.2724611759185791 0.283535361289978 0.29304277896881104 0.287447452545166 0.0 0.0 0.0 0.0 0.0 0.0 0.0 0.0 0.0 0.0 0.0 0.0 0.0 0.0 0.0 0.0 0.0 0.0 0.0 0.0 0.0 0.0
1.8090872764587402 0.2501533031463623 0.28487277030944824 0.2672998905181885 0.25890588760375977 0.26168298721313477 0.263124942779541 0.2662956714630127 0.2746173143386841 0.28276050090789795 0.28429532051086426 0.0 0.0 0.0 0.0 0.0 0.0 0.0 0.0 0.0 0.0 0.0 0.0 0.0 0.0 0.0 0.0 0.0 0.0 0.0 0.0 0.0
1.7971794605255127 0.24489140510559082 0.28373515605926514 0.26223278045654297 0.25492095947265625 0.2547926902770996 0.2506917715072632 0.25513291358947754 0.2617957592010498 0.26880836486816406 0.28453028202056885 0.2848238945007324 0.0 0.0 0.0 0.0 0.0 0.0 0.0 0.0 0.0 0.0 0.0 0.0 0.0 0.0 0.0 0.0 0.0 0.0 0.0 0.0
1.7943459749221802 0.2382221221923828 0.26962578296661377 0.25475287437438965 0.24623894691467285 0.24550676345825195 0.24144136905670166 0.24519920349121094 0.2489333152770996 0.25573456287384033 0.26439571380615234 0.27675747871398926 0.2694220542907715 0.0 0.0 0.0 0.0 0.0 0.0 0.0 0.0 0.0 0.0 0.0 0.0 0.0 0.0 0.0 0.0 0.0 0.0 0.0
1.7838126420974731 0.24240314960479736 0.26486313343048096 0.25124192237854004 0.24471640586853027 0.24204790592193604 0.2381601333618164 0.2425934076309204 0.24095392227172852 0.24308860301971436 0.25071895122528076 0.2609269618988037 0.2648344039916992 0.2711200714111328 0.0 0.0 0.0 0.0 0.0 0.0 0.0 0.0 0.0 0.0 0.0 0.0 0.0 0.0 0.0 0.0 0.0 0.0
1.7829591035842896 0.22478806972503662 0.2551605701446533 0.24265789985656738 0.23709750175476074 0.23521101474761963 0.23048794269561768 0.23443615436553955 0.23124146461486816 0.23265063762664795 0.2386617660522461 0.24462950229644775 0.2499229907989502 0.2668849229812622 0.2619307041168213 0.0 0.0 0.0 0.0 0.0 0.0 0.0 0.0 0.0 0.0 0.0 0.0 0.0 0.0 0.0 0.0 0.0
1.772210955619812 0.2236464023590088 0.25200366973876953 0.23918402194976807 0.2335413694381714 0.23500454425811768 0.22946405410766602 0.22943413257598877 0.2268136739730835 0.2296297550201416 0.23501193523406982 0.24300885200500488 0.23888731002807617 0.25335848331451416 0.2601745128631592 0.25659239292144775 0.0 0.0 0.0 0.0 0.0 0.0 0.0 0.0 0.0 0.0 0.0 0.0 0.0 0.0 0.0 0.0
1.7714545726776123 0.21690475940704346 0.2444249391555786 0.23196709156036377 0.22743964195251465 0.2261720895767212 0.2223731279373169 0.22323644161224365 0.22311675548553467 0.22231149673461914 0.22520112991333008 0.23090696334838867 0.22961997985839844 0.23650658130645752 0.24453771114349365 0.25227177143096924 0.25223350524902344 0.0 0.0 0.0 0.0 0.0 0.0 0.0 0.0 0.0 0.0 0.0 0.0 0.0 0.0 0.0
1.763851284980774 0.2128465175628662 0.2407999038696289 0.22737634181976318 0.22370648384094238 0.22208905220031738 0.217484712600708 0.22403192520141602 0.22085213661193848 0.21895694732666016 0.22345364093780518 0.22883343696594238 0.2253648042678833 0.22980785369873047 0.23046112060546875 0.23908305168151855 0.24983477592468262 0.2478705644607544 0.0 0.0 0.0 0.0 0.0 0.0 0.0 0.0 0.0 0.0 0.0 0.0 0.0 0.0
1.759524941444397 0.2138371467590332 0.2373816967010498 0.22396814823150635 0.22055768966674805 0.22287940979003906 0.21424543857574463 0.2169196605682373 0.21520614624023438 0.21559691429138184 0.21870696544647217 0.2188565731048584 0.21756267547607422 0.22435224056243896 0.22344326972961426 0.22671771049499512 0.23352420330047607 0.24225175380706787 0.2441166639328003 0.0 0.0 0.0 0.0 0.0 0.0 0.0 0.0 0.0 0.0 0.0 0.0 0.0
1.7554452419281006 0.20823335647583008 0.2379777431488037 0.2226576805114746 0.21432209014892578 0.2154630422592163 0.21068429946899414 0.21151721477508545 0.21156418323516846 0.20987677574157715 0.2169661521911621 0.2208714485168457 0.21153974533081055 0.21403944492340088 0.21526885032653809 0.21968376636505127 0.2222306728363037 0.22999107837677002 0.2407512664794922 0.23880934715270996 0.0 0.0 0.0 0.0 0.0 0.0 0.0 0.0 0.0 0.0 0.0 0.0
1.7477409839630127 0.20786333084106445 0.23280227184295654 0.2191915512084961 0.21301794052124023 0.2127842903137207 0.20671701431274414 0.21205627918243408 0.20846402645111084 0.20754706859588623 0.21387708187103271 0.21360409259796143 0.20832979679107666 0.2175363302230835 0.21504712104797363 0.2120816707611084 0.21633660793304443 0.21940386295318604 0.2300957441329956 0.236702561378479 0.23998379707336426 0.0 0.0 0.0 0.0 0.0 0.0 0.0 0.0 0.0 0.0 0.0
1.746846318244934 0.2018427848815918 0.23052120208740234 0.21657991409301758 0.2115030288696289 0.20902001857757568 0.20241963863372803 0.20476818084716797 0.2024078369140625 0.20436513423919678 0.20735692977905273 0.20713329315185547 0.20337796211242676 0.21197950839996338 0.2069871425628662 0.20737147331237793 0.20758295059204102 0.21114230155944824 0.2178797721862793 0.22380030155181885 0.235518217086792 0.23385190963745117 0.0 0.0 0.0 0.0 0.0 0.0 0.0 0.0 0.0 0.0
1.7476832866668701 0.19699549674987793 0.22803771495819092 0.21364033222198486 0.20655381679534912 0.20459747314453125 0.1991736888885498 0.19919395446777344 0.1977471113204956 0.19832932949066162 0.20228421688079834 0.20303750038146973 0.2001105546951294 0.20202350616455078 0.2000880241394043 0.20066535472869873 0.20292937755584717 0.20363271236419678 0.20765089988708496 0.20975017547607422 0.21951842308044434 0.22827649116516113 0.23074138164520264 0.0 0.0 0.0 0.0 0.0 0.0 0.0 0.0 0.0
1.7432996034622192 0.1943114995956421 0.22521638870239258 0.21177589893341064 0.20489144325256348 0.20528745651245117 0.19675827026367188 0.19639039039611816 0.19501101970672607 0.1952286958694458 0.19891977310180664 0.1986333131790161 0.19760429859161377 0.20008933544158936 0.19780302047729492 0.19894790649414062 0.19884240627288818 0.19915032386779785 0.20185339450836182 0.20352506637573242 0.2074965238571167 0.21496319770812988 0.22549092769622803 0.22692334651947021 0.0 0.0 0.0 0.0 0.0 0.0 0.0 0.0
1.738040804862976 0.19633448123931885 0.2218930721282959 0.2089097499847412 0.2048475742340088 0.20447289943695068 0.1976410150527954 0.19590437412261963 0.19299769401550293 0.19344961643218994 0.19534122943878174 0.19608855247497559 0.19299018383026123 0.19894468784332275 0.195531964302063 0.19437599182128906 0.19481945037841797 0.194746732711792 0.19722318649291992 0.1973104476928711 0.2018740177154541 0.2050389051437378 0.21310746669769287 0.22264111042022705 0.22519171237945557 0.0 0.0 0.0 0.0 0.0 0.0 0.0
1.7296967506408691 0.19747376441955566 0.22180533409118652 0.20676875114440918 0.20378100872039795 0.20199859142303467 0.19626915454864502 0.19551682472229004 0.19407176971435547 0.19419527053833008 0.1933586597442627 0.19457793235778809 0.19036567211151123 0.19733405113220215 0.19316840171813965 0.1937960386276245 0.1928856372833252 0.1918809413909912 0.19619786739349365 0.19433832168579102 0.19898641109466553 0.19971096515655518 0.20443272590637207 0.21196520328521729 0.2237163782119751 0.22501039505004883 0.0 0.0 0.0 0.0 0.0 0.0
1.7302253246307373 0.1909341812133789 0.2163482904434204 0.202370285987854 0.1986830234527588 0.19649863243103027 0.1920996904373169 0.19278573989868164 0.1908574104309082 0.19008886814117432 0.19010508060455322 0.18931794166564941 0.18765199184417725 0.1889885663986206 0.18879485130310059 0.1891402006149292 0.18993258476257324 0.18882536888122559 0.1915123462677002 0.1909477710723877 0.19287097454071045 0.1932225227355957 0.19753217697143555 0.202123761177063 0.2106168270111084 0.22040045261383057 0.2248849868774414 0.0 0.0 0.0 0.0 0.0
1.7264106273651123 0.18818402290344238 0.21386408805847168 0.20048630237579346 0.19611966609954834 0.19495117664337158 0.18883347511291504 0.19153916835784912 0.1890277862548828 0.18671035766601562 0.1870253086090088 0.18765807151794434 0.18364262580871582 0.18797147274017334 0.19446182250976562 0.18682849407196045 0.18754792213439941 0.18893814086914062 0.19112789630889893 0.18764233589172363 0.1892843246459961 0.18889784812927246 0.19070446491241455 0.19455444812774658 0.20000958442687988 0.2065134048461914 0.21797358989715576 0.21909499168395996 0.0 0.0 0.0 0.0
1.7248650789260864 0.1857609748840332 0.21358275413513184 0.19913744926452637 0.1931285858154297 0.19139862060546875 0.18903636932373047 0.18711650371551514 0.18601059913635254 0.18513774871826172 0.1881105899810791 0.18493008613586426 0.18224728107452393 0.18485629558563232 0.18232369422912598 0.1835538148880005 0.1831216812133789 0.182084321975708 0.18581759929656982 0.1839890480041504 0.1852428913116455 0.18487274646759033 0.18646132946014404 0.1890796422958374 0.19260525703430176 0.19745993614196777 0.20792138576507568 0.21543121337890625 0.21792805194854736 0.0 0.0 0.0
1.7202279567718506 0.1830580234527588 0.20949780941009521 0.19809246063232422 0.19397509098052979 0.1899268627166748 0.18559932708740234 0.18732571601867676 0.18543517589569092 0.18459856510162354 0.1858537197113037 0.18400084972381592 0.18031013011932373 0.18516838550567627 0.18155896663665771 0.18053460121154785 0.17905783653259277 0.18017351627349854 0.18264544010162354 0.18168401718139648 0.1841214895248413 0.18217575550079346 0.18330049514770508 0.18517029285430908 0.1877075433731079 0.19347941875457764 0.19704961776733398 0.2036832571029663 0.21422135829925537 0.2160496711730957 0.0 0.0
1.7185231447219849 0.17869102954864502 0.20923709869384766 0.19744360446929932 0.19111394882202148 0.1886957883834839 0.1846156120300293 0.18258357048034668 0.181549072265625 0.18156111240386963 0.18421196937561035 0.1853783130645752 0.17819714546203613 0.17945992946624756 0.17788517475128174 0.18024170398712158 0.175978422164917 0.17785227298736572 0.1786057949066162 0.17990529537200928 0.18079006671905518 0.17937350273132324 0.1816784143447876 0.17997217178344727 0.1822338104248047 0.18626809120178223 0.19045805931091309 0.19240105152130127 0.2025284767150879 0.21114575862884521 0.21424353122711182 0.0
1.7161319255828857 0.18051958084106445 0.20402324199676514 0.1923506259918213 0.18908584117889404 0.18793964385986328 0.18384158611297607 0.18262124061584473 0.18006408214569092 0.17929422855377197 0.18026328086853027 0.18164563179016113 0.17662549018859863 0.1789613962173462 0.17830073833465576 0.1766660213470459 0.17395949363708496 0.17450201511383057 0.17836332321166992 0.1757521629333496 0.1773291826248169 0.17612040042877197 0.17687368392944336 0.17747032642364502 0.180159330368042 0.1809225082397461 0.18557441234588623 0.1885014772415161 0.19195091724395752 0.19979500770568848 0.2088686227798462 0.2113889455795288
